000000003.354449	000000003.893030	-00000000.107644
000000005.163204	000000005.992193	-00000000.055222
000000003.269638	000000003.728308	-00000000.103874
000000003.395252	000000003.804058	-00000000.106806
000000003.395914	000000003.804800	-00000000.035604
000000005.553318	000000006.221967	-00000000.058224
000000003.448485	000000003.796486	-00000000.107435
000000003.415540	000000003.760216	-00000000.035465
000000005.600679	000000006.165867	-00000000.058154
000000003.610428	000000003.905739	-00000000.111414
000000003.964100	000000004.288339	-00000000.040771
000000005.627121	000000006.087385	-00000000.057875
000000003.493667	000000003.713877	-00000000.106806
000000003.583420	000000003.809287	-00000000.036512
000000005.727990	000000006.089033	-00000000.058363
000000003.553597	000000003.712136	-00000000.107644
000000003.678760	000000003.842883	-00000000.037140
000000005.559629	000000005.807665	-00000000.056129
000000003.620738	000000003.716792	-00000000.108691
000000003.795888	000000003.896588	-00000000.037978
000000005.861297	000000006.016789	-00000000.058643
000000003.695267	000000003.727655	-00000000.109948
000000004.040946	000000004.076365	-00000000.040072
000000005.836140	000000005.887293	-00000000.057875
000000003.791558	000000003.758614	-00000000.111833
000000004.488262	000000004.449265	-00000000.044122
000000006.036428	000000005.983979	-00000000.059341
000000004.124994	000000004.018392	-00000000.120628
000000004.039845	000000003.935442	-00000000.039374
000000005.966650	000000005.812453	-00000000.058154
000000004.001019	000000003.830142	-00000000.116021
000000004.225726	000000004.045253	-00000000.040840
000000006.096603	000000005.836228	-00000000.058922
000000004.019726	000000003.781381	-00000000.115602
000000004.304567	000000004.049333	-00000000.041259
000000006.008914	000000005.652622	-00000000.057595
000000004.250795	000000003.929394	-00000000.121257
000000005.007957	000000004.629308	-00000000.047612
000000004.210917	000000003.824928	-00000000.119162
000000004.537426	000000004.121508	-00000000.042795
000000006.232485	000000005.661191	-00000000.058782
000000004.251594	000000003.794693	-00000000.119372
000000005.468467	000000004.880794	-00000000.051173
000000004.284547	000000003.757447	-00000000.119372
000000004.751512	000000004.166964	-00000000.044122
000000004.430783	000000003.817807	-00000000.122513
000000005.211920	000000004.490878	-00000000.048031
000000006.605806	000000005.691926	-00000000.060877
000000004.463931	000000003.778996	-00000000.122513
000000004.571651	000000003.870188	-00000000.041818
000000006.800235	000000005.756824	-00000000.062203
000000004.450618	000000003.701540	-00000000.121257
000000004.705197	000000003.913271	-00000000.042725
000000006.819461	000000005.671686	-00000000.061924
000000004.374359	000000003.574001	-00000000.118325
000000004.638499	000000003.789812	-00000000.041818
000000006.860951	000000005.605632	-00000000.061854
000000004.569121	000000003.667107	-00000000.122723
000000004.764978	000000003.824299	-00000000.042656
000000007.057783	000000005.664470	-00000000.063180
000000004.687314	000000003.695180	-00000000.125026
000000004.829582	000000003.807335	-00000000.042935
000000007.256151	000000005.720289	-00000000.064507
000000004.735192	000000003.666377	-00000000.125445
000000004.965410	000000003.844631	-00000000.043842
000000004.862506	000000003.697535	-00000000.127958
000000005.054490	000000003.843523	-00000000.044331
000000007.195683	000000005.471725	-00000000.063111
000000004.958673	000000003.702817	-00000000.129634
000000005.071813	000000003.787302	-00000000.044191
000000005.014985	000000003.677139	-00000000.130262
000000005.185312	000000003.802028	-00000000.044890
000000005.030655	000000003.621553	-00000000.129843
000000005.299449	000000003.815058	-00000000.045588
000000005.160043	000000003.646758	-00000000.132356
000000005.283542	000000003.734038	-00000000.045169
000000005.060235	000000003.510410	-00000000.129005
000000005.422738	000000003.761887	-00000000.046076
000000005.313806	000000003.618042	-00000000.134660
000000005.480156	000000003.731306	-00000000.046286
000000006.358563	000000004.288905	000000000.053546
000000006.440209	000000004.343976	000000000.162723
000000005.370116	000000003.588197	-00000000.135288
000000005.645541	000000003.772230	-00000000.047403
000000006.245652	000000004.133907	000000000.052290
000000006.361154	000000004.210356	000000000.159791
000000005.526639	000000003.623424	-00000000.138429
000000005.736784	000000003.761200	-00000000.047891
000000006.331809	000000004.111925	000000000.052709
000000006.439577	000000004.181911	000000000.160838
000000005.675768	000000003.650777	-00000000.141361
000000005.861899	000000003.770500	-00000000.048659
000000006.215643	000000003.959801	000000000.051452
000000006.501122	000000004.141672	000000000.161466
000000005.825787	000000003.675798	-00000000.144293
000000005.877665	000000003.708530	-00000000.048520
000000006.148199	000000003.841821	000000000.050614
000000006.308094	000000003.941735	000000000.155812
000000005.798131	000000003.587992	-00000000.142827
000000005.892797	000000003.646574	-00000000.048380
000000006.053597	000000003.709649	000000000.049567
000000006.257006	000000003.834298	000000000.153717
000000005.820673	000000003.532071	-00000000.142618
000000005.984237	000000003.631324	-00000000.048869
000000006.085740	000000003.656681	000000000.049567
000000006.307368	000000003.789849	000000000.154136
000000005.928604	000000003.527149	-00000000.144503
000000006.024292	000000003.584077	-00000000.048939
000000006.117418	000000003.603435	000000000.049567
000000006.366043	000000003.749886	000000000.154764
000000005.985067	000000003.490388	-00000000.145131
000000006.072616	000000003.541445	-00000000.049078
000000006.321832	000000003.649911	000000000.050963
000000006.441816	000000003.719184	000000000.155812
000000006.197580	000000003.542209	-00000000.149529
000000006.190107	000000003.537937	-00000000.049776
000000006.353442	000000003.594604	000000000.050963
000000006.491429	000000003.672674	000000000.156230
000000006.289317	000000003.522187	-00000000.150995
000000006.342891	000000003.552190	-00000000.050754
000000006.419552	000000003.558416	000000000.051242
000000006.654397	000000003.688592	000000000.159372
000000006.407467	000000003.515257	-00000000.153089
000000006.461318	000000003.544801	-00000000.051452
000000006.485512	000000003.521346	000000000.051522
000000006.703904	000000003.639923	000000000.159791
000000006.490741	000000003.487601	-00000000.154346
000000006.553668	000000003.521413	-00000000.051941
000000006.621945	000000003.520951	000000000.052359
000000006.814860	000000003.623525	000000000.161675
000000013.170689	000000007.002980	000000000.312461
000000006.618256	000000003.482033	-00000000.156649
000000006.699193	000000003.524616	-00000000.052848
000000006.829817	000000003.555377	000000000.053756
000000006.890563	000000003.587000	000000000.162723
000000011.909944	000000006.199924	000000000.281257
000000006.870595	000000003.538589	-00000000.161885
000000006.889715	000000003.548436	-00000000.054105
000000006.931862	000000003.531960	000000000.054314
000000006.992867	000000003.563044	000000000.164398
000000011.812156	000000006.018594	000000000.277696
000000013.371075	000000006.812903	000000000.314346
000000006.954780	000000003.505498	-00000000.163141
000000007.009714	000000003.533187	-00000000.054803
000000007.069809	000000003.524877	000000000.055152
000000011.900017	000000005.933129	000000000.278534
000000007.110641	000000003.506580	-00000000.166073
000000007.165838	000000003.533800	-00000000.055780
000000007.235116	000000003.528802	000000000.056199
000000011.621124	000000005.668001	000000000.090268
000000012.787034	000000006.236653	000000000.298011
000000007.185996	000000003.466113	-00000000.167121
000000007.286471	000000003.514576	-00000000.056478
000000007.373942	000000003.517190	000000000.057037
000000012.139476	000000005.790233	000000000.093898
000000013.400453	000000006.391688	000000000.310995
000000007.360651	000000003.471508	-00000000.170471
000000007.443484	000000003.510575	-00000000.057456
000000007.558423	000000003.524550	000000000.058224
000000010.612606	000000004.948739	000000000.081751
000000012.153291	000000005.667173	000000000.093619
000000013.183887	000000006.147747	000000000.304712
000000007.436061	000000003.428071	-00000000.171518
000000007.591892	000000003.499910	-00000000.058363
000000007.816377	000000003.562128	000000000.059969
000000012.557159	000000005.722627	000000000.096341
000000013.764694	000000006.272933	000000000.316859
000000007.693583	000000003.465707	-00000000.176754
000000008.132719	000000003.663523	-00000000.062273
000000010.012215	000000004.457725	000000000.076515
000000012.807595	000000005.702309	000000000.097877
000000013.928513	000000006.201374	000000000.319372
000000007.787592	000000003.426623	-00000000.178220
000000008.438967	000000003.713234	-00000000.064367
000000010.023223	000000004.358221	000000000.076305
000000013.095299	000000005.693998	000000000.099692
000000014.027942	000000006.099523	000000000.320419
000000007.798826	000000003.350640	-00000000.177801
000000008.599676	000000003.694712	-00000000.065345
000000009.996439	000000004.243237	000000000.075816
000000010.335002	000000004.386948	000000000.235183
000000014.264696	000000006.055004	000000000.324608
000000007.984509	000000003.348182	-00000000.181361
000000008.686921	000000003.642729	-00000000.065763
000000010.254813	000000004.247683	000000000.077492
000000014.455544	000000005.987682	000000000.327749
000000007.717315	000000003.157237	-00000000.174660
000000009.005289	000000003.684161	-00000000.067928
000000009.874267	000000003.989463	000000000.074350
000000010.780784	000000004.355719	000000000.243560
000000015.508384	000000006.265794	000000000.350367
000000007.958152	000000003.174981	-00000000.179477
000000009.260006	000000003.694368	-00000000.069603
000000010.252953	000000004.038745	000000000.076933
000000010.799779	000000004.254146	000000000.243141
000000007.780559	000000003.025694	-00000000.174869
000000009.394410	000000003.653286	-00000000.070371
000000010.129101	000000003.888198	000000000.075747
000000010.864493	000000004.170488	000000000.243770
000000007.993653	000000003.028524	-00000000.179058
000000009.519444	000000003.606595	-00000000.071069
000000010.162646	000000003.799658	000000000.075747
000000010.806827	000000004.040507	000000000.241676
000000016.800215	000000006.281343	000000000.375707
000000007.822800	000000002.885983	-00000000.174660
000000009.728806	000000003.589146	-00000000.072396
000000010.242399	000000003.727929	000000000.076096
000000010.907438	000000003.969983	000000000.243141
000000017.277157	000000006.288371	000000000.385131
000000008.035880	000000002.885176	-00000000.178848
000000009.910341	000000003.558176	-00000000.073513
000000010.434787	000000003.695152	000000000.077283
000000010.932243	000000003.871310	000000000.242932
000000017.614105	000000006.237482	000000000.391414
000000007.843659	000000002.739129	-00000000.174032
000000010.195913	000000003.560572	-00000000.075398
000000010.551730	000000003.633252	000000000.077911
000000011.012876	000000003.792037	000000000.243979
000000017.592241	000000006.057495	000000000.389738
000000007.961936	000000002.702713	-00000000.176126
000000010.359162	000000003.516462	-00000000.076375
000000010.658898	000000003.566417	000000000.078469
000000017.995235	000000006.021122	000000000.397487
000000007.890269	000000002.601821	-00000000.174032
000000010.712345	000000003.532402	-00000000.078749
000000010.889332	000000003.538158	000000000.079935
000000012.620213	000000004.100556	000000000.092641
000000018.170704	000000005.904020	000000000.400210
000000007.988849	000000002.557250	-00000000.175707
000000010.866571	000000003.478417	-00000000.079656
000000011.759044	000000003.707612	000000000.086079
000000018.412235	000000005.805356	000000000.404398
000000007.867638	000000002.442967	-00000000.172566
000000010.772362	000000003.344907	-00000000.078749
000000012.288217	000000003.756885	000000000.089709
000000012.639577	000000003.864306	000000000.276859
000000019.188828	000000005.866613	000000000.420314
000000007.974820	000000002.400148	-00000000.174450
000000011.184161	000000003.366050	-00000000.081541
000000012.483529	000000003.697790	000000000.090896
000000018.855848	000000005.585357	000000000.411937
000000007.909076	000000002.305285	-00000000.172566
000000010.829098	000000003.156394	-00000000.078749
000000013.236252	000000003.795434	000000000.096132
000000015.485549	000000004.440410	000000000.112468
000000019.855310	000000005.693419	000000000.432670
000000022.382875	000000006.418186	000000000.487749
000000008.053984	000000002.271458	-00000000.175288
000000011.010220	000000003.105203	-00000000.079866
000000013.471225	000000003.735901	000000000.097598
000000015.597756	000000004.325641	000000000.339058
000000007.928813	000000002.161643	-00000000.172147
000000010.805354	000000002.945878	-00000000.078190
000000014.169786	000000003.796783	000000000.102415
000000015.712167	000000004.210063	000000000.340733
000000008.063395	000000002.122915	-00000000.174660
000000010.985373	000000002.892208	-00000000.079307
000000013.683366	000000003.602530	-00000000.098785
000000014.986560	000000003.875788	000000000.108070
000000023.482111	000000006.072887	000000000.508063
000000007.907189	000000002.008170	-00000000.170890
000000010.855122	000000002.756850	-00000000.078190
000000013.859664	000000003.519906	-00000000.099832
000000015.252677	000000003.802920	000000000.109745
000000016.054873	000000004.002929	000000000.346597
000000019.983709	000000004.982498	000000000.431414
000000023.834938	000000005.942717	000000000.514555
000000008.050660	000000001.969984	-00000000.173613
000000011.034177	000000002.700046	-00000000.079307
000000015.615880	000000003.749041	000000000.112119
000000019.122322	000000004.590863	000000000.411937
000000024.469183	000000005.874531	000000000.527121
000000007.882643	000000001.856116	-00000000.169634
000000010.901582	000000002.566982	-00000000.078190
000000014.707402	000000003.463133	-00000000.105487
000000016.174149	000000003.734097	000000000.115889
000000019.181139	000000004.428315	000000000.412356
000000024.948145	000000005.759733	000000000.536335
000000008.142323	000000001.842420	-00000000.174869
000000011.157644	000000002.524717	-00000000.079866
000000017.250731	000000003.824395	000000000.123359
000000019.238573	000000004.265089	000000000.412775
000000007.972457	000000001.730990	-00000000.170890
000000010.749280	000000002.333898	-00000000.076794
000000017.704041	000000003.763110	000000000.126361
000000019.597780	000000004.165637	000000000.419686
000000008.075354	000000001.679676	-00000000.172775
000000011.121685	000000002.313314	-00000000.079307
000000018.226156	000000003.708153	000000000.129851
000000019.388458	000000003.944626	000000000.414450
000000043.704853	000000008.891853	000000000.934241
000000007.942619	000000001.579885	-00000000.169634
000000010.866836	000000002.161548	-00000000.077352
000000016.697071	000000003.245582	000000000.118751
000000018.778070	000000003.650087	000000000.133552
000000019.549725	000000003.800081	000000000.417173
000000030.178415	000000005.866090	000000000.643979
000000008.093616	000000001.536621	-00000000.172566
000000011.160364	000000002.118861	-00000000.079307
000000019.153337	000000003.549861	000000000.135995
000000019.808241	000000003.671240	000000000.421990
000000024.772591	000000004.591328	000000000.527749
000000048.798069	000000009.044188	000000001.039582
000000007.929629	000000001.433910	-00000000.168796
000000010.863544	000000001.964449	-00000000.077073
000000020.168371	000000003.556228	000000000.142976
000000024.536026	000000004.326364	000000000.521885
000000008.089641	000000001.390054	-00000000.171937
000000011.116801	000000001.910216	-00000000.078749
000000017.555454	000000002.937776	000000000.124266
000000020.859432	000000003.490672	000000000.147654
000000023.127834	000000003.870272	000000000.163711
000000024.533403	000000004.105484	000000000.521047
000000007.884371	000000001.284051	-00000000.167330
000000010.817217	000000001.761696	-00000000.076515
000000018.370556	000000002.909610	000000000.129851
000000023.229864	000000003.679249	000000000.164199
000000024.706543	000000003.913132	000000000.523979
000000029.110666	000000004.610677	000000000.617383
000000008.053379	000000001.239534	-00000000.170681
000000011.148446	000000001.715910	-00000000.078749
000000018.286457	000000002.732929	000000000.129083
000000024.447876	000000003.653759	000000000.172577
000000025.006727	000000003.737280	000000000.529634
000000029.139904	000000004.354988	000000000.617173
000000007.866003	000000001.140516	-00000000.166492
000000010.846315	000000001.572641	-00000000.076515
000000025.934488	000000003.644855	000000000.182839
000000029.097595	000000004.089400	000000000.615498
000000008.014347	000000001.090705	-00000000.169424
000000011.057794	000000001.504900	-00000000.077911
000000028.572744	000000003.761673	000000000.201200
000000029.637699	000000003.901877	000000000.626178
000000032.631207	000000004.295979	000000000.689424
000000007.835121	000000000.996753	-00000000.165445
000000010.792751	000000001.373011	-00000000.075956
000000029.845135	000000003.664522	000000000.209927
000000033.094154	000000004.063451	000000000.698430
000000007.982519	000000000.944793	-00000000.168377
000000011.042652	000000001.306984	-00000000.077632
000000031.932621	000000003.638263	000000000.224378
000000034.111774	000000003.886546	000000000.719163
000000038.472599	000000004.383399	000000000.811100
000000007.811569	000000000.855506	-00000000.164607
000000010.735547	000000001.175734	-00000000.075398
000000035.466812	000000003.727712	000000000.747016
000000042.814724	000000004.500009	000000000.901781
000000007.987844	000000000.804334	-00000000.168168
000000011.063780	000000001.114064	-00000000.077632
000000038.801987	000000003.736207	000000000.816545
000000042.931973	000000004.133879	000000000.903456
000000047.669022	000000004.590005	000000001.003142
000000007.825310	000000000.719045	-00000000.164607
000000010.714601	000000000.984533	-00000000.075118
000000051.940163	000000004.544175	000000001.092147
000000007.960812	000000000.661492	-00000000.167330
000000010.991849	000000000.913352	-00000000.077003
000000051.638962	000000004.064075	000000001.085027
000000056.243706	000000004.426476	000000001.181781
000000007.836668	000000000.582365	-00000000.164607
000000010.690262	000000000.794424	-00000000.074839
000000007.901309	000000000.517879	-00000000.165864
000000010.996138	000000000.720725	-00000000.076933
000000007.865601	000000000.446641	-00000000.165026
000000010.702498	000000000.607732	-00000000.074839
000000007.909144	000000000.379903	-00000000.165864
000000010.937123	000000000.525348	-00000000.076445
000000007.872198	000000000.309299	-00000000.165026
000000010.711474	000000000.420855	-00000000.074839
000000007.914570	000000000.241812	-00000000.165864
000000010.884656	000000000.332556	-00000000.076026
000000007.796434	000000000.170119	-00000000.163351
000000010.717188	000000000.233850	-00000000.074839
000000007.887594	000000000.103254	-00000000.165236
000000010.908799	000000000.142804	-00000000.076166
000000007.838206	000000000.034201	-00000000.164189
000000010.639640	000000000.046424	-00000000.074281
000000007.928185	-00000000.034593	-00000000.166073
000000010.949629	-00000000.047777	-00000000.076445
000000007.877597	-00000000.103123	-00000000.165026
000000010.678825	-00000000.139793	-00000000.074560
000000007.936369	-00000000.173172	-00000000.166283
000000011.027106	-00000000.240612	-00000000.077003
000000007.874598	-00000000.240591	-00000000.165026
000000010.754720	-00000000.328586	-00000000.075118
000000008.002069	-00000000.314402	-00000000.167749
000000011.071188	-00000000.434988	-00000000.077352
000000007.859213	-00000000.377505	-00000000.164817
000000010.747347	-00000000.516232	-00000000.075118
000000007.915509	-00000000.449475	-00000000.166073
000000011.091861	-00000000.629842	-00000000.077562
000000040.894592	-00000002.501220	000000000.858220
000000007.841451	-00000000.513956	-00000000.164607
000000010.896354	-00000000.714185	-00000000.076235
000000035.984219	-00000002.516262	000000000.755603
000000037.081299	-00000002.592977	000000000.778639
000000008.075955	-00000000.600147	-00000000.169634
000000011.079179	-00000000.823325	-00000000.077562
000000030.758121	-00000002.420717	000000000.646283
000000007.871141	-00000000.654041	-00000000.165445
000000010.922091	-00000000.907556	-00000000.076515
000000028.111929	-00000002.459475	000000000.197011
000000029.829489	-00000002.609742	000000000.627226
000000007.994560	-00000000.734597	-00000000.168168
000000011.162702	-00000001.025708	-00000000.078260
000000026.287773	-00000002.531225	000000000.184375
000000027.456959	-00000002.643804	000000000.577801
000000034.572483	-00000003.328951	000000000.727540
000000007.858528	-00000000.791312	-00000000.165445
000000010.904590	-00000001.098034	-00000000.076515
000000019.362869	-00000002.035120	000000000.135925
000000024.365192	-00000002.560885	000000000.171041
000000025.364689	-00000002.665936	000000000.534241
000000027.939936	-00000002.936606	000000000.588482
000000030.465467	-00000003.202050	000000000.641676
000000008.060028	-00000000.882717	-00000000.169843
000000011.192801	-00000001.225811	-00000000.078609
000000017.317535	-00000001.973084	000000000.121683
000000022.334951	-00000002.544746	000000000.156939
000000024.277571	-00000002.766080	000000000.511833
000000034.528980	-00000003.934081	000000000.727959
000000007.843520	-00000000.928342	-00000000.165445
000000010.883765	-00000001.288178	-00000000.076515
000000017.478312	-00000002.146067	000000000.122940
000000020.455879	-00000002.511666	000000000.143884
000000022.367085	-00000002.746333	000000000.472042
000000024.411282	-00000002.997328	000000000.515184
000000029.333229	-00000003.601668	000000000.619058
000000008.063231	-00000001.025773	-00000000.170262
000000011.110185	-00000001.413394	-00000000.078190
000000017.171406	-00000002.260659	000000000.120915
000000019.352533	-00000002.547809	000000000.136274
000000020.191303	-00000002.658236	000000000.426597
000000022.223318	-00000002.925756	000000000.469529
000000028.924017	-00000003.807919	000000000.611100
000000007.826124	-00000001.065089	-00000000.165445
000000010.899260	-00000001.483324	-00000000.076794
000000015.933025	-00000002.239241	000000000.112328
000000017.963024	-00000002.524539	000000000.126640
000000019.444599	-00000002.732760	000000000.411309
000000008.004524	-00000001.160601	-00000000.169424
000000011.162995	-00000001.618557	-00000000.078749
000000017.465595	-00000002.610250	000000000.123289
000000018.668524	-00000002.790030	000000000.395393
000000007.826107	-00000001.204553	-00000000.165864
000000010.911245	-00000001.679401	-00000000.077073
000000016.731033	-00000002.649935	000000000.118263
000000018.663216	-00000002.955963	000000000.395812
000000008.002785	-00000001.303336	-00000000.169843
000000011.212006	-00000001.825991	-00000000.079307
000000013.353735	-00000002.174794	-00000000.094456
000000016.036613	-00000002.683609	000000000.113515
000000018.114094	-00000003.031260	000000000.384712
000000007.882720	-00000001.354499	-00000000.167539
000000010.919695	-00000001.876347	-00000000.077352
000000014.260649	-00000002.450428	-00000000.101019
000000015.116431	-00000002.665435	000000000.107162
000000016.964516	-00000002.991302	000000000.360838
000000018.805702	-00000003.315953	000000000.400000
000000008.047688	-00000001.455259	-00000000.171309
000000011.178430	-00000002.021389	-00000000.079307
000000013.894316	-00000002.512502	-00000000.098575
000000014.738631	-00000002.731644	000000000.104649
000000018.481138	-00000003.425276	000000000.393717
000000021.341782	-00000003.955465	000000000.454660
000000007.838235	-00000001.488135	-00000000.167121
000000011.003176	-00000002.089018	-00000000.078190
000000014.193983	-00000002.759031	000000000.100949
000000017.017683	-00000003.307902	000000000.363142
000000021.502735	-00000004.179708	000000000.458848
000000008.070092	-00000001.605241	-00000000.172356
000000011.337602	-00000002.255189	-00000000.080703
000000013.718612	-00000002.791083	000000000.097738
000000016.557095	-00000003.368579	000000000.353927
000000018.506718	-00000003.765234	000000000.395602
000000007.869799	-00000001.636921	-00000000.168377
000000011.043364	-00000002.297023	-00000000.078749
000000013.449202	-00000002.858716	000000000.095992
000000015.422005	-00000003.278048	000000000.330262
000000018.590508	-00000003.951535	000000000.398115
000000008.138550	-00000001.767052	-00000000.174450
000000011.179251	-00000002.427253	-00000000.079866
000000012.896556	-00000002.859098	000000000.092222
000000014.865726	-00000003.295652	000000000.318953
000000018.643164	-00000004.133090	000000000.400000
000000021.249304	-00000004.710857	000000000.455916
000000008.015555	-00000001.813735	-00000000.172147
000000010.923568	-00000002.471751	-00000000.078190
000000012.218303	-00000002.820817	000000000.087545
000000012.332820	-00000002.847256	000000000.265131
000000015.109165	-00000003.488226	000000000.324817
000000017.914736	-00000004.135942	000000000.385131
000000008.184324	-00000001.927153	-00000000.176126
000000011.057319	-00000002.603653	-00000000.079307
000000012.037646	-00000002.889983	000000000.086428
000000017.975176	-00000004.315458	000000000.387225
000000019.686172	-00000004.726232	000000000.424084
000000008.021526	-00000001.962855	-00000000.172984
000000010.723355	-00000002.623988	-00000000.077073
000000012.011969	-00000002.994920	000000000.086428
000000012.688684	-00000003.163644	000000000.273927
000000018.780806	-00000004.682581	000000000.405445
000000008.100993	-00000002.057390	-00000000.175079
000000010.574052	-00000002.685467	-00000000.076166
000000011.762707	-00000003.042043	000000000.084822
000000014.770693	-00000003.819961	000000000.319581
000000019.232876	-00000004.973960	000000000.416126
000000028.350826	-00000007.332022	000000000.613403
000000008.063395	-00000002.122915	-00000000.174660
000000010.366480	-00000002.729266	-00000000.074839
000000011.291397	-00000003.025521	000000000.081611
000000012.853654	-00000003.444126	000000000.278744
000000018.705881	-00000005.012226	000000000.405655
000000008.227831	-00000002.243164	-00000000.178639
000000010.130020	-00000002.761760	-00000000.073303
000000011.283837	-00000003.129285	000000000.081751
000000018.844477	-00000005.226036	000000000.409634
000000008.150208	-00000002.298596	-00000000.177382
000000009.470329	-00000002.670909	-00000000.068696
000000010.564009	-00000003.029181	000000000.076724
000000011.984304	-00000003.436444	000000000.261152
000000015.684350	-00000004.497415	000000000.341780
000000018.990366	-00000005.445400	000000000.413822
000000008.216225	-00000002.394811	-00000000.179267
000000009.149052	-00000002.666705	-00000000.066531
000000009.933130	-00000002.942327	000000000.072326
000000012.263005	-00000003.632468	000000000.089290
000000015.778710	-00000004.673867	000000000.344712
000000007.984394	-00000002.403030	-00000000.174660
000000008.866895	-00000002.668633	-00000000.064646
000000009.075110	-00000002.774540	000000000.066252
000000011.437126	-00000003.496680	000000000.083496
000000013.194112	-00000004.033844	000000000.289005
000000015.880739	-00000004.855229	000000000.347854
000000008.134986	-00000002.525980	-00000000.178429
000000008.614070	-00000002.674740	-00000000.062971
000000008.869351	-00000002.796496	000000000.064926
000000010.118690	-00000003.190411	000000000.074071
000000011.434788	-00000003.605375	000000000.083705
000000013.444460	-00000004.239022	000000000.295288
000000015.885440	-00000005.008660	000000000.348901
000000007.960282	-00000002.548106	-00000000.175079
000000008.323736	-00000002.664449	-00000000.061016
000000008.654404	-00000002.811986	000000000.063529
000000011.792813	-00000003.831717	000000000.086568
000000011.001310	-00000003.574542	000000000.242304
000000013.264329	-00000004.309842	000000000.292147
000000015.669973	-00000005.091483	000000000.345131
000000007.833300	-00000002.583035	-00000000.172775
000000008.224194	-00000002.711932	-00000000.060458
000000008.657984	-00000002.896921	000000000.063739
000000015.558578	-00000005.205827	000000000.343665
000000007.668452	-00000002.603089	-00000000.169634
000000008.048710	-00000002.732169	-00000000.059341
000000008.443275	-00000002.907253	000000000.062343
000000012.253622	-00000004.219261	000000000.090477
000000012.657718	-00000004.358402	000000000.280419
000000015.285683	-00000005.263282	000000000.338639
000000007.362279	-00000002.571023	-00000000.163351
000000007.797986	-00000002.723178	-00000000.057665
000000008.125372	-00000002.877345	000000000.060178
000000007.756238	-00000002.746628	000000000.172356
000000012.939629	-00000004.582163	000000000.287539
000000007.273695	-00000002.611523	-00000000.161885
000000007.595105	-00000002.726921	-00000000.056339
000000008.118747	-00000002.954982	000000000.060318
000000008.624487	-00000003.139056	000000000.192251
000000012.739438	-00000004.636776	000000000.283979
000000007.053651	-00000002.602229	-00000000.157487
000000007.449058	-00000002.748102	-00000000.055431
000000008.083284	-00000003.022216	000000000.060248
000000013.054346	-00000004.880820	000000000.291937
000000018.972816	-00000007.093646	000000000.424293
000000006.918483	-00000002.621179	-00000000.154974
000000007.340632	-00000002.781117	-00000000.054803
000000007.813878	-00000002.999467	000000000.058433
000000008.260375	-00000003.170861	000000000.185340
000000006.708985	-00000002.608981	-00000000.150785
000000007.260164	-00000002.823323	-00000000.054384
000000007.768798	-00000003.060211	000000000.058294
000000008.083555	-00000003.184197	000000000.181990
000000006.565244	-00000002.619267	-00000000.148063
000000007.049493	-00000002.812463	-00000000.052988
000000007.584179	-00000003.064207	000000000.057107
000000008.083270	-00000003.265853	000000000.182618
000000006.412589	-00000002.623459	-00000000.145131
000000006.987661	-00000002.858727	-00000000.052709
000000007.575627	-00000003.137928	000000000.057246
000000008.063699	-00000003.340093	000000000.182827
000000006.324911	-00000002.652256	-00000000.143665
000000006.778012	-00000002.842256	-00000000.051312
000000007.566366	-00000003.211732	000000000.057386
000000007.942215	-00000003.371270	000000000.180733
000000006.228038	-00000002.675776	-00000000.141990
000000006.504883	-00000002.794718	-00000000.049427
000000006.941976	-00000003.018457	000000000.052848
000000012.735171	-00000005.537410	000000000.290890
000000006.067184	-00000002.669625	-00000000.138848
000000006.434483	-00000002.831240	-00000000.049078
000000007.043264	-00000003.135863	000000000.053826
000000012.695497	-00000005.652399	000000000.291100
000000015.243731	-00000006.786946	000000000.349529
000000005.970732	-00000002.689619	-00000000.137173
000000006.464235	-00000002.911926	-00000000.049497
000000007.534296	-00000003.433576	000000000.057805
000000012.193184	-00000005.556754	000000000.093549
000000012.691175	-00000005.783702	000000000.292147
000000039.247120	-00000017.885942	000000000.903456
000000005.965192	-00000002.749991	-00000000.137592
000000006.275116	-00000002.892868	-00000000.048241
000000007.522171	-00000003.507646	000000000.057944
000000012.252983	-00000005.713660	000000000.094387
000000012.658343	-00000005.902682	000000000.292566
000000014.044690	-00000006.549146	000000000.324608
000000038.400902	-00000017.906633	000000000.887540
000000005.968095	-00000002.814736	-00000000.138220
000000006.331032	-00000002.985909	-00000000.048869
000000007.193429	-00000003.431090	000000000.055641
000000011.904809	-00000005.678303	000000000.092083
000000012.470993	-00000005.948359	000000000.289424
000000037.746864	-00000018.004330	000000000.876021
000000005.952310	-00000002.871053	-00000000.138429
000000006.187646	-00000002.984566	-00000000.047961
000000006.219503	-00000003.033454	000000000.048310
000000008.026035	-00000003.914559	000000000.062343
000000012.052534	-00000005.878414	000000000.093619
000000036.968277	-00000018.030634	000000000.861571
000000005.658026	-00000002.790230	-00000000.132147
000000006.349704	-00000003.131328	-00000000.049427
000000007.544113	-00000003.761356	000000000.058852
000000013.486332	-00000006.724037	000000000.105208
000000014.038440	-00000006.999308	000000000.328587
000000005.606678	-00000002.825998	-00000000.131518
000000005.991743	-00000003.020087	-00000000.046844
000000007.698109	-00000003.922383	000000000.060318
000000011.377876	-00000005.797318	000000000.089151
000000013.017288	-00000006.632639	000000000.101996
000000013.602686	-00000006.930915	000000000.319791
000000005.457368	-00000002.810729	-00000000.128586
000000005.609561	-00000002.889114	-00000000.044052
000000007.387553	-00000003.804840	-00000000.058014
000000007.628108	-00000003.970942	000000000.060039
000000011.264763	-00000005.864064	000000000.088662
000000007.670960	-00000003.993249	000000000.181152
000000013.630366	-00000007.095520	000000000.321885
000000005.255674	-00000002.765144	-00000000.124398
000000005.513339	-00000002.900708	-00000000.043493
000000007.663799	-00000004.074914	000000000.060597
000000012.572867	-00000006.685112	000000000.099413
000000013.426687	-00000007.139096	000000000.318534
000000033.712372	-00000017.925186	000000000.799791
000000005.231343	-00000002.810902	-00000000.124398
000000005.690415	-00000003.057570	-00000000.045099
000000007.399302	-00000003.975788	-00000000.058643
000000007.504915	-00000004.074836	000000000.059620
000000012.004349	-00000006.517830	000000000.095364
000000013.451739	-00000007.303699	000000000.320628
000000033.097778	-00000017.970627	000000000.788901
000000004.820940	-00000002.644858	-00000000.115183
000000005.891460	-00000003.232166	-00000000.046914
000000005.518716	-00000003.059074	000000000.044052
000000007.416594	-00000004.111085	000000000.059201
000000012.174410	-00000006.748385	000000000.097179
000000013.308793	-00000007.377184	000000000.318744
000000032.275135	-00000017.890398	000000000.772985
000000004.954690	-00000002.774760	-00000000.118953
000000005.348270	-00000002.995175	-00000000.042795
000000005.152380	-00000002.915076	000000000.041329
000000007.476173	-00000004.229815	000000000.059969
000000012.036726	-00000006.810052	000000000.096551
000000031.534775	-00000017.841516	000000000.758953
000000005.051809	-00000002.887347	-00000000.121885
000000005.408747	-00000003.091353	-00000000.043493
000000011.008493	-00000006.291872	-00000000.088522
000000011.777658	-00000006.799834	000000000.094945
000000013.336466	-00000007.699812	000000000.107511
000000031.072235	-00000017.939564	000000000.250488
000000030.918983	-00000017.851084	000000000.747854
000000004.983238	-00000002.906138	-00000000.120838
000000005.450669	-00000003.178736	-00000000.044052
000000013.260150	-00000007.810825	000000000.107442
000000030.431999	-00000017.925817	000000000.246578
000000030.426067	-00000017.922323	000000000.739686
000000004.888950	-00000002.908620	-00000000.119162
000000005.147719	-00000003.062571	-00000000.041818
000000005.262879	-00000003.162257	000000000.042865
000000029.802980	-00000017.907438	000000000.242738
000000029.814310	-00000017.914246	000000000.728587
000000004.683889	-00000002.842254	-00000000.114764
000000005.043857	-00000003.060688	-00000000.041189
000000005.200978	-00000003.187164	000000000.042586
000000009.574915	-00000005.867516	000000000.078400
000000029.091373	-00000017.827215	000000000.238201
000000029.187998	-00000017.886429	000000000.717068
000000004.769430	-00000002.951413	-00000000.117487
000000005.476135	-00000003.388735	-00000000.044959
000000011.556005	-00000007.151073	-00000000.094875
000000005.113605	-00000003.195335	000000000.042097
000000009.837118	-00000006.146914	000000000.080983
000000011.473811	-00000007.169633	000000000.094456
000000005.256745	-00000003.284779	000000000.129843
000000011.446138	-00000007.152341	000000000.282723
000000004.887235	-00000003.083616	-00000000.121047
000000005.175728	-00000003.265641	-00000000.042725
000000011.366304	-00000007.171604	-00000000.093828
000000011.419242	-00000007.274859	000000000.094526
000000011.391720	-00000007.257326	000000000.282932
000000004.784462	-00000003.077470	-00000000.119162
000000005.046111	-00000003.245768	-00000000.041888
000000011.395802	-00000007.330026	-00000000.094596
000000011.346936	-00000007.368786	000000000.094456
000000007.194215	-00000004.671978	000000000.179686
000000011.411803	-00000007.410912	000000000.285026
000000004.765786	-00000003.124586	-00000000.119372
000000005.151397	-00000003.377404	-00000000.043005
000000027.050596	-00000017.904398	000000000.226472
000000007.111486	-00000004.706990	000000000.178639
000000004.538828	-00000003.032748	-00000000.114346
000000004.789148	-00000003.200007	-00000000.040212
000000010.451318	-00000006.983347	-00000000.087754
000000007.088099	-00000004.780983	000000000.059690
000000026.404203	-00000017.809860	000000000.222353
000000006.937522	-00000004.679418	000000000.175288
000000004.487398	-00000003.055360	-00000000.113717
000000004.727978	-00000003.219166	-00000000.039933
000000010.265995	-00000006.989867	-00000000.086707
000000006.823598	-00000004.689729	000000000.057805
000000025.876932	-00000017.784721	000000000.219212
000000006.929381	-00000004.762432	000000000.176126
000000004.386632	-00000003.043115	-00000000.111833
000000004.666841	-00000003.237503	-00000000.039654
000000006.646962	-00000004.611162	-00000000.056478
000000008.487406	-00000005.887923	-00000000.072116
000000006.872519	-00000004.812189	000000000.058573
000000025.597878	-00000017.923826	000000000.218164
000000006.862989	-00000004.805516	000000000.175497
000000004.212946	-00000002.977416	-00000000.108063
000000004.393425	-00000003.104965	-00000000.037559
000000007.047445	-00000004.980642	-00000000.060248
000000006.708148	-00000004.784875	000000000.057526
000000024.968315	-00000017.809725	000000000.214115
000000006.975440	-00000004.975533	000000000.179477
000000004.397766	-00000003.165939	-00000000.113508
000000004.609628	-00000003.318457	-00000000.039654
000000010.314854	-00000007.425632	-00000000.088732
000000006.722768	-00000004.884377	000000000.058014
000000006.616308	-00000004.807029	000000000.171309
000000004.249031	-00000003.115518	-00000000.110367
000000004.653072	-00000003.411773	-00000000.040282
000000007.120732	-00000005.221137	-00000000.061645
000000006.704003	-00000004.960701	000000000.058224
000000006.598217	-00000004.882424	000000000.171937
000000004.189639	-00000003.128551	-00000000.109529
000000004.743307	-00000003.541995	-00000000.041329
000000006.532680	-00000004.922727	000000000.057107
000000023.742855	-00000017.891525	000000000.207553
000000006.443575	-00000004.855582	000000000.169005
000000004.289510	-00000003.261819	-00000000.112880
000000004.537101	-00000003.450092	-00000000.039793
000000006.901169	-00000005.247771	-00000000.060528
000000006.489472	-00000004.979548	000000000.057107
000000006.385094	-00000004.899455	000000000.168586
000000004.094873	-00000003.170590	-00000000.108482
000000004.111485	-00000003.183452	-00000000.036303
000000006.949992	-00000005.381259	-00000000.061365
000000006.422131	-00000005.017519	000000000.056897
000000006.381487	-00000004.985765	000000000.169634
000000004.137712	-00000003.261909	-00000000.110367
000000004.342697	-00000003.423506	-00000000.038606
000000006.769267	-00000005.336460	-00000000.060178
000000006.166802	-00000004.905296	000000000.055012
000000006.314262	-00000005.022591	000000000.169005
000000003.898567	-00000003.128931	-00000000.104712
000000004.226871	-00000003.392423	-00000000.037838
000000006.738038	-00000005.407847	-00000000.060318
000000006.527867	-00000005.286162	000000000.058643
000000006.285732	-00000005.090086	000000000.169424
000000004.180803	-00000003.415859	-00000000.113089
000000006.256940	-00000005.112134	-00000000.056409
000000006.604946	-00000005.444697	000000000.059760
000000006.210216	-00000005.119307	000000000.168586
000000003.781872	-00000003.145350	-00000000.103037
000000004.097827	-00000003.408127	-00000000.037210
000000006.534997	-00000005.435099	-00000000.059341
000000006.327373	-00000005.309297	000000000.057665
000000006.257211	-00000005.250423	000000000.171100
000000003.815325	-00000003.229911	-00000000.104712
000000004.106091	-00000003.476062	-00000000.037559
000000006.708650	-00000005.679291	-00000000.061365
000000006.288404	-00000005.370805	000000000.057735
000000006.188347	-00000005.285348	000000000.170471
000000003.711254	-00000003.197821	-00000000.102618
000000003.939242	-00000003.394268	-00000000.036303
000000006.855796	-00000005.907332	-00000000.063180
000000006.414875	-00000005.576366	000000000.059341
000000020.867210	-00000018.139589	000000000.193032
000000006.187261	-00000005.378504	000000000.171728
000000003.585489	-00000003.144390	-00000000.099895
000000003.578671	-00000003.138410	-00000000.033231
000000006.676175	-00000005.854848	-00000000.061994
000000006.515756	-00000005.764654	000000000.060737
000000020.528376	-00000018.161972	000000000.191356
000000006.282361	-00000005.558163	000000000.175707
000000003.722010	-00000003.322021	-00000000.104503
000000003.760037	-00000003.355962	-00000000.035186
000000006.468160	-00000005.773053	-00000000.060528
000000006.502359	-00000005.854750	000000000.061086
000000020.339378	-00000018.313660	000000000.191077
000000006.582819	-00000005.927197	000000000.185550
000000020.714333	-00000018.651270	000000000.583875
000000003.759483	-00000003.414874	-00000000.106387
000000004.011885	-00000003.644139	-00000000.037838
000000006.424937	-00000005.836002	-00000000.060597
000000019.733734	-00000017.924862	-00000000.186120
000000006.377293	-00000005.843713	000000000.060388
000000020.112436	-00000018.429651	000000000.190449
000000006.516102	-00000005.970908	000000000.185131
000000020.639238	-00000018.912376	000000000.586388
000000003.678149	-00000003.400046	-00000000.104922
000000003.759640	-00000003.475375	-00000000.035744
000000006.491253	-00000006.000453	-00000000.061714
000000019.312210	-00000017.852024	-00000000.183607
000000006.406502	-00000005.974160	000000000.061156
000000019.899649	-00000018.556723	000000000.189960
000000006.017721	-00000005.611615	000000000.172356
000000020.319862	-00000018.948578	000000000.581990
000000003.444439	-00000003.240205	-00000000.099058
000000003.976809	-00000003.741008	-00000000.038118
000000006.460493	-00000006.077425	-00000000.061924
000000019.374277	-00000018.385502	000000000.186469
000000005.939513	-00000005.636387	000000000.171518
000000020.153734	-00000019.125179	000000000.581990
000000003.603806	-00000003.449893	-00000000.104503
000000006.203746	-00000005.938795	-00000000.179895
000000003.821212	-00000003.658015	-00000000.036931
000000006.291637	-00000006.022932	-00000000.060807
000000006.272491	-00000006.057273	000000000.060877
000000019.026075	-00000018.373266	000000000.184654
000000005.940444	-00000005.736620	000000000.172984
000000019.497025	-00000018.828058	000000000.567749
000000003.401688	-00000003.313778	-00000000.099476
000000003.559934	-00000003.467934	-00000000.034697
000000006.195860	-00000006.035740	-00000000.060388
000000018.465815	-00000017.988600	-00000000.179977
000000006.133805	-00000006.027673	000000000.060039
000000018.665310	-00000018.342348	000000000.182700
000000019.282063	-00000018.948431	000000000.566283
000000003.564349	-00000003.533379	-00000000.105131
000000003.728382	-00000003.695987	-00000000.036652
000000018.087980	-00000017.930817	-00000000.177813
000000003.698078	-00000003.698078	000000000.036512
000000018.306547	-00000018.306547	000000000.180745
000000018.543343	-00000018.543343	000000000.549320
000000003.540418	-00000003.571449	-00000000.105340
000000003.576308	-00000003.607654	-00000000.035465
000000017.782978	-00000017.938845	-00000000.176347
000000003.665666	-00000003.730209	000000000.036512
000000017.977884	-00000018.294428	000000000.179069
000000018.219645	-00000018.540445	000000000.544503
000000003.474234	-00000003.566401	-00000000.104293
000000003.593533	-00000003.688865	-00000000.035953
000000003.785796	-00000003.920306	000000000.038048
000000004.319827	-00000004.473312	000000000.130262
000000003.346189	-00000003.495475	-00000000.101361
000000003.519716	-00000003.676743	-00000000.035535
000000003.558707	-00000003.750094	000000000.036093
000000004.687581	-00000004.939679	000000000.047542
000000004.659138	-00000004.909708	000000000.141780
000000003.445715	-00000003.662903	-00000000.105340
000000003.556013	-00000003.780153	-00000000.036233
000000003.471287	-00000003.722500	000000000.035535
000000004.726133	-00000005.068158	000000000.048380
000000004.657027	-00000004.994050	000000000.143037
000000003.345754	-00000003.619416	-00000000.103246
000000003.427860	-00000003.708238	-00000000.035255
000000003.479205	-00000003.796886	000000000.035953
000000004.688482	-00000005.116580	000000000.048450
000000003.823002	-00000004.172074	000000000.118534
000000003.381263	-00000003.722481	-00000000.105340
000000003.597075	-00000003.960070	-00000000.037350
000000003.900936	-00000004.332429	000000000.040701
000000004.575850	-00000005.081996	000000000.143246
000000017.420340	-00000019.347248	000000000.545341
000000003.375280	-00000003.781682	-00000000.106178
000000003.622308	-00000004.058453	-00000000.037978
000000003.690704	-00000004.171582	000000000.038886
000000004.365708	-00000004.934536	000000000.138011
000000003.381702	-00000003.856092	-00000000.107435
000000004.535305	-00000005.171524	-00000000.144084
000000003.547194	-00000004.044800	-00000000.037559
000000003.614797	-00000004.158349	000000000.038467
000000004.368395	-00000005.025263	000000000.139477
000000003.191295	-00000003.703680	-00000000.102408
000000003.342048	-00000003.878638	-00000000.035744
000000004.288527	-00000004.977081	-00000000.045867
000000004.247287	-00000004.972934	000000000.045657
000000015.709765	-00000018.393772	000000000.168877
000000004.311389	-00000005.047988	000000000.139058
000000003.275130	-00000003.868740	-00000000.106178
000000003.392068	-00000004.006873	-00000000.036652
000000004.645518	-00000005.487508	-00000000.050195
000000014.866951	-00000017.561552	-00000000.160639
000000004.383705	-00000005.224296	000000000.047612
000000015.471520	-00000018.438240	000000000.168039
000000004.157924	-00000004.955220	000000000.135497
000000004.261620	-00000005.169759	000000000.046774
000000015.195538	-00000018.433662	000000000.166782
000000004.216274	-00000005.114749	000000000.138848
000000004.191172	-00000005.175666	000000000.046495
000000014.939702	-00000018.448996	000000000.165735
000000004.070810	-00000005.027031	000000000.135497
000000015.874271	-00000019.603092	000000000.528377
000000004.320147	-00000005.431168	000000000.048450
000000003.927206	-00000004.937174	000000000.132147
000000004.327995	-00000005.539581	000000000.049078
000000003.840885	-00000004.916109	000000000.130681
000000004.054252	-00000005.283604	000000000.046495
000000004.029117	-00000005.250847	000000000.138639
000000014.893125	-00000019.409098	000000000.512461
000000004.260746	-00000005.654202	000000000.049427
000000004.145596	-00000005.501392	000000000.144293
000000002.516039	-00000003.400232	000000000.029531
000000013.751968	-00000018.584719	000000000.161407
000000002.717744	-00000003.672820	000000000.095707
000000004.162846	-00000005.625764	000000000.146597
000000003.844022	-00000005.290842	000000000.045657
000000002.750232	-00000003.785369	000000000.098011
000000004.031322	-00000005.548639	000000000.143665
000000005.324167	-00000007.328087	000000000.189738
000000004.064822	-00000005.698670	000000000.048869
000000005.162323	-00000007.237311	000000000.062063
000000002.937712	-00000004.118521	000000000.105969
000000002.517939	-00000003.595990	000000000.030648
000000003.607708	-00000005.152341	000000000.043912
000000005.139120	-00000007.339424	000000000.062552
000000002.718156	-00000003.881929	000000000.099267
000000003.692879	-00000005.373172	000000000.045518
000000002.502967	-00000003.641839	000000000.092565
000000002.354145	-00000003.490163	000000000.029391
000000003.623482	-00000005.372033	000000000.045239
000000002.454318	-00000003.638677	000000000.091937
000000002.301521	-00000003.477219	000000000.029112
000000002.317627	-00000003.501552	000000000.087958
000000004.116547	-00000006.219424	000000000.156230
000000002.330998	-00000003.589423	000000000.029880
000000002.286982	-00000003.521644	000000000.087958
000000002.186756	-00000003.432520	000000000.028414
000000002.256163	-00000003.541467	000000000.087958
000000002.252102	-00000003.604117	000000000.029670
000000011.355893	-00000018.173227	000000000.149608
000000002.241067	-00000003.586457	000000000.088586
000000002.293713	-00000003.742999	000000000.030648
000000002.220132	-00000003.622926	000000000.089005
000000002.132205	-00000003.548586	000000000.028902
000000002.136939	-00000003.556464	000000000.086911
000000002.101158	-00000003.567058	000000000.028902
000000002.126119	-00000003.609434	000000000.087749
000000002.069949	-00000003.585258	000000000.028902
000000002.119535	-00000003.671142	000000000.088796
