000000002.643097	000000003.067466	-00000000.084817
000000002.754579	000000003.196846	-00000000.029461
000000002.630213	000000002.999183	-00000000.083560
000000002.703252	000000003.082468	-00000000.028623
000000002.642971	000000002.961198	-00000000.083141
000000002.690096	000000003.013998	-00000000.028204
000000002.715766	000000002.989825	-00000000.084607
000000002.729743	000000003.005212	-00000000.028344
000000002.762113	000000002.988037	-00000000.085236
000000002.816955	000000003.047364	-00000000.028972
000000002.746981	000000002.920127	-00000000.083979
000000002.781775	000000002.957114	-00000000.028344
000000002.869150	000000002.997153	-00000000.086911
000000002.842050	000000002.968844	-00000000.028693
000000002.825432	000000002.900387	-00000000.084817
000000002.937626	000000003.015558	-00000000.029391
000000002.998445	000000003.024726	-00000000.089215
000000002.872310	000000002.897486	-00000000.028484
000000003.010525	000000002.984368	-00000000.088796
000000003.075028	000000003.048309	-00000000.030229
000000003.194006	000000003.111463	-00000000.093403
000000003.123000	000000003.042292	-00000000.030438
000000003.119928	000000002.986681	-00000000.090471
000000003.192771	000000003.056413	-00000000.030857
000000003.247822	000000003.055246	-00000000.093403
000000003.219321	000000003.028435	-00000000.030857
000000003.200944	000000002.958922	-00000000.091309
000000003.355772	000000003.102044	-00000000.031904
000000003.271047	000000002.971210	-00000000.092565
000000003.390116	000000003.079365	-00000000.031974
000000003.252097	000000002.902607	-00000000.091309
000000003.349716	000000002.989736	-00000000.031346
000000003.322403	000000002.913669	-00000000.092565
000000003.398233	000000002.980170	-00000000.031555
000000003.324981	000000002.864987	-00000000.091937
000000003.522591	000000003.035259	-00000000.032463
000000003.449054	000000002.919840	-00000000.094660
000000003.556576	000000003.010864	-00000000.032533
000000003.466716	000000002.883238	-00000000.094450
000000003.667286	000000003.050050	-00000000.033301
000000003.654331	000000002.985714	-00000000.098848
000000003.809919	000000003.112834	-00000000.034348
000000003.625668	000000002.909906	-00000000.097382
000000003.852535	000000003.091987	-00000000.034487
000000003.847209	000000003.032895	-00000000.102618
000000003.824400	000000003.014914	-00000000.033999
000000003.762857	000000002.913515	-00000000.099686
000000003.969165	000000003.073256	-00000000.035046
000000003.963221	000000003.013703	-00000000.104293
000000004.011752	000000003.050607	-00000000.035186
000000003.845175	000000002.871328	-00000000.100524
000000004.030209	000000003.009500	-00000000.035116
000000003.950712	000000002.896782	-00000000.102618
000000004.096639	000000003.003780	-00000000.035465
000000003.951498	000000002.844672	-00000000.101990
000000004.130811	000000002.973758	-00000000.035535
000000004.188452	000000002.960106	-00000000.107435
000000004.270931	000000003.018396	-00000000.036512
000000004.107334	000000002.849359	-00000000.104712
000000004.658625	000000003.231803	-00000000.039584
000000004.379965	000000002.982212	-00000000.110995
000000004.694915	000000003.196654	-00000000.039654
000000005.164778	000000003.483687	000000000.043493
000000004.517264	000000003.046933	000000000.114136
000000004.563767	000000003.049412	-00000000.114974
000000004.706003	000000003.144451	-00000000.039514
000000004.652969	000000003.079733	000000000.038955
000000004.593703	000000003.040506	000000000.115393
000000004.682175	000000003.069769	-00000000.117278
000000004.984144	000000003.267748	-00000000.041608
000000006.608563	000000004.291651	000000000.055012
000000004.552982	000000002.956741	000000000.113717
000000004.700377	000000003.023384	-00000000.117068
000000004.819036	000000003.099708	-00000000.040003
000000004.768859	000000003.008926	-00000000.118115
000000004.676761	000000002.950816	-00000000.038606
000000004.892164	000000003.056963	000000000.120838
000000004.743925	000000002.935630	-00000000.116859
000000004.855393	000000003.004608	-00000000.039863
000000004.578566	000000002.805749	000000000.037489
000000004.743721	000000002.878560	-00000000.116230
000000004.889977	000000002.967311	-00000000.039933
000000004.971449	000000002.987148	000000000.040491
000000004.644828	000000002.790894	000000000.113508
000000004.803029	000000002.857502	-00000000.117068
000000004.967248	000000002.955202	-00000000.040352
000000007.065187	000000004.161713	000000000.057246
000000007.124111	000000004.196422	000000000.173194
000000004.845055	000000002.825552	-00000000.117487
000000005.105143	000000002.977232	-00000000.041259
000000007.231136	000000004.174899	000000000.058294
000000007.203751	000000004.159088	000000000.174241
000000005.268811	000000003.011374	-00000000.127120
000000005.330611	000000003.046695	-00000000.042865
000000007.613918	000000004.351713	-00000000.061226
000000007.526925	000000004.258530	000000000.181152
000000005.129151	000000002.872463	-00000000.123141
000000005.348270	000000002.995175	-00000000.042795
000000007.904622	000000004.426801	-00000000.063250
000000007.687720	000000004.261373	000000000.061365
000000007.703710	000000004.270236	000000000.184503
000000005.390687	000000002.957432	-00000000.128796
000000005.382971	000000002.953199	-00000000.042865
000000008.056922	000000004.420179	-00000000.064158
000000007.953101	000000004.318182	000000000.063180
000000007.969123	000000004.326880	000000000.189948
000000005.398676	000000002.900813	-00000000.128377
000000007.142457	000000003.837780	-00000000.169843
000000005.452581	000000002.929777	-00000000.043214
000000008.174466	000000004.392299	-00000000.064786
000000008.193554	000000004.356590	000000000.064786
000000008.209612	000000004.365128	000000000.194765
000000006.043140	000000003.179450	-00000000.143037
000000007.955845	000000004.185772	-00000000.062762
000000008.364308	000000004.354184	000000000.065833
000000008.407018	000000004.376417	000000000.198534
000000005.919556	000000003.048771	-00000000.139477
000000008.027629	000000004.134501	-00000000.063041
000000008.473266	000000004.317345	000000000.066392
000000008.587420	000000004.375509	000000000.201885
000000007.151193	000000003.604498	-00000000.167749
000000008.188417	000000004.127302	-00000000.064018
000000008.430077	000000004.203081	000000000.065763
000000008.589486	000000004.282560	000000000.201047
000000007.254109	000000003.577331	-00000000.169424
000000008.251028	000000004.068957	-00000000.064228
000000008.430483	000000004.111821	000000000.065484
000000008.617545	000000004.203057	000000000.200838
000000006.798780	000000003.279342	-00000000.158115
000000008.331256	000000004.018521	-00000000.064577
000000008.466043	000000004.038096	000000000.065484
000000008.653894	000000004.127696	000000000.200838
000000006.564905	000000003.096210	-00000000.152042
000000008.474538	000000003.996852	-00000000.065414
000000008.537211	000000003.980967	000000000.065763
000000008.662402	000000004.039345	000000000.200210
000000007.009327	000000003.231344	-00000000.161675
000000008.518175	000000003.926933	-00000000.065484
000000008.589825	000000003.914609	000000000.065903
000000008.788298	000000004.005058	000000000.202304
000000006.836716	000000003.079716	-00000000.157068
000000008.679764	000000003.909948	-00000000.066462
000000008.742416	000000003.892375	000000000.066811
000000009.014716	000000004.013610	000000000.206702
000000006.954842	000000003.060204	-00000000.159162
000000008.686094	000000003.821973	-00000000.066252
000000008.831074	000000003.839860	000000000.067230
000000009.049397	000000003.934790	000000000.206702
000000007.413019	000000003.184884	-00000000.169005
000000008.792618	000000003.777606	-00000000.066811
000000008.845836	000000003.754834	000000000.067090
000000009.083390	000000003.855670	000000000.206702
000000007.329890	000000003.073678	-00000000.166492
000000008.760695	000000003.673665	-00000000.066322
000000008.905982	000000003.688978	000000000.067299
000000009.162875	000000003.795387	000000000.207749
000000007.504487	000000003.070167	-00000000.169843
000000007.922434	000000003.241153	-00000000.059760
000000008.928563	000000003.607374	000000000.067230
000000009.251265	000000003.737754	000000000.209005
000000007.447419	000000002.971219	-00000000.167958
000000008.024719	000000003.201538	-00000000.060318
000000008.875967	000000003.496336	000000000.066601
000000009.404458	000000003.704515	000000000.211728
000000007.696697	000000002.993082	-00000000.172984
000000008.937737	000000003.475696	-00000000.066950
000000009.167536	000000003.519087	000000000.068556
000000009.557767	000000003.668883	000000000.214450
000000007.853413	000000002.975392	-00000000.175916
000000008.490821	000000003.216884	-00000000.063390
000000009.132331	000000003.414439	000000000.068067
000000009.645608	000000003.606345	000000000.215707
000000008.085436	000000002.982875	-00000000.180524
000000008.509188	000000003.139205	-00000000.063320
000000009.406095	000000003.423538	000000000.069882
000000009.629737	000000003.504938	000000000.214660
000000008.318172	000000002.986529	-00000000.185131
000000008.837428	000000003.172961	-00000000.065554
000000009.331923	000000003.304607	000000000.069114
000000009.933262	000000003.517553	000000000.220733
000000008.428866	000000002.943492	-00000000.187016
000000008.968627	000000003.131985	-00000000.066322
000000009.492775	000000003.268625	000000000.070092
000000010.001392	000000003.443756	000000000.221571
000000008.473166	000000002.876252	-00000000.187435
000000009.109245	000000003.092172	-00000000.067160
000000009.539904	000000003.192007	000000000.070231
000000010.419791	000000003.486413	000000000.230157
000000008.820770	000000002.908654	-00000000.194555
000000009.382799	000000003.093983	-00000000.068975
000000009.814664	000000003.188977	000000000.072047
000000010.430802	000000003.389173	000000000.229738
000000009.017210	000000002.886432	-00000000.198325
000000009.580869	000000003.066860	-00000000.070231
000000009.899341	000000003.121250	000000000.072465
000000010.507656	000000003.313051	000000000.230785
000000008.937026	000000002.775020	-00000000.196021
000000009.826916	000000003.051338	-00000000.071837
000000009.954889	000000003.043515	000000000.072675
000000010.536167	000000003.221230	000000000.230785
000000012.266699	000000003.750306	000000000.268691
000000009.238537	000000002.780484	-00000000.202094
000000009.929773	000000002.988523	-00000000.072396
000000010.096126	000000002.990609	000000000.073513
000000010.918562	000000003.234226	000000000.238534
000000009.060883	000000002.641006	-00000000.197696
000000010.262683	000000002.991299	-00000000.074630
000000010.506334	000000003.012643	000000000.076305
000000011.263516	000000003.229761	000000000.245445
000000009.314524	000000002.626967	-00000000.202723
000000010.557877	000000002.977629	-00000000.076584
000000010.744217	000000002.979635	000000000.077841
000000012.360667	000000003.427916	000000000.268691
000000013.911772	000000003.858076	000000000.302409
000000009.086304	000000002.477211	-00000000.197278
000000010.930774	000000002.980071	-00000000.079098
000000011.040263	000000002.958230	000000000.079796
000000012.534967	000000003.358734	000000000.271833
000000009.494308	000000002.499643	-00000000.205655
000000011.188449	000000002.945673	-00000000.080773
000000011.385139	000000002.944397	000000000.082100
000000013.531735	000000003.499545	000000000.292775
000000009.147532	000000002.323177	-00000000.197696
000000011.552951	000000002.934076	-00000000.083217
000000012.176915	000000003.036046	000000000.087615
000000013.707272	000000003.417607	000000000.295916
000000009.575332	000000002.343069	-00000000.206492
000000012.092914	000000002.959117	-00000000.086917
000000012.484925	000000002.997365	000000000.089639
000000014.903162	000000003.577933	000000000.321047
000000009.176953	000000002.160886	-00000000.197487
000000012.663356	000000002.981824	-00000000.090826
000000012.890601	000000002.976030	000000000.092362
000000014.865626	000000003.432000	000000000.319581
000000009.595263	000000002.171186	-00000000.206073
000000010.904061	000000002.467337	-00000000.078050
000000010.924485	000000002.421900	000000000.078120
000000011.010203	000000002.440903	000000000.236230
000000009.213268	000000002.000397	-00000000.197487
000000010.993582	000000002.386941	-00000000.078539
000000013.680902	000000002.970415	-00000000.097738
000000014.153451	000000003.008409	000000000.101019
000000015.500239	000000003.294678	000000000.331937
000000009.553389	000000001.987108	-00000000.204398
000000011.180427	000000002.325532	-00000000.079726
000000011.200267	000000002.278720	000000000.079796
000000011.286257	000000002.296215	000000000.241257
000000009.246778	000000001.839298	-00000000.197487
000000011.317986	000000002.251287	-00000000.080564
000000014.632960	000000002.910677	-00000000.104160
000000015.489699	000000003.010893	000000000.110164
000000011.335307	000000002.203361	000000000.241885
000000016.634932	000000003.233503	000000000.354974
000000018.695896	000000003.634114	000000000.398953
000000009.635725	000000001.829400	-00000000.205445
000000015.443744	000000002.932086	-00000000.109745
000000016.095491	000000002.983123	000000000.114283
000000016.642855	000000003.084571	000000000.354555
000000018.913675	000000003.505442	000000000.402932
000000009.208601	000000001.665186	-00000000.196021
000000014.169841	000000002.562325	-00000000.100530
000000017.194323	000000003.031823	000000000.121893
000000019.750910	000000003.482618	000000000.420105
000000009.577504	000000001.645716	-00000000.203560
000000017.374929	000000002.985559	-00000000.123080
000000018.127487	000000003.033501	000000000.128316
000000018.893087	000000003.161618	000000000.401257
000000020.776480	000000003.476790	000000000.441257
000000009.275731	000000001.510649	-00000000.196859
000000014.242011	000000002.319459	-00000000.100740
000000017.755632	000000002.891688	-00000000.125593
000000018.400185	000000002.914303	000000000.130061
000000021.497259	000000003.404831	000000000.455916
000000023.254959	000000003.683223	000000000.493194
000000009.644293	000000001.484399	-00000000.204398
000000019.134212	000000002.945037	-00000000.135157
000000019.423798	000000002.902906	000000000.137112
000000021.298731	000000003.183117	000000000.451100
000000023.128008	000000003.456504	000000000.489843
000000009.261106	000000001.342796	-00000000.196021
000000014.141773	000000002.050460	-00000000.099762
000000019.634205	000000002.846824	-00000000.138508
000000020.881136	000000003.027621	-00000000.147305
000000021.141708	000000002.971273	000000000.149050
000000022.196941	000000003.119577	000000000.469529
000000024.503759	000000003.443779	000000000.518325
000000025.978935	000000003.651101	000000000.549529
000000009.678638	000000001.317205	-00000000.204607
000000021.065296	000000002.866861	-00000000.148422
000000022.455679	000000002.956346	000000000.158126
000000025.197001	000000003.317248	000000000.532356
000000009.243458	000000001.175916	-00000000.195183
000000014.234924	000000001.810911	-00000000.100181
000000024.028955	000000002.950385	000000000.169016
000000026.673788	000000003.275129	000000000.562932
000000029.293537	000000003.596794	000000000.618220
000000031.843821	000000003.909930	000000000.672042
000000009.620723	000000001.138687	-00000000.202932
000000026.338947	000000003.000944	000000000.185073
000000030.615168	000000003.488158	000000000.645445
000000036.694492	000000004.180809	000000000.773613
000000009.242697	000000001.012240	-00000000.194765
000000014.234540	000000001.558936	-00000000.099972
000000028.084614	000000002.951812	000000000.197151
000000032.553509	000000003.421511	000000000.685655
000000036.341801	000000003.819677	000000000.765445
000000009.599340	000000000.966603	-00000000.202094
000000029.920879	000000002.881053	000000000.209857
000000031.692642	000000003.051654	000000000.222283
000000036.154816	000000003.481313	000000000.760838
000000009.258955	000000000.850778	-00000000.194765
000000014.150043	000000001.300206	-00000000.099204
000000033.760216	000000002.953636	000000000.236595
000000009.495186	000000000.788989	-00000000.199581
000000038.230846	000000003.008833	000000000.267731
000000040.144882	000000003.159471	000000000.281135
000000009.272393	000000000.689058	-00000000.194765
000000014.090802	000000001.047127	-00000000.098645
000000040.889156	000000002.859248	000000000.286162
000000053.417812	000000003.735337	000000001.121676
000000009.487557	000000000.621847	-00000000.199162
000000009.183188	000000000.521459	-00000000.192670
000000013.947192	000000000.791979	-00000000.097528
000000078.854469	000000004.132587	000000001.654032
000000009.626787	000000000.462408	-00000000.201885
000000009.310772	000000000.365821	-00000000.195183
000000013.669121	000000000.537061	-00000000.095504
000000009.603411	000000000.293411	-00000000.201257
000000009.315739	000000000.203270	-00000000.195183
000000013.876359	000000000.302783	-00000000.096900
000000009.537090	000000000.124847	-00000000.199791
000000009.357858	000000000.040832	-00000000.196021
000000013.839531	000000000.060387	-00000000.096621
000000009.567810	-00000000.041748	-00000000.200419
000000009.357145	-00000000.122492	-00000000.196021
000000013.988461	-00000000.183119	-00000000.097668
000000009.575620	-00000000.208941	-00000000.200628
000000085.491936	-00000002.238685	000000001.791415
000000009.333596	-00000000.285167	-00000000.195602
000000013.903173	-00000000.424780	-00000000.097109
000000009.630456	-00000000.378382	-00000000.201885
000000039.621288	-00000001.729903	000000000.276877
000000047.034046	-00000002.053551	000000000.328678
000000055.454994	-00000002.421217	000000001.162723
000000009.327198	-00000000.448017	-00000000.195602
000000013.943583	-00000000.669758	-00000000.097458
000000032.015285	-00000001.677850	000000000.223819
000000047.095024	-00000002.468146	000000000.987854
000000009.632366	-00000000.546965	-00000000.202094
000000029.544071	-00000001.806993	000000000.206645
000000031.190952	-00000001.907720	000000000.218164
000000032.438591	-00000001.984029	000000000.226891
000000029.438519	-00000001.800537	000000000.617801
000000009.317959	-00000000.610731	-00000000.195602
000000014.039533	-00000000.920200	-00000000.098226
000000027.721630	-00000001.938485	000000000.194009
000000031.193068	-00000002.181232	000000000.218304
000000038.926384	-00000002.721998	000000000.817383
000000042.546749	-00000002.975158	000000000.893404
000000009.621353	-00000000.714990	-00000000.202094
000000023.875589	-00000001.879050	000000000.167201
000000025.919220	-00000002.039887	000000000.181513
000000030.136076	-00000002.371761	000000000.211043
000000042.050716	-00000003.309463	000000000.883561
000000009.345735	-00000000.776571	-00000000.196440
000000014.041265	-00000001.166739	-00000000.098366
000000021.555185	-00000001.791098	-00000000.151005
000000023.390081	-00000002.046367	000000000.163920
000000025.252920	-00000002.209344	000000000.176975
000000030.347395	-00000002.655053	000000000.638116
000000042.159676	-00000003.688494	000000000.886493
000000009.617366	-00000000.883712	-00000000.202304
000000017.137384	-00000001.574704	-00000000.120147
000000020.284054	-00000001.863843	-00000000.142208
000000020.295633	-00000001.954247	000000000.142348
000000021.788691	-00000002.098012	000000000.152820
000000023.411148	-00000002.254237	000000000.164199
000000023.705137	-00000002.282545	000000000.498848
000000032.323376	-00000003.112387	000000000.680210
000000009.370548	-00000000.943565	-00000000.197278
000000014.088410	-00000001.418628	-00000000.098855
000000018.645256	-00000001.877478	-00000000.130829
000000021.689993	-00000002.279710	000000000.152261
000000023.753916	-00000002.496637	000000000.500314
000000026.329165	-00000002.767307	000000000.554555
000000031.877380	-00000003.350448	000000000.671414
000000009.679985	-00000001.060131	-00000000.203979
000000014.363764	-00000001.573088	-00000000.100879
000000017.007891	-00000001.862667	-00000000.119449
000000017.238052	-00000001.964028	000000000.121125
000000021.470566	-00000002.446262	000000000.150865
000000026.398561	-00000003.007736	000000000.185492
000000027.168230	-00000003.095429	000000000.572775
000000031.777393	-00000003.620577	000000000.669948
000000009.362582	-00000001.108135	-00000000.197487
000000013.624567	-00000001.612574	-00000000.095783
000000016.166761	-00000001.913462	-00000000.113655
000000017.101152	-00000002.099758	000000000.120287
000000021.418623	-00000002.629876	000000000.150656
000000021.712147	-00000002.665916	000000000.458220
000000009.689763	-00000001.232694	-00000000.204607
000000014.681315	-00000001.867699	-00000000.103323
000000016.824409	-00000002.214975	000000000.118472
000000021.057775	-00000002.772309	000000000.148282
000000021.014023	-00000002.766548	000000000.443979
000000024.294985	-00000003.198495	000000000.513299
000000009.331910	-00000001.270017	-00000000.197278
000000013.713250	-00000001.866291	-00000000.096621
000000016.546976	-00000002.325526	000000000.116657
000000024.013416	-00000003.374866	000000000.169296
000000020.840570	-00000002.928951	000000000.440838
000000009.646985	-00000001.398746	-00000000.204189
000000013.419346	-00000001.945713	-00000000.094666
000000015.556840	-00000002.324985	000000000.109815
000000017.323759	-00000002.589053	000000000.366911
000000020.626347	-00000003.082628	000000000.436859
000000009.397257	-00000001.446376	-00000000.199162
000000012.453052	-00000001.916708	-00000000.087964
000000013.264332	-00000002.100864	000000000.093758
000000015.131017	-00000002.396518	000000000.106953
000000017.303879	-00000002.740665	000000000.122312
000000017.527622	-00000002.776103	000000000.371728
000000020.914652	-00000003.312555	000000000.443560
000000009.660575	-00000001.573325	-00000000.205026
000000011.932495	-00000001.943330	-00000000.084403
000000012.920027	-00000002.162071	000000000.091455
000000020.967920	-00000003.508827	000000000.148422
000000020.845505	-00000003.488341	000000000.442723
000000009.291756	-00000001.596616	-00000000.197487
000000011.511015	-00000001.977954	-00000000.081541
000000012.427971	-00000002.191386	000000000.088104
000000020.646889	-00000003.640604	000000000.439163
000000009.366014	-00000001.693651	-00000000.199372
000000011.158750	-00000002.017831	-00000000.079167
000000012.536195	-00000002.323446	000000000.089011
000000020.909246	-00000003.875300	000000000.445445
000000034.367050	-00000006.369556	000000000.732147
000000009.252653	-00000001.756671	-00000000.197278
000000010.688800	-00000002.029332	-00000000.075956
000000012.191513	-00000002.369790	000000000.086707
000000013.327574	-00000002.590618	000000000.284398
000000021.080727	-00000004.097678	000000000.449843
000000034.182579	-00000006.644420	000000000.729425
000000009.452697	-00000001.880258	-00000000.201885
000000010.376455	-00000002.064005	-00000000.073862
000000011.190468	-00000002.276726	000000000.079726
000000012.817102	-00000002.607669	000000000.091315
000000013.030141	-00000002.651012	000000000.278534
000000009.093338	-00000001.891417	-00000000.194555
000000009.819587	-00000002.042477	-00000000.070022
000000011.492954	-00000002.442903	000000000.082030
000000013.172759	-00000002.799956	000000000.282094
000000018.228672	-00000003.874624	000000000.390367
000000008.851772	-00000001.921908	-00000000.189738
000000009.498455	-00000002.062317	-00000000.067858
000000011.100215	-00000002.460858	000000000.079377
000000012.896556	-00000002.859098	000000000.092222
000000013.147823	-00000002.914802	000000000.282094
000000018.067276	-00000004.005419	000000000.387644
000000008.161824	-00000001.846832	-00000000.175288
000000009.089969	-00000002.056850	-00000000.065065
000000009.363468	-00000002.161727	000000000.067090
000000010.747040	-00000002.481150	000000000.077003
000000013.095214	-00000003.023268	000000000.093828
000000017.895254	-00000004.131445	000000000.384712
000000007.892374	-00000001.858407	-00000000.169843
000000008.215120	-00000001.934404	-00000000.058922
000000008.595541	-00000002.063607	000000000.061714
000000010.316593	-00000002.476795	000000000.074071
000000017.998129	-00000004.320969	000000000.129223
000000017.819632	-00000004.278115	000000000.383875
000000007.749610	-00000001.896317	-00000000.167121
000000007.964811	-00000001.948977	-00000000.057246
000000008.703341	-00000002.169986	000000000.062622
000000010.595371	-00000002.641723	000000000.076235
000000017.950033	-00000004.475446	000000000.129153
000000013.057316	-00000003.255555	000000000.281885
000000017.849525	-00000004.450387	000000000.385341
000000007.364539	-00000001.870355	-00000000.159162
000000007.889348	-00000002.003639	-00000000.056827
000000008.364593	-00000002.163231	000000000.060318
000000013.018730	-00000003.366873	000000000.281676
000000007.212581	-00000001.898914	-00000000.156230
000000007.591125	-00000001.998577	-00000000.054803
000000008.229488	-00000002.205085	000000000.059480
000000008.276169	-00000002.217593	000000000.179477
000000012.930910	-00000003.464827	000000000.280419
000000007.099277	-00000001.935485	-00000000.154136
000000007.515510	-00000002.048963	-00000000.054384
000000008.238840	-00000002.284832	000000000.059690
000000012.832743	-00000003.558834	000000000.278953
000000006.899291	-00000001.945801	-00000000.150157
000000007.314481	-00000002.062897	-00000000.053058
000000008.237812	-00000002.362154	000000000.059829
000000008.514911	-00000002.441611	000000000.185550
000000012.801197	-00000003.670684	000000000.278953
000000006.747671	-00000001.966767	-00000000.147225
000000007.238599	-00000002.109859	-00000000.052639
000000007.967598	-00000002.360110	000000000.058014
000000012.778264	-00000003.785094	000000000.279162
000000006.634514	-00000001.996762	-00000000.145131
000000006.970950	-00000002.098018	-00000000.050824
000000008.051889	-00000002.461710	000000000.058782
000000008.451880	-00000002.583999	000000000.185131
000000012.515284	-00000003.826306	000000000.274136
000000006.454519	-00000002.004181	-00000000.141571
000000006.981026	-00000002.167666	-00000000.051033
000000007.915658	-00000002.495797	000000000.057944
000000008.953439	-00000002.823008	000000000.196649
000000012.386065	-00000003.905312	000000000.272042
000000006.217781	-00000001.990327	-00000000.136754
000000007.161842	-00000002.292524	-00000000.052499
000000007.855536	-00000002.552418	000000000.057665
000000008.643208	-00000002.808348	000000000.190367
000000012.788904	-00000004.155367	000000000.281676
000000006.124216	-00000002.019464	-00000000.135079
000000006.543267	-00000002.157646	-00000000.048101
000000007.823480	-00000002.617700	000000000.057595
000000008.343418	-00000002.791669	000000000.184293
000000005.585662	-00000001.896077	-00000000.123560
000000006.438968	-00000002.185735	-00000000.047473
000000007.970528	-00000002.744473	000000000.058852
000000008.356551	-00000002.877391	000000000.185131
000000005.427321	-00000001.895305	-00000000.120419
000000005.853209	-00000002.044032	-00000000.043284
000000007.578653	-00000002.683742	000000000.056129
000000008.415942	-00000002.980242	000000000.187016
000000005.448214	-00000001.956109	-00000000.121257
000000005.788092	-00000002.078137	-00000000.042935
000000006.944159	-00000002.527467	000000000.051592
000000008.615091	-00000003.135637	000000000.192042
000000012.730042	-00000004.633357	000000000.283770
000000017.934797	-00000006.527733	000000000.399791
000000005.346518	-00000001.972435	-00000000.119372
000000005.816644	-00000002.145873	-00000000.043284
000000006.790708	-00000002.538942	000000000.050614
000000008.156626	-00000003.049637	000000000.182408
000000017.764774	-00000006.641977	000000000.397278
000000005.366498	-00000002.033185	-00000000.120209
000000005.638728	-00000002.136323	-00000000.042097
000000006.768293	-00000002.598104	000000000.050614
000000007.859023	-00000003.016796	000000000.176335
000000017.948814	-00000006.889904	000000000.402723
000000005.292644	-00000002.058197	-00000000.118953
000000005.647830	-00000002.196321	-00000000.042306
000000007.554806	-00000002.975917	000000000.056688
000000007.720772	-00000003.041293	000000000.173822
000000017.999632	-00000007.090243	000000000.405236
000000005.218765	-00000002.082076	-00000000.117696
000000005.479843	-00000002.186236	-00000000.041189
000000005.702042	-00000002.303774	000000000.042935
000000007.843784	-00000003.169095	000000000.059061
000000008.009112	-00000003.235891	000000000.180943
000000018.168818	-00000007.340679	000000000.410471
000000005.033836	-00000002.059397	-00000000.113927
000000005.562363	-00000002.275623	-00000000.041957
000000005.561619	-00000002.303698	000000000.042027
000000007.825069	-00000003.241250	000000000.059131
000000007.740413	-00000003.206184	000000000.175497
000000009.920290	-00000004.109118	000000000.224922
000000004.692974	-00000001.967927	-00000000.106597
000000005.311749	-00000002.227401	-00000000.040212
000000006.029160	-00000002.559227	000000000.045727
000000009.828836	-00000004.172093	000000000.223665
000000014.982533	-00000006.359708	000000000.340943
000000004.712365	-00000002.024592	-00000000.107435
000000005.163481	-00000002.218406	-00000000.039235
000000006.483457	-00000002.819087	000000000.049358
000000008.427576	-00000003.664414	000000000.064158
000000009.709537	-00000004.221827	000000000.221780
000000004.630460	-00000002.037451	-00000000.105969
000000005.262913	-00000002.315737	-00000000.040142
000000006.595637	-00000002.936567	000000000.050405
000000009.811239	-00000004.368245	000000000.074979
000000009.471389	-00000004.216934	000000000.217173
000000004.475770	-00000002.016187	-00000000.102827
000000004.932512	-00000002.221935	-00000000.037769
000000006.242182	-00000002.844726	000000000.047891
000000009.417870	-00000004.291971	000000000.072256
000000009.634377	-00000004.390638	000000000.221780
000000004.267337	-00000001.967269	-00000000.098429
000000004.576930	-00000002.109994	-00000000.035186
000000006.117428	-00000002.852604	000000000.047124
000000009.568512	-00000004.461870	000000000.221152
000000004.105326	-00000001.936197	-00000000.095079
000000004.666875	-00000002.201041	-00000000.036023
000000004.927996	-00000002.350533	000000000.038118
000000006.832404	-00000003.258890	000000000.052848
000000004.881916	-00000002.328554	000000000.113298
000000009.348732	-00000004.459116	000000000.216963
000000004.088273	-00000001.971949	-00000000.095079
000000004.314240	-00000002.080942	-00000000.033440
000000005.024137	-00000002.450435	000000000.039025
000000007.961568	-00000003.883116	000000000.185550
000000004.079876	-00000002.011972	-00000000.095288
000000004.322822	-00000002.131780	-00000000.033650
000000005.262086	-00000002.623579	000000000.041050
000000009.341065	-00000004.657283	000000000.218639
000000004.071091	-00000002.051999	-00000000.095497
000000004.277265	-00000002.155919	-00000000.033440
000000005.087523	-00000002.592223	000000000.039863
000000005.941710	-00000003.027452	000000000.139686
000000009.763289	-00000004.974645	000000000.229529
000000014.279703	-00000007.275872	000000000.335707
000000004.079694	-00000002.101180	-00000000.096126
000000004.356078	-00000002.243528	-00000000.034208
000000005.073578	-00000002.641138	000000000.039933
000000014.286612	-00000007.437139	000000000.337382
000000004.185073	-00000002.201874	-00000000.099058
000000004.371732	-00000002.300080	-00000000.034487
000000004.432289	-00000002.356690	000000000.035046
000000006.471848	-00000003.441143	000000000.051173
000000014.868475	-00000007.905708	000000000.117564
000000014.115235	-00000007.505204	000000000.334869
000000003.875069	-00000002.082150	-00000000.092147
000000004.236981	-00000002.276612	-00000000.033580
000000004.604889	-00000002.500251	000000000.036582
000000011.597841	-00000006.297114	000000000.276440
000000014.286432	-00000007.756900	000000000.340524
000000004.023293	-00000002.207254	-00000000.096126
000000004.129282	-00000002.265402	-00000000.032882
000000004.582895	-00000002.540340	000000000.036582
000000004.756888	-00000002.636786	000000000.113927
000000006.488255	-00000003.596498	000000000.155393
000000011.385052	-00000006.310837	000000000.272670
000000003.820694	-00000002.139692	-00000000.091728
000000004.057008	-00000002.272033	-00000000.032463
000000004.282046	-00000002.422665	000000000.034348
000000004.524857	-00000002.560041	000000000.108901
000000006.909109	-00000003.908986	000000000.166283
000000011.059794	-00000006.257331	000000000.266178
000000003.680356	-00000002.103496	-00000000.088796
000000003.594255	-00000002.054286	-00000000.028902
000000004.200121	-00000002.424941	000000000.033859
000000004.311861	-00000002.489454	000000000.104293
000000010.978794	-00000006.338610	000000000.265550
000000003.627313	-00000002.115386	-00000000.087958
000000003.895803	-00000002.271965	-00000000.031485
000000004.109871	-00000002.420899	000000000.033301
000000004.212442	-00000002.481318	000000000.102408
000000010.897218	-00000006.418952	000000000.264922
000000003.307989	-00000001.968047	-00000000.080628
000000003.635201	-00000002.162717	-00000000.029531
000000004.148589	-00000002.492724	000000000.033789
000000004.147780	-00000002.492238	000000000.101361
000000010.883637	-00000006.539549	000000000.265969
000000003.256500	-00000001.976093	-00000000.079791
000000003.547798	-00000002.152857	-00000000.028972
000000004.032890	-00000002.471358	000000000.033021
000000004.321938	-00000002.648487	000000000.106178
000000003.332650	-00000002.062306	-00000000.082094
000000003.392823	-00000002.099542	-00000000.027855
000000003.646518	-00000002.278597	000000000.030019
000000004.171482	-00000002.606631	000000000.103037
000000003.263793	-00000002.059300	-00000000.080838
000000003.484314	-00000002.198438	-00000000.028763
000000003.896374	-00000002.482264	000000000.032253
000000004.047391	-00000002.578473	000000000.100524
000000003.178430	-00000002.044435	-00000000.079162
000000003.380894	-00000002.174664	-00000000.028065
000000003.564263	-00000002.314660	000000000.029670
000000003.966042	-00000002.575578	000000000.099058
000000003.160468	-00000002.072094	-00000000.079162
000000003.420327	-00000002.242465	-00000000.028553
000000003.627315	-00000002.400867	000000000.030368
000000004.035122	-00000002.670789	000000000.101361
000000014.873260	-00000009.844397	000000000.373613
000000003.067450	-00000002.049605	-00000000.077278
000000003.317483	-00000002.216671	-00000000.027855
000000003.564775	-00000002.404471	000000000.030019
000000003.796159	-00000002.560542	000000000.095916
000000002.966806	-00000002.020026	-00000000.075183
000000003.347607	-00000002.279305	-00000000.028274
000000004.005156	-00000002.752667	000000000.033929
000000004.317474	-00000002.967318	000000000.109738
000000002.907992	-00000002.017346	-00000000.074136
000000003.138615	-00000002.177335	-00000000.026668
000000004.030130	-00000002.821927	000000000.034348
000000004.004775	-00000002.804173	000000000.102408
000000002.931100	-00000002.071497	-00000000.075183
000000003.168492	-00000002.239269	-00000000.027087
000000003.842531	-00000002.740851	000000000.032952
000000004.102242	-00000002.926101	000000000.105550
000000012.632302	-00000009.010533	000000000.325026
000000002.872342	-00000002.067790	-00000000.074136
000000003.108253	-00000002.237622	-00000000.026738
000000004.239146	-00000003.079920	000000000.036582
000000004.440529	-00000003.226233	000000000.114974
000000031.908722	-00000023.183043	000000000.826178
000000002.854188	-00000002.092777	-00000000.074136
000000003.136993	-00000002.300138	-00000000.027157
000000004.075455	-00000003.015678	000000000.035395
000000004.355949	-00000003.223233	000000000.113508
000000031.472130	-00000023.288151	000000000.820105
000000002.939957	-00000002.195370	-00000000.076859
000000004.045444	-00000003.020877	-00000000.105759
000000003.156863	-00000002.357342	-00000000.027506
000000004.248638	-00000003.201578	000000000.037140
000000004.311686	-00000003.249089	000000000.113089
000000030.812586	-00000023.218948	000000000.808168
000000002.928645	-00000002.226993	-00000000.077068
000000003.128212	-00000002.378747	-00000000.027436
000000003.784203	-00000002.903721	000000000.033301
000000005.012894	-00000003.846529	000000000.132356
000000030.228065	-00000023.194811	000000000.798116
000000003.019772	-00000002.338157	-00000000.080000
000000003.154774	-00000002.442688	-00000000.027855
000000003.829639	-00000002.992042	000000000.033929
000000029.701490	-00000023.205347	000000000.789529
000000003.030658	-00000002.389179	-00000000.080838
000000003.298251	-00000002.600131	-00000000.029321
000000003.568606	-00000002.838598	000000000.031835
000000003.168868	-00000002.520632	000000000.084817
000000029.427439	-00000023.407640	000000000.787644
000000003.056477	-00000002.453082	-00000000.082094
000000003.369019	-00000002.703924	-00000000.030159
000000003.559242	-00000002.882217	000000000.031974
000000003.558548	-00000002.881655	000000000.095916
000000028.794714	-00000023.317499	000000000.776126
000000003.065922	-00000002.504964	-00000000.082932
000000003.174932	-00000002.594028	-00000000.028623
000000003.518522	-00000002.900446	000000000.031835
000000003.363545	-00000002.772693	000000000.091309
000000011.903556	-00000009.812534	000000000.323142
000000028.165834	-00000023.218121	000000000.764608
000000002.928645	-00000002.435728	-00000000.079791
000000003.190616	-00000002.653607	-00000000.028972
000000003.309232	-00000002.776775	000000000.030159
000000003.293269	-00000002.763381	000000000.090052
000000002.899647	-00000002.454733	-00000000.079581
000000002.991798	-00000002.532744	-00000000.027367
000000003.109985	-00000002.656178	000000000.028553
000000003.185402	-00000002.720591	000000000.087749
000000005.557348	-00000004.746424	000000000.153089
000000027.125336	-00000023.167225	000000000.747226
000000002.794802	-00000002.408155	-00000000.077278
000000003.007460	-00000002.591393	-00000000.027716
000000003.199890	-00000002.781622	000000000.029601
000000005.667731	-00000004.926883	000000000.052429
000000003.523721	-00000003.063124	000000000.097801
000000002.721063	-00000002.386308	-00000000.075812
000000002.819330	-00000002.472486	-00000000.026180
000000003.108091	-00000002.749806	000000000.028972
000000003.174876	-00000002.808893	000000000.088796
000000005.308931	-00000004.696946	000000000.148482
000000002.595710	-00000002.316760	-00000000.072880
000000002.909553	-00000002.596875	-00000000.027227
000000003.069113	-00000002.763442	000000000.028833
000000003.150243	-00000002.836491	000000000.088796
000000002.464386	-00000002.238490	-00000000.069738
000000002.620308	-00000002.380121	-00000000.024714
000000002.993273	-00000002.742829	000000000.028344
000000003.066401	-00000002.809839	000000000.087120
000000005.174552	-00000004.741603	000000000.147016
000000002.584248	-00000002.388855	-00000000.073717
000000002.746299	-00000002.538653	-00000000.026110
000000002.932657	-00000002.734747	000000000.027995
000000003.231874	-00000003.013772	000000000.092565
000000002.417661	-00000002.274309	-00000000.069529
000000002.651206	-00000002.494005	-00000000.025412
000000003.046498	-00000002.891019	000000000.029321
000000003.038652	-00000002.883573	000000000.087749
000000005.178037	-00000004.913774	000000000.149529
000000002.599940	-00000002.488901	-00000000.075393
000000002.795480	-00000002.676090	-00000000.027017
000000002.711845	-00000002.618798	000000000.026319
000000003.085291	-00000002.979431	000000000.089843
000000005.106193	-00000004.930993	000000000.148691
000000002.570960	-00000002.504518	-00000000.075183
000000002.585787	-00000002.518962	-00000000.025202
000000002.760212	-00000002.712453	000000000.027017
000000002.930816	-00000002.880105	000000000.086073
000000002.485104	-00000002.463511	-00000000.073298
000000002.471385	-00000002.449912	-00000000.024295
000000002.573806	-00000002.573806	000000000.025412
000000002.771251	-00000002.771251	000000000.082094
000000002.350893	-00000002.371499	-00000000.069948
000000002.541431	-00000002.563707	-00000000.025202
000000002.474149	-00000002.517713	000000000.024644
000000002.725939	-00000002.773936	000000000.081466
000000004.947334	-00000005.034444	000000000.147853
000000002.358015	-00000002.420570	-00000000.070785
000000002.400341	-00000002.464019	-00000000.024016
000000002.563227	-00000002.654299	000000000.025761
000000002.840530	-00000002.941455	000000000.085654
000000002.177788	-00000002.274947	-00000000.065969
000000002.330342	-00000002.434307	-00000000.023527
000000002.712051	-00000002.857905	000000000.027506
000000002.759697	-00000002.908113	000000000.083979
000000002.082500	-00000002.213762	-00000000.063665
000000002.226790	-00000002.367148	-00000000.022689
000000002.605170	-00000002.793703	000000000.026668
000000002.829673	-00000003.034452	000000000.086911
000000006.532111	-00000007.004832	000000000.200628
000000002.083461	-00000002.253876	-00000000.064293
000000002.178897	-00000002.357118	-00000000.022410
000000002.459089	-00000002.683624	000000000.025412
000000002.776067	-00000003.029545	000000000.086073
000000002.137658	-00000002.353377	-00000000.066597
000000002.218756	-00000002.442660	-00000000.023038
000000002.475723	-00000002.749569	000000000.025831
000000002.615727	-00000002.905059	000000000.081885
000000006.964122	-00000007.734441	000000000.218011
000000002.030494	-00000002.274976	-00000000.063874
000000002.164063	-00000002.424627	-00000000.022689
000000002.445009	-00000002.763579	000000000.025761
000000002.636649	-00000002.980190	000000000.083351
000000006.035144	-00000006.821490	000000000.190785
000000002.043524	-00000002.330192	-00000000.064921
000000002.083482	-00000002.375756	-00000000.022061
000000002.184623	-00000002.513122	000000000.023248
000000002.433445	-00000002.799359	000000000.077696
000000004.624202	-00000005.319536	000000000.147644
000000006.067215	-00000006.979533	000000000.193717
000000002.029638	-00000002.355510	-00000000.065131
000000002.030033	-00000002.355970	-00000000.021712
000000002.311979	-00000002.706979	000000000.024853
000000002.305035	-00000002.698849	000000000.074346
000000006.051528	-00000007.085429	000000000.195183
000000002.054224	-00000002.426547	-00000000.066597
000000002.015858	-00000002.381227	-00000000.021782
000000002.223991	-00000002.650449	000000000.024155
000000002.467763	-00000002.940965	000000000.080419
000000006.130849	-00000007.306461	000000000.199791
000000002.111728	-00000002.561731	000000000.023178
000000002.225785	-00000002.700094	000000000.073298
000000002.171103	-00000002.681088	000000000.024085
000000002.239889	-00000002.766033	000000000.074555
000000006.165987	-00000007.614360	000000000.205236
000000002.166298	-00000002.723410	000000000.024295
000000002.327694	-00000002.926313	000000000.078325
000000005.850354	-00000007.354903	000000000.196859
000000002.185545	-00000002.797370	000000000.024783
000000002.357466	-00000003.017419	000000000.080209
000000005.865967	-00000007.508095	000000000.199581
000000002.081913	-00000002.713202	000000000.023876
000000002.258010	-00000002.942695	000000000.077696
000000002.154445	-00000002.859046	000000000.024993
000000002.304446	-00000003.058103	000000000.080209
000000001.968815	-00000002.660701	000000000.023108
000000002.343088	-00000003.166502	000000000.082513
000000001.963155	-00000002.702051	000000000.023317
000000002.344749	-00000003.227270	000000000.083560
000000001.939501	-00000002.719079	000000000.023317
000000002.328108	-00000003.263887	000000000.083979
000000001.915699	-00000002.735901	000000000.023317
000000002.064422	-00000002.948301	000000000.075393
000000001.665194	-00000002.422872	000000000.020525
000000002.038615	-00000002.966203	000000000.075393
000000001.973903	-00000002.926431	000000000.024644
000000002.202737	-00000003.265692	000000000.082513
000000002.091790	-00000003.160350	000000000.026459
000000002.234855	-00000003.376497	000000000.084817
000000002.162164	-00000003.329441	000000000.027716
000000002.237976	-00000003.446180	000000000.086073
000000002.181383	-00000003.424086	000000000.028344
000000002.293766	-00000003.600492	000000000.089424
000000002.098429	-00000003.358189	000000000.027646
000000002.262259	-00000003.620371	000000000.089424
000000002.058594	-00000003.359320	000000000.027506
000000002.131327	-00000003.478009	000000000.085445
000000001.854092	-00000003.085727	000000000.025133
000000002.167835	-00000003.607883	000000000.088168
000000001.451524	-00000002.464199	000000000.019966
000000002.131194	-00000003.618049	000000000.087958
000000001.949952	-00000003.377417	000000000.027227
000000002.054549	-00000003.558584	000000000.086073
