000000003.322021	000000003.722010	-00000000.104503
000000003.455842	000000003.871943	-00000000.036233
000000003.340930	000000003.678077	-00000000.104084
000000003.482775	000000003.834236	-00000000.036163
000000003.366113	000000003.641441	-00000000.103874
000000003.543253	000000003.833070	-00000000.036442
000000003.397762	000000003.611928	-00000000.103874
000000003.583420	000000003.809287	-00000000.036512
000000003.470634	000000003.625472	-00000000.105131
000000003.630355	000000003.792318	-00000000.036652
000000003.557951	000000003.652339	-00000000.106806
000000003.649355	000000003.746168	-00000000.036512
000000003.660074	000000003.692154	-00000000.108901
000000003.815667	000000003.849111	-00000000.037838
000000003.692154	000000003.660074	-00000000.108901
000000003.998246	000000003.963506	-00000000.039304
000000003.945958	000000003.843982	-00000000.115393
000000004.154450	000000004.047086	-00000000.040491
000000003.972131	000000003.802488	-00000000.115183
000000004.167939	000000003.989933	-00000000.040282
000000004.092547	000000003.849884	-00000000.117696
000000004.188031	000000003.939706	-00000000.040142
000000004.111304	000000003.800450	-00000000.117278
000000004.207565	000000003.889433	-00000000.040003
000000004.247920	000000003.858539	-00000000.120209
000000004.278357	000000003.886186	-00000000.040352
000000004.266512	000000003.808008	-00000000.119791
000000004.528458	000000004.041803	-00000000.042376
000000004.261997	000000003.737671	-00000000.118744
000000004.458301	000000003.909825	-00000000.041399
000000004.339895	000000003.739493	-00000000.120000
000000004.492251	000000003.870771	-00000000.041399
000000004.502084	000000003.811296	-00000000.123560
000000004.495329	000000003.805578	-00000000.041120
000000004.442931	000000003.695147	-00000000.121047
000000004.689821	000000003.900483	-00000000.042586
000000004.637594	000000003.789073	-00000000.125445
000000004.739167	000000003.872062	-00000000.042725
000000004.615904	000000003.704654	-00000000.123979
000000004.733784	000000003.799263	-00000000.042376
000000004.569542	000000003.602337	-00000000.121885
000000005.340025	000000004.209736	-00000000.047473
000000005.051398	000000003.911210	-00000000.133822
000000005.265864	000000004.077268	-00000000.046495
000000005.021671	000000003.818567	-00000000.132147
000000005.277365	000000004.013001	-00000000.046286
000000005.158943	000000003.852365	-00000000.134869
000000005.400319	000000004.032609	-00000000.047054
000000005.369743	000000003.937258	-00000000.139477
000000005.774003	000000004.233674	-00000000.049986
000000005.420125	000000003.901932	-00000000.139895
000000005.664649	000000004.077963	-00000000.048729
000000005.535615	000000003.912186	-00000000.141990
000000005.553028	000000003.924492	-00000000.047473
000000005.824199	000000004.040391	-00000000.148482
000000006.170418	000000004.280571	-00000000.052429
000000005.908821	000000004.023173	-00000000.149738
000000006.141412	000000004.181539	-00000000.051871
000000007.544058	000000005.088531	000000000.063529
000000005.544686	000000003.704841	-00000000.139686
000000006.452047	000000004.311120	-00000000.054175
000000006.170438	000000004.045516	-00000000.154555
000000006.547961	000000004.293031	-00000000.054663
000000007.573010	000000004.917971	000000000.063041
000000007.948853	000000005.162045	000000000.198534
000000006.306409	000000004.056419	-00000000.157068
000000006.660867	000000004.284413	-00000000.055292
000000007.489134	000000004.771104	000000000.061994
000000014.815138	000000009.438284	000000000.367958
000000006.231647	000000003.931876	-00000000.154346
000000006.588059	000000004.156756	-00000000.054384
000000007.589845	000000004.742662	000000000.062482
000000008.003818	000000005.001340	000000000.197696
000000005.755622	000000003.561687	-00000000.141780
000000006.666599	000000004.125417	-00000000.054733
000000007.639470	000000004.681473	000000000.062552
000000021.831326	000000013.378254	000000000.536335
000000006.222394	000000003.775841	-00000000.152461
000000006.702346	000000004.067083	-00000000.054733
000000005.545737	000000003.332215	000000000.045169
000000007.808603	000000004.691882	000000000.063599
000000005.544656	000000003.331565	000000000.135497
000000005.688023	000000003.384018	-00000000.138639
000000005.878197	000000003.497159	-00000000.047752
000000005.436748	000000003.202489	000000000.044052
000000007.944027	000000004.679390	000000000.064367
000000021.811665	000000012.848053	000000000.530262
000000006.563710	000000003.827842	-00000000.159162
000000005.865300	000000003.420542	-00000000.047403
000000007.785378	000000004.494890	000000000.062762
000000008.000319	000000004.618987	000000000.193508
000000021.758444	000000012.562243	000000000.526283
000000006.284380	000000003.591820	-00000000.151623
000000006.216152	000000003.552824	-00000000.049986
000000007.598020	000000004.298753	000000000.060946
000000016.794180	000000009.501690	000000000.404189
000000021.562685	000000012.199580	000000000.518953
000000006.219532	000000003.483105	-00000000.149319
000000007.119394	000000003.987052	-00000000.056967
000000007.862639	000000004.358332	000000000.062762
000000016.789017	000000009.306304	000000000.402094
000000006.889561	000000003.779743	-00000000.164607
000000007.153916	000000003.924773	-00000000.056967
000000007.540067	000000004.093922	000000000.059899
000000021.491152	000000011.668743	000000000.512252
000000022.773943	000000012.365243	000000000.542828
000000006.693301	000000003.596441	-00000000.159162
000000006.835546	000000003.672871	-00000000.054175
000000008.043456	000000004.276782	000000000.063599
000000009.668040	000000005.140588	000000000.076445
000000021.839333	000000011.612179	000000000.518115
000000006.945629	000000003.654272	-00000000.164398
000000007.584159	000000003.990219	-00000000.059829
000000007.672456	000000003.994028	000000000.060388
000000021.691526	000000011.291894	000000000.512252
000000006.977254	000000003.593522	-00000000.164398
000000007.654251	000000003.942198	-00000000.060109
000000007.796117	000000003.972320	000000000.061086
000000014.727980	000000007.504281	000000000.115400
000000021.717974	000000011.065861	000000000.510576
000000007.285110	000000003.671998	-00000000.170890
000000007.643714	000000003.852749	-00000000.059760
000000008.465873	000000004.220929	000000000.066043
000000022.010557	000000010.974059	000000000.515184
000000007.263076	000000003.581753	-00000000.169634
000000007.901257	000000003.896469	-00000000.061505
000000008.367569	000000004.081136	000000000.064996
000000009.859530	000000004.808815	000000000.076584
000000018.933437	000000009.234454	000000000.441257
000000007.681271	000000003.705005	-00000000.178639
000000007.943964	000000003.831714	-00000000.061575
000000008.375787	000000003.995045	000000000.064786
000000016.378330	000000007.812063	000000000.380105
000000022.045322	000000010.515079	000000000.511623
000000007.152671	000000003.373419	-00000000.165655
000000008.130854	000000003.834759	-00000000.062762
000000008.627840	000000004.023228	000000000.066462
000000009.496022	000000004.428068	000000000.219477
000000016.772078	000000007.820949	000000000.387644
000000021.520090	000000010.034983	000000000.497382
000000007.772001	000000003.582942	-00000000.179267
000000008.336552	000000003.843203	-00000000.064088
000000008.507931	000000003.877287	000000000.065275
000000016.475784	000000007.508448	000000000.379267
000000007.711815	000000003.473919	-00000000.177173
000000008.433594	000000003.799057	-00000000.064577
000000008.577983	000000003.819164	000000000.065554
000000010.779573	000000004.799376	000000000.082379
000000010.978409	000000004.887902	000000000.251728
000000016.321478	000000007.266790	000000000.374241
000000007.824197	000000003.442729	-00000000.179058
000000008.475578	000000003.729344	-00000000.064646
000000008.941118	000000003.887709	000000000.068067
000000011.057320	000000004.807859	000000000.252566
000000016.127548	000000007.012458	000000000.368377
000000007.688596	000000003.303281	-00000000.175288
000000007.864662	000000003.378925	-00000000.059760
000000008.901065	000000003.778278	000000000.067509
000000010.907717	000000004.630051	000000000.082728
000000016.224941	000000006.887079	000000000.369215
000000007.864649	000000003.297921	-00000000.178639
000000008.161280	000000003.422309	-00000000.061784
000000008.508723	000000003.524429	000000000.064297
000000011.123239	000000004.607396	000000000.084054
000000016.339846	000000006.768186	000000000.370471
000000008.152224	000000003.335163	-00000000.184503
000000009.051565	000000003.703093	-00000000.068277
000000010.996132	000000004.442726	000000000.082798
000000016.509521	000000006.670280	000000000.372984
000000008.413170	000000003.356514	-00000000.189738
000000009.306445	000000003.712895	-00000000.069952
000000011.248474	000000004.430892	000000000.084403
000000016.529894	000000006.511299	000000000.372147
000000008.321005	000000003.235862	-00000000.187016
000000009.767204	000000003.798258	-00000000.073164
000000009.634315	000000003.698267	000000000.072047
000000012.108243	000000004.647919	000000000.090547
000000012.115216	000000004.650596	000000000.271833
000000016.726091	000000006.420545	000000000.375288
000000023.465063	000000009.007394	000000000.526492
000000008.629405	000000003.269389	-00000000.193299
000000010.024405	000000003.797907	-00000000.074839
000000009.600656	000000003.589538	000000000.071558
000000011.202327	000000004.188378	000000000.083496
000000023.289928	000000008.707747	000000000.520838
000000008.507529	000000003.138593	-00000000.189948
000000010.282327	000000003.793350	-00000000.076515
000000011.670698	000000004.247787	000000000.086707
000000022.068539	000000008.032291	000000000.491937
000000023.365030	000000008.504176	000000000.520838
000000008.741608	000000003.138558	-00000000.194555
000000010.446799	000000003.750784	-00000000.077492
000000011.650764	000000004.125752	000000000.086288
000000023.400656	000000008.286607	000000000.520000
000000008.598764	000000003.002823	-00000000.190785
000000010.498013	000000003.666071	-00000000.077632
000000011.563410	000000003.981601	000000000.085381
000000016.394894	000000005.645214	000000000.121055
000000023.254656	000000008.007220	000000000.515184
000000008.757183	000000002.972663	-00000000.193717
000000010.756864	000000003.651463	-00000000.079307
000000012.337390	000000004.128033	000000000.090826
000000023.190908	000000007.759570	000000000.512252
000000008.497943	000000002.802201	-00000000.187435
000000010.940268	000000003.607559	-00000000.080424
000000011.678689	000000003.794636	000000000.085730
000000013.371530	000000004.344673	000000000.098157
000000013.359414	000000004.340736	000000000.294241
000000023.419384	000000007.609419	000000000.515812
000000008.664902	000000002.773657	-00000000.190576
000000011.590375	000000003.710108	-00000000.084962
000000013.485229	000000004.251876	000000000.098715
000000023.580248	000000007.434824	000000000.517906
000000008.545554	000000002.653465	-00000000.187435
000000011.841958	000000003.677026	-00000000.086568
000000013.454880	000000004.113570	000000000.098226
000000013.882500	000000004.244306	000000000.304084
000000023.615547	000000007.219997	000000000.517278
000000043.913445	000000013.425688	000000000.961885
000000008.759856	000000002.636417	-00000000.191623
000000011.988502	000000003.608130	-00000000.087405
000000013.403973	000000003.970438	000000000.097598
000000013.832735	000000004.097443	000000000.302199
000000008.513775	000000002.481539	-00000000.185759
000000012.326740	000000003.592917	-00000000.089639
000000013.630359	000000003.908442	000000000.098994
000000013.867965	000000003.976575	000000000.302199
000000008.583218	000000002.420718	-00000000.186806
000000011.934154	000000003.365779	-00000000.086568
000000013.702492	000000003.800037	000000000.099274
000000017.026936	000000004.721987	000000000.123359
000000017.389715	000000004.822595	000000000.378011
000000023.960234	000000006.644761	000000000.520838
000000008.430391	000000002.298388	-00000000.183037
000000012.117434	000000003.303592	-00000000.087685
000000013.754448	000000003.685493	000000000.099413
000000016.497610	000000004.420522	000000000.119240
000000018.068508	000000004.841442	000000000.391833
000000024.065592	000000006.448356	000000000.521885
000000008.759515	000000002.306188	-00000000.189738
000000012.493929	000000003.289377	-00000000.090198
000000014.008756	000000003.622910	000000000.101019
000000015.741697	000000004.071080	000000000.113515
000000017.242289	000000004.459159	000000000.124336
000000017.800329	000000004.603478	000000000.385131
000000024.149986	000000006.245611	000000000.522513
000000027.257059	000000007.049155	000000000.589739
000000008.430459	000000002.141064	-00000000.182199
000000012.716000	000000003.229452	-00000000.091594
000000016.019192	000000003.994033	000000000.115261
000000017.820425	000000004.443131	000000000.384712
000000024.426689	000000006.090258	000000000.527330
000000008.613914	000000002.107811	-00000000.185759
000000013.209930	000000003.232450	-00000000.094945
000000014.808832	000000003.555286	000000000.106325
000000017.424444	000000004.183239	000000000.125104
000000017.683531	000000004.245440	000000000.380943
000000008.476274	000000001.995898	-00000000.182408
000000012.809359	000000003.016204	-00000000.091873
000000016.817217	000000003.882561	000000000.120497
000000017.788095	000000004.106706	000000000.382409
000000008.668892	000000001.961570	-00000000.186178
000000012.932724	000000002.926377	-00000000.092572
000000015.312501	000000003.464865	-00000000.109606
000000017.162865	000000003.804916	000000000.122731
000000022.157059	000000004.912102	000000000.475393
000000028.228289	000000006.258061	000000000.605655
000000008.617288	000000001.870997	-00000000.184712
000000012.820959	000000002.783703	-00000000.091594
000000017.038916	000000003.621733	000000000.121614
000000021.518723	000000004.573946	000000000.153588
000000021.925261	000000004.660358	000000000.469529
000000028.418736	000000006.040588	000000000.608587
000000008.868207	000000001.844590	-00000000.189738
000000013.344065	000000002.775569	-00000000.095155
000000016.780430	000000003.490335	-00000000.119659
000000017.628416	000000003.586542	000000000.125593
000000021.518621	000000004.378013	000000000.153308
000000029.528452	000000006.007632	000000000.631205
000000008.648628	000000001.720319	-00000000.184712
000000012.867589	000000002.559523	-00000000.091594
000000017.261400	000000003.433506	-00000000.122870
000000017.757204	000000003.451651	000000000.126291
000000021.497110	000000004.178615	000000000.152890
000000021.826601	000000004.242661	000000000.465759
000000008.849936	000000001.680213	-00000000.188691
000000013.164515	000000002.499361	-00000000.093549
000000016.966505	000000003.221192	-00000000.120566
000000018.779711	000000003.480614	000000000.133342
000000020.067743	000000003.719337	000000000.142488
000000021.640913	000000004.010906	000000000.153658
000000021.902115	000000004.059317	000000000.466597
000000008.726526	000000001.578013	-00000000.185759
000000012.752856	000000002.306092	-00000000.090477
000000017.485977	000000003.161980	-00000000.124057
000000021.527374	000000003.795857	000000000.152610
000000046.502270	000000008.199605	000000000.989110
000000008.966594	000000001.540743	-00000000.190576
000000012.871049	000000002.211651	-00000000.091175
000000017.572037	000000003.019428	-00000000.124476
000000021.954184	000000003.673870	000000000.155403
000000045.556400	000000007.623527	000000000.967540
000000008.742869	000000001.423867	-00000000.185550
000000012.712204	000000002.070314	-00000000.089919
000000022.232323	000000003.521254	000000000.157148
000000025.521244	000000004.042168	000000000.180396
000000026.572865	000000004.208728	000000000.563561
000000008.982236	000000001.382498	-00000000.190367
000000012.798969	000000001.969950	-00000000.090407
000000024.477547	000000003.658194	000000000.172786
000000026.183395	000000003.913135	000000000.554555
000000045.286991	000000006.768186	000000000.959163
000000008.726810	000000001.265327	-00000000.184712
000000012.746399	000000001.848140	-00000000.089919
000000025.379951	000000003.566920	000000000.178930
000000026.681871	000000003.749892	000000000.564398
000000030.246054	000000004.250806	000000000.639791
000000009.014902	000000001.226874	-00000000.190576
000000013.158379	000000001.790777	-00000000.092711
000000026.123936	000000003.439281	000000000.183956
000000030.500069	000000004.015410	000000000.644398
000000056.024174	000000007.375722	000000001.183666
000000008.787236	000000001.117878	-00000000.185550
000000012.697354	000000001.615307	-00000000.089360
000000028.286877	000000003.473192	000000000.198966
000000030.857508	000000003.788826	000000000.217047
000000034.523109	000000004.238904	000000000.728587
000000009.034942	000000001.069356	-00000000.190576
000000013.088324	000000001.549105	-00000000.092013
000000029.369268	000000003.346205	000000000.206366
000000030.750299	000000003.503554	000000000.216070
000000034.697853	000000003.953321	000000000.731519
000000008.765654	000000000.959995	-00000000.184712
000000012.763372	000000001.397817	-00000000.089639
000000032.689137	000000003.435767	000000000.229474
000000035.973911	000000003.781010	000000000.757697
000000038.519329	000000004.048545	000000000.811309
000000009.052228	000000000.911511	-00000000.190576
000000034.857925	000000003.356436	000000000.244484
000000036.005535	000000003.466939	000000000.757697
000000008.781073	000000000.806867	-00000000.184712
000000012.745993	000000001.171192	-00000000.089360
000000037.685127	000000003.297022	000000000.264101
000000008.977086	000000000.745938	-00000000.188691
000000055.087536	000000004.335483	000000001.157488
000000008.793818	000000000.653494	-00000000.184712
000000012.764491	000000000.948566	-00000000.089360
000000054.395840	000000003.803728	000000000.380688
000000055.073406	000000003.851108	000000001.156440
000000009.078526	000000000.595038	-00000000.190576
000000054.836189	000000003.353925	000000000.383550
000000059.785141	000000003.656616	000000001.254660
000000063.826698	000000003.903808	000000001.339477
000000008.803883	000000000.499921	-00000000.184712
000000012.779102	000000000.725650	-00000000.089360
000000009.027609	000000000.433627	-00000000.189319
000000082.453346	000000003.599991	000000001.728797
000000008.811267	000000000.346196	-00000000.184712
000000012.749852	000000000.500943	-00000000.089081
000000009.033802	000000000.276008	-00000000.189319
000000008.835958	000000000.192801	-00000000.185131
000000012.956600	000000000.282714	-00000000.090477
000000008.987258	000000000.117650	-00000000.188272
000000008.837977	000000000.038563	-00000000.185131
000000012.839565	000000000.056024	-00000000.089639
000000009.047929	-00000000.039479	-00000000.189529
000000008.837304	-00000000.115687	-00000000.185131
000000012.878583	-00000000.168590	-00000000.089919
000000008.995885	-00000000.196291	-00000000.188482
000000008.833940	-00000000.269901	-00000000.185131
000000012.903664	-00000000.394243	-00000000.090128
000000008.991089	-00000000.353261	-00000000.188482
000000008.827884	-00000000.424034	-00000000.185131
000000012.864854	-00000000.617943	-00000000.089919
000000054.463928	-00000002.854334	000000000.380758
000000009.153244	-00000000.519759	-00000000.192042
000000054.456268	-00000003.330688	000000001.142828
000000008.799185	-00000000.576729	-00000000.184712
000000012.892023	-00000000.844988	-00000000.090198
000000038.914024	-00000002.721134	000000000.272339
000000069.345413	-00000004.849104	000000001.456126
000000009.053045	-00000000.672758	-00000000.190157
000000034.801537	-00000002.738940	000000000.243716
000000044.263390	-00000003.483604	000000000.930053
000000008.787780	-00000000.730208	-00000000.184712
000000012.875313	-00000001.069856	-00000000.090198
000000030.532623	-00000002.671258	000000000.213976
000000009.000102	-00000000.826993	-00000000.189319
000000027.551895	-00000002.652946	000000000.193241
000000048.405453	-00000004.660915	000000001.018639
000000008.823435	-00000000.888473	-00000000.185759
000000013.053669	-00000001.314435	-00000000.091594
000000024.971836	-00000002.624646	000000000.175299
000000047.975159	-00000005.042392	000000001.010472
000000009.073744	-00000000.993737	-00000000.191204
000000021.689144	-00000002.471166	000000000.152401
000000024.361788	-00000002.775675	000000000.171181
000000048.068398	-00000005.476702	000000001.013404
000000008.756943	-00000001.036452	-00000000.184712
000000013.068462	-00000001.546754	-00000000.091873
000000021.368999	-00000002.623783	000000000.150307
000000024.391434	-00000002.994891	000000000.514765
000000025.820387	-00000003.170345	000000000.544922
000000009.094690	-00000001.156991	-00000000.192042
000000018.669079	-00000002.375007	-00000000.131387
000000020.482752	-00000002.696605	000000000.144233
000000026.782965	-00000003.526044	000000000.565864
000000008.777146	-00000001.194517	-00000000.185550
000000013.039477	-00000001.774595	-00000000.091873
000000018.608009	-00000002.532439	-00000000.131108
000000018.933464	-00000002.660925	000000000.133482
000000021.329855	-00000002.997716	000000000.150376
000000038.671391	-00000005.434909	000000000.818011
000000009.191845	-00000001.332754	-00000000.194555
000000017.397648	-00000002.522539	-00000000.122731
000000016.585392	-00000002.478703	000000000.117076
000000017.722733	-00000002.648680	000000000.125104
000000021.644808	-00000003.234838	000000000.458430
000000008.754962	-00000001.347518	-00000000.185550
000000012.966987	-00000001.995810	-00000000.091594
000000016.533499	-00000002.618649	000000000.116866
000000020.796154	-00000003.293787	000000000.441047
000000009.048772	-00000001.473686	-00000000.192042
000000013.541261	-00000002.205334	-00000000.095783
000000014.961588	-00000002.503711	000000000.105906
000000017.029417	-00000002.849747	000000000.361676
000000021.170908	-00000003.542795	000000000.449634
000000008.828646	-00000001.517039	-00000000.187644
000000012.772495	-00000002.194716	-00000000.090477
000000014.594495	-00000002.573403	000000000.103462
000000016.009462	-00000002.822900	000000000.340524
000000020.991497	-00000003.701367	000000000.446492
000000024.575409	-00000004.333308	000000000.522723
000000009.061028	-00000001.638501	-00000000.192880
000000012.556053	-00000002.270504	-00000000.089081
000000013.952046	-00000002.585859	000000000.099064
000000014.666945	-00000002.718358	000000000.312461
000000017.065561	-00000003.162915	000000000.363560
000000024.369545	-00000004.516628	000000000.519163
000000008.781179	-00000001.667159	-00000000.187225
000000011.749821	-00000002.230773	-00000000.083496
000000012.554706	-00000002.440387	000000000.089290
000000013.994934	-00000002.720340	000000000.298639
000000015.535750	-00000003.019844	000000000.331519
000000018.234632	-00000003.544454	000000000.389110
000000009.011439	-00000001.792487	-00000000.192461
000000011.386640	-00000002.264943	-00000000.081052
000000011.357051	-00000002.310618	000000000.080913
000000013.686546	-00000002.784559	000000000.292566
000000017.282080	-00000003.516079	000000000.369424
000000024.042080	-00000004.891416	000000000.513927
000000008.789900	-00000001.828302	-00000000.188063
000000010.710496	-00000002.227786	-00000000.076375
000000010.984329	-00000002.334791	000000000.078400
000000012.048135	-00000002.560910	000000000.258011
000000013.524815	-00000002.874788	000000000.289634
000000015.422005	-00000003.278048	000000000.330262
000000009.047175	-00000001.964334	-00000000.193927
000000010.368169	-00000002.251150	-00000000.074071
000000010.524214	-00000002.333162	000000000.075258
000000011.078529	-00000002.456051	000000000.237696
000000023.845680	-00000005.286460	000000000.511623
000000008.717648	-00000001.972602	-00000000.187225
000000010.114054	-00000002.288577	-00000000.072396
000000010.415762	-00000002.404668	000000000.074630
000000010.754686	-00000002.482915	000000000.231204
000000022.707584	-00000005.242459	000000000.488168
000000023.954506	-00000005.530334	000000000.514974
000000009.060174	-00000002.133388	-00000000.194974
000000009.860092	-00000002.321743	-00000000.070720
000000010.180466	-00000002.444113	000000000.073094
000000010.722888	-00000002.574337	000000000.230995
000000008.701316	-00000002.129199	-00000000.187644
000000009.781176	-00000002.393439	-00000000.070301
000000010.110235	-00000002.520765	000000000.072745
000000010.476895	-00000002.612184	000000000.226178
000000008.750236	-00000002.222277	-00000000.189110
000000009.507924	-00000002.414705	-00000000.068486
000000009.932953	-00000002.568836	000000000.071628
000000010.269794	-00000002.655949	000000000.222199
000000008.614490	-00000002.268006	-00000000.186597
000000009.409127	-00000002.477216	-00000000.067928
000000009.707318	-00000002.601068	000000000.070162
000000010.217254	-00000002.737705	000000000.221571
000000008.594370	-00000002.343094	-00000000.186597
000000009.319618	-00000002.540820	-00000000.067439
000000009.684250	-00000002.685680	000000000.070162
000000010.270047	-00000002.848136	000000000.223246
000000008.525483	-00000002.404435	-00000000.185550
000000009.258594	-00000002.611193	-00000000.067160
000000009.631608	-00000002.761819	000000000.069952
000000010.119865	-00000002.901825	000000000.220524
000000008.245020	-00000002.403204	-00000000.179895
000000008.841844	-00000002.577163	-00000000.064297
000000009.415380	-00000002.788963	000000000.068556
000000010.036641	-00000002.972989	000000000.219267
000000008.127997	-00000002.446250	-00000000.177801
000000008.263639	-00000002.487073	-00000000.060248
000000009.237679	-00000002.824242	000000000.067439
000000010.134607	-00000003.098460	000000000.221990
000000007.714869	-00000002.395530	-00000000.169215
000000008.088822	-00000002.511646	-00000000.059131
000000008.735834	-00000002.754398	000000000.063948
000000010.002296	-00000003.153712	000000000.219686
000000007.360405	-00000002.356084	-00000000.161885
000000007.857074	-00000002.515069	-00000000.057595
000000008.254970	-00000002.682202	000000000.060597
000000009.594056	-00000003.117298	000000000.211309
000000007.045222	-00000002.323166	-00000000.155393
000000007.350492	-00000002.423829	-00000000.054035
000000008.032105	-00000002.687505	000000000.059131
000000007.992615	-00000002.674292	000000000.176545
000000009.936252	-00000003.324623	000000000.219477
000000006.532385	-00000002.217446	-00000000.144503
000000006.694633	-00000002.272522	-00000000.049358
000000007.459960	-00000002.568670	000000000.055082
000000008.829206	-00000003.040140	000000000.195602
000000006.210743	-00000002.168889	-00000000.137801
000000006.429090	-00000002.245139	-00000000.047542
000000006.730296	-00000002.383323	000000000.049846
000000008.681517	-00000003.074286	000000000.064297
000000009.066222	-00000003.210518	000000000.201466
000000006.088073	-00000002.185842	-00000000.135497
000000006.239845	-00000002.240333	-00000000.046286
000000006.455531	-00000002.349621	000000000.047961
000000006.764303	-00000002.462005	000000000.150785
000000009.761266	-00000003.552810	000000000.217592
000000005.853030	-00000002.159297	-00000000.130681
000000006.126240	-00000002.260089	-00000000.045588
000000006.434781	-00000002.405866	000000000.047961
000000006.611455	-00000002.471922	000000000.147853
000000010.329228	-00000003.861940	000000000.230995
000000005.815265	-00000002.203207	-00000000.130262
000000005.937964	-00000002.249693	-00000000.044331
000000006.245501	-00000002.397423	000000000.046705
000000006.636301	-00000002.547437	000000000.148901
000000010.463141	-00000004.016424	000000000.234765
000000005.758545	-00000002.239376	-00000000.129424
000000005.974025	-00000002.323171	-00000000.044750
000000006.252254	-00000002.462828	000000000.046914
000000006.520797	-00000002.568610	000000000.146806
000000013.897389	-00000005.474327	000000000.312880
000000005.515919	-00000002.200629	-00000000.124398
000000005.637737	-00000002.249229	-00000000.042376
000000005.924561	-00000002.393678	000000000.044610
000000006.581562	-00000002.659123	000000000.148691
000000005.181890	-00000002.119967	-00000000.117278
000000005.405025	-00000002.211254	-00000000.040771
000000005.524665	-00000002.288391	000000000.041748
000000006.299477	-00000002.609329	000000000.142827
000000005.227733	-00000002.192170	-00000000.118744
000000005.330192	-00000002.235135	-00000000.040352
000000005.486075	-00000002.328701	000000000.041608
000000005.935954	-00000002.519663	000000000.135079
000000005.052243	-00000002.170615	-00000000.115183
000000005.264545	-00000002.261827	-00000000.040003
000000005.456374	-00000002.372499	000000000.041538
000000005.510323	-00000002.395957	000000000.125864
000000005.124620	-00000002.254887	-00000000.117278
000000005.189690	-00000002.283518	-00000000.039584
000000005.289299	-00000002.354948	000000000.040421
000000005.571405	-00000002.480549	000000000.127749
000000004.831279	-00000002.176332	-00000000.110995
000000005.041922	-00000002.271220	-00000000.038606
000000005.177554	-00000002.359547	000000000.039723
000000005.422180	-00000002.471030	000000000.124817
000000004.748547	-00000002.189110	-00000000.109529
000000004.894773	-00000002.256521	-00000000.037629
000000005.183954	-00000002.417317	000000000.039933
000000005.391348	-00000002.514027	000000000.124607
000000004.675008	-00000002.204877	-00000000.108272
000000004.892983	-00000002.307681	-00000000.037769
000000005.117534	-00000002.440938	000000000.039584
000000005.233847	-00000002.496417	000000000.121466
000000004.646584	-00000002.241246	-00000000.108063
000000004.773584	-00000002.302504	-00000000.037001
000000004.970210	-00000002.424134	000000000.038606
000000005.220848	-00000002.546378	000000000.121675
000000004.608915	-00000002.272865	-00000000.107644
000000004.780215	-00000002.357341	-00000000.037210
000000004.886222	-00000002.436181	000000000.038118
000000005.117902	-00000002.551692	000000000.119791
000000004.588905	-00000002.312999	-00000000.107644
000000004.804110	-00000002.421471	-00000000.037559
000000004.882597	-00000002.487807	000000000.038257
000000004.988542	-00000002.541789	000000000.117278
000000004.550769	-00000002.343800	-00000000.107225
000000004.773906	-00000002.458723	-00000000.037489
000000004.834091	-00000002.516469	000000000.038048
000000004.877490	-00000002.539060	000000000.115183
000000004.556687	-00000002.397389	-00000000.107853
000000004.734569	-00000002.490977	-00000000.037350
000000004.750143	-00000002.525696	000000000.037559
000000004.872802	-00000002.590915	000000000.115602
000000004.438715	-00000002.385008	-00000000.105550
000000004.695033	-00000002.522732	-00000000.037210
000000004.666405	-00000002.533651	000000000.037070
000000004.964228	-00000002.695356	000000000.118325
000000004.479091	-00000002.457314	-00000000.107016
000000004.620237	-00000002.534749	-00000000.036791
000000004.644117	-00000002.574276	000000000.037070
000000004.923029	-00000002.728880	000000000.117906
000000004.413861	-00000002.471881	-00000000.105969
000000004.510695	-00000002.526110	-00000000.036093
000000004.691103	-00000002.654098	000000000.037629
000000004.698890	-00000002.658504	000000000.113089
000000004.261921	-00000002.435889	-00000000.102827
000000004.323525	-00000002.471098	-00000000.034767
000000004.477242	-00000002.584937	000000000.036093
000000004.562953	-00000002.634422	000000000.110367
000000004.257775	-00000002.483061	-00000000.103246
000000004.327711	-00000002.523846	-00000000.034976
000000004.402818	-00000002.593458	000000000.035674
000000004.582862	-00000002.699512	000000000.111414
000000004.287497	-00000002.550793	-00000000.104503
000000004.245364	-00000002.525726	-00000000.034487
000000004.388589	-00000002.636931	000000000.035744
000000004.550560	-00000002.734252	000000000.111204
000000004.153961	-00000002.520685	-00000000.101780
000000004.283004	-00000002.598991	-00000000.034976
000000004.322781	-00000002.649003	000000000.035395
000000004.552100	-00000002.789531	000000000.111833
000000004.072294	-00000002.520012	-00000000.100314
000000004.175128	-00000002.583647	-00000000.034278
000000004.333420	-00000002.707822	000000000.035674
000000004.569977	-00000002.855638	000000000.112880
000000003.965594	-00000002.502103	-00000000.098220
000000004.203165	-00000002.651999	-00000000.034697
000000004.326493	-00000002.756280	000000000.035814
000000004.494290	-00000002.863179	000000000.111623
000000003.994059	-00000002.569065	-00000000.099476
000000004.120991	-00000002.650710	-00000000.034208
000000004.293889	-00000002.788484	000000000.035744
000000004.502673	-00000002.924070	000000000.112461
000000003.912961	-00000002.565449	-00000000.098011
000000004.030801	-00000002.642709	-00000000.033650
000000004.186005	-00000002.770656	000000000.035046
000000004.326918	-00000002.863925	000000000.108691
000000003.907050	-00000002.610607	-00000000.098429
000000003.941070	-00000002.633339	-00000000.033091
000000004.161667	-00000002.807080	000000000.035046
000000004.210587	-00000002.840077	000000000.106387
000000003.859328	-00000002.627723	-00000000.097801
000000004.041925	-00000002.752049	-00000000.034138
000000004.153495	-00000002.854618	000000000.035186
000000004.210361	-00000002.893701	000000000.107016
000000003.778747	-00000002.621410	-00000000.096335
000000003.845214	-00000002.667520	-00000000.032672
000000004.054704	-00000002.839134	000000000.034557
000000004.225897	-00000002.959005	000000000.108063
000000003.690410	-00000002.608124	-00000000.094660
000000003.895285	-00000002.752915	-00000000.033301
000000004.143747	-00000002.955706	000000000.035535
000000004.240612	-00000003.024799	000000000.109110
000000003.781105	-00000002.722006	-00000000.097592
000000003.862998	-00000002.780961	-00000000.033231
000000004.020716	-00000002.921221	000000000.034697
000000004.214054	-00000003.061690	000000000.109110
000000003.620142	-00000002.654398	-00000000.094031
000000003.935354	-00000002.885521	-00000000.034069
000000003.962918	-00000002.932405	000000000.034418
000000004.179139	-00000003.092400	000000000.108901
000000003.684959	-00000002.751689	-00000000.096335
000000003.837912	-00000002.865905	-00000000.033440
000000003.953149	-00000002.978912	000000000.034557
000000004.159978	-00000003.134769	000000000.109110
000000003.557348	-00000002.705070	-00000000.093613
000000003.701319	-00000002.814548	-00000000.032463
000000003.887337	-00000002.982858	000000000.034208
000000004.100737	-00000003.146606	000000000.108272
000000003.494081	-00000002.705407	-00000000.092565
000000003.565923	-00000002.761033	-00000000.031485
000000003.924198	-00000003.065919	000000000.034767
000000004.293716	-00000003.354619	000000000.114136
000000003.383974	-00000002.667710	-00000000.090262
000000003.455310	-00000002.723947	-00000000.030718
000000003.858164	-00000003.068922	000000000.034418
000000004.319049	-00000003.435527	000000000.115602
000000003.352768	-00000002.690881	-00000000.090052
000000003.524992	-00000002.829105	-00000000.031555
000000003.683582	-00000002.982906	000000000.033091
000000004.420991	-00000003.580048	000000000.119162
000000003.336900	-00000002.726362	-00000000.090262
000000003.484682	-00000002.847105	-00000000.031416
000000003.487658	-00000002.875004	000000000.031555
000000004.520729	-00000003.726601	000000000.122723
000000003.213054	-00000002.672269	-00000000.087539
000000003.421263	-00000002.845434	-00000000.031067
000000003.447116	-00000002.892474	000000000.031416
000000004.541647	-00000003.810894	000000000.124189
000000003.151459	-00000002.667907	-00000000.086492
000000003.480255	-00000002.946254	-00000000.031835
000000003.376120	-00000002.883479	000000000.030997
000000004.394183	-00000003.752987	000000000.121047
000000003.082613	-00000002.656150	-00000000.085236
000000003.189271	-00000002.748052	-00000000.029391
000000003.426298	-00000002.978435	000000000.031695
000000003.455812	-00000003.004091	000000000.095916
000000002.999183	-00000002.630213	-00000000.083560
000000003.105023	-00000002.723032	-00000000.028833
000000003.534985	-00000003.127490	000000000.032952
000000003.444441	-00000003.047384	000000000.096335
000000002.998493	-00000002.676257	-00000000.084189
000000003.096063	-00000002.763342	-00000000.028972
000000003.381227	-00000003.044470	000000000.031765
000000003.521734	-00000003.170983	000000000.099267
000000002.745607	-00000002.493934	-00000000.077696
000000002.960800	-00000002.689402	-00000000.027925
000000003.479864	-00000003.188708	000000000.032952
000000003.449701	-00000003.161069	000000000.098011
000000002.863230	-00000002.646742	-00000000.081675
000000002.819730	-00000002.606531	-00000000.026808
000000003.291012	-00000003.068918	000000000.031416
000000003.465856	-00000003.231963	000000000.099267
000000002.912845	-00000002.740131	-00000000.083770
000000003.022666	-00000002.843440	-00000000.028972
000000002.930441	-00000002.780885	000000000.028204
000000003.183695	-00000003.021214	000000000.091937
000000004.626873	-00000004.390739	000000000.133613
000000002.715493	-00000002.599519	-00000000.078743
000000002.918279	-00000002.793645	-00000000.028204
000000003.416781	-00000003.299547	000000000.033161
000000002.855153	-00000002.757189	000000000.083141
000000004.674683	-00000004.514289	000000000.136126
000000002.735673	-00000002.664975	-00000000.080000
000000002.857975	-00000002.784116	-00000000.027855
000000003.466313	-00000003.406336	000000000.033929
000000002.695495	-00000002.648856	000000000.079162
000000004.570932	-00000004.491843	000000000.134241
000000002.620009	-00000002.597245	-00000000.077278
000000002.719944	-00000002.696311	-00000000.026738
000000002.842500	-00000002.842500	000000000.028065
000000002.587443	-00000002.587443	000000000.076649
000000004.800202	-00000004.800202	000000000.142199
000000002.435357	-00000002.456702	-00000000.072461
000000002.675191	-00000002.698639	-00000000.026529
000000002.691426	-00000002.738815	000000000.026808
000000003.279536	-00000003.337280	000000000.098011
000000002.518471	-00000002.585283	-00000000.075602
000000002.449185	-00000002.514158	-00000000.024504
000000002.875815	-00000002.977994	000000000.028902
000000003.653102	-00000003.782898	000000000.110157
000000002.447419	-00000002.556607	-00000000.074136
000000002.634600	-00000002.752140	-00000000.026599
000000002.980503	-00000003.140795	000000000.030229
000000003.172619	-00000003.343243	000000000.096545
000000004.714195	-00000004.967725	000000000.143456
000000002.486669	-00000002.643407	-00000000.076021
000000002.569374	-00000002.731325	-00000000.026180
000000003.068918	-00000003.291012	000000000.031416
000000003.722894	-00000003.992316	000000000.114346
000000002.422787	-00000002.620956	-00000000.074764
000000002.694773	-00000002.915189	-00000000.027716
000000003.114395	-00000003.398766	000000000.032184
000000004.235022	-00000004.621715	000000000.131309
000000002.534267	-00000002.790010	-00000000.078953
000000002.608720	-00000002.871976	-00000000.027087
000000003.251896	-00000003.611596	000000000.033929
000000003.170983	-00000003.521734	000000000.099267
000000002.436592	-00000002.729971	-00000000.076649
000000002.663462	-00000002.984157	-00000000.027925
000000002.763058	-00000003.123069	000000000.029112
000000003.424994	-00000003.871252	000000000.108272
000000002.491781	-00000002.841331	-00000000.079162
000000002.584573	-00000002.947140	-00000000.027367
000000002.794744	-00000003.214985	000000000.029740
000000003.371404	-00000003.878356	000000000.107644
000000002.316789	-00000002.688766	-00000000.074346
000000002.428207	-00000002.818073	-00000000.025970
000000003.136758	-00000003.672671	000000000.033719
000000003.434827	-00000004.021665	000000000.110785
000000002.415974	-00000002.853863	-00000000.078325
000000002.429367	-00000002.869684	-00000000.026250
000000003.001745	-00000003.577340	000000000.032602
000000003.483145	-00000004.151051	000000000.113508
000000002.576054	-00000003.125004	000000000.028274
000000003.739320	-00000004.536158	000000000.123141
000000003.379368	-00000004.173172	000000000.037489
000000003.611507	-00000004.459839	000000000.120209
000000002.963098	-00000003.725124	000000000.033231
000000002.894058	-00000003.638330	000000000.097382
000000002.659593	-00000003.404124	000000000.030159
000000002.788335	-00000003.568906	000000000.094869
000000002.349762	-00000003.062269	000000000.026948
000000002.495374	-00000003.252035	000000000.085864
000000002.407202	-00000003.194464	000000000.027925
000000002.412749	-00000003.201826	000000000.083979
000000002.510091	-00000003.392193	000000000.029461
000000002.236043	-00000003.021839	000000000.078743
000000004.210422	-00000005.690058	000000000.148272
000000002.533293	-00000003.486778	000000000.030089
000000002.997047	-00000004.125082	000000000.106806
000000002.595679	-00000003.639008	000000000.031206
000000002.873849	-00000004.028988	000000000.103665
000000002.598238	-00000003.710669	000000000.031625
000000003.102368	-00000004.430641	000000000.113298
000000002.577086	-00000003.749683	000000000.031765
000000002.939004	-00000004.276277	000000000.108691
000000002.706428	-00000004.012444	000000000.033789
000000004.288069	-00000006.357324	000000000.160628
000000014.178022	-00000021.019783	000000000.531100
000000002.726502	-00000004.119296	000000000.034487
000000002.543872	-00000003.843371	000000000.096545
000000004.364864	-00000006.594590	000000000.165655
000000014.049233	-00000021.226076	000000000.533194
000000002.418139	-00000003.723607	000000000.030997
000000002.581023	-00000003.974427	000000000.099267
000000003.664617	-00000005.643015	000000000.140942
000000012.066554	-00000018.580864	000000000.464084
000000001.987960	-00000003.120472	000000000.025831
000000002.266907	-00000003.558331	000000000.088377
000000002.151420	-00000003.442991	000000000.028344
000000002.023848	-00000003.238833	000000000.080000
000000003.464912	-00000005.545018	000000000.136963
000000001.964547	-00000003.205849	000000000.026250
000000002.748276	-00000004.484778	000000000.036721
000000002.131327	-00000003.478009	000000000.085445
000000001.884993	-00000003.137156	000000000.025551
000000002.059700	-00000003.427917	000000000.083770
000000011.137830	-00000018.536461	000000000.452985
000000001.893072	-00000003.213799	000000000.026040
000000001.852109	-00000003.144257	000000000.076440
000000010.960424	-00000018.607109	000000000.452356
000000001.869954	-00000003.238856	000000000.026110
000000001.809603	-00000003.134324	000000000.075812
000000011.017584	-00000019.083015	000000000.461571
