000000002.676250	000000003.105941	-00000000.028623
000000002.742812	000000003.127577	-00000000.029042
000000002.609684	000000002.923903	-00000000.082094
000000002.696755	000000003.021459	-00000000.028274
000000002.749377	000000003.026828	-00000000.085654
000000002.810425	000000003.094036	-00000000.029182
000000002.680675	000000002.899938	-00000000.082723
000000002.850893	000000003.084079	-00000000.029321
000000002.829185	000000003.007512	-00000000.086492
000000002.987325	000000003.175620	-00000000.030438
000000003.069645	000000003.206593	-00000000.092984
000000002.918114	000000003.048301	-00000000.029461
000000003.076581	000000003.158199	-00000000.092356
000000003.174869	000000003.259094	-00000000.031765
000000003.139217	000000003.166732	-00000000.093403
000000003.210229	000000003.238366	-00000000.031835
000000003.124130	000000003.096986	-00000000.092147
000000003.188654	000000003.160949	-00000000.031346
000000003.244136	000000003.160298	-00000000.094869
000000003.323560	000000003.237669	-00000000.032393
000000003.264369	000000003.124954	-00000000.094660
000000003.358911	000000003.215457	-00000000.032463
000000003.393464	000000003.192252	-00000000.097592
000000003.284873	000000003.090100	-00000000.031485
000000003.384485	000000003.128585	-00000000.096545
000000003.385144	000000003.129195	-00000000.032184
000000003.507864	000000003.186320	-00000000.099267
000000003.427126	000000003.112983	-00000000.032323
000000003.498242	000000003.122300	-00000000.098220
000000003.633211	000000003.242765	-00000000.033999
000000003.608040	000000003.164166	-00000000.100524
000000003.638816	000000003.191156	-00000000.033789
000000003.597645	000000003.099929	-00000000.099476
000000003.704402	000000003.191917	-00000000.034138
000000003.624559	000000003.068416	-00000000.099476
000000003.755012	000000003.178853	-00000000.034348
000000003.651198	000000003.036669	-00000000.099476
000000003.759545	000000003.126781	-00000000.034138
000000003.770465	000000003.080599	-00000000.101990
000000003.747969	000000003.062219	-00000000.033789
000000003.766016	000000003.022547	-00000000.101152
000000003.758952	000000003.016878	-00000000.033650
000000003.831506	000000003.020516	-00000000.102199
000000003.863665	000000003.045868	-00000000.034348
000000003.889340	000000003.011448	-00000000.103037
000000003.874285	000000002.999792	-00000000.034208
000000003.883638	000000002.953187	-00000000.102199
000000003.916234	000000002.977974	-00000000.034348
000000004.005391	000000002.990967	-00000000.104712
000000003.958097	000000002.955652	-00000000.034487
000000003.934587	000000002.884958	-00000000.102199
000000003.935354	000000002.885521	-00000000.034069
000000004.032638	000000002.903084	-00000000.104084
000000004.098349	000000002.950389	-00000000.035255
000000004.196617	000000002.965876	-00000000.107644
000000004.238266	000000002.995311	-00000000.036233
000000004.205910	000000002.917743	-00000000.107225
000000004.346406	000000003.015209	-00000000.036931
000000004.256004	000000002.897810	-00000000.107853
000000004.397350	000000002.994049	-00000000.037140
000000004.783430	000000003.226465	000000000.040282
000000005.271523	000000003.555687	000000000.133194
000000004.380884	000000002.927213	-00000000.110367
000000004.539713	000000003.033340	-00000000.038118
000000004.911468	000000003.250829	000000000.041120
000000005.394058	000000003.570249	000000000.135497
000000004.581843	000000003.003988	-00000000.114764
000000004.574374	000000002.999091	-00000000.038187
000000005.057060	000000003.284093	000000000.042097
000000005.374699	000000003.490371	000000000.134241
000000004.717194	000000003.034201	-00000000.117487
000000004.776985	000000003.072660	-00000000.039654
000000005.051792	000000003.218346	000000000.041818
000000005.109831	000000003.255322	000000000.126911
000000004.777314	000000003.014261	-00000000.118325
000000004.930473	000000003.110897	-00000000.040701
000000005.105125	000000003.190036	000000000.042027
000000005.604369	000000003.501998	000000000.138429
000000004.879951	000000003.019805	-00000000.120209
000000004.880903	000000003.020394	-00000000.040072
000000005.277714	000000003.234187	000000000.043214
000000005.302258	000000003.249228	000000000.130262
000000004.965949	000000003.013412	-00000000.121675
000000005.043857	000000003.060688	-00000000.041189
000000005.374308	000000003.229210	000000000.043773
000000005.578936	000000003.352163	000000000.136335
000000005.000648	000000002.975073	-00000000.121885
000000005.035999	000000002.996104	-00000000.040910
000000005.471212	000000003.222790	000000000.044331
000000005.780264	000000003.404835	000000000.140524
000000005.060966	000000002.951468	-00000000.122723
000000005.182887	000000003.022570	-00000000.041888
000000005.559748	000000003.209922	000000000.044820
000000005.974265	000000003.449243	000000000.144503
000000005.182010	000000002.961763	-00000000.125026
000000005.235111	000000002.992113	-00000000.042097
000000005.465701	000000003.092345	000000000.043842
000000006.360905	000000003.598827	000000000.153089
000000005.321058	000000002.979936	-00000000.127749
000000005.269747	000000002.951200	-00000000.042167
000000005.614922	000000003.112402	000000000.044820
000000006.033553	000000003.344453	000000000.144503
000000005.232911	000000002.870873	-00000000.125026
000000005.347903	000000002.933960	-00000000.042586
000000005.720960	000000003.106228	000000000.045448
000000006.326095	000000003.434789	000000000.150785
000000005.513167	000000002.962331	-00000000.131100
000000005.602329	000000003.010240	-00000000.044401
000000005.853800	000000003.112521	000000000.046286
000000006.170450	000000003.280886	000000000.146388
000000005.600743	000000002.946693	-00000000.132566
000000005.743430	000000003.021765	-00000000.045308
000000005.942828	000000003.093640	000000000.046774
000000006.473759	000000003.370026	000000000.152880
000000005.910667	000000003.044194	-00000000.139267
000000005.805140	000000002.989844	-00000000.045588
000000006.219074	000000003.168777	000000000.048729
000000006.734532	000000003.431415	000000000.158325
000000005.892368	000000002.969998	-00000000.138220
000000006.018531	000000003.033589	-00000000.047054
000000006.416523	000000003.199160	000000000.050056
000000006.925272	000000003.452814	000000000.162094
000000006.070497	000000002.993638	-00000000.141780
000000006.286925	000000003.100368	-00000000.048939
000000006.507110	000000003.173730	000000000.050544
000000007.018042	000000003.422928	000000000.163560
000000006.087385	000000002.936206	-00000000.141571
000000006.232680	000000003.006288	-00000000.048310
000000006.534558	000000003.116824	000000000.050544
000000007.192027	000000003.430421	000000000.166911
000000006.311712	000000002.976797	-00000000.146178
000000006.367209	000000003.002971	-00000000.049148
000000006.815269	000000003.178012	000000000.052499
000000007.312300	000000003.409781	000000000.169005
000000006.301131	000000002.904861	-00000000.145340
000000006.529390	000000003.010090	-00000000.050195
000000006.879139	000000003.135005	000000000.052778
000000007.623803	000000003.474367	000000000.175497
000000006.408282	000000002.886720	-00000000.147225
000000006.509822	000000002.932461	-00000000.049846
000000007.061534	000000003.143998	000000000.053965
000000007.653832	000000003.407706	000000000.175497
000000006.488135	000000002.854848	-00000000.148482
000000006.727376	000000002.960116	-00000000.051312
000000007.107042	000000003.090230	000000000.054105
000000007.564086	000000003.288958	000000000.172775
000000006.632217	000000002.849426	-00000000.151204
000000006.927517	000000002.976296	-00000000.052639
000000007.179763	000000003.047629	000000000.054454
000000007.592500	000000003.222825	000000000.172775
000000007.127050	000000002.988620	-00000000.161885
000000007.137661	000000002.993070	-00000000.054035
000000007.390856	000000003.061393	000000000.055850
000000007.823544	000000003.240618	000000000.177382
000000007.421207	000000003.036096	-00000000.167958
000000007.459675	000000003.051834	-00000000.056269
000000007.667624	000000003.097921	000000000.057735
000000008.379904	000000003.385701	000000000.189319
000000007.549566	000000003.011971	-00000000.170262
000000007.662492	000000003.057024	-00000000.057595
000000007.954876	000000003.133509	000000000.059690
000000008.632381	000000003.400385	000000000.194346
000000007.706015	000000002.996705	-00000000.173194
000000007.791396	000000003.029908	-00000000.058363
000000007.925904	000000003.042470	000000000.059271
000000008.820400	000000003.385834	000000000.197906
000000007.666427	000000002.904549	-00000000.171728
000000007.789486	000000002.951172	-00000000.058154
000000008.008352	000000002.994200	000000000.059690
000000009.018175	000000003.371758	000000000.201676
000000007.757141	000000002.861760	-00000000.173194
000000007.871234	000000002.903852	-00000000.058573
000000008.128142	000000002.958402	000000000.060388
000000009.216363	000000003.354482	000000000.205445
000000007.838277	000000002.814229	-00000000.174450
000000008.028035	000000002.882359	-00000000.059550
000000008.229059	000000002.914063	000000000.060946
000000009.707078	000000003.437457	000000000.215707
000000008.089068	000000002.824829	-00000000.179477
000000008.260577	000000002.884723	-00000000.061086
000000008.556735	000000002.946320	000000000.063180
000000009.765064	000000003.362381	000000000.216335
000000008.567839	000000002.908389	-00000000.189529
000000008.484287	000000002.880028	-00000000.062552
000000009.245931	000000003.093645	000000000.068067
000000009.831960	000000003.289728	000000000.217173
000000008.953699	000000002.952487	-00000000.197487
000000008.983934	000000002.962457	-00000000.066043
000000009.453271	000000003.071554	000000000.069394
000000009.974395	000000003.240877	000000000.219686
000000008.902948	000000002.849856	-00000000.195812
000000009.171349	000000002.935772	-00000000.067230
000000009.603695	000000003.028033	000000000.070301
000000010.288349	000000003.243904	000000000.225969
000000009.223469	000000002.863963	-00000000.202304
000000009.425817	000000002.926794	-00000000.068905
000000009.668005	000000002.955806	000000000.070581
000000010.861239	000000003.320614	000000000.237906
000000009.497025	000000002.858280	-00000000.207749
000000009.565905	000000002.879010	-00000000.069743
000000009.885191	000000002.928127	000000000.071977
000000010.717254	000000003.174595	000000000.234136
000000009.396827	000000002.738925	-00000000.205026
000000009.792270	000000002.854186	-00000000.071209
000000010.592846	000000003.037450	000000000.076933
000000011.090528	000000003.180157	000000000.241676
000000009.651309	000000002.721951	-00000000.210052
000000010.326893	000000002.912485	-00000000.074909
000000010.802034	000000002.995669	000000000.078260
000000012.177618	000000003.377152	000000000.264712
000000009.443196	000000002.574511	-00000000.205026
000000010.679935	000000002.911685	-00000000.077283
000000011.136853	000000002.984111	000000000.080494
000000012.592911	000000003.374260	000000000.273089
000000009.861705	000000002.596370	-00000000.213613
000000011.111087	000000002.925305	-00000000.080215
000000011.472270	000000002.966931	000000000.082728
000000013.221996	000000003.419441	000000000.286073
000000009.496380	000000002.411773	-00000000.205236
000000011.426954	000000002.902076	-00000000.082309
000000012.041077	000000003.002177	000000000.086637
000000013.484152	000000003.361977	000000000.291100
000000009.963784	000000002.438123	-00000000.214869
000000011.743239	000000002.873553	-00000000.084403
000000012.193222	000000002.927334	000000000.087545
000000013.571307	000000003.258183	000000000.292356
000000009.537024	000000002.245671	-00000000.205236
000000012.244813	000000002.883271	-00000000.087824
000000012.598298	000000002.908546	000000000.090268
000000014.105783	000000003.256577	000000000.303246
000000010.190092	000000002.305782	-00000000.218848
000000012.698648	000000002.873411	-00000000.090896
000000013.355404	000000002.960822	000000000.095504
000000014.211753	000000003.150670	000000000.304922
000000015.724680	000000003.486078	000000000.337382
000000009.594304	000000002.083128	-00000000.205655
000000013.436601	000000002.917372	-00000000.095992
000000014.143670	000000003.006330	000000000.100949
000000015.197080	000000003.230239	000000000.325445
000000017.857058	000000003.795635	000000000.382409
000000010.062380	000000002.092978	-00000000.215288
000000014.039170	000000002.920151	-00000000.100111
000000014.404542	000000002.930637	000000000.102625
000000016.596285	000000003.376552	000000000.354765
000000009.639005	000000001.917317	-00000000.205864
000000014.436808	000000002.871660	-00000000.102764
000000014.989082	000000002.913582	000000000.106604
000000015.624078	000000003.037013	000000000.333403
000000017.459318	000000003.393748	000000000.372566
000000019.598795	000000003.809620	000000000.418220
000000009.733948	000000001.848048	-00000000.207539
000000014.883760	000000002.825770	-00000000.105766
000000015.810353	000000002.930276	000000000.112259
000000017.203188	000000003.188422	000000000.366492
000000019.336382	000000003.583787	000000000.411937
000000009.680837	000000001.750581	-00000000.206073
000000015.035775	000000002.718911	-00000000.106674
000000016.406498	000000002.892908	000000000.116308
000000017.476503	000000003.081579	000000000.371728
000000019.130619	000000003.373244	000000000.406911
000000009.616918	000000001.652489	-00000000.204398
000000015.965620	000000002.743395	-00000000.113096
000000017.377930	000000002.908068	000000000.123010
000000019.050858	000000003.188020	000000000.404608
000000021.604778	000000003.615400	000000000.458848
000000009.700047	000000001.579753	-00000000.205864
000000015.317811	000000002.494664	-00000000.108349
000000018.271790	000000002.893967	000000000.129153
000000021.013399	000000003.328195	000000000.445655
000000024.657167	000000003.905312	000000000.522932
000000009.515834	000000001.464627	-00000000.201676
000000017.869141	000000002.750324	-00000000.126221
000000018.800734	000000002.809788	000000000.132714
000000021.605257	000000003.228927	000000000.457592
000000025.530788	000000003.815602	000000000.540733
000000009.736034	000000001.411658	-00000000.206073
000000016.022066	000000002.323089	-00000000.113027
000000018.614889	000000002.699030	-00000000.131317
000000020.904051	000000002.937873	000000000.147374
000000022.751369	000000003.197496	000000000.481257
000000009.827234	000000001.337428	-00000000.207749
000000021.332823	000000002.903270	-00000000.150307
000000021.940140	000000002.888474	000000000.154495
000000024.388950	000000003.210866	000000000.171739
000000023.502001	000000003.094097	000000000.496545
000000009.719517	000000001.236479	-00000000.205236
000000015.544339	000000001.977490	-00000000.109396
000000022.091412	000000002.810383	-00000000.155473
000000022.311893	000000002.739556	000000000.156939
000000024.138134	000000002.963790	000000000.169784
000000024.728825	000000003.036318	000000000.521885
000000027.745502	000000003.406719	000000000.585550
000000009.600866	000000001.136337	-00000000.202513
000000017.934380	000000002.122674	-00000000.126082
000000024.170698	000000002.860790	-00000000.169924
000000024.709530	000000002.815295	000000000.173624
000000028.886732	000000003.291228	000000000.609006
000000031.221115	000000003.557197	000000000.658220
000000009.679985	000000001.060131	-00000000.203979
000000015.477079	000000001.695016	-00000000.108698
000000026.901161	000000002.827426	000000000.188843
000000030.992449	000000003.257438	000000000.652775
000000039.245171	000000004.124834	000000000.826597
000000009.728658	000000000.979624	-00000000.204817
000000028.796110	000000002.772750	000000000.201968
000000030.641529	000000002.950444	000000000.644817
000000040.643066	000000003.913482	000000000.855288
000000009.736836	000000000.894690	-00000000.204817
000000015.992237	000000001.469480	-00000000.112119
000000031.229942	000000002.732266	000000000.218863
000000039.789249	000000003.481108	000000000.836650
000000009.654601	000000000.802236	-00000000.202932
000000010.840255	000000000.900756	-00000000.227854
000000034.661972	000000002.727956	000000000.242738
000000036.605915	000000002.880948	000000000.256352
000000041.901215	000000003.297697	000000000.880419
000000009.631324	000000000.715731	-00000000.202304
000000015.776114	000000001.172368	-00000000.110444
000000038.135944	000000002.666725	000000000.266894
000000039.382870	000000002.753918	000000000.275620
000000050.046787	000000003.499612	000000001.050891
000000010.146000	000000000.665004	-00000000.212984
000000044.415916	000000002.716594	000000000.310666
000000054.087044	000000003.308105	000000001.135079
000000009.522568	000000000.540731	-00000000.199791
000000015.574531	000000000.884386	-00000000.108908
000000050.159939	000000002.628771	000000000.350669
000000067.163071	000000003.519867	000000001.408797
000000009.676718	000000000.464806	-00000000.202932
000000010.925004	000000000.524766	-00000000.229110
000000009.650435	000000000.379167	-00000000.202304
000000015.507657	000000000.609298	-00000000.108349
000000009.503480	000000000.290358	-00000000.199162
000000010.982465	000000000.335545	-00000000.230157
000000009.535638	000000000.208068	-00000000.199791
000000015.475939	000000000.337686	-00000000.108070
000000009.986953	000000000.130736	-00000000.209215
000000009.677785	000000000.042228	-00000000.202723
000000015.529473	000000000.067761	-00000000.108419
000000009.647791	-00000000.042097	-00000000.202094
000000011.087462	-00000000.048378	-00000000.232251
000000009.737029	-00000000.127465	-00000000.203979
000000015.728269	-00000000.205894	-00000000.109815
000000009.555629	-00000000.208505	-00000000.200210
000000009.693349	-00000000.296159	-00000000.203141
000000015.772256	-00000000.481886	-00000000.110164
000000009.640445	-00000000.378774	-00000000.202094
000000011.158940	-00000000.438436	-00000000.233927
000000048.412697	-00000002.113744	000000000.338312
000000069.448586	-00000003.032191	000000001.456126
000000009.726649	-00000000.467204	-00000000.203979
000000015.721490	-00000000.755157	-00000000.109885
000000039.674583	-00000002.079257	000000000.277365
000000072.394753	-00000003.794048	000000001.518535
000000009.752148	-00000000.553767	-00000000.204607
000000011.179534	-00000000.634820	-00000000.234555
000000017.361607	-00000000.985864	-00000000.121404
000000035.093563	-00000002.146414	000000000.245461
000000038.676781	-00000002.365573	000000000.270524
000000048.109524	-00000002.942505	000000001.009634
000000009.637203	-00000000.631656	-00000000.202304
000000015.376631	-00000001.007838	-00000000.107581
000000017.023058	-00000001.115750	-00000000.119100
000000029.846390	-00000002.087063	000000000.208879
000000031.282846	-00000002.187510	000000000.218932
000000035.273006	-00000002.466529	000000000.246857
000000059.850689	-00000004.185168	000000001.256755
000000010.109900	-00000000.751295	-00000000.212356
000000026.617044	-00000002.094807	000000000.186400
000000035.429581	-00000002.788368	000000000.248114
000000035.392769	-00000002.785471	000000000.743665
000000009.754236	-00000000.810515	-00000000.205026
000000015.466320	-00000001.285152	-00000000.108349
000000018.296497	-00000001.520322	-00000000.128176
000000020.528749	-00000001.705808	-00000000.143814
000000023.220732	-00000002.031551	000000000.162733
000000024.675142	-00000002.158795	000000000.172926
000000026.587790	-00000002.326130	000000000.186330
000000031.413092	-00000002.748289	000000000.660524
000000056.611290	-00000004.952846	000000001.190367
000000009.756748	-00000000.896519	-00000000.205236
000000011.070922	-00000001.017275	-00000000.232880
000000015.723376	-00000001.444775	-00000000.110234
000000017.874264	-00000001.642414	-00000000.125314
000000019.885738	-00000001.827243	-00000000.139416
000000020.534523	-00000001.977250	000000000.144023
000000026.397264	-00000002.541767	000000000.185143
000000027.158405	-00000002.615057	000000000.571519
000000042.295059	-00000004.072551	000000000.890053
000000009.728658	-00000000.979624	-00000000.204817
000000015.441536	-00000001.554881	-00000000.108349
000000018.973587	-00000001.910540	-00000000.133133
000000019.979458	-00000002.099926	000000000.140254
000000027.263809	-00000002.865542	000000000.574241
000000030.893019	-00000003.246987	000000000.650681
000000010.037767	-00000001.099314	-00000000.211518
000000015.198751	-00000001.664534	-00000000.106743
000000017.693771	-00000001.937783	-00000000.124266
000000019.483469	-00000002.219861	000000000.136903
000000021.357109	-00000002.433335	000000000.450262
000000030.426430	-00000003.466654	000000000.641466
000000009.720008	-00000001.150439	-00000000.205026
000000014.975107	-00000001.772421	-00000000.105277
000000019.076271	-00000002.342272	000000000.134180
000000022.357161	-00000002.745114	000000000.471833
000000030.335482	-00000003.724729	000000000.640210
000000010.046806	-00000001.278115	-00000000.212147
000000012.099806	-00000001.539290	-00000000.255498
000000015.703055	-00000001.997681	-00000000.110513
000000018.252054	-00000002.402929	000000000.128525
000000030.470331	-00000004.011495	000000000.643770
000000009.619198	-00000001.309115	-00000000.203351
000000014.585191	-00000001.984957	-00000000.102764
000000014.724927	-00000002.069453	000000000.103811
000000016.576683	-00000002.329701	000000000.116866
000000018.685904	-00000002.626132	000000000.131736
000000030.602472	-00000004.300897	000000000.647330
000000009.953710	-00000001.443219	-00000000.210681
000000014.003225	-00000002.030371	-00000000.098785
000000018.306238	-00000002.735886	000000000.129223
000000018.599308	-00000002.779685	000000000.393927
000000009.673937	-00000001.488961	-00000000.205026
000000013.204187	-00000002.032319	-00000000.093270
000000014.676691	-00000002.324559	000000000.103742
000000018.321171	-00000002.901788	000000000.129502
000000020.207609	-00000003.200571	000000000.142837
000000018.416348	-00000002.916863	000000000.390576
000000020.717155	-00000003.281275	000000000.439372
000000046.134682	-00000007.307015	000000000.978430
000000009.897402	-00000001.611894	-00000000.210052
000000012.277935	-00000001.999589	-00000000.086847
000000014.498045	-00000002.426141	000000000.102625
000000020.395889	-00000003.413101	000000000.144372
000000020.524103	-00000003.434557	000000000.145280
000000020.598988	-00000003.447088	000000000.437487
000000009.685891	-00000001.664340	-00000000.205864
000000011.895371	-00000002.043999	-00000000.084264
000000013.727885	-00000002.420597	000000000.097319
000000015.776237	-00000002.781776	000000000.111840
000000015.842082	-00000002.793386	000000000.336964
000000020.233360	-00000003.567687	000000000.430367
000000009.730028	-00000001.759476	-00000000.207121
000000011.463795	-00000002.072992	-00000000.081332
000000013.017978	-00000002.412740	000000000.092432
000000020.063831	-00000003.718611	000000000.427435
000000009.596436	-00000001.821940	-00000000.204607
000000010.531611	-00000001.999489	-00000000.074839
000000012.319121	-00000002.394595	000000000.087615
000000014.181401	-00000002.756585	000000000.302618
000000009.639005	-00000001.917317	-00000000.205864
000000010.533377	-00000002.095219	-00000000.074979
000000011.886197	-00000002.418274	000000000.084683
000000012.011242	-00000002.443715	000000000.256754
000000019.966484	-00000004.062227	000000000.426807
000000009.435928	-00000001.962676	-00000000.201885
000000010.338469	-00000002.150404	-00000000.073722
000000011.845078	-00000002.517749	000000000.084543
000000012.038357	-00000002.558832	000000000.257801
000000020.262774	-00000004.306985	000000000.433927
000000009.301200	-00000002.019489	-00000000.199372
000000009.987059	-00000002.168403	-00000000.071348
000000014.185235	-00000003.144791	000000000.101438
000000015.324486	-00000003.397357	000000000.328796
000000020.282982	-00000004.496629	000000000.435183
000000035.548901	-00000007.881001	000000000.762723
000000008.834663	-00000001.999080	-00000000.189738
000000009.997015	-00000002.262094	-00000000.071558
000000010.396276	-00000002.400169	000000000.074490
000000014.381351	-00000003.320197	000000000.103043
000000015.381929	-00000003.551198	000000000.330681
000000017.330242	-00000004.001002	000000000.372566
000000008.583322	-00000002.021104	-00000000.184712
000000009.032739	-00000002.126928	-00000000.064786
000000010.092954	-00000002.423104	000000000.072465
000000014.449064	-00000003.468914	000000000.103742
000000012.919962	-00000003.101809	000000000.278325
000000017.090513	-00000004.103069	000000000.368168
000000008.555647	-00000002.093554	-00000000.184503
000000008.897276	-00000002.177150	-00000000.063948
000000010.052018	-00000002.506250	000000000.072326
000000013.040457	-00000003.251351	000000000.093828
000000014.592892	-00000003.638417	000000000.104998
000000012.834197	-00000003.199925	000000000.277068
000000008.352938	-00000002.121376	-00000000.180524
000000009.672688	-00000002.456550	-00000000.069673
000000010.145940	-00000002.623918	000000000.073164
000000013.234256	-00000003.422611	000000000.095434
000000014.347598	-00000003.710541	000000000.103462
000000012.757388	-00000003.299285	000000000.276021
000000007.957042	-00000002.094914	-00000000.172356
000000009.438139	-00000002.484854	-00000000.068137
000000010.112997	-00000002.709769	000000000.073094
000000010.111026	-00000002.709241	000000000.219267
000000007.832355	-00000002.135345	-00000000.170052
000000008.335560	-00000002.272534	-00000000.060318
000000009.664978	-00000002.680336	000000000.070022
000000010.048462	-00000002.786685	000000000.218429
000000007.553617	-00000002.130340	-00000000.164398
000000008.353909	-00000002.356046	-00000000.060597
000000009.362460	-00000002.684642	000000000.067997
000000011.486797	-00000003.293786	000000000.083426
000000012.493661	-00000003.582500	000000000.272251
000000007.361968	-00000002.145818	-00000000.160628
000000008.448233	-00000002.462435	-00000000.061435
000000009.981071	-00000002.956528	000000000.072675
000000012.406825	-00000003.675069	000000000.090338
000000012.251028	-00000003.628920	000000000.267644
000000007.074900	-00000002.129303	-00000000.154764
000000008.388121	-00000002.524538	-00000000.061156
000000009.314181	-00000002.847631	000000000.067997
000000012.594227	-00000003.850441	000000000.091943
000000009.532268	-00000002.914307	000000000.208796
000000012.477040	-00000003.814614	000000000.273299
000000022.458672	-00000006.866305	000000000.491937
000000007.208819	-00000002.238398	-00000000.158115
000000007.811873	-00000002.425651	-00000000.057107
000000013.542451	-00000004.269918	000000000.099134
000000009.430192	-00000002.973328	000000000.207121
000000012.223969	-00000003.854203	000000000.268482
000000007.074749	-00000002.264645	-00000000.155602
000000007.504696	-00000002.402272	-00000000.055012
000000009.282085	-00000003.015932	000000000.068137
000000012.410985	-00000004.032574	000000000.091105
000000014.417665	-00000004.684583	000000000.105836
000000009.251750	-00000003.006076	000000000.203770
000000012.303972	-00000003.997803	000000000.270995
000000006.760375	-00000002.229237	-00000000.149110
000000007.597408	-00000002.505250	-00000000.055850
000000009.634733	-00000003.223737	000000000.070930
000000012.849473	-00000004.299373	000000000.094596
000000009.215685	-00000003.083525	000000000.203560
000000012.192767	-00000004.079643	000000000.269320
000000006.040089	-00000002.050334	-00000000.133613
000000007.499504	-00000002.545738	-00000000.055292
000000009.388771	-00000003.232813	000000000.069324
000000014.541721	-00000005.007116	000000000.107372
000000009.065535	-00000003.121514	000000000.200838
000000005.823752	-00000002.033745	-00000000.129215
000000007.864070	-00000002.746256	-00000000.058154
000000009.030285	-00000003.197792	000000000.066880
000000009.000252	-00000003.187156	000000000.200000
000000005.636408	-00000002.023677	-00000000.125445
000000007.416286	-00000002.662719	-00000000.055012
000000009.274540	-00000003.375657	000000000.068905
000000020.174707	-00000007.342993	000000000.149888
000000008.915727	-00000003.245059	000000000.198744
000000005.552875	-00000002.048564	-00000000.123979
000000006.173149	-00000002.277395	-00000000.045937
000000008.762494	-00000003.232655	-00000000.065205
000000009.254096	-00000003.459965	000000000.068975
000000019.435474	-00000007.266626	000000000.144861
000000009.374033	-00000003.504807	000000000.209634
000000005.450643	-00000002.065064	-00000000.122094
000000005.750941	-00000002.178837	-00000000.042935
000000008.930324	-00000003.383397	-00000000.066671
000000009.223550	-00000003.540589	000000000.068975
000000019.175276	-00000007.360699	000000000.143395
000000008.969740	-00000003.443161	000000000.201257
000000019.152870	-00000007.352098	000000000.429738
000000005.460369	-00000002.123421	-00000000.122723
000000005.703749	-00000002.218067	-00000000.042725
000000009.096175	-00000003.537309	-00000000.068137
000000009.285340	-00000003.657593	000000000.069673
000000009.023071	-00000003.554282	000000000.203141
000000005.330197	-00000002.126533	-00000000.120209
000000005.563434	-00000002.219585	-00000000.041818
000000009.900868	-00000003.950046	-00000000.074420
000000009.475589	-00000003.828386	000000000.071348
000000019.247868	-00000007.776643	000000000.144931
000000008.991711	-00000003.632887	000000000.203141
000000005.246664	-00000002.146467	-00000000.118744
000000005.701190	-00000002.332419	-00000000.043005
000000009.745704	-00000003.987073	-00000000.073513
000000009.266286	-00000003.838221	000000000.070022
000000018.846684	-00000007.806551	000000000.142418
000000009.033560	-00000003.741823	000000000.204817
000000018.990797	-00000007.866246	000000000.430576
000000005.283052	-00000002.215368	-00000000.120000
000000005.523849	-00000002.316342	-00000000.041818
000000010.162408	-00000004.261451	-00000000.076933
000000012.670732	-00000005.313279	-00000000.095923
000000009.352101	-00000003.969732	000000000.070930
000000019.477407	-00000008.267669	000000000.147723
000000008.890126	-00000003.773635	000000000.202304
000000019.013460	-00000008.070735	000000000.432670
000000005.235961	-00000002.249547	-00000000.119372
000000005.383986	-00000002.313143	-00000000.040910
000000009.252911	-00000004.023280	000000000.070441
000000019.257792	-00000008.373527	000000000.146606
000000020.715883	-00000009.007522	000000000.157707
000000009.003554	-00000003.914857	000000000.205655
000000020.757687	-00000009.025699	000000000.474136
000000005.088016	-00000002.238780	-00000000.116440
000000005.336136	-00000002.347956	-00000000.040701
000000005.554221	-00000002.472898	000000000.042446
000000020.654760	-00000009.196092	000000000.157846
000000020.678133	-00000009.206498	000000000.474136
000000004.968013	-00000002.237927	-00000000.114136
000000005.361030	-00000002.414968	-00000000.041050
000000005.650722	-00000002.575182	000000000.043354
000000005.066328	-00000002.335609	-00000000.116859
000000005.439645	-00000002.507711	-00000000.041818
000000005.609909	-00000002.615943	000000000.043214
000000005.835342	-00000002.721065	000000000.134869
000000020.151865	-00000009.396969	000000000.465759
000000004.982455	-00000002.349878	-00000000.115393
000000005.381377	-00000002.538022	-00000000.041538
000000005.650046	-00000002.694934	000000000.043703
000000005.766255	-00000002.750363	000000000.133822
000000004.799669	-00000002.315085	-00000000.111623
000000005.034781	-00000002.428490	-00000000.039025
000000005.707203	-00000002.783589	000000000.044331
000000005.760006	-00000002.809343	000000000.134241
000000004.608915	-00000002.272865	-00000000.107644
000000004.744341	-00000002.339650	-00000000.036931
000000005.262086	-00000002.623579	000000000.041050
000000005.565271	-00000002.774742	000000000.130262
000000047.376381	-00000023.620993	000000001.108901
000000004.588905	-00000002.312999	-00000000.107644
000000004.705884	-00000002.371961	-00000000.036791
000000005.283540	-00000002.692098	000000000.041399
000000005.763548	-00000002.936674	000000000.135497
000000046.598331	-00000023.743034	000000001.095498
000000004.532993	-00000002.334645	-00000000.106806
000000004.836135	-00000002.490773	-00000000.037978
000000004.665564	-00000002.428739	000000000.036721
000000043.240723	-00000022.509697	000000000.340336
000000045.201027	-00000023.530167	000000001.067435
000000004.432816	-00000002.332217	-00000000.104922
000000004.637222	-00000002.439760	-00000000.036582
000000005.438825	-00000002.891874	000000000.043005
000000042.601185	-00000022.651451	000000000.336846
000000043.793423	-00000023.285376	000000001.038953
000000004.544399	-00000002.441794	-00000000.108063
000000004.835972	-00000002.598462	-00000000.038327
000000004.921256	-00000002.672024	000000000.039095
000000041.444004	-00000022.502258	000000000.329236
000000016.465420	-00000008.939994	000000000.392461
000000042.938374	-00000023.313633	000000001.023456
000000004.347611	-00000002.385181	-00000000.103874
000000004.383527	-00000002.404885	-00000000.034906
000000005.387526	-00000002.986354	000000000.043005
000000015.559106	-00000008.624554	000000000.124197
000000042.374775	-00000023.488722	000000001.014870
000000004.248124	-00000002.379064	-00000000.101990
000000004.545593	-00000002.545655	-00000000.036372
000000004.917390	-00000002.782125	000000000.039444
000000015.848790	-00000008.966814	000000000.127129
000000015.819596	-00000008.950297	000000000.380733
000000004.279281	-00000002.445811	-00000000.103246
000000004.306161	-00000002.461174	-00000000.034627
000000005.360567	-00000003.094925	000000000.043214
000000011.916220	-00000006.879832	000000000.096062
000000015.917158	-00000009.189775	000000000.128316
000000011.887920	-00000006.863494	000000000.287539
000000015.870764	-00000009.162990	000000000.383875
000000004.447777	-00000002.593867	-00000000.107853
000000004.612769	-00000002.690088	-00000000.037280
000000005.066256	-00000002.984253	000000000.041050
000000011.786800	-00000006.942956	000000000.095504
000000038.169243	-00000022.483400	000000000.309270
000000006.658933	-00000003.922411	000000000.161885
000000011.741430	-00000006.916231	000000000.285445
000000004.235944	-00000002.520122	-00000000.103246
000000004.391460	-00000002.612644	-00000000.035674
000000005.348593	-00000003.213759	000000000.043563
000000011.640048	-00000006.994047	000000000.094806
000000006.530182	-00000003.923729	000000000.159581
000000011.612070	-00000006.977235	000000000.283770
000000004.008657	-00000002.432513	-00000000.098220
000000003.812814	-00000002.313672	-00000000.031136
000000006.531065	-00000004.002242	000000000.053476
000000006.555365	-00000004.017133	000000000.161047
000000011.320578	-00000006.937259	000000000.278115
000000003.655713	-00000002.262224	-00000000.090052
000000004.421724	-00000002.736246	-00000000.036303
000000006.529811	-00000004.080279	000000000.053756
000000006.562452	-00000004.100676	000000000.162094
000000011.446138	-00000007.152341	000000000.282723
000000003.931772	-00000002.480763	-00000000.097382
000000004.380763	-00000002.764056	-00000000.036163
000000006.426486	-00000004.094123	000000000.053197
000000006.349345	-00000004.044979	000000000.157696
000000003.674534	-00000002.363540	-00000000.091518
000000003.767763	-00000002.423506	-00000000.031276
000000004.260343	-00000002.766699	000000000.035465
000000006.591790	-00000004.280758	000000000.054873
000000011.263071	-00000007.314324	000000000.093758
000000006.297035	-00000004.089342	000000000.157278
000000003.486548	-00000002.285881	-00000000.087330
000000003.880273	-00000002.544019	-00000000.032393
000000006.153927	-00000004.073196	000000000.051522
000000006.352816	-00000004.204837	000000000.159581
000000003.474781	-00000002.321774	-00000000.087539
000000003.650063	-00000002.438894	-00000000.030648
000000006.452047	-00000004.311120	-00000000.054175
000000004.866332	-00000003.282382	000000000.040980
000000006.441465	-00000004.344823	000000000.054244
000000006.315881	-00000004.260115	000000000.159581
000000003.421331	-00000002.329501	-00000000.086702
000000003.488124	-00000002.374979	-00000000.029461
000000004.827167	-00000003.286701	-00000000.040771
000000003.980433	-00000002.735675	000000000.033719
000000006.238483	-00000004.287591	000000000.052848
000000006.286704	-00000004.320732	000000000.159791
000000003.433731	-00000002.382064	-00000000.087539
000000003.672672	-00000002.547823	-00000000.031206
000000006.408690	-00000004.445867	-00000000.054454
000000003.636946	-00000002.546617	000000000.030997
000000006.233595	-00000004.364810	000000000.053127
000000006.273328	-00000004.392632	000000000.160419
000000003.412813	-00000002.411938	-00000000.087539
000000003.625800	-00000002.562462	-00000000.030997
000000003.459907	-00000002.467927	000000000.029670
000000006.227832	-00000004.442269	000000000.053407
000000006.169642	-00000004.400763	000000000.158744
000000003.448433	-00000002.482517	-00000000.089005
000000003.668225	-00000002.640744	-00000000.031555
000000008.951443	-00000006.444117	-00000000.077003
000000006.285909	-00000004.566980	000000000.054244
000000031.292015	-00000022.734980	000000000.270035
000000006.074385	-00000004.413299	000000000.157278
000000003.402450	-00000002.494779	-00000000.088377
000000003.491820	-00000002.560308	-00000000.030229
000000004.372875	-00000003.235757	000000000.037978
000000006.077010	-00000004.496751	000000000.052778
000000006.059752	-00000004.483980	000000000.157906
000000003.340496	-00000002.494467	-00000000.087330
000000003.621579	-00000002.704361	-00000000.031555
000000008.453022	-00000006.312171	-00000000.073652
000000006.333025	-00000004.772277	000000000.055361
000000010.605621	-00000007.991909	000000000.092711
000000006.164114	-00000004.644993	000000000.161675
000000003.262892	-00000002.481161	-00000000.085864
000000003.502324	-00000002.663229	-00000000.030718
000000029.496159	-00000022.633198	000000000.259563
000000006.083685	-00000004.668176	000000000.160628
000000030.473949	-00000023.383484	000000000.804608
000000003.138349	-00000002.429970	-00000000.083141
000000003.431509	-00000002.656958	-00000000.030299
000000008.634120	-00000006.685250	-00000000.076235
000000009.849895	-00000007.695581	000000000.087266
000000028.950811	-00000022.618853	000000000.256492
000000030.087530	-00000023.506954	000000000.799791
000000003.336865	-00000002.630572	-00000000.089005
000000003.463163	-00000002.730138	-00000000.030787
000000008.504775	-00000006.704624	-00000000.075607
000000028.181032	-00000022.416204	000000000.251395
000000029.544802	-00000023.500996	000000000.790786
000000003.220217	-00000002.584497	-00000000.086492
000000003.306629	-00000002.653851	-00000000.029601
000000008.079406	-00000006.484409	-00000000.072326
000000003.333875	-00000002.699719	000000000.029950
000000011.011890	-00000008.917253	000000000.098924
000000011.033052	-00000008.934389	000000000.297382
000000003.089149	-00000002.523941	-00000000.083560
000000003.221395	-00000002.631990	-00000000.029042
000000002.939818	-00000002.423399	000000000.026599
000000010.925938	-00000009.006648	000000000.098855
000000010.862091	-00000008.954017	000000000.294869
000000002.990139	-00000002.486872	-00000000.081466
000000003.098357	-00000002.576876	-00000000.028134
000000008.680013	-00000007.219090	-00000000.078818
000000010.848094	-00000009.022264	-00000000.098506
000000003.056443	-00000002.564660	000000000.027855
000000010.793303	-00000009.056657	000000000.098366
000000007.130310	-00000005.983040	000000000.194974
000000010.806517	-00000009.067744	000000000.295498
000000003.052260	-00000002.583929	-00000000.083770
000000003.182602	-00000002.694271	-00000000.029112
000000026.180140	-00000022.359951	000000000.240365
000000007.397127	-00000006.317743	000000000.203770
000000002.862967	-00000002.466891	-00000000.079162
000000002.969582	-00000002.558756	-00000000.027367
000000002.988577	-00000002.597930	000000000.027646
000000007.275223	-00000006.324255	000000000.067299
000000009.841173	-00000008.554801	000000000.091036
000000007.153077	-00000006.218075	000000000.198534
000000002.766164	-00000002.425860	-00000000.077068
000000002.939622	-00000002.577979	-00000000.027297
000000007.084949	-00000006.268233	000000000.066043
000000006.971249	-00000006.167640	000000000.194974
000000002.662841	-00000002.376676	-00000000.074764
000000002.864790	-00000002.556923	-00000000.026808
000000007.505155	-00000006.698606	-00000000.070231
000000002.868469	-00000002.582781	000000000.026948
000000007.156311	-00000006.443571	000000000.067230
000000006.850293	-00000006.168031	000000000.193089
000000002.878817	-00000002.614933	-00000000.081466
000000002.931192	-00000002.662508	-00000000.027646
000000007.202147	-00000006.541969	-00000000.067928
000000007.062945	-00000006.471996	000000000.066880
000000006.810948	-00000006.241084	000000000.193508
000000002.892596	-00000002.673888	-00000000.082513
000000002.966591	-00000002.742288	-00000000.028204
000000007.291645	-00000006.740327	-00000000.069324
000000003.005790	-00000002.802945	000000000.028693
000000006.881871	-00000006.417448	000000000.065694
000000006.785474	-00000006.327557	000000000.194346
000000002.818177	-00000002.651077	-00000000.081047
000000002.876995	-00000002.706407	-00000000.027576
000000006.956171	-00000006.601160	000000000.066950
000000006.650224	-00000006.310827	000000000.192042
000000002.816602	-00000002.696310	-00000000.081675
000000002.918279	-00000002.793645	-00000000.028204
000000002.934835	-00000002.834137	000000000.028484
000000007.063745	-00000006.821379	000000000.068556
000000006.796270	-00000006.563082	000000000.197906
000000002.513668	-00000002.448707	-00000000.073508
000000002.900952	-00000002.825983	-00000000.028274
000000002.781609	-00000002.733479	000000000.027227
000000007.011081	-00000006.889770	000000000.068626
000000002.838114	-00000002.789007	000000000.083351
000000006.631774	-00000006.517027	000000000.194765
000000002.698112	-00000002.674669	-00000000.079581
000000002.556605	-00000002.534391	-00000000.025133
000000006.640072	-00000006.582377	-00000000.065275
000000002.821287	-00000002.821287	000000000.027855
000000006.780989	-00000006.780989	000000000.066950
000000006.511025	-00000006.511025	000000000.192880
000000002.780248	-00000002.804617	-00000000.082723
000000002.865270	-00000002.890384	-00000000.028414
000000006.568297	-00000006.625868	-00000000.065135
000000006.399146	-00000006.511818	000000000.063739
000000006.264754	-00000006.375060	000000000.187225
000000002.797526	-00000002.871741	-00000000.083979
000000002.846916	-00000002.922441	-00000000.028484
000000006.740491	-00000006.919308	-00000000.067439
000000006.342076	-00000006.567412	000000000.063739
000000006.326950	-00000006.551748	000000000.190785
000000002.793100	-00000002.917710	-00000000.084607
000000002.897369	-00000003.026631	-00000000.029251
000000006.223466	-00000006.501117	-00000000.062831
000000006.263874	-00000006.600746	000000000.063529
000000006.255771	-00000006.592207	000000000.190367
000000002.507220	-00000002.665253	-00000000.076649
000000002.905105	-00000003.088217	-00000000.029601
000000006.151475	-00000006.596650	000000000.062971
000000006.136639	-00000006.580739	000000000.188482
000000002.511012	-00000002.716398	-00000000.077487
000000002.613319	-00000002.827073	-00000000.026878
000000006.373784	-00000006.895121	-00000000.065554
000000006.303103	-00000006.878630	000000000.065135
000000006.369419	-00000006.951001	000000000.197487
000000002.305712	-00000002.538391	-00000000.071833
000000002.393568	-00000002.635112	-00000000.024853
000000002.990941	-00000003.321776	000000000.031206
000000006.269601	-00000006.963097	000000000.065414
000000020.394604	-00000022.650501	000000000.212789
000000006.081063	-00000006.753705	000000000.190367
000000002.290131	-00000002.565875	-00000000.072042
000000002.463702	-00000002.760345	-00000000.025831
000000003.419036	-00000003.864517	000000000.036023
000000006.261607	-00000007.077459	000000000.065973
000000019.977507	-00000022.580465	000000000.210485
000000006.187514	-00000006.993712	000000000.195602
000000002.247876	-00000002.563211	-00000000.071414
000000002.320841	-00000002.646412	-00000000.024574
000000002.223986	-00000002.558403	000000000.023666
000000006.199606	-00000007.131832	000000000.065973
000000006.172162	-00000007.100259	000000000.197068
000000002.140582	-00000002.484268	-00000000.068691
000000002.310713	-00000002.681715	-00000000.024714
000000006.078685	-00000007.117226	000000000.065345
000000019.197216	-00000022.477053	000000000.206366
000000006.233334	-00000007.298296	000000000.201047
000000002.202800	-00000002.602052	-00000000.071414
000000002.164463	-00000002.556767	-00000000.023387
000000009.429464	-00000011.237598	000000000.102415
000000018.974628	-00000022.613081	000000000.206087
000000010.243787	-00000012.208070	000000000.333822
000000019.607149	-00000023.366890	000000000.638953
000000002.614218	-00000003.171300	000000000.028693
000000018.751129	-00000022.746939	000000000.205808
000000019.230787	-00000023.328810	000000000.633299
000000006.746150	-00000008.330802	000000000.074839
000000018.356829	-00000022.668795	000000000.203643
000000009.223813	-00000011.390461	000000000.307016
000000018.869179	-00000023.301497	000000000.628063
000000001.904848	-00000002.394722	000000000.021363
000000018.077385	-00000022.726387	000000000.202736
000000018.546867	-00000023.316608	000000000.624084
000000017.761400	-00000022.733557	000000000.201409
000000018.225739	-00000023.327881	000000000.620105
000000001.893202	-00000002.467269	000000000.021712
000000017.458853	-00000022.752819	000000000.200223
000000001.911092	-00000002.490583	000000000.065759
000000017.960609	-00000023.406723	000000000.618011
000000001.859563	-00000002.467724	000000000.021572
000000017.067059	-00000022.648752	000000000.197989
000000001.889285	-00000002.507166	000000000.065759
000000017.659397	-00000023.434813	000000000.614660
000000016.821178	-00000022.732519	000000000.197430
000000017.311495	-00000023.395142	000000000.609634
000000002.151242	-00000002.960930	000000000.025551
000000016.533997	-00000022.757093	000000000.196383
000000017.012651	-00000023.415907	000000000.606283
000000016.172184	-00000022.672565	000000000.194428
000000016.679937	-00000023.384409	000000000.601676
000000002.305721	-00000003.292911	000000000.028065
000000015.899151	-00000022.706341	000000000.193521
000000016.331875	-00000023.324333	000000000.596440
000000002.106980	-00000003.065675	000000000.025970
000000005.901809	-00000008.587186	000000000.072745
000000015.604111	-00000022.704123	000000000.192334
000000016.054096	-00000023.358854	000000000.593718
000000002.080147	-00000003.083945	000000000.025970
000000005.854607	-00000008.679812	000000000.073094
000000015.405389	-00000022.839428	000000000.192334
000000015.754601	-00000023.357155	000000000.590157
000000002.031079	-00000003.068625	000000000.025691
000000005.751043	-00000008.688879	000000000.072745
000000005.816140	-00000008.787229	000000000.220733
000000001.764588	-00000002.717227	000000000.022619
000000005.713124	-00000008.797440	000000000.073233
000000001.780579	-00000002.741851	000000000.068482
000000005.777353	-00000008.896343	000000000.222199
000000001.821401	-00000002.859027	000000000.023666
000000005.684491	-00000008.922864	000000000.073862
000000001.799559	-00000002.824742	000000000.070157
000000001.732794	-00000002.773050	000000000.022829
000000001.833119	-00000002.933603	000000000.072461
000000014.664948	-00000023.468822	000000000.579686
000000001.567457	-00000002.557858	000000000.020944
000000001.514914	-00000002.472114	000000000.060733
000000014.355111	-00000023.425413	000000000.575498
000000001.462672	-00000002.434296	000000000.019827
000000001.513880	-00000002.519519	000000000.061571
000000014.191336	-00000023.618349	000000000.577173
000000001.558105	-00000002.645137	000000000.021432
000000001.537504	-00000002.610164	000000000.063456
000000001.424965	-00000002.468112	000000000.019897
000000001.469678	-00000002.545556	000000000.061571
