000000003.981099	000000004.460444	-00000000.125236
000000004.834183	000000005.416245	-00000000.050684
000000004.026594	000000004.432934	-00000000.125445
000000004.935052	000000005.433069	-00000000.051242
000000004.139776	000000004.478385	-00000000.127749
000000004.663248	000000005.044672	-00000000.047961
000000004.144448	000000004.405678	-00000000.126702
000000005.125044	000000005.448082	-00000000.052220
000000004.141254	000000004.326011	-00000000.125445
000000004.667599	000000004.875838	-00000000.047124
000000004.081179	000000004.189447	-00000000.122513
000000005.226323	000000005.364971	-00000000.052290
000000004.012004	000000004.047169	-00000000.119372
000000004.533744	000000004.573483	-00000000.044959
000000004.274378	000000004.237239	-00000000.126073
000000004.743923	000000004.702703	-00000000.046635
000000004.318354	000000004.206754	-00000000.126283
000000004.605709	000000004.486683	-00000000.044890
000000004.311567	000000004.127428	-00000000.125026
000000004.767486	000000004.563875	-00000000.046076
000000004.383832	000000004.123897	-00000000.126073
000000004.603192	000000004.330251	-00000000.044122
000000006.045332	000000005.686881	-00000000.057944
000000004.360919	000000004.031192	-00000000.124398
000000004.831724	000000004.466400	-00000000.045937
000000004.477338	000000004.066927	-00000000.126702
000000004.900125	000000004.450960	-00000000.046216
000000006.439741	000000005.849449	-00000000.060737
000000004.587246	000000004.094274	-00000000.128796
000000005.043225	000000004.501251	-00000000.047193
000000004.652868	000000004.080455	-00000000.129634
000000004.984577	000000004.371356	-00000000.046286
000000004.650429	000000004.007066	-00000000.128586
000000005.143741	000000004.432131	-00000000.047403
000000004.822571	000000004.082608	-00000000.132356
000000005.151694	000000004.361230	-00000000.047124
000000004.781147	000000003.976438	-00000000.130262
000000005.197244	000000004.322503	-00000000.047193
000000004.916315	000000004.016798	-00000000.132984
000000005.180561	000000004.232696	-00000000.046705
000000004.881006	000000003.917422	-00000000.131100
000000005.248495	000000004.212362	-00000000.046984
000000005.009223	000000003.948953	-00000000.133613
000000005.355731	000000004.222118	-00000000.047612
000000004.996062	000000003.868365	-00000000.132356
000000005.344932	000000004.138488	-00000000.047193
000000005.149004	000000003.915393	-00000000.135497
000000005.317163	000000004.043265	-00000000.046635
000000005.134911	000000003.834419	-00000000.134241
000000005.416344	000000004.044576	-00000000.047193
000000005.224615	000000003.830846	-00000000.135707
000000005.435304	000000003.985330	-00000000.047054
000000005.192935	000000003.738378	-00000000.134031
000000005.461760	000000003.931905	-00000000.046984
000000005.347829	000000003.779472	-00000000.137173
000000005.520362	000000003.901407	-00000000.047193
000000005.421680	000000003.761153	-00000000.138220
000000005.562414	000000003.858784	-00000000.047263
000000005.536937	000000003.769966	-00000000.140314
000000005.612408	000000003.821352	-00000000.047403
000000006.068407	000000004.093193	000000000.051103
000000006.133533	000000004.137120	000000000.154974
000000005.677692	000000003.793712	-00000000.143037
000000005.728686	000000003.827785	-00000000.048101
000000005.735665	000000003.760467	-00000000.143665
000000005.937487	000000003.892787	-00000000.049567
000000006.315036	000000004.101032	000000000.052569
000000009.827064	000000006.381770	000000000.245445
000000011.537577	000000007.492589	000000000.288168
000000005.818714	000000003.742722	-00000000.144922
000000005.996462	000000003.857054	-00000000.049776
000000006.274680	000000003.997412	000000000.051941
000000005.859608	000000003.697138	-00000000.145131
000000006.055264	000000003.820587	-00000000.049986
000000009.480947	000000005.924353	000000000.078050
000000010.098038	000000006.309954	000000000.249424
000000011.920941	000000007.449031	000000000.294450
000000006.010672	000000003.719517	-00000000.148063
000000006.232930	000000003.857054	-00000000.051173
000000009.549337	000000005.851841	000000000.078190
000000010.195340	000000006.247712	000000000.250471
000000012.028114	000000007.370838	000000000.295498
000000006.102732	000000003.703229	-00000000.149529
000000006.309096	000000003.828453	-00000000.051522
000000009.728612	000000005.845540	000000000.079237
000000010.275182	000000006.173952	000000000.251100
000000012.014851	000000007.219250	000000000.293613
000000006.203553	000000003.690726	-00000000.151204
000000006.557111	000000003.901071	-00000000.053267
000000009.839565	000000005.795947	000000000.079726
000000010.544027	000000006.210907	000000000.256335
000000012.129078	000000007.144573	000000000.294869
000000006.399617	000000003.732147	-00000000.155183
000000006.487247	000000003.783251	-00000000.052429
000000009.882037	000000005.763034	-00000000.079866
000000010.123590	000000005.844857	000000000.081611
000000010.589168	000000006.113658	000000000.256126
000000012.242914	000000007.068449	000000000.296126
000000006.492703	000000003.710886	-00000000.156649
000000006.815195	000000003.895205	-00000000.054803
000000010.461421	000000005.918787	000000000.083915
000000010.659519	000000006.030866	000000000.256545
000000012.417253	000000007.025343	000000000.298848
000000006.568454	000000003.678511	-00000000.157696
000000006.857652	000000003.840469	-00000000.054873
000000010.234128	000000005.731387	-00000000.081890
000000010.468943	000000005.803030	000000000.083566
000000010.790441	000000005.981239	000000000.258429
000000012.687949	000000007.033045	000000000.303875
000000006.784377	000000003.722036	-00000000.162094
000000007.294188	000000004.001729	-00000000.058084
000000009.924305	000000005.444660	-00000000.079028
000000010.519185	000000005.711452	000000000.083566
000000007.045580	000000003.785727	-00000000.167539
000000007.355259	000000003.952123	-00000000.058294
000000010.904138	000000005.797832	000000000.086219
000000012.023108	000000006.392800	000000000.285236
000000013.912203	000000007.397249	000000000.330053
000000007.264155	000000003.821857	-00000000.171937
000000007.902747	000000004.157836	-00000000.062343
000000010.168260	000000005.349781	-00000000.080215
000000010.839008	000000005.642431	000000000.085311
000000011.049731	000000005.752126	000000000.260943
000000014.224534	000000007.404824	000000000.335916
000000007.199460	000000003.707965	-00000000.169634
000000008.009850	000000004.125343	-00000000.062901
000000010.143438	000000005.224214	-00000000.079656
000000011.039302	000000005.624805	000000000.086498
000000011.081690	000000005.646403	000000000.260524
000000014.342059	000000007.307644	000000000.337173
000000007.642224	000000003.851998	-00000000.179267
000000007.974108	000000004.019281	-00000000.062343
000000010.438669	000000005.261522	-00000000.081611
000000011.123763	000000005.546104	000000000.086777
000000012.132648	000000006.049116	000000000.283979
000000014.441072	000000007.200053	000000000.338011
000000007.792114	000000003.842646	-00000000.181990
000000008.609769	000000004.245868	-00000000.067020
000000011.036922	000000005.383066	000000000.085730
000000012.220919	000000005.960540	000000000.284817
000000014.943666	000000007.288513	000000000.348272
000000008.032466	000000003.874402	-00000000.186806
000000009.159878	000000004.418200	-00000000.070999
000000010.907189	000000005.261003	-00000000.084543
000000011.020298	000000005.256413	000000000.085241
000000018.318462	000000008.737458	000000000.425131
000000008.047885	000000003.795629	-00000000.186388
000000008.176075	000000003.856087	-00000000.063111
000000011.446388	000000005.337539	000000000.088173
000000012.875809	000000006.004088	000000000.297592
000000018.493685	000000008.623747	000000000.427435
000000008.107941	000000003.737812	-00000000.187016
000000009.517108	000000004.387447	-00000000.073164
000000011.983898	000000005.461377	000000000.091943
000000013.264325	000000006.044901	000000000.305340
000000019.023117	000000008.669333	000000000.437906
000000008.249637	000000003.716191	-00000000.189529
000000009.555033	000000004.304228	-00000000.073164
000000012.478726	000000005.555887	000000000.095364
000000013.636243	000000006.071247	000000000.312670
000000019.052380	000000008.482666	000000000.436859
000000008.803365	000000003.873573	-00000000.201466
000000009.537313	000000004.196518	-00000000.072745
000000012.700973	000000005.522540	000000000.096690
000000019.400736	000000008.435679	000000000.443142
000000008.947063	000000003.843962	-00000000.203979
000000009.472507	000000004.069710	-00000000.071977
000000012.978803	000000005.509175	000000000.098436
000000014.089839	000000005.980782	000000000.320628
000000019.142302	000000008.125424	000000000.435602
000000009.127787	000000003.827599	-00000000.207330
000000009.811979	000000004.114504	-00000000.074281
000000012.712273	000000005.265596	000000000.096062
000000013.931764	000000005.770726	000000000.105277
000000018.676746	000000007.736162	000000000.423456
000000009.308896	000000003.808370	-00000000.210681
000000009.838256	000000004.024937	-00000000.074211
000000010.588181	000000004.277903	000000000.079726
000000014.547160	000000005.877434	000000000.109536
000000010.780784	000000004.355719	000000000.243560
000000019.466591	000000007.865013	000000000.439791
000000009.323203	000000003.719581	-00000000.210262
000000010.068050	000000004.016745	-00000000.075677
000000010.690237	000000004.210997	000000000.080215
000000010.743966	000000004.232161	000000000.241885
000000008.991903	000000003.496760	-00000000.202094
000000010.205237	000000003.968600	-00000000.076445
000000010.745249	000000004.124715	000000000.080354
000000010.864493	000000004.170488	000000000.243770
000000009.480192	000000003.591723	-00000000.212356
000000010.361046	000000003.925449	-00000000.077352
000000010.677802	000000003.992267	000000000.079586
000000016.475662	000000006.159998	000000000.122800
000000018.748066	000000007.009614	000000000.419267
000000020.059118	000000007.499797	000000000.448587
000000009.182878	000000003.387743	-00000000.205026
000000010.488724	000000003.869494	-00000000.078050
000000010.759218	000000003.916035	000000000.079935
000000013.944698	000000005.075455	000000000.103602
000000016.322063	000000005.940745	000000000.121264
000000020.462017	000000007.447565	000000000.456126
000000022.106119	000000008.045969	000000000.492775
000000009.644938	000000003.462887	-00000000.214660
000000010.710322	000000003.845399	-00000000.079447
000000014.308949	000000005.067065	000000000.105976
000000016.524103	000000005.851492	000000000.122382
000000021.063417	000000007.458947	000000000.468063
000000029.828060	000000010.562670	000000000.662828
000000009.231165	000000003.223667	-00000000.204817
000000010.885081	000000003.801240	-00000000.080494
000000011.175756	000000003.848122	000000000.082518
000000014.749731	000000005.078740	000000000.108908
000000016.687996	000000005.746138	000000000.123219
000000030.533552	000000010.513545	000000000.676440
000000009.325216	000000003.165484	-00000000.206283
000000010.993590	000000003.731821	-00000000.081052
000000015.163325	000000005.073578	000000000.111630
000000020.378979	000000006.818711	000000000.150027
000000031.041309	000000010.386276	000000000.685655
000000033.383152	000000011.169847	000000000.737383
000000009.172081	000000003.024499	-00000000.202304
000000011.168190	000000003.682717	-00000000.082100
000000012.820625	000000004.227608	-00000000.094247
000000015.435270	000000005.015224	000000000.113306
000000021.065388	000000006.844560	000000000.154635
000000030.921576	000000010.047029	000000000.681047
000000034.468239	000000011.199409	000000000.759163
000000009.388563	000000003.005303	-00000000.206492
000000011.514185	000000003.685719	-00000000.084403
000000013.866546	000000004.438716	-00000000.101647
000000015.163730	000000004.781106	000000000.111002
000000016.708714	000000005.268238	000000000.122312
000000021.744215	000000006.855925	000000000.159173
000000030.950861	000000009.758769	000000000.679791
000000034.984200	000000011.030476	000000000.768377
000000009.185277	000000002.852104	-00000000.201466
000000012.147558	000000003.771917	-00000000.088802
000000015.176187	000000004.639826	000000000.110793
000000022.376986	000000006.841331	000000000.163361
000000029.811043	000000009.114150	000000000.652985
000000031.302553	000000009.570150	000000000.685655
000000009.477877	000000002.852517	-00000000.207330
000000011.718102	000000003.526749	-00000000.256335
000000012.697087	000000003.821389	-00000000.092572
000000014.142984	000000004.256555	-00000000.103113
000000015.139395	000000004.484493	000000000.110234
000000023.049465	000000006.827563	000000000.167829
000000029.736065	000000008.808224	000000000.649634
000000031.451977	000000009.316500	000000000.687121
000000009.156867	000000002.668983	-00000000.199791
000000012.825953	000000003.738425	-00000000.093270
000000014.899193	000000004.272275	000000000.108210
000000015.434477	000000004.425765	000000000.336335
000000009.401126	000000002.651392	-00000000.204607
000000012.355215	000000003.484531	-00000000.268901
000000013.435548	000000003.789216	-00000000.097458
000000015.167173	000000004.206230	000000000.109885
000000015.366534	000000004.261517	000000000.334032
000000009.211699	000000002.511397	-00000000.200000
000000012.693816	000000003.460732	-00000000.275602
000000013.796123	000000003.761255	-00000000.099832
000000015.357846	000000004.115122	000000000.111002
000000015.567310	000000004.171248	000000000.337592
000000034.881588	000000009.346494	000000000.756440
000000009.494308	000000002.499643	-00000000.205655
000000014.389293	000000003.788385	-00000000.103881
000000015.451260	000000003.995967	000000000.111421
000000026.332975	000000006.810170	000000000.189890
000000034.990864	000000009.049253	000000000.757069
000000009.137843	000000002.320717	-00000000.197487
000000014.790104	000000003.756208	-00000000.106534
000000015.592272	000000003.887590	000000000.112189
000000018.473982	000000004.606081	000000000.132923
000000027.177320	000000006.776067	000000000.195545
000000035.417725	000000008.830631	000000000.764608
000000009.487931	000000002.321682	-00000000.204607
000000015.055435	000000003.684042	-00000000.108210
000000016.529886	000000003.968474	000000000.118681
000000018.600983	000000004.465701	000000000.133552
000000028.538363	000000006.851455	000000000.204900
000000035.892021	000000008.616912	000000000.773194
000000009.099100	000000002.142554	-00000000.195812
000000015.641823	000000003.683161	-00000000.112189
000000016.739269	000000003.864565	000000000.119938
000000018.629503	000000004.300960	000000000.133482
000000036.121719	000000008.339356	000000000.776545
000000009.419741	000000002.131470	-00000000.202304
000000016.024485	000000003.625971	-00000000.114702
000000018.617512	000000004.127403	000000000.133133
000000036.212635	000000008.028149	000000000.776964
000000038.067192	000000008.439294	000000000.816754
000000040.878311	000000009.062503	000000000.877069
000000009.047175	000000001.964334	-00000000.193927
000000015.166258	000000003.292917	-00000000.108349
000000019.034288	000000004.045863	000000000.135855
000000020.018290	000000004.255019	000000000.428691
000000009.220586	000000001.917885	-00000000.197278
000000017.622389	000000003.665462	-00000000.125663
000000018.912085	000000003.847707	000000000.134738
000000019.986080	000000004.066214	000000000.427225
000000040.324856	000000008.204185	000000000.861990
000000009.001635	000000001.790536	-00000000.192251
000000014.907573	000000002.965301	-00000000.106115
000000018.251970	000000003.630543	-00000000.129921
000000020.014891	000000003.890501	000000000.142348
000000033.619911	000000006.535049	000000000.239108
000000041.366512	000000008.040835	000000000.882723
000000009.360699	000000001.777184	-00000000.199581
000000015.463392	000000002.935817	-00000000.109885
000000019.275208	000000003.659513	-00000000.136972
000000020.303719	000000003.763072	000000000.144163
000000035.435646	000000006.567608	000000000.251605
000000048.945526	000000009.071517	000000001.042723
000000009.031512	000000001.633164	-00000000.192251
000000014.720890	000000002.661971	-00000000.104440
000000020.024740	000000003.621063	-00000000.142069
000000021.241785	000000003.745500	000000000.150586
000000024.550659	000000004.328944	000000000.174043
000000024.575409	000000004.333308	000000000.522723
000000009.281902	000000001.594922	-00000000.197278
000000020.932701	000000003.596896	-00000000.148282
000000022.042946	000000003.688724	000000000.156031
000000024.676266	000000004.129391	000000000.174671
000000008.979697	000000001.462437	-00000000.190576
000000011.870962	000000001.933309	-00000000.251937
000000011.969641	000000001.949380	-00000000.254032
000000014.666409	000000002.388576	-00000000.103742
000000022.108179	000000003.600546	-00000000.156380
000000022.913813	000000003.629191	000000000.161965
000000024.434814	000000003.870094	000000000.172716
000000073.280273	000000011.606456	000000001.554137
000000009.239154	000000001.422042	-00000000.195812
000000017.029053	000000002.621022	-00000000.120287
000000023.146862	000000003.562643	-00000000.163501
000000024.616005	000000003.678886	000000000.173764
000000028.888449	000000004.317408	000000000.203923
000000028.912481	000000004.320999	000000000.612356
000000008.855437	000000001.283977	-00000000.187435
000000014.448559	000000002.094941	-00000000.101926
000000024.968296	000000003.620231	-00000000.176137
000000028.677464	000000004.030354	000000000.202177
000000084.332535	000000011.852165	000000001.783875
000000009.222939	000000001.255187	-00000000.194974
000000026.316757	000000003.581553	-00000000.185422
000000028.999056	000000003.817798	000000000.204202
000000033.668648	000000004.432561	000000000.237084
000000033.781033	000000004.447357	000000000.713718
000000008.787236	000000001.117878	-00000000.185550
000000014.284523	000000001.817221	-00000000.100530
000000017.508461	000000002.227357	-00000000.123219
000000028.023457	000000003.565034	-00000000.197221
000000030.341396	000000003.725455	000000000.213417
000000033.596867	000000004.125176	000000000.236316
000000033.689552	000000004.136557	000000000.710995
000000009.034942	000000001.069356	-00000000.190576
000000033.105007	000000003.771839	000000000.232616
000000037.725006	000000004.298222	000000000.265078
000000037.985855	000000004.327942	000000000.800838
000000008.765654	000000000.959995	-00000000.184712
000000014.314062	000000001.567645	-00000000.100530
000000037.422947	000000003.933310	000000000.262705
000000042.397114	000000004.456116	000000000.892985
000000008.972649	000000000.903498	-00000000.188901
000000037.933624	000000003.652593	000000000.266056
000000042.353077	000000004.078137	000000000.297053
000000042.553806	000000004.097466	000000000.895498
000000008.661603	000000000.795889	-00000000.182199
000000013.980761	000000001.284651	-00000000.098017
000000042.616169	000000003.728432	000000000.298658
000000047.358669	000000004.143347	000000000.995812
000000055.704948	000000004.873552	000000001.171310
000000008.947195	000000000.743455	-00000000.188063
000000047.153042	000000003.711025	000000000.330214
000000073.077950	000000005.751359	000000001.535498
000000008.674173	000000000.644602	-00000000.182199
000000013.801606	000000001.025637	-00000000.096621
000000048.919350	000000003.420774	000000000.342361
000000049.069389	000000003.431266	000000001.030367
000000008.819139	000000000.578037	-00000000.185131
000000101.747505	000000006.223144	000000002.135289
000000008.564322	000000000.486317	-00000000.179686
000000013.617731	000000000.773271	-00000000.095224
000000080.092491	000000004.197470	000000001.680001
000000008.827884	000000000.424034	-00000000.185131
000000092.191933	000000004.025187	000000001.932985
000000008.571505	000000000.336775	-00000000.179686
000000013.509248	000000000.530780	-00000000.094387
000000008.763988	000000000.267764	-00000000.183665
000000008.596068	000000000.187567	-00000000.180105
000000013.476463	000000000.294057	-00000000.094107
000000008.767325	000000000.114771	-00000000.183665
000000008.598032	000000000.037516	-00000000.180105
000000013.479543	000000000.058816	-00000000.094107
000000008.747997	-00000000.038171	-00000000.183246
000000008.597378	-00000000.112546	-00000000.180105
000000013.358529	-00000000.174873	-00000000.093270
000000008.785981	-00000000.191711	-00000000.184084
000000008.594104	-00000000.262574	-00000000.180105
000000013.353443	-00000000.407985	-00000000.093270
000000077.036133	-00000002.690161	000000001.614661
000000008.831247	-00000000.346981	-00000000.185131
000000072.814644	-00000003.179156	000000001.526702
000000076.480347	-00000003.339204	000000001.603561
000000008.568239	-00000000.411562	-00000000.179686
000000013.424194	-00000000.644810	-00000000.093828
000000061.182594	-00000003.206444	000000001.283351
000000008.843810	-00000000.502188	-00000000.185550
000000055.394310	-00000003.388061	000000001.162514
000000066.580948	-00000004.072265	000000001.397278
000000008.559752	-00000000.561036	-00000000.179686
000000013.490725	-00000000.884229	-00000000.094387
000000037.228184	-00000002.603248	000000000.260541
000000050.126572	-00000003.505191	000000001.052566
000000055.372608	-00000003.872030	000000001.162723
000000008.803788	-00000000.654234	-00000000.184922
000000034.153553	-00000002.687943	000000000.239178
000000040.485901	-00000003.186309	000000000.850681
000000008.548656	-00000000.710339	-00000000.179686
000000013.313790	-00000001.106291	-00000000.093270
000000028.898905	-00000002.528327	000000000.202526
000000030.652164	-00000002.681717	000000000.214813
000000035.187843	-00000003.078537	000000000.739896
000000050.814709	-00000004.445711	000000001.068482
000000008.830853	-00000000.811441	-00000000.185759
000000013.512743	-00000001.241647	-00000000.094736
000000027.352821	-00000002.633777	000000000.191845
000000041.767616	-00000004.021764	000000000.878953
000000008.534958	-00000000.859425	-00000000.179686
000000013.491445	-00000001.358517	-00000000.094666
000000021.679836	-00000002.183045	-00000000.152122
000000025.916609	-00000002.723945	000000000.181932
000000041.502243	-00000004.362062	000000000.874137
000000008.805408	-00000000.964349	-00000000.185550
000000023.090048	-00000002.630779	000000000.162244
000000041.313591	-00000004.707089	000000000.870995
000000008.518659	-00000001.008250	-00000000.179686
000000013.108184	-00000001.551456	-00000000.092153
000000021.360382	-00000002.528168	-00000000.150167
000000021.785858	-00000002.674967	000000000.153239
000000038.750427	-00000004.757954	000000000.817801
000000008.787236	-00000001.117878	-00000000.185550
000000014.562278	-00000001.852556	-00000000.102485
000000019.938814	-00000002.536537	-00000000.140323
000000020.611637	-00000002.713573	000000000.145140
000000028.844719	-00000003.797479	000000000.609424
000000030.866821	-00000004.063694	000000000.652147
000000008.499764	-00000001.156767	-00000000.179686
000000012.999844	-00000001.769201	-00000000.091594
000000018.994436	-00000002.585029	-00000000.133831
000000019.002781	-00000002.670667	000000000.133970
000000021.042685	-00000002.957356	000000000.148352
000000028.503567	-00000004.005915	000000000.602932
000000008.716917	-00000001.263893	-00000000.184503
000000013.538101	-00000001.962931	-00000000.095504
000000016.576258	-00000002.403443	-00000000.116936
000000017.089779	-00000002.554085	000000000.120636
000000028.319202	-00000004.232333	000000000.599791
000000008.488164	-00000001.306453	-00000000.179895
000000012.769320	-00000001.965386	-00000000.090198
000000016.642143	-00000002.635857	000000000.117634
000000017.063513	-00000002.702595	000000000.361885
000000020.598661	-00000003.262507	000000000.436859
000000008.683663	-00000001.414224	-00000000.184293
000000013.067513	-00000002.128180	-00000000.092432
000000016.342354	-00000002.734772	000000000.115679
000000017.197048	-00000002.877799	000000000.365236
000000020.589127	-00000003.445438	000000000.437278
000000008.464070	-00000001.454393	-00000000.179895
000000012.614810	-00000002.167621	-00000000.089360
000000015.077040	-00000002.658489	000000000.106883
000000017.358353	-00000003.060746	000000000.369215
000000020.577967	-00000003.628451	000000000.437697
000000008.687174	-00000001.570897	-00000000.184922
000000012.487172	-00000002.258049	-00000000.088592
000000013.717193	-00000002.480473	-00000000.097319
000000015.033601	-00000002.786313	000000000.106743
000000016.800140	-00000003.113722	000000000.357906
000000008.437398	-00000001.601890	-00000000.179895
000000012.024899	-00000002.282999	-00000000.085451
000000014.076191	-00000002.736134	000000000.100111
000000016.235720	-00000003.155904	000000000.115470
000000016.674189	-00000003.241134	000000000.355812
000000008.678046	-00000001.726171	-00000000.185340
000000012.720475	-00000002.530260	-00000000.090547
000000013.777406	-00000002.803045	000000000.098157
000000016.713848	-00000003.400471	000000000.357278
000000008.408156	-00000001.748899	-00000000.179895
000000012.355252	-00000002.569896	-00000000.088104
000000013.547014	-00000002.879507	000000000.096690
000000015.278293	-00000003.247501	000000000.109047
000000020.380125	-00000004.331929	000000000.436440
000000025.494715	-00000005.419069	000000000.545969
000000008.617288	-00000001.870997	-00000000.184712
000000011.853524	-00000002.573653	-00000000.084683
000000013.482320	-00000002.988958	000000000.096411
000000015.217116	-00000003.373554	000000000.326492
000000025.592867	-00000005.673802	000000000.549110
000000008.376353	-00000001.895375	-00000000.179895
000000011.459993	-00000002.593132	-00000000.082030
000000013.309570	-00000003.072757	000000000.095364
000000015.131598	-00000003.493405	000000000.108419
000000015.284513	-00000003.528708	000000000.328587
000000025.483931	-00000005.883429	000000000.547854
000000008.593054	-00000002.023396	-00000000.184922
000000011.135187	-00000002.621989	-00000000.079866
000000011.357004	-00000002.726575	000000000.081541
000000013.223909	-00000003.174780	000000000.094945
000000015.042196	-00000003.611312	000000000.108000
000000015.282303	-00000003.668956	000000000.329215
000000008.274020	-00000002.024640	-00000000.178429
000000010.771921	-00000002.635872	-00000000.077422
000000011.206643	-00000002.794130	000000000.080634
000000013.409160	-00000003.343279	000000000.096481
000000014.971298	-00000003.732764	000000000.107721
000000014.813167	-00000003.693337	000000000.319791
000000008.372319	-00000002.126298	-00000000.180943
000000010.496515	-00000002.665775	-00000000.075607
000000010.949483	-00000002.831729	000000000.078958
000000013.544055	-00000003.502731	000000000.097668
000000028.375715	-00000007.338459	000000000.204621
000000014.615824	-00000003.779909	000000000.316231
000000026.221367	-00000006.781307	000000000.567330
000000028.447618	-00000007.357054	000000000.615498
000000008.295434	-00000002.184005	-00000000.179686
000000010.008682	-00000002.635066	-00000000.072256
000000010.760152	-00000002.883174	000000000.077771
000000013.541950	-00000003.628555	000000000.097877
000000014.649881	-00000003.925424	000000000.317697
000000028.527191	-00000007.643838	000000000.618639
000000008.459330	-00000002.306278	-00000000.183665
000000009.773058	-00000002.664441	-00000000.070720
000000010.590040	-00000002.936878	000000000.076724
000000014.383847	-00000003.988994	000000000.312670
000000008.381146	-00000002.363728	-00000000.182408
000000009.451079	-00000002.665480	-00000000.068556
000000010.650520	-00000003.053988	000000000.077352
000000013.688033	-00000003.924980	000000000.099413
000000014.656026	-00000004.202548	000000000.319372
000000017.481516	-00000005.012744	000000000.380943
000000008.408193	-00000002.450765	-00000000.183456
000000009.072249	-00000002.644320	-00000000.065973
000000009.952307	-00000002.948008	000000000.072465
000000017.824024	-00000005.279716	000000000.129782
000000014.657139	-00000004.341642	000000000.320210
000000017.293316	-00000005.122513	000000000.377801
000000008.271603	-00000002.489470	-00000000.180943
000000008.656234	-00000002.605231	-00000000.063111
000000010.232211	-00000003.128301	000000000.074699
000000014.860614	-00000004.543345	000000000.108489
000000014.676059	-00000004.486921	000000000.321466
000000017.171465	-00000005.249844	000000000.376126
000000008.192274	-00000002.543769	-00000000.179686
000000008.700019	-00000002.701428	-00000000.063599
000000009.327125	-00000002.940831	000000000.068277
000000010.557389	-00000003.328732	000000000.077283
000000015.211414	-00000004.796141	000000000.111351
000000015.265660	-00000004.813244	000000000.335288
000000017.115465	-00000005.396485	000000000.375916
000000008.093589	-00000002.590778	-00000000.178011
000000008.295165	-00000002.655303	-00000000.060807
000000009.310616	-00000003.025203	000000000.068347
000000012.087634	-00000003.927510	000000000.088732
000000017.974529	-00000005.840279	000000000.131946
000000014.547974	-00000004.726923	000000000.320419
000000017.048704	-00000005.539460	000000000.375498
000000008.004208	-00000002.639392	-00000000.176545
000000008.290671	-00000002.733853	-00000000.060946
000000008.695916	-00000002.909613	000000000.064018
000000011.711513	-00000003.918617	000000000.086219
000000017.638390	-00000005.901723	000000000.129851
000000016.838535	-00000005.634095	000000000.371937
000000007.393902	-00000002.509892	-00000000.163560
000000008.152869	-00000002.767526	-00000000.060109
000000008.793109	-00000003.027710	000000000.064926
000000016.694197	-00000005.748272	000000000.369843
000000018.471382	-00000006.360207	000000000.409215
000000007.532178	-00000002.630354	-00000000.167121
000000007.561969	-00000002.640758	-00000000.055920
000000008.125372	-00000002.877345	000000000.060178
000000011.641339	-00000004.122415	000000000.086219
000000017.410164	-00000006.165262	000000000.128944
000000016.992100	-00000006.017218	000000000.377592
000000050.533352	-00000017.894798	000000001.122933
000000007.151369	-00000002.567604	-00000000.159162
000000007.369228	-00000002.645823	-00000000.054663
000000008.306681	-00000003.023384	000000000.061714
000000011.379400	-00000004.141763	000000000.084543
000000016.826204	-00000006.124237	000000000.375079
000000006.912953	-00000002.550323	-00000000.154346
000000007.308332	-00000002.696186	-00000000.054384
000000007.933420	-00000002.966184	000000000.059131
000000017.047020	-00000006.373619	000000000.127059
000000019.023348	-00000007.112538	000000000.141789
000000016.744024	-00000006.260334	000000000.374450
000000006.890435	-00000002.610552	-00000000.154346
000000006.919832	-00000002.621690	-00000000.051661
000000007.832549	-00000003.006634	000000000.058573
000000009.559630	-00000003.669598	000000000.071488
000000012.350967	-00000004.741092	000000000.092362
000000016.931435	-00000006.499369	000000000.379895
000000019.050198	-00000007.312685	000000000.427435
000000006.681031	-00000002.598111	-00000000.150157
000000006.784852	-00000002.638485	-00000000.050824
000000007.703670	-00000003.034556	000000000.057805
000000011.999754	-00000004.726829	000000000.270157
000000017.143835	-00000006.753136	000000000.385969
000000006.286662	-00000002.508124	-00000000.141780
000000006.687266	-00000002.667948	-00000000.050265
000000007.871599	-00000003.180332	000000000.059271
000000008.370634	-00000003.381956	000000000.189110
000000009.483010	-00000003.831385	000000000.214241
000000011.967319	-00000004.835110	000000000.270367
000000006.273788	-00000002.566675	-00000000.141990
000000006.395329	-00000002.616398	-00000000.048241
000000006.771872	-00000002.805001	000000000.051173
000000007.149259	-00000002.961320	000000000.162094
000000006.029871	-00000002.528535	-00000000.136963
000000006.298479	-00000002.641171	-00000000.047682
000000006.572244	-00000002.789752	000000000.049846
000000006.598572	-00000002.800928	000000000.150157
000000005.860602	-00000002.517914	-00000000.133613
000000006.155751	-00000002.644719	-00000000.046774
000000006.300049	-00000002.739339	000000000.047961
000000007.114826	-00000003.093614	000000000.162513
000000005.801802	-00000002.552854	-00000000.132775
000000005.867003	-00000002.581543	-00000000.044750
000000006.394662	-00000002.847087	000000000.048869
000000006.512151	-00000002.899396	000000000.149319
000000005.587876	-00000002.517154	-00000000.128377
000000005.917191	-00000002.665500	-00000000.045308
000000006.051095	-00000002.757643	000000000.046425
000000007.579792	-00000003.454310	000000000.058154
000000006.513894	-00000002.968552	000000000.149948
000000009.970988	-00000004.544041	000000000.229529
000000011.535779	-00000005.257157	000000000.265550
000000005.438584	-00000002.507222	-00000000.125445
000000005.575863	-00000002.570508	-00000000.042865
000000005.908983	-00000002.755404	000000000.045518
000000005.971259	-00000002.784444	000000000.138011
000000005.326072	-00000002.511939	-00000000.123351
000000005.625574	-00000002.653193	-00000000.043423
000000005.767379	-00000002.750899	000000000.044610
000000006.036971	-00000002.879488	000000000.140105
000000007.345433	-00000003.503592	000000000.170471
000000008.455369	-00000004.033004	000000000.196230
000000005.249919	-00000002.532260	-00000000.122094
000000005.467105	-00000002.637018	-00000000.042376
000000005.824043	-00000002.840576	000000000.045239
000000005.939726	-00000002.896998	000000000.138429
000000007.889681	-00000003.848054	000000000.183874
000000005.218655	-00000002.573556	-00000000.121885
000000005.354199	-00000002.640399	-00000000.041678
000000005.718491	-00000002.851135	000000000.044610
000000005.976851	-00000002.979948	000000000.139895
000000005.178142	-00000002.609998	-00000000.121466
000000005.277377	-00000002.660017	-00000000.041259
000000005.827041	-00000002.969026	000000000.045657
000000006.173321	-00000003.145464	000000000.145131
000000004.915187	-00000002.531487	-00000000.115812
000000005.245073	-00000002.701390	-00000000.041189
000000005.747690	-00000002.992058	000000000.045239
000000006.438286	-00000003.351560	000000000.152042
000000004.884060	-00000002.569628	-00000000.115602
000000005.159352	-00000002.714467	-00000000.040701
000000005.721361	-00000003.042102	000000000.045239
000000005.949761	-00000003.163544	000000000.141152
000000004.843836	-00000002.602687	-00000000.115183
000000005.091424	-00000002.735721	-00000000.040352
000000005.474897	-00000002.972627	000000000.043493
000000005.579265	-00000003.029294	000000000.132984
000000004.768348	-00000002.616005	-00000000.113927
000000004.944618	-00000002.712710	-00000000.039374
000000005.466240	-00000003.029986	000000000.043633
000000005.482663	-00000003.039090	000000000.131309
000000004.562153	-00000002.554929	-00000000.109529
000000004.754987	-00000002.662921	-00000000.038048
000000005.309040	-00000003.003711	000000000.042586
000000005.342812	-00000003.022818	000000000.128586
000000004.652525	-00000002.659137	-00000000.112251
000000004.783659	-00000002.734087	-00000000.038467
000000005.256646	-00000003.034926	000000000.042376
000000005.333546	-00000003.079324	000000000.129005
000000004.516869	-00000002.634160	-00000000.109529
000000004.785532	-00000002.790840	-00000000.038676
000000005.247194	-00000003.090833	000000000.042516
000000005.289243	-00000003.115602	000000000.128586
000000004.364827	-00000002.596799	-00000000.106387
000000004.477398	-00000002.663772	-00000000.036372
000000004.705734	-00000002.827490	000000000.038327
000000005.321842	-00000003.197685	000000000.130052
000000004.265074	-00000002.588111	-00000000.104503
000000004.317200	-00000002.619741	-00000000.035255
000000004.987823	-00000003.056542	000000000.040840
000000005.336357	-00000003.270124	000000000.131100
000000004.225324	-00000002.614710	-00000000.104084
000000004.413220	-00000002.730984	-00000000.036233
000000004.935520	-00000003.084055	000000000.040631
000000005.595890	-00000003.496700	000000000.138220
000000007.274657	-00000004.545710	000000000.179686
000000004.210801	-00000002.656817	-00000000.104293
000000004.473791	-00000002.822752	-00000000.036931
000000004.621673	-00000002.944330	000000000.038257
000000005.295337	-00000003.373502	000000000.131518
000000007.167255	-00000004.566045	000000000.178011
000000004.204273	-00000002.704279	-00000000.104712
000000004.364886	-00000002.807589	-00000000.036233
000000004.948036	-00000003.213292	000000000.041189
000000005.701709	-00000003.702733	000000000.142408
000000007.361912	-00000004.780882	000000000.183874
000000028.005455	-00000018.186954	000000000.699477
000000004.247402	-00000002.784719	-00000000.106387
000000004.365307	-00000002.862021	-00000000.036442
000000004.469519	-00000002.958310	000000000.037420
000000005.369047	-00000003.553695	000000000.134869
000000004.173062	-00000002.788351	-00000000.105131
000000004.456569	-00000002.977784	-00000000.037420
000000004.899493	-00000003.304749	000000000.041259
000000005.321254	-00000003.589231	000000000.134450
000000029.333204	-00000019.785496	000000000.741152
000000004.057665	-00000002.762766	-00000000.102827
000000004.463476	-00000003.039073	-00000000.037699
000000004.936395	-00000003.392691	000000000.041818
000000005.009588	-00000003.442995	000000000.127330
000000006.945860	-00000004.773757	000000000.176545
000000014.336651	-00000009.853307	000000000.364398
000000003.819820	-00000002.649904	-00000000.097382
000000004.173865	-00000002.895513	-00000000.035465
000000004.931175	-00000003.452846	000000000.042027
000000005.126767	-00000003.589801	000000000.131100
000000027.877821	-00000019.520260	000000000.712880
000000003.959843	-00000002.798540	-00000000.101571
000000004.001446	-00000002.827943	-00000000.034208
000000004.632205	-00000003.304119	000000000.039723
000000010.027703	-00000007.152691	000000000.258011
000000014.536915	-00000010.369081	000000000.374032
000000025.313440	-00000018.055901	000000000.651309
000000003.797333	-00000002.733689	-00000000.098011
000000004.171389	-00000003.002970	-00000000.035884
000000004.514205	-00000003.279762	000000000.038955
000000005.912617	-00000004.295768	000000000.153089
000000009.819313	-00000007.134148	000000000.254241
000000025.470358	-00000018.505299	000000000.659477
000000003.902336	-00000002.861311	-00000000.101361
000000004.209538	-00000003.086561	-00000000.036442
000000005.192789	-00000003.842462	000000000.045099
000000005.456991	-00000004.037961	000000000.142199
000000009.740608	-00000007.207671	000000000.253822
000000024.769434	-00000018.328417	000000000.645445
000000003.781088	-00000002.823473	-00000000.098848
000000003.966110	-00000002.961634	-00000000.034557
000000004.464264	-00000003.364064	000000000.039025
000000005.605192	-00000004.223815	000000000.147016
000000009.653386	-00000007.274348	000000000.253194
000000003.716514	-00000002.826103	-00000000.097801
000000004.266467	-00000003.244297	-00000000.037420
000000004.815537	-00000003.695092	000000000.042376
000000005.052552	-00000003.876960	000000000.133403
000000009.526084	-00000007.309621	000000000.251518
000000003.826098	-00000002.962482	-00000000.101361
000000003.921725	-00000003.036524	-00000000.034627
000000004.121196	-00000003.219831	000000000.036512
000000004.963379	-00000003.877817	000000000.131937
000000006.168771	-00000004.819572	000000000.163979
000000007.279622	-00000005.687464	000000000.193508
000000003.713734	-00000002.927672	-00000000.099058
000000004.217049	-00000003.324453	-00000000.037489
000000004.640753	-00000003.691422	000000000.041399
000000004.702444	-00000003.740493	000000000.125864
000000007.628756	-00000006.068187	000000000.204189
000000023.034931	-00000018.322811	000000000.616545
000000003.399551	-00000002.728428	-00000000.091309
000000003.556186	-00000002.854141	-00000000.031835
000000004.491795	-00000003.637383	000000000.040352
000000004.615235	-00000003.737343	000000000.124398
000000003.507230	-00000002.865527	-00000000.094869
000000003.964794	-00000003.239372	-00000000.035744
000000004.290128	-00000003.536509	000000000.038816
000000004.883312	-00000004.025492	000000000.132566
000000003.459029	-00000002.876844	-00000000.094241
000000004.020945	-00000003.344184	-00000000.036512
000000004.282084	-00000003.593095	000000000.039025
000000004.970538	-00000004.170776	000000000.135916
000000003.365117	-00000002.848782	-00000000.092356
000000004.075562	-00000003.450218	-00000000.037280
000000004.486286	-00000003.831650	000000000.041189
000000005.086000	-00000004.343854	000000000.140105
000000021.172663	-00000018.083162	000000000.583246
000000003.370425	-00000002.904144	-00000000.093194
000000003.393808	-00000002.924292	-00000000.031276
000000004.422491	-00000003.844412	000000000.040910
000000004.663082	-00000004.053555	000000000.129424
000000020.825417	-00000018.103258	000000000.578011
000000003.457705	-00000003.032326	-00000000.096335
000000003.646334	-00000003.197749	-00000000.033859
000000004.224007	-00000003.737086	000000000.039374
000000020.543356	-00000018.175224	000000000.191496
000000004.739850	-00000004.193465	000000000.132566
000000020.509398	-00000018.145182	000000000.573613
000000003.207343	-00000002.862663	-00000000.090052
000000003.401939	-00000003.036346	-00000000.031835
000000004.339860	-00000003.907628	000000000.040771
000000004.762514	-00000004.288187	000000000.134241
000000020.171957	-00000018.162910	000000000.568587
000000003.315450	-00000003.011543	-00000000.093822
000000003.434528	-00000003.119706	-00000000.032393
000000004.018064	-00000003.681877	000000000.038048
000000004.061507	-00000003.721686	000000000.115393
000000006.022235	-00000005.518362	000000000.171100
000000019.747328	-00000018.095093	000000000.561047
000000003.296385	-00000003.047147	-00000000.094031
000000003.994617	-00000003.692586	-00000000.037978
000000003.839513	-00000003.580404	000000000.036652
000000003.772957	-00000003.518340	000000000.108063
000000019.676413	-00000018.348551	000000000.563561
000000003.094898	-00000002.911389	-00000000.089005
000000003.466961	-00000003.261392	-00000000.033231
000000004.453690	-00000004.226394	000000000.042865
000000004.619621	-00000004.383857	000000000.133403
000000019.312483	-00000018.326862	000000000.557697
000000003.076596	-00000002.945200	-00000000.089215
000000003.149430	-00000003.014924	-00000000.030438
000000004.618049	-00000004.459598	000000000.044820
000000004.969548	-00000004.799037	000000000.144712
000000003.186844	-00000003.104486	-00000000.093194
000000003.266257	-00000003.181847	-00000000.031835
000000004.279398	-00000004.205353	000000000.041888
000000004.877563	-00000004.793168	000000000.143246
000000018.462004	-00000018.142561	000000000.542199
000000003.031826	-00000003.005484	-00000000.089424
000000003.181553	-00000003.153909	-00000000.031276
000000004.313246	-00000004.313246	000000000.042586
000000005.012288	-00000005.012288	000000000.148482
000000003.054754	-00000003.081529	-00000000.090890
000000003.125749	-00000003.153146	-00000000.030997
000000004.009103	-00000004.079693	000000000.039933
000000005.130531	-00000005.220866	000000000.051103
000000004.877259	-00000004.963134	000000000.145759
000000017.708094	-00000018.019886	000000000.529215
000000002.853337	-00000002.929033	-00000000.085654
000000003.035315	-00000003.115837	-00000000.030368
000000005.324011	-00000005.465250	-00000000.053267
000000004.195634	-00000004.344707	000000000.042167
000000004.542069	-00000004.703451	000000000.136963
000000002.710137	-00000002.831046	-00000000.082094
000000003.014924	-00000003.149430	-00000000.030438
000000004.102493	-00000004.323126	000000000.041608
000000004.177396	-00000004.402057	000000000.127120
000000017.088095	-00000018.007095	000000000.520000
000000002.726430	-00000002.898281	-00000000.083351
000000003.822483	-00000004.063418	-00000000.116859
000000003.220281	-00000003.423260	-00000000.032812
000000004.139629	-00000004.439209	000000000.042376
000000004.507020	-00000004.833188	000000000.138429
000000016.821209	-00000018.038538	000000000.516649
000000002.843551	-00000003.076137	-00000000.087749
000000003.780828	-00000004.090077	-00000000.038886
000000004.350695	-00000004.747951	000000000.044959
000000004.397128	-00000004.798623	000000000.136335
000000016.595612	-00000018.110931	000000000.514555
000000002.769544	-00000003.049030	-00000000.086283
000000003.166770	-00000003.486342	-00000000.032882
000000003.847407	-00000004.272979	000000000.040142
000000004.475502	-00000004.970549	000000000.140105
000000002.722859	-00000003.050706	-00000000.085654
000000002.903173	-00000003.252731	-00000000.030438
000000003.631069	-00000004.104177	000000000.038257
000000006.175468	-00000006.980097	000000000.065065
000000006.334494	-00000007.159842	000000000.066741
000000004.683696	-00000005.293956	000000000.148063
000000002.676357	-00000003.051800	-00000000.085026
000000002.841711	-00000003.240350	-00000000.030089
000000003.746006	-00000004.309287	000000000.039863
000000006.219288	-00000007.154472	000000000.066182
000000015.666307	-00000018.022024	000000000.166712
000000004.630761	-00000005.327081	000000000.147853
000000015.709168	-00000018.071331	000000000.501571
000000002.603940	-00000003.022021	-00000000.083560
000000002.845963	-00000003.302903	-00000000.030438
000000003.383542	-00000003.961619	000000000.036372
000000005.916327	-00000006.927129	000000000.063599
000000015.268151	-00000017.876709	000000000.164129
000000004.532153	-00000005.306469	000000000.146178
000000015.297640	-00000017.911236	000000000.493403
000000002.622688	-00000003.098044	-00000000.085026
000000002.836415	-00000003.350509	-00000000.030648
000000003.657372	-00000004.358687	000000000.039723
000000005.052187	-00000006.020963	000000000.054873
000000015.034435	-00000017.917343	000000000.163292
000000003.348189	-00000003.990216	000000000.109110
000000004.614202	-00000005.498993	000000000.150367
000000015.179314	-00000018.090002	000000000.494660
000000004.420636	-00000005.362660	000000000.048520
000000014.763015	-00000017.908970	000000000.162035
000000004.159039	-00000005.045318	000000000.136963
000000015.179857	-00000018.414640	000000000.499896
000000004.883408	-00000006.030506	000000000.054175
000000014.568412	-00000017.990490	000000000.161616
000000004.624490	-00000005.710770	000000000.153927
000000014.792078	-00000018.266695	000000000.492356
000000004.027571	-00000005.063351	000000000.045169
000000014.286364	-00000017.960421	000000000.160220
000000004.524689	-00000005.688313	000000000.152251
000000014.395605	-00000018.097755	000000000.484398
000000005.060614	-00000006.477291	000000000.057386
000000014.098304	-00000018.045006	000000000.159871
000000004.474877	-00000005.727582	000000000.152251
000000014.163263	-00000018.128151	000000000.481885
000000004.693436	-00000006.116605	000000000.053826
000000013.928122	-00000018.151482	000000000.159731
000000013.870631	-00000018.076557	000000000.477278
000000004.886619	-00000006.484762	000000000.056688
000000013.612724	-00000018.064695	000000000.157916
000000013.688289	-00000018.164972	000000000.476440
000000004.574076	-00000006.181509	000000000.053686
000000005.549562	-00000007.499802	000000000.065135
000000013.157160	-00000017.780882	000000000.154425
000000013.344896	-00000018.034592	000000000.469948
000000004.890254	-00000006.730857	000000000.058084
000000013.136681	-00000018.081089	000000000.156031
000000005.377055	-00000007.400882	000000000.191623
000000013.087107	-00000018.012857	000000000.466388
000000005.086834	-00000007.131478	000000000.061156
000000005.109066	-00000007.162645	000000000.184293
000000004.961315	-00000007.085492	000000000.060388
000000004.971817	-00000007.100491	000000000.181571
000000002.786651	-00000004.054602	000000000.034348
000000004.933278	-00000007.177964	000000000.060807
000000004.937979	-00000007.184804	000000000.182618
000000004.887227	-00000007.245612	000000000.061016
000000004.936590	-00000007.318796	000000000.184922
000000002.726502	-00000004.119296	000000000.034487
000000004.763100	-00000007.196259	000000000.060248
000000011.827722	-00000017.869738	000000000.149608
000000004.916680	-00000007.428293	000000000.186597
000000012.090287	-00000018.266432	000000000.458848
000000002.723129	-00000004.193251	000000000.034906
000000004.711013	-00000007.254323	000000000.060388
000000011.567851	-00000017.812929	000000000.148282
000000004.922457	-00000007.579919	000000000.189319
000000011.734397	-00000018.069386	000000000.451309
000000011.481813	-00000018.022837	000000000.149190
000000011.775024	-00000018.483086	000000000.459058
000000011.265809	-00000018.029064	000000000.148422
000000011.480832	-00000018.373173	000000000.453822
000000010.966977	-00000017.896481	000000000.146537
000000011.226031	-00000018.319218	000000000.450053
000000004.079002	-00000006.788599	000000000.055292
000000010.774334	-00000017.931503	000000000.146048
000000010.926711	-00000018.185101	000000000.444398
000000003.999305	-00000006.789473	000000000.055012
000000010.597142	-00000017.990377	000000000.145769
000000010.676266	-00000018.124702	000000000.440629
000000003.989903	-00000006.910714	000000000.055710
000000010.339748	-00000017.908970	000000000.144372
000000010.472703	-00000018.139254	000000000.438744
