000000002.526119	000000002.931705	-00000000.027017
000000002.545013	000000002.902031	-00000000.026948
000000002.529795	000000002.834396	-00000000.079581
000000002.643486	000000002.961776	-00000000.027716
000000002.608211	000000002.871417	-00000000.081257
000000002.763360	000000003.042222	-00000000.028693
000000002.599237	000000002.811838	-00000000.080209
000000002.762652	000000002.988620	-00000000.028414
000000002.664777	000000002.832742	-00000000.081466
000000002.781775	000000002.957114	-00000000.028344
000000002.806927	000000002.932154	-00000000.085026
000000002.821305	000000002.947173	-00000000.028484
000000002.874266	000000002.950517	-00000000.086283
000000002.937626	000000003.015558	-00000000.029391
000000002.885827	000000002.911121	-00000000.085864
000000002.977910	000000003.004011	-00000000.029531
000000002.904021	000000002.878789	-00000000.085654
000000003.046621	000000003.020149	-00000000.029950
000000003.000647	000000002.923101	-00000000.087749
000000002.979743	000000002.902737	-00000000.029042
000000003.033263	000000002.903718	-00000000.087958
000000003.055525	000000002.925029	-00000000.029531
000000003.051205	000000002.870287	-00000000.087749
000000003.059083	000000002.877698	-00000000.029321
000000003.105503	000000002.870697	-00000000.088586
000000003.098765	000000002.864469	-00000000.029461
000000003.123035	000000002.836766	-00000000.088377
000000003.108840	000000002.823872	-00000000.029321
000000003.073082	000000002.742831	-00000000.086283
000000003.148285	000000002.809952	-00000000.029461
000000003.142001	000000002.755461	-00000000.087539
000000003.210278	000000002.815338	-00000000.029810
000000003.188649	000000002.747516	-00000000.088168
000000003.265025	000000002.813326	-00000000.030089
000000003.311702	000000002.803563	-00000000.090890
000000003.289452	000000002.784726	-00000000.030089
000000003.174620	000000002.640304	-00000000.086492
000000003.398198	000000002.826252	-00000000.030857
000000003.453034	000000002.821247	-00000000.093403
000000003.469194	000000002.834451	-00000000.031276
000000003.407348	000000002.734686	-00000000.091518
000000003.602978	000000002.891696	-00000000.032253
000000003.501745	000000002.760553	-00000000.093403
000000003.643782	000000002.872526	-00000000.032393
000000003.667995	000000002.840065	-00000000.097173
000000003.684524	000000002.852863	-00000000.032533
000000003.621015	000000002.753484	-00000000.095288
000000003.725199	000000002.832707	-00000000.032672
000000003.636894	000000002.715798	-00000000.095079
000000003.733752	000000002.788125	-00000000.032533
000000003.853960	000000002.825840	-00000000.100105
000000003.806326	000000002.790913	-00000000.032952
000000003.813561	000000002.745371	-00000000.098429
000000003.814305	000000002.745906	-00000000.032812
000000004.074147	000000002.879323	-00000000.104503
000000003.887119	000000002.747144	-00000000.033231
000000004.197695	000000002.912045	-00000000.107016
000000004.108135	000000002.849914	-00000000.034906
000000004.264267	000000002.903436	-00000000.108063
000000004.372553	000000002.977165	-00000000.036931
000000004.286020	000000002.890957	000000000.036093
000000004.649881	000000003.136384	000000000.117487
000000004.272816	000000002.855005	-00000000.107644
000000004.306908	000000002.877784	-00000000.036163
000000004.419487	000000002.925195	000000000.037001
000000004.543681	000000003.007397	000000000.114136
000000004.422984	000000002.899835	-00000000.110785
000000004.448934	000000002.916849	-00000000.037140
000000004.444846	000000002.886517	000000000.037001
000000004.485903	000000002.913180	000000000.112042
000000004.422895	000000002.844902	-00000000.110157
000000004.491039	000000002.888733	-00000000.037280
000000004.402396	000000002.804636	000000000.036442
000000004.435266	000000002.825576	000000000.110157
000000004.489830	000000002.832872	-00000000.111204
000000004.592190	000000002.897456	-00000000.037908
000000004.519986	000000002.824401	000000000.037210
000000004.578455	000000002.860936	000000000.113089
000000004.641905	000000002.872498	-00000000.114346
000000004.702333	000000002.909892	-00000000.038606
000000004.749090	000000002.910246	000000000.038886
000000004.722590	000000002.894007	000000000.116021
000000004.692437	000000002.847440	-00000000.114974
000000004.684803	000000002.842808	-00000000.038257
000000004.860020	000000002.920195	000000000.039584
000000004.979050	000000002.991715	000000000.121675
000000004.854581	000000002.888172	-00000000.118325
000000004.821153	000000002.868284	-00000000.039165
000000004.971479	000000002.928425	000000000.040282
000000005.435688	000000003.201865	000000000.132147
000000004.948692	000000002.885992	-00000000.120000
000000005.061953	000000002.952044	-00000000.040910
000000005.395207	000000003.114924	000000000.043493
000000005.601955	000000003.234290	000000000.135497
000000004.817447	000000002.753398	-00000000.116230
000000004.948613	000000002.828365	-00000000.039793
000000005.222007	000000002.954469	000000000.041888
000000005.621265	000000003.180359	000000000.135288
000000004.911075	000000002.750334	-00000000.117906
000000005.025455	000000002.814390	-00000000.040212
000000005.300066	000000002.937875	000000000.042306
000000005.779968	000000003.203889	000000000.138429
000000004.952420	000000002.716990	-00000000.118325
000000005.032289	000000002.760808	-00000000.040072
000000005.237622	000000002.843797	000000000.041608
000000005.772563	000000003.134246	000000000.137592
000000004.967134	000000002.668937	-00000000.118115
000000005.109042	000000002.745187	-00000000.040491
000000005.244581	000000002.788593	000000000.041469
000000005.640798	000000002.999265	000000000.133822
000000005.069867	000000002.667386	-00000000.120000
000000005.185901	000000002.728435	-00000000.040910
000000005.215497	000000002.715016	000000000.041050
000000006.127901	000000003.189983	000000000.144712
000000005.270715	000000002.714597	-00000000.124189
000000005.236183	000000002.696812	-00000000.041120
000000005.515196	000000002.810133	000000000.043214
000000006.110964	000000003.113692	000000000.143665
000000005.410265	000000002.726998	-00000000.126911
000000005.375602	000000002.709527	-00000000.042027
000000005.879576	000000002.931448	000000000.045867
000000006.182640	000000003.082551	000000000.144712
000000005.640092	000000002.781386	-00000000.131728
000000005.775720	000000002.848270	-00000000.044959
000000005.913920	000000002.884412	000000000.045937
000000006.164375	000000003.006567	000000000.143665
000000005.817235	000000002.805901	-00000000.135288
000000005.881416	000000002.836859	-00000000.045588
000000005.947892	000000002.836999	000000000.046007
000000006.181353	000000002.948354	000000000.143456
000000005.959053	000000002.810472	-00000000.138011
000000005.951170	000000002.806754	-00000000.045937
000000006.026800	000000002.810343	000000000.046425
000000006.306519	000000002.940778	000000000.145759
000000005.956112	000000002.745806	-00000000.137382
000000006.039005	000000002.784019	-00000000.046425
000000006.032897	000000002.749349	000000000.046286
000000006.604870	000000003.010013	000000000.152042
000000006.180391	000000002.784063	-00000000.141990
000000006.099539	000000002.747642	-00000000.046705
000000006.211958	000000002.765742	000000000.047473
000000006.685686	000000002.976659	000000000.153299
000000006.195300	000000002.725997	-00000000.141780
000000006.288036	000000002.766802	-00000000.047961
000000006.510968	000000002.831049	000000000.049567
000000006.775588	000000002.946109	000000000.154764
000000006.310711	000000002.711296	-00000000.143874
000000006.321130	000000002.715772	-00000000.048031
000000006.627473	000000002.813195	000000000.050265
000000007.187566	000000003.050941	000000000.163560
000000006.463211	000000002.710249	-00000000.146806
000000006.399919	000000002.683709	-00000000.048450
000000006.716441	000000002.782041	000000000.050754
000000007.241627	000000002.999580	000000000.164189
000000006.643923	000000002.718101	-00000000.150367
000000006.719261	000000002.748922	-00000000.050684
000000007.018611	000000002.835703	000000000.052848
000000007.341686	000000002.966233	000000000.165864
000000006.945972	000000002.771162	-00000000.156649
000000007.068069	000000002.819873	-00000000.053127
000000007.136129	000000002.810996	000000000.053546
000000007.497521	000000002.953352	000000000.168796
000000006.997844	000000002.721313	-00000000.157278
000000007.008528	000000002.725468	-00000000.052499
000000007.253743	000000002.784451	000000000.054244
000000007.849689	000000003.013213	000000000.176126
000000007.152215	000000002.709732	-00000000.160210
000000007.153610	000000002.710260	-00000000.053407
000000007.277766	000000002.721045	000000000.054244
000000007.585381	000000002.836058	000000000.169634
000000007.410086	000000002.733725	-00000000.165445
000000007.252042	000000002.675420	-00000000.053965
000000007.517358	000000002.736094	000000000.055850
000000008.135953	000000002.961245	000000000.181361
000000007.508937	000000002.695984	-00000000.167121
000000007.444521	000000002.672856	-00000000.055222
000000007.936848	000000002.810585	000000000.058782
000000008.434791	000000002.986916	000000000.187435
000000007.456667	000000002.603985	-00000000.165445
000000007.920714	000000002.766037	-00000000.058573
000000008.291996	000000002.855163	000000000.061226
000000009.254597	000000003.186613	000000000.205026
000000007.715787	000000002.619157	-00000000.170681
000000008.465348	000000002.873599	-00000000.062412
000000008.525222	000000002.852499	000000000.062762
000000009.301015	000000003.112076	000000000.205445
000000007.833300	000000002.583035	-00000000.172775
000000008.509097	000000002.805879	-00000000.062552
000000008.616363	000000002.799626	000000000.063250
000000009.327819	000000003.030792	000000000.205445
000000007.969804	000000002.551155	-00000000.175288
000000008.476115	000000002.713226	-00000000.062133
000000008.840741	000000002.787475	000000000.064716
000000009.725780	000000003.066526	000000000.213613
000000008.154081	000000002.531910	-00000000.178848
000000008.623620	000000002.677705	-00000000.063041
000000009.342870	000000002.856402	000000000.068207
000000010.038998	000000003.069230	000000000.219895
000000008.376912	000000002.521164	-00000000.183246
000000008.886045	000000002.674396	-00000000.064786
000000009.693431	000000002.871325	000000000.070581
000000009.988710	000000002.958791	000000000.218220
000000008.475381	000000002.470348	-00000000.184922
000000009.417860	000000002.745056	-00000000.068486
000000009.919979	000000002.844508	000000000.072047
000000010.148698	000000002.910092	000000000.221152
000000008.621708	000000002.431573	-00000000.187644
000000009.518451	000000002.684481	-00000000.069045
000000010.069693	000000002.792573	000000000.072954
000000011.214199	000000003.109972	000000000.243770
000000008.555787	000000002.332575	-00000000.185759
000000009.869534	000000002.690744	-00000000.071418
000000010.306177	000000002.761532	000000000.074490
000000010.854625	000000002.908488	000000000.235393
000000008.836862	000000002.326551	-00000000.191414
000000010.376149	000000002.731812	-00000000.074909
000000010.688089	000000002.764128	000000000.077073
000000010.550494	000000002.728544	000000000.228272
000000012.863860	000000003.326820	000000000.278325
000000008.633953	000000002.192745	-00000000.186597
000000010.700048	000000002.717466	-00000000.077073
000000010.934967	000000002.726393	000000000.078679
000000011.611893	000000002.895170	000000000.250681
000000008.914965	000000002.181478	-00000000.192251
000000010.771921	000000002.635872	-00000000.077422
000000011.075024	000000002.658878	000000000.079517
000000013.104671	000000003.146153	000000000.282304
000000008.680639	000000002.044019	-00000000.186806
000000010.930782	000000002.573858	-00000000.078400
000000011.204983	000000002.586874	000000000.080284
000000013.355684	000000003.083403	000000000.287121
000000008.922424	000000002.018939	-00000000.191623
000000011.206410	000000002.535752	-00000000.080215
000000011.178317	000000002.478173	000000000.079935
000000013.013708	000000002.885070	000000000.093060
000000013.333279	000000002.955917	000000000.286073
000000008.744300	000000001.898574	-00000000.187435
000000011.648311	000000002.529096	-00000000.083217
000000012.608016	000000002.679916	000000000.089988
000000013.515035	000000002.872709	000000000.289424
000000009.005242	000000001.873093	-00000000.192670
000000012.384623	000000002.576005	-00000000.088313
000000013.013083	000000002.647542	000000000.092711
000000013.500401	000000002.746688	000000000.288587
000000015.371646	000000003.127397	000000000.328587
000000008.687852	000000001.728121	-00000000.185550
000000012.671437	000000002.520506	-00000000.090198
000000013.398884	000000002.604479	000000000.095294
000000015.094115	000000002.933999	000000000.322094
000000008.938338	000000001.696997	-00000000.190576
000000013.292230	000000002.523609	-00000000.094456
000000014.060203	000000002.605905	000000000.099832
000000016.239809	000000003.009871	000000000.345969
000000008.736365	000000001.579792	-00000000.185969
000000013.382627	000000002.419973	-00000000.094945
000000014.791452	000000002.608132	000000000.104859
000000016.905441	000000002.980885	000000000.359581
000000008.996154	000000001.545822	-00000000.191204
000000013.836870	000000002.377609	-00000000.098017
000000015.326505	000000002.564777	000000000.108489
000000016.989973	000000002.843147	000000000.360838
000000019.652361	000000003.288677	000000000.417382
000000008.742869	000000001.423867	-00000000.185550
000000013.185949	000000002.147468	-00000000.093270
000000015.871764	000000002.513840	000000000.112189
000000017.547373	000000002.779231	000000000.372147
000000020.104925	000000003.184307	000000000.426388
000000009.061287	000000001.394665	-00000000.192042
000000013.787307	000000002.122070	-00000000.097389
000000015.605848	000000002.401970	-00000000.110234
000000017.248016	000000002.577733	000000000.121753
000000017.541294	000000002.621564	000000000.371519
000000019.884748	000000002.971796	000000000.421152
000000008.736705	000000001.266762	-00000000.184922
000000013.201628	000000001.914145	-00000000.093130
000000015.556941	000000002.255649	-00000000.109745
000000017.606539	000000002.474437	000000000.124127
000000017.682310	000000002.485086	000000000.374032
000000019.860420	000000002.791200	000000000.420105
000000022.612762	000000003.178016	000000000.478325
000000009.104060	000000001.239008	-00000000.192461
000000017.508173	000000002.382758	-00000000.123359
000000018.380941	000000002.419897	000000000.129433
000000019.784899	000000002.604731	000000000.418011
000000008.846744	000000001.125448	-00000000.186806
000000012.697354	000000001.615307	-00000000.089360
000000014.601957	000000001.857604	-00000000.102764
000000018.014370	000000002.291718	-00000000.126780
000000019.522907	000000002.397112	000000000.137321
000000020.670202	000000002.537982	000000000.436231
000000022.883095	000000002.809691	000000000.482932
000000024.460896	000000003.003420	000000000.516231
000000009.094512	000000001.076406	-00000000.191833
000000018.411041	000000002.179090	-00000000.129433
000000020.934048	000000002.385134	000000000.147095
000000022.618670	000000002.577072	000000000.476859
000000024.744446	000000002.819273	000000000.521676
000000026.621885	000000003.033181	000000000.561257
000000008.765654	000000000.959995	-00000000.184712
000000013.081463	000000001.432653	-00000000.091873
000000020.387598	000000002.232805	-00000000.143186
000000022.097738	000000002.322566	000000000.155124
000000025.653036	000000002.696243	000000000.540314
000000028.526575	000000002.998264	000000000.600838
000000009.042280	000000000.910510	-00000000.190367
000000020.535648	000000002.067831	-00000000.144093
000000023.799343	000000002.291616	000000000.166922
000000026.969320	000000002.596850	000000000.567540
000000028.690979	000000002.762627	000000000.603770
000000008.781073	000000000.806867	-00000000.184712
000000012.536879	000000001.151977	-00000000.087894
000000014.408946	000000001.323996	-00000000.101019
000000026.099667	000000002.283425	000000000.182909
000000028.355442	000000002.480780	000000000.596231
000000030.855343	000000002.699493	000000000.648796
000000037.159874	000000003.251068	000000000.781362
000000009.036866	000000000.750906	-00000000.189948
000000027.504278	000000002.164634	000000000.192613
000000030.708286	000000002.416795	000000000.645236
000000034.465843	000000002.712521	000000000.724189
000000008.714055	000000000.647566	-00000000.183037
000000013.083604	000000000.972280	-00000000.091594
000000029.307716	000000002.049395	000000000.205109
000000030.734200	000000002.149145	000000000.215093
000000034.787403	000000002.432572	000000000.730472
000000038.916412	000000002.721301	000000000.817173
000000008.928879	000000000.585230	-00000000.187435
000000034.215225	000000002.092693	000000000.239318
000000043.020153	000000002.631225	000000000.902828
000000008.684102	000000000.493119	-00000000.182199
000000013.098579	000000000.743791	-00000000.091594
000000038.486244	000000002.016979	000000000.269058
000000008.857842	000000000.425473	-00000000.185759
000000043.947063	000000001.918770	000000000.307106
000000056.054287	000000002.447383	000000001.175289
000000008.691386	000000000.341485	-00000000.182199
000000013.189502	000000000.518217	-00000000.092153
000000051.097610	000000001.784368	000000000.356952
000000008.883905	000000000.271428	-00000000.186178
000000008.676031	000000000.189312	-00000000.181780
000000013.516454	000000000.294930	-00000000.094387
000000008.777322	000000000.114901	-00000000.183874
000000012.528621	000000000.164009	-00000000.087475
000000008.578036	000000000.037429	-00000000.179686
000000013.359547	000000000.058292	-00000000.093270
000000008.807984	-00000000.038432	-00000000.184503
000000013.709536	-00000000.059820	-00000000.095713
000000008.707344	-00000000.113985	-00000000.182408
000000013.358529	-00000000.174873	-00000000.093270
000000008.885936	-00000000.193892	-00000000.186178
000000008.753994	-00000000.267459	-00000000.183456
000000013.433404	-00000000.410428	-00000000.093828
000000008.891188	-00000000.349336	-00000000.186388
000000008.827884	-00000000.424034	-00000000.185131
000000013.584007	-00000000.652487	-00000000.094945
000000088.379295	-00000004.631763	000000001.853823
000000009.093353	-00000000.516358	-00000000.190785
000000070.383003	-00000004.304809	000000001.477069
000000008.809162	-00000000.577383	-00000000.184922
000000013.570551	-00000000.889461	-00000000.094945
000000040.789398	-00000002.852273	000000000.285464
000000058.205070	-00000004.070095	000000001.222200
000000009.082956	-00000000.674980	-00000000.190785
000000034.652000	-00000002.727172	000000000.242669
000000036.775383	-00000002.894285	000000000.257539
000000061.197300	-00000004.816332	000000001.285865
000000008.787780	-00000000.730208	-00000000.184712
000000013.552961	-00000001.126164	-00000000.094945
000000029.396990	-00000002.571903	000000000.206017
000000032.833775	-00000002.872583	000000000.230102
000000036.821243	-00000003.221441	000000000.774241
000000041.253334	-00000003.609199	000000000.867435
000000009.109616	-00000000.837056	-00000000.191623
000000027.810692	-00000002.677865	000000000.195056
000000036.891243	-00000003.552223	000000000.776335
000000008.863225	-00000000.892480	-00000000.186597
000000013.372050	-00000001.346495	-00000000.093828
000000024.593927	-00000002.584926	000000000.172647
000000027.477970	-00000002.888051	000000000.192892
000000030.564898	-00000003.212500	000000000.643770
000000032.623108	-00000003.428827	000000000.687121
000000009.043929	-00000000.990471	-00000000.190576
000000021.699720	-00000002.376506	-00000000.152401
000000023.636499	-00000002.693039	000000000.166084
000000028.409924	-00000003.236902	000000000.598953
000000045.555214	-00000005.190361	000000000.960419
000000008.717229	-00000001.031752	-00000000.183874
000000013.425959	-00000001.589067	-00000000.094387
000000019.801304	-00000002.343639	-00000000.139206
000000020.247448	-00000002.486074	000000000.142418
000000021.746157	-00000002.670092	000000000.152959
000000023.770903	-00000002.918700	000000000.167201
000000028.737831	-00000003.528562	000000000.606492
000000045.468491	-00000005.582829	000000000.959582
000000009.104609	-00000001.158252	-00000000.192251
000000014.036528	-00000001.785672	-00000000.098785
000000018.292126	-00000002.327052	-00000000.128734
000000019.382275	-00000002.551725	000000000.136484
000000023.863497	-00000003.141689	000000000.168039
000000024.176037	-00000003.182836	000000000.510786
000000041.046726	-00000005.403904	000000000.867226
000000045.467602	-00000005.985923	000000000.960629
000000008.856398	-00000001.205303	-00000000.187225
000000013.396181	-00000001.823140	-00000000.094387
000000017.210922	-00000002.342304	-00000000.121264
000000016.794537	-00000002.360318	000000000.118402
000000019.814781	-00000002.784786	000000000.139695
000000023.736147	-00000003.335898	000000000.167341
000000024.028536	-00000003.376990	000000000.508273
000000040.859402	-00000005.742414	000000000.864294
000000009.092901	-00000001.318408	-00000000.192461
000000013.874575	-00000002.011718	-00000000.097877
000000015.982480	-00000002.317349	-00000000.112747
000000016.348034	-00000002.443230	000000000.115400
000000023.903931	-00000003.572466	000000000.168737
000000023.948709	-00000003.579159	000000000.507225
000000031.038399	-00000004.638720	000000000.657383
000000008.834014	-00000001.359685	-00000000.187225
000000013.559990	-00000002.087082	-00000000.095783
000000015.506329	-00000002.455961	000000000.109606
000000020.164173	-00000003.193691	000000000.427644
000000009.009300	-00000001.467258	-00000000.191204
000000013.817613	-00000002.250341	-00000000.097738
000000014.823511	-00000002.480605	000000000.104928
000000015.757387	-00000002.636882	000000000.334660
000000030.716059	-00000005.140105	000000000.652356
000000008.848351	-00000001.520425	-00000000.188063
000000013.275117	-00000002.281082	-00000000.094038
000000013.885451	-00000002.448380	000000000.098436
000000015.979924	-00000002.817692	000000000.339895
000000027.923023	-00000004.923583	000000000.593927
000000009.198763	-00000001.663407	-00000000.195812
000000012.565894	-00000002.272284	-00000000.089151
000000014.001208	-00000002.594971	000000000.099413
000000015.807271	-00000002.929705	000000000.336754
000000019.660786	-00000003.643911	000000000.418848
000000008.781179	-00000001.667159	-00000000.187225
000000011.946305	-00000002.268077	-00000000.084892
000000013.418517	-00000002.608295	000000000.095434
000000016.104969	-00000003.130489	000000000.343665
000000008.972217	-00000001.784685	-00000000.191623
000000011.131642	-00000002.214221	-00000000.079237
000000012.287956	-00000002.500013	000000000.087545
000000016.037849	-00000003.262938	000000000.342827
000000019.280689	-00000003.922700	000000000.412147
000000008.672441	-00000001.803870	-00000000.185550
000000010.260146	-00000002.134114	-00000000.073164
000000011.336454	-00000002.409638	000000000.080913
000000015.444574	-00000003.282845	000000000.110234
000000015.969647	-00000003.394453	000000000.341990
000000019.255503	-00000004.092884	000000000.412356
000000008.949473	-00000001.943121	-00000000.191833
000000009.781845	-00000002.123847	-00000000.069882
000000009.957976	-00000002.207630	000000000.071209
000000015.259135	-00000003.382869	000000000.109117
000000016.368895	-00000003.628896	000000000.351204
000000019.365465	-00000004.293220	000000000.415498
000000008.590881	-00000001.943918	-00000000.184503
000000009.441084	-00000002.136299	-00000000.067579
000000010.055254	-00000002.321438	000000000.072047
000000015.528052	-00000003.584933	000000000.333822
000000019.366228	-00000004.471046	000000000.416335
000000008.495737	-00000002.000480	-00000000.182827
000000009.139809	-00000002.152139	-00000000.065554
000000009.801250	-00000002.353072	000000000.070371
000000019.336195	-00000004.642210	000000000.416545
000000008.244885	-00000002.017511	-00000000.177801
000000008.877851	-00000002.172396	-00000000.063809
000000009.625099	-00000002.399807	000000000.069254
000000010.011255	-00000002.496086	000000000.216126
000000019.440462	-00000004.847052	000000000.419686
000000028.704754	-00000007.156899	000000000.619686
000000008.226966	-00000002.089383	-00000000.177801
000000008.596869	-00000002.183326	-00000000.061924
000000009.439209	-00000002.441146	000000000.068067
000000009.901978	-00000002.560826	000000000.214241
000000011.673300	-00000003.018921	000000000.252566
000000008.034389	-00000002.115278	-00000000.174032
000000008.432435	-00000002.220075	-00000000.060877
000000009.243685	-00000002.476838	000000000.066811
000000009.840625	-00000002.636788	000000000.213403
000000025.311363	-00000006.782159	000000000.548901
000000028.353363	-00000007.597261	000000000.614869
000000007.919167	-00000002.159013	-00000000.171937
000000008.306616	-00000002.264643	-00000000.060109
000000008.942272	-00000002.479912	000000000.064786
000000009.720899	-00000002.695844	000000000.211309
000000024.894751	-00000006.903925	000000000.541152
000000007.543994	-00000002.127626	-00000000.164189
000000007.920813	-00000002.233900	-00000000.057456
000000008.564632	-00000002.455869	000000000.062203
000000009.524014	-00000002.730967	000000000.207539
000000024.650955	-00000007.068547	000000000.537173
000000007.170000	-00000002.089864	-00000000.156440
000000007.747413	-00000002.258165	-00000000.056339
000000008.293589	-00000002.456673	000000000.060388
000000009.375200	-00000002.777061	000000000.204817
000000024.463713	-00000007.246482	000000000.534451
000000006.960017	-00000002.094727	-00000000.152251
000000007.497601	-00000002.256522	-00000000.054663
000000008.377026	-00000002.561114	000000000.061156
000000009.025537	-00000002.759383	000000000.197696
000000014.714303	-00000004.498614	000000000.322304
000000024.342178	-00000007.442151	000000000.533194
000000006.931924	-00000002.152420	-00000000.152042
000000007.305725	-00000002.268488	-00000000.053407
000000008.239914	-00000002.598035	000000000.060318
000000008.839018	-00000002.786932	000000000.194136
000000014.569599	-00000004.593777	000000000.320000
000000006.941442	-00000002.221973	-00000000.152670
000000007.304698	-00000002.338252	-00000000.053546
000000008.264480	-00000002.685292	000000000.060667
000000008.747801	-00000002.842333	000000000.192670
000000014.405346	-00000004.680581	000000000.317278
000000006.741385	-00000002.222975	-00000000.148691
000000007.682879	-00000002.533433	-00000000.056478
000000008.041588	-00000002.690678	000000000.059201
000000008.542522	-00000002.858288	000000000.188691
000000014.193292	-00000004.749009	000000000.313508
000000006.627057	-00000002.249583	-00000000.146597
000000007.414282	-00000002.516810	-00000000.054663
000000008.036712	-00000002.767262	000000000.059341
000000008.819754	-00000003.036885	000000000.195393
000000014.387637	-00000004.954061	000000000.318744
000000006.493908	-00000002.267774	-00000000.144084
000000007.108817	-00000002.482510	-00000000.052569
000000007.578653	-00000002.683742	000000000.056129
000000008.104939	-00000002.870110	000000000.180105
000000024.663517	-00000008.733809	000000000.548063
000000006.360955	-00000002.283816	-00000000.141571
000000006.776302	-00000002.432941	-00000000.050265
000000007.724085	-00000002.811337	000000000.057386
000000008.709041	-00000003.169832	000000000.194136
000000006.181325	-00000002.280411	-00000000.138011
000000006.801722	-00000002.509288	-00000000.050614
000000007.680525	-00000002.871630	000000000.057246
000000008.784059	-00000003.284225	000000000.196440
000000006.114443	-00000002.316555	-00000000.136963
000000006.807619	-00000002.579176	-00000000.050824
000000007.384441	-00000002.834621	000000000.055222
000000007.373668	-00000002.830486	000000000.165445
000000009.483097	-00000003.640220	000000000.212775
000000006.000814	-00000002.333589	-00000000.134869
000000006.794172	-00000002.642109	-00000000.050893
000000007.201256	-00000002.836650	000000000.054035
000000007.283572	-00000002.869075	000000000.163979
000000009.199812	-00000003.623902	000000000.207121
000000005.952363	-00000002.374752	-00000000.134241
000000006.650114	-00000002.653126	-00000000.049986
000000007.315302	-00000002.955574	000000000.055082
000000007.378765	-00000002.981215	000000000.166702
000000006.199761	-00000002.536389	-00000000.140314
000000006.839578	-00000002.798145	-00000000.051592
000000007.067506	-00000002.927457	000000000.053407
000000007.112312	-00000002.946016	000000000.161257
000000009.301426	-00000003.852777	000000000.210890
000000005.697952	-00000002.389349	-00000000.129424
000000006.639685	-00000002.784251	-00000000.050265
000000007.170558	-00000003.043721	000000000.054384
000000007.224378	-00000003.066567	000000000.164398
000000009.313466	-00000003.953332	000000000.211937
000000005.676884	-00000002.438982	-00000000.129424
000000006.468132	-00000002.778929	-00000000.049148
000000006.996998	-00000003.042381	000000000.053267
000000009.362955	-00000004.071129	000000000.071279
000000007.133163	-00000003.101588	000000000.162932
000000009.076903	-00000003.946750	000000000.207330
000000005.335095	-00000002.347498	-00000000.122094
000000006.553470	-00000002.883596	-00000000.049986
000000007.125481	-00000003.172469	000000000.054454
000000007.398096	-00000003.293844	000000000.169634
000000008.978182	-00000003.997344	000000000.205864
000000005.852229	-00000002.636237	-00000000.134450
000000006.828931	-00000003.076209	-00000000.052290
000000007.361407	-00000003.354787	000000000.056478
000000009.099391	-00000004.146832	000000000.069813
000000008.870176	-00000004.042372	000000000.204189
000000005.474903	-00000002.523965	-00000000.126283
000000005.521376	-00000002.545389	-00000000.042446
000000007.041840	-00000003.283664	000000000.054244
000000008.917851	-00000004.158463	000000000.068696
000000006.886428	-00000003.211194	000000000.159162
000000008.816441	-00000004.111174	000000000.203770
000000005.109051	-00000002.409585	-00000000.118325
000000006.113968	-00000002.883534	-00000000.047193
000000007.085122	-00000003.379430	000000000.054803
000000009.088812	-00000004.335141	000000000.070301
000000015.722652	-00000007.499321	000000000.121614
000000008.888515	-00000004.239604	000000000.206283
000000005.033799	-00000002.428016	-00000000.117068
000000006.268707	-00000003.023665	-00000000.048590
000000008.763028	-00000004.274014	000000000.068067
000000012.367105	-00000006.031840	000000000.096062
000000014.083759	-00000006.869109	000000000.109396
000000008.815236	-00000004.299478	000000000.205445
000000004.743416	-00000002.339194	-00000000.110785
000000005.883342	-00000002.901343	-00000000.045797
000000008.600109	-00000004.287856	000000000.067090
000000011.293797	-00000005.630879	000000000.088104
000000013.844297	-00000006.902512	000000000.108000
000000008.893696	-00000004.434233	000000000.208168
000000004.990658	-00000002.515499	-00000000.117068
000000005.714926	-00000002.880560	-00000000.044680
000000006.424001	-00000003.273192	000000000.050335
000000008.963307	-00000004.567033	000000000.070231
000000011.475884	-00000005.847255	000000000.089919
000000008.881387	-00000004.525293	000000000.208796
000000015.232870	-00000007.761535	000000000.358115
000000004.897410	-00000002.522332	-00000000.115393
000000006.363966	-00000003.277658	-00000000.149948
000000006.818595	-00000003.511807	-00000000.053546
000000013.446756	-00000006.999938	000000000.105836
000000015.016727	-00000007.817214	000000000.118193
000000008.885900	-00000004.625707	000000000.209843
000000015.341921	-00000007.986499	000000000.362304
000000004.406272	-00000002.318252	-00000000.104293
000000005.592986	-00000002.942612	-00000000.044122
000000009.876222	-00000005.196131	-00000000.077911
000000011.000129	-00000005.787447	-00000000.086777
000000011.292624	-00000006.004395	000000000.089290
000000018.620911	-00000009.900914	000000000.147235
000000044.517132	-00000023.670179	000000000.351995
000000012.596899	-00000006.697890	000000000.298848
000000017.399080	-00000009.251255	000000000.412775
000000045.691341	-00000024.294518	000000001.083980
000000004.491558	-00000002.413401	-00000000.106806
000000005.003337	-00000002.688390	-00000000.039654
000000009.619093	-00000005.168525	-00000000.076235
000000009.939179	-00000005.396534	000000000.078958
000000012.021925	-00000006.527373	000000000.095504
000000012.116230	-00000006.578576	000000000.288796
000000004.356376	-00000002.389990	-00000000.104084
000000004.558868	-00000002.501081	-00000000.036303
000000010.661354	-00000005.909685	000000000.085102
000000011.900963	-00000006.596812	000000000.285026
000000004.422585	-00000002.476766	-00000000.106178
000000004.641566	-00000002.599402	-00000000.037140
000000006.447588	-00000003.610823	-00000000.051592
000000009.038838	-00000005.061993	-00000000.072326
000000011.975802	-00000006.775583	000000000.096062
000000011.712419	-00000006.626567	000000000.281885
000000004.487604	-00000002.564877	-00000000.108272
000000004.714204	-00000002.694390	-00000000.037908
000000007.414237	-00000004.237586	-00000000.059620
000000005.499127	-00000003.174922	000000000.044331
000000011.569818	-00000006.679837	000000000.093270
000000011.480979	-00000006.628546	000000000.277696
000000004.162774	-00000002.427658	-00000000.100942
000000004.500473	-00000002.624599	-00000000.036372
000000007.100555	-00000004.140921	-00000000.057386
000000004.583755	-00000002.700038	000000000.037140
000000011.692022	-00000006.887127	000000000.094736
000000011.526070	-00000006.789374	000000000.280210
000000004.038324	-00000002.402550	-00000000.098429
000000004.305521	-00000002.561516	-00000000.034976
000000004.585733	-00000002.755387	000000000.037350
000000011.940050	-00000007.174306	000000000.097249
000000004.584839	-00000002.754849	000000000.112042
000000011.509233	-00000006.915444	000000000.281257
000000004.008657	-00000002.432513	-00000000.098220
000000004.317200	-00000002.619741	-00000000.035255
000000004.552988	-00000002.790074	000000000.037280
000000004.552100	-00000002.789531	000000000.111833
000000011.431396	-00000007.005169	000000000.280838
000000003.596201	-00000002.225397	-00000000.088586
000000004.013565	-00000002.483669	-00000000.032952
000000004.570868	-00000002.856195	000000000.037629
000000011.100679	-00000006.936474	000000000.091385
000000004.629327	-00000002.892725	000000000.114346
000000008.817765	-00000005.509952	000000000.217801
000000011.242652	-00000007.025188	000000000.277696
000000003.906405	-00000002.464758	-00000000.096754
000000004.236993	-00000002.673344	-00000000.034976
000000004.520468	-00000002.879856	000000000.037420
000000011.140929	-00000007.097555	000000000.092222
000000004.713524	-00000003.002846	000000000.117068
000000011.256806	-00000007.171377	000000000.279581
000000003.615675	-00000002.325680	-00000000.090052
000000004.154632	-00000002.672349	-00000000.034487
000000004.562257	-00000002.962764	000000000.037978
000000011.674010	-00000007.581191	000000000.097179
000000006.171262	-00000004.007664	000000000.154136
000000011.504037	-00000007.470809	000000000.287330
000000003.787546	-00000002.483224	-00000000.094869
000000004.106065	-00000002.692054	-00000000.034278
000000004.361116	-00000002.886560	000000000.036512
000000006.119380	-00000004.050329	000000000.153717
000000011.229979	-00000007.432961	000000000.282094
000000003.532971	-00000002.360656	-00000000.089005
000000003.658377	-00000002.444449	-00000000.030718
000000004.493274	-00000003.030752	000000000.037838
000000011.059092	-00000007.459452	000000000.093130
000000014.018683	-00000009.455722	000000000.118053
000000004.235453	-00000002.856849	000000000.107016
000000006.116956	-00000004.125938	000000000.154555
000000011.189552	-00000007.547449	000000000.282723
000000003.528764	-00000002.402650	-00000000.089424
000000003.587312	-00000002.442514	-00000000.030299
000000004.343039	-00000002.984888	000000000.036791
000000033.944931	-00000023.329704	000000000.287558
000000006.113675	-00000004.201813	000000000.155393
000000003.400872	-00000002.359269	-00000000.086702
000000003.500131	-00000002.428127	-00000000.029740
000000003.980982	-00000002.787514	000000000.033929
000000004.496158	-00000003.148244	000000000.114974
000000006.150483	-00000004.306614	000000000.157278
000000003.306673	-00000002.336926	-00000000.084817
000000003.519639	-00000002.487435	-00000000.030089
000000003.899518	-00000002.781499	000000000.033440
000000004.265029	-00000003.042216	000000000.109738
000000005.990576	-00000004.273036	000000000.154136
000000003.367293	-00000002.424104	-00000000.086911
000000003.416643	-00000002.459631	-00000000.029391
000000003.761837	-00000002.733135	000000000.032463
000000004.416264	-00000003.208604	000000000.114346
000000003.394387	-00000002.488868	-00000000.088168
000000003.620848	-00000002.654916	-00000000.031346
000000003.930764	-00000002.908612	000000000.034138
000000004.283617	-00000003.169710	000000000.111623
000000005.770426	-00000004.269891	000000000.150367
000000003.316463	-00000002.476521	-00000000.086702
000000003.629591	-00000002.710345	-00000000.031625
000000003.793426	-00000002.858552	000000000.033161
000000004.151994	-00000003.128752	000000000.108901
000000003.254934	-00000002.475110	-00000000.085654
000000003.494364	-00000002.657176	-00000000.030648
000000003.736603	-00000002.867197	000000000.032882
000000004.116601	-00000003.158779	000000000.108691
000000003.177875	-00000002.460574	-00000000.084189
000000003.423602	-00000002.650836	-00000000.030229
000000003.648401	-00000002.850443	000000000.032323
000000004.002217	-00000003.126874	000000000.106387
000000005.814244	-00000004.542585	000000000.154555
000000003.069916	-00000002.420126	-00000000.081885
000000003.345369	-00000002.637276	-00000000.029740
000000003.427740	-00000002.726548	000000000.030578
000000003.818290	-00000003.037205	000000000.102199
000000003.033085	-00000002.434308	-00000000.081466
000000003.306629	-00000002.653851	-00000000.029601
000000003.567013	-00000002.888510	000000000.032044
000000003.737252	-00000003.026367	000000000.100733
000000003.220767	-00000002.631477	-00000000.087120
000000003.422732	-00000002.796489	-00000000.030857
000000003.425930	-00000002.824119	000000000.030997
000000003.702986	-00000003.052506	000000000.100524
000000002.874838	-00000002.390977	-00000000.078325
000000003.313627	-00000002.755915	-00000000.030089
000000003.485417	-00000002.924613	000000000.031765
000000003.377515	-00000002.834072	000000000.092356
000000002.838602	-00000002.403054	-00000000.077906
000000003.205498	-00000002.713655	-00000000.029321
000000003.338101	-00000002.851007	000000000.030648
000000003.436281	-00000002.934861	000000000.094660
000000002.855394	-00000002.460365	-00000000.078953
000000003.015035	-00000002.597920	-00000000.027785
000000003.335735	-00000002.899710	000000000.030857
000000003.440721	-00000002.990973	000000000.095497
000000002.848848	-00000002.498373	-00000000.079372
000000002.871958	-00000002.518640	-00000000.026668
000000003.145537	-00000002.782936	000000000.029321
000000003.414489	-00000003.020885	000000000.095497
000000002.707594	-00000002.416620	-00000000.076021
000000002.857330	-00000002.550265	-00000000.026738
000000003.098839	-00000002.790207	000000000.029112
000000003.179962	-00000002.863251	000000000.089634
000000002.893618	-00000002.628378	-00000000.081885
000000003.071831	-00000002.790254	-00000000.028972
000000003.133352	-00000002.871188	000000000.029670
000000003.221195	-00000002.951682	000000000.091518
000000002.723739	-00000002.517798	-00000000.077696
000000002.871131	-00000002.654046	-00000000.027297
000000003.152058	-00000002.939341	000000000.030089
000000003.136819	-00000002.925131	000000000.089843
000000002.585150	-00000002.431866	-00000000.074346
000000002.862428	-00000002.692703	-00000000.027436
000000002.995723	-00000002.842835	000000000.028833
000000003.067661	-00000002.911101	000000000.088586
000000002.722715	-00000002.606432	-00000000.078953
000000002.795480	-00000002.676090	-00000000.027017
000000002.898869	-00000002.799405	000000000.028134
000000002.912687	-00000002.812750	000000000.084817
000000007.925386	-00000007.653457	000000000.230785
000000002.742835	-00000002.671951	-00000000.080209
000000002.793509	-00000002.721317	-00000000.027227
000000002.845800	-00000002.796560	000000000.027855
000000002.873769	-00000002.824045	000000000.084398
000000002.627110	-00000002.604283	-00000000.077487
000000002.705740	-00000002.682231	-00000000.026599
000000002.856642	-00000002.856642	000000000.028204
000000002.863154	-00000002.863154	000000000.084817
000000002.674669	-00000002.698112	-00000000.079581
000000002.837110	-00000002.861978	-00000000.028134
000000002.894685	-00000002.945653	000000000.028833
000000002.929158	-00000002.980733	000000000.087539
000000002.776597	-00000002.850256	-00000000.083351
000000002.511984	-00000002.578624	-00000000.025133
000000002.931387	-00000003.035540	000000000.029461
000000003.014156	-00000003.121250	000000000.090890
000000007.563171	-00000007.831892	000000000.228063
000000002.786186	-00000002.910488	-00000000.084398
000000002.461726	-00000002.571553	-00000000.024853
000000003.001153	-00000003.162555	000000000.030438
000000003.516721	-00000003.705850	000000000.107016
000000007.549594	-00000007.955612	000000000.229738
000000022.683189	-00000023.903095	000000000.690262
000000002.418165	-00000002.570585	-00000000.073927
000000002.411785	-00000002.563803	-00000000.024574
000000003.068918	-00000003.291012	000000000.031416
000000003.531977	-00000003.787581	000000000.108482
000000007.548066	-00000008.094310	000000000.231833
000000002.368495	-00000002.562223	-00000000.073089
000000002.294291	-00000002.481950	-00000000.023597
000000002.709051	-00000002.956410	000000000.027995
000000003.512299	-00000003.833001	000000000.108901
000000002.251935	-00000002.479187	-00000000.070157
000000002.259097	-00000002.487072	-00000000.023457
000000003.267623	-00000003.597373	-00000000.033929
000000002.596164	-00000002.883332	000000000.027087
000000003.538924	-00000003.930374	000000000.110785
000000021.514521	-00000023.894297	000000000.673508
000000002.163641	-00000002.424155	-00000000.068063
000000002.243966	-00000002.514152	-00000000.023527
000000002.478139	-00000002.801026	000000000.026110
000000003.173254	-00000003.586711	000000000.100314
000000004.544577	-00000005.136710	000000000.143665
000000021.139568	-00000023.893936	000000000.668273
000000002.175364	-00000002.480527	-00000000.069110
000000002.162601	-00000002.465975	-00000000.022899
000000002.263349	-00000002.603685	000000000.024085
000000002.223552	-00000002.557904	000000000.070995
000000020.700682	-00000023.813410	000000000.660943
000000002.179739	-00000002.529712	-00000000.069948
000000002.160582	-00000002.507479	-00000000.023108
000000002.227553	-00000002.608129	000000000.023946
000000003.325093	-00000003.893183	000000000.035744
000000020.329758	-00000023.803089	000000000.655707
000000002.118822	-00000002.502853	-00000000.068691
000000002.170924	-00000002.564399	-00000000.023457
000000002.166141	-00000002.581507	000000000.023527
000000002.210705	-00000002.634615	000000000.072042
000000020.031296	-00000023.872368	000000000.652775
000000002.162613	-00000002.623460	000000000.023736
000000004.343462	-00000005.269040	000000000.143037
000000019.784054	-00000023.999977	000000000.651519
000000002.315843	-00000002.859828	000000000.025691
000000002.195847	-00000002.711645	000000000.073089
000000019.271856	-00000023.798759	000000000.641466
000000002.035573	-00000002.559066	000000000.022829
000000018.469559	-00000023.219418	000000000.207134
000000018.870504	-00000023.723475	000000000.634974
000000002.080885	-00000002.663412	000000000.023597
000000003.157651	-00000004.041609	000000000.107435
000000018.515036	-00000023.698164	000000000.629948
000000002.014951	-00000002.625936	000000000.023108
000000003.122870	-00000004.069804	000000000.035814
000000017.744963	-00000023.125687	000000000.203504
000000018.210148	-00000023.731926	000000000.626597
000000002.076211	-00000002.755225	000000000.024085
000000003.231668	-00000004.288568	000000000.037489
000000017.452209	-00000023.159866	000000000.202457
000000017.851936	-00000023.690319	000000000.621362
000000003.164380	-00000004.276414	000000000.037140
000000017.035309	-00000023.021898	000000000.199943
000000017.555319	-00000023.724651	000000000.618220
000000003.232740	-00000004.449485	000000000.038397
000000016.739716	-00000023.040241	000000000.198826
000000017.200701	-00000023.674734	000000000.612985
000000003.362188	-00000004.713614	000000000.040421
000000016.375425	-00000022.957499	000000000.196872
000000016.854111	-00000023.628592	000000000.607958
000000003.315191	-00000004.734583	000000000.040352
000000015.996656	-00000022.845592	000000000.194707
000000016.486706	-00000023.545456	000000000.602095
000000002.871610	-00000004.178218	000000000.035395
000000015.740047	-00000022.901909	000000000.194009
000000016.190002	-00000023.556601	000000000.598744
000000002.997201	-00000004.443533	000000000.037420
000000015.422164	-00000022.864300	000000000.192543
000000015.894368	-00000023.564369	000000000.595393
000000003.173560	-00000004.794727	000000000.040142
000000015.117186	-00000022.839575	000000000.191217
000000015.489473	-00000023.402040	000000000.587854
000000014.753912	-00000022.719032	000000000.189122
000000014.849050	-00000022.865530	000000000.571100
000000014.442261	-00000022.669809	000000000.187656
000000014.557626	-00000022.850895	000000000.567540
000000004.721466	-00000007.555924	000000000.062203
000000014.137901	-00000022.625372	000000000.186260
000000014.272894	-00000022.841406	000000000.564189
000000013.898124	-00000022.679676	000000000.185702
000000014.010338	-00000022.862793	000000000.561676
000000001.503875	-00000002.502868	000000000.020385
000000013.658477	-00000022.731524	000000000.185143
000000002.054551	-00000003.419348	000000000.083560
000000013.733053	-00000022.855639	000000000.558534
000000002.096082	-00000003.558442	000000000.028833
000000013.474814	-00000022.875696	000000000.185352
000000002.126119	-00000003.609434	000000000.087749
000000013.502634	-00000022.922924	000000000.557278
000000002.104949	-00000003.645878	000000000.029391
000000001.909581	-00000003.307492	000000000.080000
