000000003.706862	000000004.302025	-00000000.118953
000000003.838134	000000004.454374	-00000000.041050
000000003.592646	000000004.096628	-00000000.114136
000000003.876859	000000004.420711	-00000000.041050
000000003.634917	000000004.072580	-00000000.114346
000000003.688895	000000004.133057	-00000000.038676
000000003.542596	000000003.900094	-00000000.110367
000000003.758439	000000004.137719	-00000000.039025
000000003.691866	000000003.993838	-00000000.113927
000000003.835131	000000004.148821	-00000000.039444
000000003.808782	000000004.048854	-00000000.116440
000000004.069888	000000004.326418	-00000000.041469
000000003.864710	000000004.037129	-00000000.117068
000000003.955358	000000004.131821	-00000000.039933
000000003.802124	000000003.902989	-00000000.114136
000000004.026153	000000004.132961	-00000000.040282
000000005.198412	000000005.336319	-00000000.052010
000000003.948657	000000003.983266	-00000000.117487
000000004.160625	000000004.197093	-00000000.041259
000000004.011667	000000003.976811	-00000000.118325
000000004.246805	000000004.209906	-00000000.041748
000000005.354667	000000005.308142	-00000000.052639
000000004.067703	000000003.962580	-00000000.118953
000000004.462452	000000004.347129	-00000000.043493
000000004.080462	000000003.906192	-00000000.118325
000000004.384643	000000004.197382	-00000000.042376
000000004.216343	000000003.966339	-00000000.121257
000000004.428388	000000004.165811	-00000000.042446
000000005.790408	000000005.447072	-00000000.055501
000000004.316869	000000003.990473	-00000000.123141
000000004.493944	000000004.154159	-00000000.042725
000000003.870492	000000003.515707	-00000000.109529
000000004.507819	000000004.094614	-00000000.042516
000000004.020367	000000003.588315	-00000000.112880
000000004.461314	000000003.981875	-00000000.041748
000000004.442399	000000003.895879	-00000000.123770
000000004.450783	000000003.903232	-00000000.041329
000000004.415635	000000003.804755	-00000000.122094
000000004.583157	000000003.949100	-00000000.042237
000000004.471561	000000003.785456	-00000000.122723
000000004.602180	000000003.896033	-00000000.042097
000000004.504425	000000003.746291	-00000000.122723
000000004.705197	000000003.913271	-00000000.042725
000000004.637594	000000003.789073	-00000000.125445
000000004.754655	000000003.884716	-00000000.042865
000000004.686078	000000003.760975	-00000000.125864
000000004.905354	000000003.936963	-00000000.043912
000000004.726571	000000003.726128	-00000000.126073
000000004.766758	000000003.757809	-00000000.042376
000000004.790528	000000003.709223	-00000000.126911
000000004.870529	000000003.771167	-00000000.043005
000000004.989838	000000003.794361	-00000000.131309
000000005.086329	000000003.867734	-00000000.044610
000000005.022759	000000003.750673	-00000000.131309
000000005.480443	000000004.092441	-00000000.047752
000000005.200427	000000003.813111	-00000000.135079
000000005.483690	000000004.020808	-00000000.047473
000000005.265960	000000003.790949	-00000000.135916
000000005.583493	000000004.019540	-00000000.048031
000000005.478463	000000003.871795	-00000000.140524
000000005.806180	000000004.103403	-00000000.049637
000000005.635262	000000003.909320	-00000000.143665
000000006.211499	000000004.309071	-00000000.052778
000000005.710483	000000003.888129	-00000000.144712
000000006.273664	000000004.271585	-00000000.052988
000000006.988616	000000004.713881	000000000.058852
000000005.719256	000000003.821485	-00000000.144084
000000005.953177	000000003.977786	-00000000.049986
000000007.037825	000000004.658235	000000000.058922
000000005.819275	000000003.815284	-00000000.145759
000000005.887311	000000003.859890	-00000000.049148
000000007.296256	000000004.738244	000000000.060737
000000017.968769	000000011.669055	000000000.448796
000000006.188690	000000003.980699	-00000000.154136
000000006.004872	000000003.862463	-00000000.049846
000000006.273924	000000003.958551	-00000000.155393
000000006.867143	000000004.332844	-00000000.056688
000000007.962978	000000004.975821	000000000.065554
000000012.497487	000000007.809297	000000000.308691
000000014.956287	000000009.345725	000000000.369424
000000006.444256	000000003.987827	-00000000.158744
000000007.032242	000000004.351683	-00000000.057735
000000012.377621	000000007.585015	000000000.304084
000000006.359149	000000003.858827	-00000000.155812
000000007.317868	000000004.440591	-00000000.059760
000000008.357178	000000005.021499	000000000.068067
000000012.308622	000000007.395766	000000000.100251
000000012.271943	000000007.373727	000000000.299895
000000006.607386	000000003.930982	-00000000.161047
000000007.132900	000000004.243629	-00000000.057944
000000012.131443	000000007.145966	000000000.098296
000000012.120463	000000007.139498	000000000.294660
000000006.667347	000000003.888282	-00000000.161675
000000007.316509	000000004.266862	-00000000.059131
000000008.227041	000000004.749884	000000000.066322
000000012.227981	000000007.059828	000000000.098575
000000008.156170	000000004.708967	000000000.197278
000000012.277547	000000007.088445	000000000.296964
000000006.822546	000000003.899406	-00000000.164607
000000007.396874	000000004.227662	-00000000.059480
000000012.184683	000000006.893762	000000000.097738
000000012.269324	000000006.941649	000000000.295288
000000006.838869	000000003.829951	-00000000.164189
000000007.354962	000000004.118977	-00000000.058852
000000007.853893	000000004.353484	000000000.062692
000000012.218140	000000006.772625	000000000.097528
000000012.381899	000000006.863399	000000000.296545
000000007.056103	000000003.871110	-00000000.168586
000000007.539667	000000004.136403	-00000000.060039
000000011.898893	000000006.460572	000000000.094526
000000012.520397	000000006.798021	000000000.298429
000000006.975125	000000003.747870	-00000000.165864
000000007.601902	000000004.084649	-00000000.060248
000000011.919502	000000006.337712	000000000.094247
000000012.667520	000000006.735440	000000000.300524
000000007.078348	000000003.724099	-00000000.167539
000000007.725753	000000004.064715	-00000000.060946
000000011.867916	000000006.178046	000000000.093409
000000012.619395	000000006.569242	000000000.298011
000000007.501659	000000003.863608	-00000000.176754
000000007.814270	000000004.024613	-00000000.061365
000000012.384688	000000006.310314	000000000.097040
000000012.881128	000000006.563263	000000000.302827
000000007.436883	000000003.748498	-00000000.174450
000000007.795516	000000003.929263	-00000000.060946
000000009.879834	000000004.925904	000000000.077073
000000012.830544	000000006.397073	000000000.300314
000000019.380028	000000009.662525	000000000.453613
000000007.684514	000000003.789583	-00000000.179477
000000007.892288	000000003.892046	-00000000.061435
000000009.140512	000000004.458126	000000000.070999
000000010.021309	000000004.887719	000000000.077841
000000011.971644	000000005.838961	000000000.092990
000000019.247946	000000009.387851	000000000.448587
000000007.762316	000000003.744097	-00000000.180524
000000008.124101	000000003.918601	-00000000.062971
000000009.314453	000000004.442766	000000000.072047
000000018.791367	000000008.963022	000000000.145350
000000019.365231	000000009.236741	000000000.449424
000000007.894161	000000003.723128	-00000000.182827
000000008.284607	000000003.907274	-00000000.063948
000000009.534126	000000004.445836	000000000.073443
000000012.697062	000000005.920738	000000000.097807
000000019.086376	000000008.900124	000000000.147025
000000009.423533	000000004.394266	000000000.217801
000000019.490406	000000009.088525	000000000.450471
000000007.880954	000000003.633170	-00000000.181780
000000009.035804	000000004.165563	-00000000.069464
000000009.618056	000000004.383201	000000000.073792
000000019.541681	000000008.905657	000000000.449843
000000008.067325	000000003.634065	-00000000.185340
000000008.898581	000000004.008518	-00000000.068137
000000009.665075	000000004.303169	000000000.073862
000000017.987272	000000008.008450	000000000.137461
000000019.499918	000000008.681923	000000000.447121
000000008.409867	000000003.700430	-00000000.192461
000000009.335949	000000004.107916	-00000000.071209
000000009.821474	000000004.270498	000000000.074769
000000018.102325	000000007.871115	000000000.137810
000000019.257792	000000008.373527	000000000.146606
000000019.538263	000000008.495479	000000000.446283
000000008.349980	000000003.587435	-00000000.190367
000000008.709928	000000003.742080	-00000000.066182
000000009.821548	000000004.169000	000000000.074490
000000009.939272	000000004.218971	000000000.226178
000000008.546928	000000003.584025	-00000000.194136
000000009.203341	000000003.859281	-00000000.069673
000000009.811361	000000004.063999	000000000.074141
000000009.938764	000000004.116771	000000000.225340
000000008.605639	000000003.520660	-00000000.194765
000000009.551345	000000003.907558	-00000000.072047
000000009.994798	000000004.038161	000000000.075258
000000010.002120	000000004.041119	000000000.225969
000000008.598890	000000003.430609	-00000000.193927
000000009.631520	000000003.842587	-00000000.072396
000000010.122697	000000003.987436	000000000.075956
000000013.472117	000000005.306808	000000000.101089
000000019.370821	000000007.630370	000000000.145350
000000019.655411	000000007.742472	000000000.442513
000000008.880087	000000003.453277	-00000000.199581
000000009.739244	000000003.787385	-00000000.072954
000000012.162407	000000004.729701	-00000000.091105
000000013.023129	000000004.999111	000000000.097389
000000019.660725	000000007.547045	000000000.147025
000000019.946239	000000007.656644	000000000.447540
000000039.687134	000000015.234464	000000000.890472
000000008.928583	000000003.382737	-00000000.200000
000000009.874787	000000003.741222	-00000000.073722
000000011.810470	000000004.474587	-00000000.088173
000000013.188023	000000004.930800	000000000.098296
000000019.853096	000000007.422769	000000000.443979
000000009.051560	000000003.339297	-00000000.202094
000000010.319853	000000003.807195	-00000000.076794
000000013.061409	000000004.753964	000000000.097040
000000019.300817	000000007.024923	000000000.143395
000000019.973484	000000007.269753	000000000.445236
000000009.409696	000000003.378426	-00000000.209424
000000010.663264	000000003.828503	-00000000.079098
000000013.177807	000000004.666506	000000000.097598
000000019.417942	000000006.876254	000000000.143814
000000019.696886	000000006.975033	000000000.437697
000000009.457698	000000003.302776	-00000000.209843
000000010.686827	000000003.732007	-00000000.079028
000000013.369308	000000004.603422	000000000.098715
000000013.905528	000000004.788057	000000000.308063
000000020.239113	000000006.968885	000000000.448377
000000039.854321	000000013.722943	000000000.882932
000000009.931118	000000003.371161	-00000000.219686
000000010.908370	000000003.702893	-00000000.080424
000000013.276208	000000004.442157	000000000.097738
000000020.128496	000000006.734900	000000000.444608
000000040.617275	000000013.590350	000000000.897173
000000009.513899	000000003.137213	-00000000.209843
000000011.168190	000000003.682717	-00000000.082100
000000013.675859	000000004.443556	000000000.100391
000000013.901397	000000004.516838	000000000.306178
000000020.338636	000000006.608424	000000000.447958
000000040.544155	000000013.173594	000000000.892985
000000009.778960	000000003.130270	-00000000.215079
000000011.390376	000000003.646088	-00000000.083496
000000013.561524	000000004.275932	000000000.099274
000000013.797258	000000004.350259	000000000.303037
000000009.614942	000000002.985519	-00000000.210890
000000011.841958	000000003.677026	-00000000.086568
000000013.636574	000000004.169119	000000000.099553
000000013.767768	000000004.209229	000000000.301571
000000009.889543	000000002.976414	-00000000.216335
000000012.247039	000000003.685941	-00000000.089290
000000013.471089	000000003.990318	000000000.098087
000000020.431950	000000006.052219	000000000.148771
000000013.928595	000000004.125838	000000000.304293
000000040.098637	000000011.877757	000000000.876021
000000009.579196	000000002.792081	-00000000.209005
000000012.441943	000000003.626496	-00000000.090477
000000013.380437	000000003.836778	000000000.097179
000000017.994379	000000005.159805	000000000.130689
000000018.106199	000000005.191869	000000000.394555
000000024.083935	000000006.905957	000000000.524817
000000009.882248	000000002.787082	-00000000.215079
000000012.906210	000000003.639928	-00000000.093619
000000017.788183	000000004.933100	000000000.128874
000000023.815720	000000006.604684	000000000.517697
000000038.951035	000000010.802078	000000000.846702
000000009.549299	000000002.603438	-00000000.207330
000000013.188321	000000003.595549	-00000000.095434
000000013.937970	000000003.734668	000000000.100740
000000017.637377	000000004.725921	000000000.127478
000000024.345648	000000006.523397	000000000.527958
000000038.812042	000000010.399655	000000000.841676
000000009.958389	000000002.621825	-00000000.215707
000000013.470622	000000003.546519	-00000000.097249
000000017.600496	000000004.551797	000000000.126919
000000024.358002	000000006.299407	000000000.175649
000000038.785168	000000010.030526	000000000.839163
000000044.060417	000000011.394798	000000000.953299
000000009.515759	000000002.416695	-00000000.205655
000000013.413829	000000003.406679	-00000000.096621
000000017.591032	000000004.385937	000000000.126570
000000017.946533	000000004.474574	000000000.387435
000000010.002629	000000002.447628	-00000000.215707
000000013.977272	000000003.420217	-00000000.100460
000000017.056351	000000004.173663	-00000000.122591
000000017.706425	000000004.250936	000000000.127129
000000017.819632	000000004.278115	000000000.383875
000000009.644073	000000002.270878	-00000000.207539
000000014.016319	000000003.300405	-00000000.100530
000000017.393864	000000004.095711	-00000000.124755
000000017.820795	000000004.114255	000000000.127687
000000017.973186	000000004.149437	000000000.386388
000000009.965813	000000002.255033	-00000000.214032
000000014.268910	000000003.228725	-00000000.102136
000000015.926951	000000003.603901	-00000000.114004
000000017.282644	000000003.910663	-00000000.123708
000000017.992697	000000003.988885	000000000.128665
000000027.892097	000000006.183529	000000000.199455
000000039.267773	000000008.705456	000000000.842514
000000009.604074	000000002.085249	-00000000.205864
000000014.589705	000000003.167736	-00000000.104230
000000017.433378	000000003.785157	-00000000.124546
000000018.525665	000000003.937752	000000000.132225
000000022.340347	000000004.748587	000000000.159452
000000028.580776	000000006.075031	000000000.203992
000000009.974285	000000002.074654	-00000000.213403
000000014.998610	000000003.119715	-00000000.106953
000000017.818193	000000003.706190	-00000000.127059
000000018.657312	000000003.795873	000000000.132923
000000021.636209	000000004.401937	000000000.154146
000000042.450829	000000008.636719	000000000.907435
000000009.629199	000000001.915367	-00000000.205655
000000015.299878	000000003.043335	-00000000.108908
000000018.173510	000000003.614936	-00000000.129363
000000021.673800	000000004.212960	000000000.154146
000000022.670614	000000004.406721	000000000.483770
000000009.950040	000000001.889074	-00000000.212147
000000018.980478	000000003.603556	-00000000.134878
000000021.060806	000000003.903390	000000000.149539
000000022.324821	000000004.137661	000000000.475602
000000009.680837	000000001.750581	-00000000.206073
000000015.271940	000000002.761617	-00000000.108349
000000018.371592	000000003.322125	-00000000.130340
000000020.438028	000000003.695797	-00000000.145001
000000022.600788	000000003.985129	000000000.160220
000000039.167061	000000006.906209	000000000.833089
000000010.020907	000000001.721907	-00000000.212984
000000018.557568	000000003.188773	-00000000.131457
000000021.287493	000000003.657860	-00000000.150795
000000022.999619	000000003.848816	000000000.162803
000000026.313459	000000004.403363	000000000.186260
000000026.337910	000000004.407454	000000000.559372
000000009.700047	000000001.579753	-00000000.205864
000000015.317811	000000002.494664	-00000000.108349
000000021.861437	000000003.560361	-00000000.154635
000000022.953318	000000003.635448	000000000.162244
000000024.997782	000000003.959260	000000000.176696
000000026.350883	000000004.173570	000000000.186260
000000026.375368	000000004.177448	000000000.559372
000000010.138366	000000001.560444	-00000000.214869
000000017.029053	000000002.621022	-00000000.120287
000000023.008495	000000003.541346	-00000000.162524
000000026.831347	000000004.009972	000000000.189402
000000009.716245	000000001.408788	-00000000.205655
000000015.359015	000000002.226951	-00000000.108349
000000024.928711	000000003.614491	-00000000.175858
000000026.746489	000000003.758974	000000000.188564
000000027.756538	000000003.900927	000000000.195685
000000030.172731	000000004.240501	000000000.212719
000000030.572771	000000004.296723	000000000.646702
000000010.154148	000000001.381919	-00000000.214660
000000017.032570	000000002.318031	-00000000.120008
000000025.781702	000000003.508736	-00000000.181652
000000028.880085	000000003.802135	000000000.203364
000000031.150438	000000004.101033	000000000.219351
000000031.976995	000000004.209851	000000000.675602
000000054.953648	000000007.234785	000000001.161048
000000009.739352	000000001.239002	-00000000.205655
000000015.236824	000000001.938369	-00000000.107232
000000028.241692	000000003.592797	-00000000.198756
000000029.368725	000000003.606026	000000000.206575
000000031.075863	000000003.815636	000000000.218583
000000034.559616	000000004.243387	000000000.243087
000000034.602493	000000004.248652	000000000.730262
000000010.127076	000000001.198619	-00000000.213613
000000031.714041	000000003.613358	000000000.222842
000000009.729677	000000001.065573	-00000000.205026
000000015.467140	000000001.693927	-00000000.108628
000000034.320114	000000003.607189	000000000.240923
000000041.878296	000000004.401587	000000000.293981
000000010.255876	000000001.032712	-00000000.215916
000000041.905159	000000004.035007	000000000.293911
000000064.497475	000000006.210401	000000001.357278
000000009.776659	000000000.898349	-00000000.205655
000000015.593925	000000001.432880	-00000000.109327
000000050.744919	000000004.439605	000000000.355625
000000051.143375	000000004.474466	000000001.075393
000000010.242446	000000000.851082	-00000000.215288
000000021.017054	000000001.746383	-00000000.147235
000000050.602287	000000003.982486	000000000.354369
000000009.750968	000000000.724622	-00000000.204817
000000015.606585	000000001.159770	-00000000.109257
000000050.954330	000000003.563074	000000000.356603
000000059.900558	000000004.188655	000000001.257802
000000010.345528	000000000.678082	-00000000.217173
000000009.782093	000000000.555467	-00000000.205236
000000015.285005	000000000.867945	-00000000.106883
000000016.882391	000000000.958652	-00000000.118053
000000078.370537	000000004.107226	000000000.547889
000000078.580246	000000004.118216	000000000.549355
000000078.465080	000000004.112181	000000001.645865
000000010.235950	000000000.491668	-00000000.214660
000000009.790298	000000000.384662	-00000000.205236
000000015.617569	000000000.613616	-00000000.109117
000000010.342904	000000000.316004	-00000000.216754
000000009.865487	000000000.215266	-00000000.206702
000000010.036938	000000000.131391	-00000000.210262
000000009.857743	000000000.043013	-00000000.206492
000000015.869462	000000000.069244	-00000000.110793
000000010.137680	-00000000.044234	-00000000.212356
000000009.817005	-00000000.128512	-00000000.205655
000000010.425231	-00000000.227479	-00000000.218429
000000009.903205	-00000000.302570	-00000000.207539
000000010.369722	-00000000.407428	-00000000.217382
000000009.856471	-00000000.473440	-00000000.206702
000000050.169926	-00000002.629294	000000000.350739
000000062.113243	-00000003.255217	000000000.434234
000000062.161037	-00000003.257722	000000001.303875
000000010.061581	-00000000.571338	-00000000.211100
000000042.998600	-00000002.629907	000000000.300753
000000050.494408	-00000003.088370	000000000.353182
000000050.554420	-00000003.092041	000000001.060943
000000009.876637	-00000000.647349	-00000000.207330
000000065.545532	-00000004.583390	000000001.376336
000000009.980286	-00000000.741663	-00000000.209634
000000033.535480	-00000002.639300	000000000.234850
000000065.821983	-00000005.180302	000000001.383037
000000009.863834	-00000000.819621	-00000000.207330
000000015.835040	-00000001.315790	-00000000.110932
000000028.819973	-00000002.394755	-00000000.201898
000000029.406952	-00000002.572775	000000000.206087
000000035.443745	-00000003.100926	000000000.248393
000000040.356956	-00000003.530776	000000000.848587
000000010.115159	-00000000.929453	-00000000.212775
000000017.774685	-00000001.633264	-00000000.124615
000000027.055361	-00000002.486038	-00000000.189681
000000026.019022	-00000002.505347	000000000.182490
000000028.099350	-00000002.705660	000000000.197081
000000034.429916	-00000003.315224	000000000.241482
000000044.494404	-00000004.284324	000000000.936336
000000009.887817	-00000000.995651	-00000000.208168
000000015.909159	-00000001.601968	-00000000.111630
000000017.799553	-00000001.792321	-00000000.124895
000000023.749321	-00000002.391431	-00000000.166643
000000023.629265	-00000002.483536	000000000.165875
000000024.454697	-00000002.570292	000000000.171669
000000025.270185	-00000002.656003	000000000.177394
000000044.147091	-00000004.640046	000000000.929843
000000010.316042	-00000001.129790	-00000000.217382
000000017.723593	-00000001.941049	-00000000.124476
000000019.920404	-00000002.181639	-00000000.139904
000000022.753395	-00000002.491902	-00000000.159801
000000023.576885	-00000002.686247	000000000.165665
000000044.134716	-00000005.028516	000000000.930472
000000009.948364	-00000001.177467	-00000000.209843
000000015.570934	-00000001.842942	-00000000.109466
000000020.834068	-00000002.465874	-00000000.146467
000000022.073689	-00000002.710308	000000000.155263
000000044.396778	-00000005.451239	000000000.936964
000000010.602207	-00000001.348771	-00000000.223874
000000017.508461	-00000002.227357	-00000000.123219
000000019.710659	-00000002.507513	-00000000.138718
000000020.472837	-00000002.695300	000000000.144163
000000022.406109	-00000002.949820	000000000.157776
000000055.627682	-00000007.323523	000000001.175289
000000009.926299	-00000001.350910	-00000000.209843
000000015.377865	-00000002.092835	-00000000.108349
000000017.854099	-00000002.509230	000000000.125872
000000020.319805	-00000002.855762	000000000.143255
000000021.929626	-00000003.082008	000000000.463875
000000050.829212	-00000007.143580	000000001.075184
000000010.458321	-00000001.516384	-00000000.221361
000000016.873144	-00000002.446490	-00000000.119030
000000017.712843	-00000002.647202	000000000.125034
000000022.667692	-00000003.387709	000000000.160010
000000009.940737	-00000001.530026	-00000000.210681
000000014.864594	-00000002.287880	-00000000.104998
000000017.412519	-00000002.757872	000000000.123080
000000019.723656	-00000003.123920	000000000.139416
000000019.828432	-00000003.140515	000000000.420524
000000045.542194	-00000007.213175	000000000.965864
000000010.548676	-00000001.717961	-00000000.223874
000000015.140156	-00000002.465731	-00000000.107093
000000017.496281	-00000002.927873	000000000.123848
000000020.628571	-00000003.452039	000000000.438115
000000029.256676	-00000004.895888	000000000.621362
000000032.451542	-00000005.430525	000000000.689215
000000009.912519	-00000001.703282	-00000000.210681
000000014.428189	-00000002.479216	-00000000.102206
000000015.402019	-00000002.715791	000000000.109187
000000017.588238	-00000003.101281	000000000.124685
000000017.762037	-00000003.131926	000000000.377801
000000019.337381	-00000003.409702	000000000.411309
000000032.166611	-00000005.671842	000000000.684189
000000010.448220	-00000001.889346	-00000000.222409
000000013.727033	-00000002.482252	-00000000.097389
000000015.063098	-00000002.791780	000000000.106953
000000017.599834	-00000003.261936	000000000.124965
000000017.684875	-00000003.277698	000000000.376754
000000009.891106	-00000001.877885	-00000000.210890
000000012.810841	-00000002.432214	-00000000.091036
000000013.840607	-00000002.690341	000000000.098436
000000016.863945	-00000003.278019	000000000.119938
000000017.675228	-00000003.435716	000000000.377173
000000010.276375	-00000002.044098	-00000000.219477
000000012.239902	-00000002.434668	-00000000.087126
000000013.140470	-00000002.673459	000000000.093619
000000017.095936	-00000003.478208	000000000.365445
000000020.652283	-00000004.201754	000000000.441466
000000009.856826	-00000002.050223	-00000000.210890
000000011.709099	-00000002.435496	-00000000.083496
000000012.725390	-00000002.704865	000000000.090826
000000013.368345	-00000002.841530	000000000.286283
000000017.045374	-00000003.623106	000000000.365026
000000020.458361	-00000004.348559	000000000.438115
000000010.121894	-00000002.197679	-00000000.216963
000000010.905633	-00000002.367845	-00000000.077911
000000011.812894	-00000002.618855	000000000.084473
000000020.282982	-00000004.496629	000000000.435183
000000009.800041	-00000002.217523	-00000000.210471
000000010.474921	-00000002.370233	-00000000.074979
000000011.623952	-00000002.683601	000000000.083286
000000011.943157	-00000002.757295	000000000.256754
000000020.233229	-00000004.671209	000000000.434974
000000009.974949	-00000002.348789	-00000000.214660
000000010.346769	-00000002.436341	-00000000.074211
000000011.113917	-00000002.668216	000000000.079796
000000014.232374	-00000003.416891	000000000.306597
000000020.172251	-00000004.842929	000000000.434555
000000009.478220	-00000002.319306	-00000000.204398
000000010.024006	-00000002.452858	-00000000.072047
000000010.692399	-00000002.665915	000000000.076933
000000013.270735	-00000003.308766	000000000.286492
000000015.327311	-00000003.821528	000000000.330890
000000019.983709	-00000004.982498	000000000.431414
000000009.341337	-00000002.372397	-00000000.201885
000000009.362542	-00000002.377783	-00000000.067439
000000010.155621	-00000002.626422	000000000.073233
000000009.795506	-00000002.533290	000000000.211937
000000019.620049	-00000005.074090	000000000.424503
000000008.575816	-00000002.257824	-00000000.185759
000000008.925616	-00000002.349919	-00000000.064437
000000009.910158	-00000002.655419	000000000.071628
000000011.762397	-00000003.151725	000000000.255079
000000020.115822	-00000005.390018	000000000.436231
000000008.237476	-00000002.245794	-00000000.178848
000000008.788998	-00000002.396156	-00000000.063599
000000008.980817	-00000002.490601	000000000.065065
000000011.214199	-00000003.109972	000000000.243770
000000013.786528	-00000003.823343	000000000.299686
000000018.680696	-00000005.180615	000000000.406074
000000007.669086	-00000002.162906	-00000000.166911
000000008.007432	-00000002.258329	-00000000.058084
000000009.170213	-00000002.629516	000000000.066601
000000009.966098	-00000002.857733	000000000.217173
000000011.599884	-00000003.326213	000000000.252775
000000014.607973	-00000004.188769	000000000.318325
000000007.438755	-00000002.168199	-00000000.162304
000000007.824215	-00000002.280551	-00000000.056897
000000008.542875	-00000002.530515	000000000.062203
000000010.937734	-00000003.239904	000000000.238953
000000018.721643	-00000005.545603	000000000.409005
000000020.543001	-00000006.085114	000000000.448796
000000007.304667	-00000002.198455	-00000000.159791
000000007.392271	-00000002.224821	-00000000.053895
000000008.042327	-00000002.458786	000000000.058712
000000010.660460	-00000003.259229	000000000.233508
000000018.290096	-00000005.591844	000000000.400628
000000007.084694	-00000002.199856	-00000000.155393
000000007.305725	-00000002.268488	-00000000.053407
000000007.600939	-00000002.396567	000000000.055641
000000009.144140	-00000002.883136	000000000.200838
000000012.014198	-00000003.788062	000000000.263875
000000006.751006	-00000002.161014	-00000000.148482
000000006.999938	-00000002.240698	-00000000.051312
000000007.313447	-00000002.376283	000000000.053686
000000007.768428	-00000002.524115	000000000.171100
000000011.942651	-00000003.880402	000000000.263037
000000018.360872	-00000005.965809	000000000.404398
000000006.513507	-00000002.147833	-00000000.143665
000000006.666725	-00000002.198356	-00000000.049008
000000007.112254	-00000002.379727	000000000.052359
000000007.518557	-00000002.515674	000000000.166073
000000010.950736	-00000003.664065	000000000.241885
000000006.456647	-00000002.191736	-00000000.142827
000000006.552597	-00000002.224307	-00000000.048310
000000006.835933	-00000002.353800	000000000.050475
000000007.335615	-00000002.525855	000000000.162513
000000006.276815	-00000002.191962	-00000000.139267
000000006.466852	-00000002.258326	-00000000.047822
000000006.645461	-00000002.353281	000000000.049218
000000007.209626	-00000002.553062	000000000.160210
000000006.285677	-00000002.256788	-00000000.139895
000000006.437487	-00000002.311294	-00000000.047752
000000006.521308	-00000002.373562	000000000.048450
000000007.027359	-00000002.557750	000000000.156649
000000006.012487	-00000002.218124	-00000000.134241
000000006.276347	-00000002.315467	-00000000.046705
000000006.387949	-00000002.388356	000000000.047612
000000007.060959	-00000002.639985	000000000.157906
000000006.020950	-00000002.281134	-00000000.134869
000000006.124987	-00000002.320550	-00000000.045727
000000006.338857	-00000002.433259	000000000.047403
000000006.748306	-00000002.590432	000000000.151414
000000005.972860	-00000002.322718	-00000000.134241
000000006.197701	-00000002.410154	-00000000.046425
000000006.298773	-00000002.481153	000000000.047263
000000006.576610	-00000002.590595	000000000.148063
000000005.896647	-00000002.352524	-00000000.132984
000000006.083554	-00000002.427092	-00000000.045727
000000006.397413	-00000002.584723	000000000.048171
000000006.507403	-00000002.629162	000000000.147016
000000005.672319	-00000002.320607	-00000000.128377
000000006.006611	-00000002.457370	-00000000.045308
000000006.115933	-00000002.533303	000000000.046216
000000006.364134	-00000002.636111	000000000.144293
000000005.624192	-00000002.358419	-00000000.127749
000000005.929607	-00000002.486491	-00000000.044890
000000006.019955	-00000002.555319	000000000.045657
000000006.377699	-00000002.707173	000000000.145131
000000005.585025	-00000002.399516	-00000000.127330
000000005.889308	-00000002.530246	-00000000.044750
000000006.098301	-00000002.651617	000000000.046425
000000006.262146	-00000002.722859	000000000.143037
000000005.490664	-00000002.415950	-00000000.125655
000000005.656487	-00000002.488914	-00000000.043144
000000006.138875	-00000002.733204	000000000.046914
000000006.283814	-00000002.797734	000000000.144084
000000005.478488	-00000002.467879	-00000000.125864
000000005.661904	-00000002.550502	-00000000.043354
000000006.123890	-00000002.790817	000000000.046984
000000006.204575	-00000002.827588	000000000.142827
000000005.438584	-00000002.507222	-00000000.125445
000000005.621269	-00000002.591441	-00000000.043214
000000006.008674	-00000002.801891	000000000.046286
000000006.170602	-00000002.877399	000000000.142618
000000005.353200	-00000002.524733	-00000000.123979
000000005.616529	-00000002.648927	-00000000.043354
000000005.983994	-00000002.854219	000000000.046286
000000006.154282	-00000002.935442	000000000.142827
000000005.339969	-00000002.575695	-00000000.124189
000000005.322997	-00000002.567509	-00000000.041259
000000006.084687	-00000002.967700	000000000.047263
000000006.137417	-00000002.993418	000000000.143037
000000005.236588	-00000002.582400	-00000000.122304
000000005.542538	-00000002.733277	-00000000.043144
000000005.799033	-00000002.891291	000000000.045239
000000006.191587	-00000003.087012	000000000.144922
000000005.231709	-00000002.636998	-00000000.122723
000000005.313095	-00000002.678020	-00000000.041538
000000005.960689	-00000003.037122	000000000.046705
000000006.191137	-00000003.154542	000000000.145550
000000005.288492	-00000002.723752	-00000000.124607
000000005.351753	-00000002.756334	-00000000.042027
000000005.871869	-00000003.056701	000000000.046216
000000005.968274	-00000003.106887	000000000.140942
000000005.052171	-00000002.658076	-00000000.119581
000000005.230149	-00000002.751715	-00000000.041259
000000005.491800	-00000002.920042	000000000.043423
000000006.011554	-00000003.196400	000000000.142618
000000005.002362	-00000002.687866	-00000000.118953
000000005.249981	-00000002.820916	-00000000.041608
000000005.562777	-00000003.020341	000000000.044191
000000006.053722	-00000003.286903	000000000.144293
000000004.768348	-00000002.616005	-00000000.113927
000000004.997221	-00000002.741569	-00000000.039793
000000005.186368	-00000002.874851	000000000.041399
000000005.998575	-00000003.325065	000000000.143665
000000004.788952	-00000002.681942	-00000000.114974
000000004.964381	-00000002.780187	-00000000.039723
000000005.195897	-00000002.939697	000000000.041678
000000005.534248	-00000003.131127	000000000.133194
000000004.695925	-00000002.683943	-00000000.113298
000000004.887840	-00000002.793631	-00000000.039304
000000005.239326	-00000003.024926	000000000.042237
000000005.662564	-00000003.269283	000000000.136963
000000004.283684	-00000002.498171	-00000000.103874
000000004.655960	-00000002.715276	-00000000.037629
000000005.014560	-00000002.953801	000000000.040631
000000005.452916	-00000003.212013	000000000.132566
000000004.150023	-00000002.469004	-00000000.101152
000000004.451617	-00000002.648433	-00000000.036163
000000005.022878	-00000003.018050	000000000.040910
000000005.364691	-00000003.223431	000000000.131100
000000008.218431	-00000004.938132	000000000.200838
000000010.078077	-00000006.055520	000000000.246283
000000004.171055	-00000002.531058	-00000000.102199
000000004.317200	-00000002.619741	-00000000.035255
000000004.757616	-00000002.915471	000000000.038955
000000004.935704	-00000003.024603	000000000.121257
000000006.436022	-00000003.943999	000000000.158115
000000003.987277	-00000002.467402	-00000000.098220
000000004.183631	-00000002.588909	-00000000.034348
000000004.799835	-00000002.999270	000000000.039514
000000004.824336	-00000003.014579	000000000.119162
000000006.392880	-00000003.994715	000000000.157906
000000008.063169	-00000005.038427	000000000.199162
000000003.914861	-00000002.470093	-00000000.096963
000000004.194708	-00000002.646663	-00000000.034627
000000004.427697	-00000002.820754	000000000.036652
000000004.157008	-00000002.648306	000000000.103246
000000007.285304	-00000004.641251	000000000.180943
000000003.926791	-00000002.525797	-00000000.097801
000000004.095760	-00000002.634481	-00000000.033999
000000004.486778	-00000002.913748	000000000.037350
000000005.684939	-00000003.691843	000000000.141990
000000007.345143	-00000004.769992	000000000.183456
000000003.829350	-00000002.510632	-00000000.095916
000000003.988988	-00000002.615295	-00000000.033301
000000005.111596	-00000003.383291	000000000.042795
000000005.760887	-00000003.813048	000000000.144712
000000006.878049	-00000004.552482	000000000.172775
000000009.120709	-00000006.036866	000000000.229110
000000003.774044	-00000002.521736	-00000000.095079
000000003.916126	-00000002.616672	-00000000.032882
000000004.219698	-00000002.846223	000000000.035535
000000005.387562	-00000003.633957	000000000.136126
000000009.274896	-00000006.255996	000000000.234346
000000003.801479	-00000002.588335	-00000000.096335
000000003.876611	-00000002.639491	-00000000.032742
000000004.755092	-00000003.268084	000000000.040282
000000005.001349	-00000003.437332	000000000.127120
000000006.608043	-00000004.541582	000000000.167958
000000008.997484	-00000006.183800	000000000.228691
000000003.614454	-00000002.507436	-00000000.092147
000000003.828781	-00000002.656120	-00000000.032533
000000004.374166	-00000003.062824	000000000.037280
000000005.192285	-00000003.635677	000000000.132775
000000009.090594	-00000006.365303	000000000.232461
000000003.551612	-00000002.510031	-00000000.091100
000000003.968781	-00000002.804857	-00000000.033929
000000004.738037	-00000003.379609	000000000.040631
000000006.659303	-00000004.750035	000000000.057107
000000004.973155	-00000003.547317	000000000.127958
000000009.205627	-00000006.566310	000000000.236859
000000003.456547	-00000002.488358	-00000000.089215
000000003.692572	-00000002.658271	-00000000.031765
000000004.773084	-00000003.467849	000000000.041189
000000004.861126	-00000003.531815	000000000.125864
000000009.180329	-00000006.669899	000000000.237696
000000003.265384	-00000002.394279	-00000000.084817
000000003.580527	-00000002.625351	-00000000.030997
000000004.509527	-00000003.336874	000000000.039165
000000006.269931	-00000004.639505	000000000.054454
000000009.073553	-00000006.714077	000000000.236440
000000024.769434	-00000018.328417	000000000.645445
000000003.180280	-00000002.374828	-00000000.083141
000000003.453320	-00000002.578716	-00000000.030089
000000004.456277	-00000003.358046	000000000.038955
000000004.383547	-00000003.303240	000000000.114974
000000024.536686	-00000018.489719	000000000.643561
000000003.183310	-00000002.420645	-00000000.083770
000000003.470484	-00000002.639018	-00000000.030438
000000004.030137	-00000003.092433	000000000.035465
000000004.632167	-00000003.554387	000000000.122304
000000007.471749	-00000005.733275	000000000.197278
000000024.414061	-00000018.733568	000000000.644608
000000003.138349	-00000002.429970	-00000000.083141
000000003.336628	-00000002.583494	-00000000.029461
000000003.506562	-00000002.739627	000000000.031067
000000004.625510	-00000003.613845	000000000.040980
000000004.293716	-00000003.354619	000000000.114136
000000024.430855	-00000019.087475	000000000.649424
000000027.960369	-00000021.845036	000000000.743246
000000003.030658	-00000002.389179	-00000000.080838
000000003.274692	-00000002.581559	-00000000.029112
000000003.192963	-00000002.539798	000000000.028484
000000004.492061	-00000003.573147	000000000.040072
000000004.326874	-00000003.441751	000000000.115812
000000023.347906	-00000018.571762	000000000.624922
000000024.505911	-00000019.492882	000000000.655917
000000002.877143	-00000002.309151	-00000000.077278
000000003.072670	-00000002.466079	-00000000.027506
000000003.131822	-00000002.536099	000000000.028134
000000006.574495	-00000005.323921	000000000.059061
000000023.091711	-00000018.699299	000000000.622409
000000002.810429	-00000002.296217	-00000000.076021
000000002.981339	-00000002.435856	-00000000.026878
000000003.125004	-00000002.576054	000000000.028274
000000022.654346	-00000018.674803	000000000.204970
000000022.765648	-00000018.766552	000000000.618011
000000002.751850	-00000002.288690	-00000000.074974
000000002.844646	-00000002.365867	-00000000.025831
000000003.033462	-00000002.545377	000000000.027646
000000003.117117	-00000002.615572	000000000.085236
000000006.709078	-00000005.629585	000000000.183456
000000022.815460	-00000019.144444	000000000.623875
000000002.693620	-00000002.280317	-00000000.073927
000000002.755202	-00000002.332451	-00000000.025202
000000002.897076	-00000002.474337	000000000.026599
000000003.056162	-00000002.610209	000000000.084189
000000006.393611	-00000005.460660	000000000.176126
000000022.366238	-00000019.102571	000000000.616126
000000002.658470	-00000002.290684	-00000000.073508
000000002.742318	-00000002.362933	-00000000.025272
000000002.837639	-00000002.466722	000000000.026250
000000003.229449	-00000002.807317	000000000.089634
000000022.198687	-00000019.297024	000000000.616126
000000002.600795	-00000002.280836	-00000000.072461
000000002.684003	-00000002.353807	-00000000.024923
000000002.741111	-00000002.425130	000000000.025551
000000002.942750	-00000002.603526	000000000.082304
000000022.029446	-00000019.490007	000000000.616126
000000002.543498	-00000002.270159	-00000000.071414
000000002.618598	-00000002.337188	-00000000.024504
000000002.697550	-00000002.428885	000000000.025342
000000002.853050	-00000002.568898	000000000.080419
000000022.185438	-00000019.975859	000000000.625341
000000002.560593	-00000002.325879	-00000000.072461
000000002.642514	-00000002.400291	-00000000.024923
000000002.676252	-00000002.452333	000000000.025342
000000002.727328	-00000002.499135	000000000.077487
000000002.452099	-00000002.266697	-00000000.069948
000000002.555380	-00000002.362169	-00000000.024295
000000002.552362	-00000002.380116	000000000.024365
000000002.749287	-00000002.563751	000000000.078743
000000002.359404	-00000002.219506	-00000000.067853
000000002.512819	-00000002.363824	-00000000.024085
000000002.509734	-00000002.381649	000000000.024155
000000002.603523	-00000002.470651	000000000.075183
000000002.311058	-00000002.212357	-00000000.067016
000000002.463201	-00000002.358002	-00000000.023806
000000002.596753	-00000002.507656	000000000.025202
000000002.689741	-00000002.597453	000000000.078325
000000002.248695	-00000002.190582	-00000000.065759
000000002.413879	-00000002.351496	-00000000.023527
000000002.496316	-00000002.453123	000000000.024434
000000002.552876	-00000002.508705	000000000.074974
000000002.293396	-00000002.273469	-00000000.067644
000000002.400368	-00000002.379512	-00000000.023597
000000002.496026	-00000002.496026	000000000.024644
000000002.566235	-00000002.566235	000000000.076021
000000002.245314	-00000002.264995	-00000000.066806
000000002.372472	-00000002.393266	-00000000.023527
000000002.425087	-00000002.467787	000000000.024155
000000002.655864	-00000002.702626	000000000.079372
000000002.253369	-00000002.313148	-00000000.067644
000000002.372430	-00000002.435367	-00000000.023736
000000002.479870	-00000002.567981	000000000.024923
000000002.569672	-00000002.660974	000000000.077487
000000002.163961	-00000002.260503	-00000000.065550
000000002.330342	-00000002.434307	-00000000.023527
000000002.429832	-00000002.560509	000000000.024644
000000002.539471	-00000002.676044	000000000.077278
000000002.212656	-00000002.352122	-00000000.067644
000000002.261049	-00000002.403566	-00000000.023038
000000002.407396	-00000002.581616	000000000.024644
000000002.591025	-00000002.778534	000000000.079581
000000002.063102	-00000002.231851	-00000000.063665
000000002.158534	-00000002.335089	-00000000.022200
000000002.384775	-00000002.602525	000000000.024644
000000002.593697	-00000002.830524	000000000.080419
000000002.009936	-00000002.212767	-00000000.062618
000000002.117904	-00000002.331630	-00000000.021991
000000002.328518	-00000002.586081	000000000.024295
000000002.461861	-00000002.734173	000000000.077068
000000001.943948	-00000002.178010	-00000000.061152
000000002.137428	-00000002.394786	-00000000.022410
000000002.345618	-00000002.651239	000000000.024714
000000002.365035	-00000002.673186	000000000.074764
000000002.089668	-00000002.382810	-00000000.066387
000000002.109855	-00000002.405829	-00000000.022340
000000002.401118	-00000002.762170	000000000.025551
000000002.348176	-00000002.701268	000000000.074974
000000001.990481	-00000002.310066	-00000000.063874
000000002.049616	-00000002.378696	-00000000.021921
000000002.331462	-00000002.729791	000000000.025063
000000002.473854	-00000002.896511	000000000.079791
000000001.983166	-00000002.342610	-00000000.064293
000000002.061085	-00000002.434652	-00000000.022270
000000002.198280	-00000002.619808	000000000.023876
000000002.326381	-00000002.772473	000000000.075812
000000002.099007	-00000002.546299	000000000.023038
000000002.327536	-00000002.823527	000000000.076649
000000002.120758	-00000002.618918	000000000.023527
000000002.277640	-00000002.812651	000000000.075812
000000001.923523	-00000002.418200	000000000.021572
000000002.178323	-00000002.738528	000000000.073298
000000001.945443	-00000002.490053	000000000.022061
000000002.154343	-00000002.757433	000000000.073298
000000001.881027	-00000002.451402	000000000.021572
000000002.136284	-00000002.784060	000000000.073508
000000001.859563	-00000002.467724	000000000.021572
000000002.033689	-00000002.698796	000000000.070785
000000001.766581	-00000002.387397	000000000.020734
000000001.920856	-00000002.595888	000000000.067644
000000001.769190	-00000002.435082	000000000.021014
000000001.827611	-00000002.515491	000000000.065131
000000001.730453	-00000002.426005	000000000.020804
000000001.852036	-00000002.596459	000000000.066806
000000001.703480	-00000002.432822	000000000.020734
000000001.806370	-00000002.579763	000000000.065969
000000001.733161	-00000002.521765	000000000.021363
000000001.800777	-00000002.620147	000000000.066597
000000001.705497	-00000002.528503	000000000.021293
000000001.733118	-00000002.569453	000000000.064921
000000001.661290	-00000002.509935	000000000.021014
000000001.776847	-00000002.684524	000000000.067435
000000001.590307	-00000002.448858	000000000.020385
000000001.622668	-00000002.498690	000000000.062408
000000001.472165	-00000002.310836	000000000.019129
000000001.579314	-00000002.479027	000000000.061571
000000001.467841	-00000002.349036	000000000.019338
000000001.515237	-00000002.424886	000000000.059895
000000001.509984	-00000002.464070	000000000.020176
000000001.556704	-00000002.540310	000000000.062408
000000001.452372	-00000002.417153	000000000.019687
000000001.534477	-00000002.553798	000000000.062408
000000001.446449	-00000002.455583	000000000.019897
000000001.410647	-00000002.394804	000000000.058220
000000001.349967	-00000002.338212	000000000.018849
000000001.374698	-00000002.381047	000000000.057592
