000000003.361631	000000003.901365	-00000000.035953
000000003.415328	000000003.894435	-00000000.036163
000000003.381937	000000003.789140	-00000000.106387
000000003.495794	000000003.916706	-00000000.036652
000000003.387985	000000003.729881	-00000000.105550
000000003.536563	000000003.893453	-00000000.036721
000000003.461124	000000003.744223	-00000000.106806
000000003.611132	000000003.906501	-00000000.037140
000000003.555320	000000003.779416	-00000000.108691
000000003.679343	000000003.911257	-00000000.037489
000000003.595079	000000003.755469	-00000000.108901
000000003.789399	000000003.958458	-00000000.038257
000000003.648644	000000003.745438	-00000000.109529
000000003.865665	000000003.968216	-00000000.038676
000000003.702306	000000003.734756	-00000000.110157
000000004.012786	000000004.047958	-00000000.039793
000000003.756057	000000003.723421	-00000000.110785
000000004.040856	000000004.005746	-00000000.039723
000000003.817052	000000003.718407	-00000000.111623
000000004.125799	000000004.019175	-00000000.040212
000000003.914354	000000003.747179	-00000000.113508
000000004.261844	000000004.079828	-00000000.041189
000000003.888648	000000003.658075	-00000000.111833
000000004.253583	000000004.001371	-00000000.040771
000000004.001180	000000003.698653	-00000000.114136
000000004.420514	000000004.086281	-00000000.042027
000000004.218318	000000003.831650	-00000000.119372
000000004.441201	000000004.034102	-00000000.041888
000000004.132251	000000003.688175	-00000000.116021
000000004.737349	000000004.228245	-00000000.044331
000000004.231930	000000003.711303	-00000000.117906
000000004.443265	000000003.896639	-00000000.041259
000000004.233860	000000003.648127	-00000000.117068
000000004.605883	000000003.968683	-00000000.042446
000000004.326579	000000003.662719	-00000000.118744
000000004.632709	000000003.921877	-00000000.042376
000000004.465991	000000003.714326	-00000000.121675
000000005.066545	000000004.213800	-00000000.046007
000000004.498234	000000003.675212	-00000000.121675
000000004.940505	000000004.036561	-00000000.044540
000000004.405381	000000003.535692	-00000000.118325
000000004.858562	000000003.899408	-00000000.043493
000000004.608799	000000003.633284	-00000000.122932
000000004.923817	000000003.881624	-00000000.043773
000000004.640330	000000003.592927	-00000000.122932
000000005.084010	000000003.936461	-00000000.044890
000000004.727215	000000003.594658	-00000000.124398
000000005.261445	000000004.000896	-00000000.046146
000000004.750393	000000003.547287	-00000000.124189
000000005.167961	000000003.859100	-00000000.045029
000000004.821481	000000003.535256	-00000000.125236
000000005.128863	000000003.760638	-00000000.044401
000000004.811578	000000003.463840	-00000000.124189
000000005.055983	000000003.639787	-00000000.043493
000000004.955927	000000003.502503	-00000000.127120
000000005.169215	000000003.653240	-00000000.044191
000000005.010947	000000003.476218	-00000000.127749
000000005.315926	000000003.687789	-00000000.045169
000000005.041091	000000003.432357	-00000000.127749
000000005.455359	000000003.714422	-00000000.046076
000000006.076697	000000004.098784	000000000.051173
000000006.299304	000000004.248934	000000000.159162
000000005.320239	000000003.554870	-00000000.134031
000000005.620598	000000003.755563	-00000000.047193
000000006.095557	000000004.034561	000000000.051033
000000006.286120	000000004.160692	000000000.157906
000000005.392862	000000003.535716	-00000000.135079
000000005.694970	000000003.733786	-00000000.047542
000000006.155692	000000003.997553	000000000.051242
000000006.255110	000000004.062116	000000000.156230
000000005.440329	000000003.499337	-00000000.135497
000000005.861899	000000003.770500	-00000000.048659
000000006.224077	000000003.965174	000000000.051522
000000006.256592	000000003.985889	000000000.155393
000000005.589035	000000003.526418	-00000000.138429
000000005.919950	000000003.735211	-00000000.048869
000000006.249962	000000003.905410	000000000.051452
000000006.342009	000000003.962927	000000000.156649
000000005.636599	000000003.488033	-00000000.138848
000000005.926810	000000003.667622	-00000000.048659
000000006.420224	000000003.934318	000000000.052569
000000006.487169	000000003.975342	000000000.159372
000000005.752295	000000003.490578	-00000000.140942
000000006.052629	000000003.672825	-00000000.049427
000000006.608599	000000003.970847	000000000.053826
000000006.727287	000000004.042162	000000000.164398
000000005.799721	000000003.450471	-00000000.141361
000000006.178982	000000003.676108	-00000000.050195
000000006.574070	000000003.872423	000000000.053267
000000006.805377	000000004.008674	000000000.165445
000000005.915976	000000003.450095	-00000000.143456
000000006.202188	000000003.617009	-00000000.050125
000000006.720193	000000003.879905	000000000.054175
000000006.952659	000000004.014119	000000000.168168
000000005.937178	000000003.393377	-00000000.143246
000000006.346379	000000003.627254	-00000000.051033
000000006.745092	000000003.816190	000000000.054105
000000006.909109	000000003.908986	000000000.166283
000000006.036348	000000003.380517	-00000000.144922
000000006.403965	000000003.586393	-00000000.051242
000000006.786884	000000003.762031	000000000.054175
000000006.820538	000000003.780686	000000000.163351
000000006.188334	000000003.395036	-00000000.147853
000000006.557756	000000003.597708	-00000000.052220
000000006.933698	000000003.764691	000000000.055082
000000007.081713	000000003.845056	000000000.168796
000000015.129911	000000008.214871	000000000.360628
000000006.349829	000000003.411886	-00000000.150995
000000006.606520	000000003.549811	-00000000.052359
000000007.266481	000000003.863657	000000000.057456
000000007.635821	000000004.060038	000000000.181152
000000015.306953	000000008.138851	000000000.363142
000000006.432449	000000003.384275	-00000000.152251
000000006.761141	000000003.557208	-00000000.053337
000000007.122523	000000003.707751	000000000.056060
000000007.582280	000000003.947085	000000000.179058
000000006.559508	000000003.378368	-00000000.154555
000000006.951945	000000003.580487	-00000000.054593
000000007.261526	000000003.699932	000000000.056897
000000007.491721	000000003.817223	000000000.176126
000000017.575703	000000008.955268	000000000.413194
000000006.686945	000000003.370498	-00000000.156859
000000007.009714	000000003.533187	-00000000.054803
000000007.347232	000000003.663195	000000000.057316
000000007.471063	000000003.724935	000000000.174869
000000006.832671	000000003.369501	-00000000.159581
000000007.147902	000000003.524955	-00000000.055641
000000007.450821	000000003.634008	000000000.057875
000000007.494298	000000003.655214	000000000.174660
000000017.684387	000000008.625252	000000000.412147
000000006.978880	000000003.366212	-00000000.162304
000000007.178390	000000003.462444	-00000000.055641
000000007.599583	000000003.624815	000000000.058782
000000007.652244	000000003.649933	000000000.177592
000000014.366007	000000006.852233	000000000.333403
000000017.578505	000000008.384517	000000000.407958
000000007.134586	000000003.364889	-00000000.165236
000000007.343997	000000003.463654	-00000000.056688
000000007.839371	000000003.655559	000000000.060388
000000007.692865	000000003.587242	000000000.177801
000000012.875809	000000006.004088	000000000.297592
000000014.842065	000000006.920969	000000000.343037
000000007.218154	000000003.327615	-00000000.166492
000000007.419349	000000003.420367	-00000000.057037
000000007.834575	000000003.570422	000000000.060109
000000007.551023	000000003.441199	000000000.173822
000000012.945909	000000005.899790	000000000.298011
000000014.756334	000000006.724849	000000000.339686
000000007.265150	000000003.272711	-00000000.166911
000000007.549205	000000003.400669	-00000000.057805
000000007.792353	000000003.469379	000000000.059550
000000007.973502	000000003.550032	000000000.182827
000000016.960817	000000007.551443	000000000.388901
000000007.439850	000000003.273612	-00000000.170262
000000007.844028	000000003.451455	-00000000.059829
000000008.051591	000000003.500932	000000000.061295
000000007.399052	000000003.217199	000000000.169005
000000013.817064	000000006.007831	000000000.315602
000000017.062746	000000007.419093	000000000.389738
000000007.725339	000000003.319068	-00000000.176126
000000007.993289	000000003.434188	-00000000.060737
000000008.643331	000000003.668876	000000000.065554
000000007.684530	000000003.261889	000000000.174869
000000010.187754	000000004.324445	000000000.231833
000000013.988605	000000005.937810	000000000.318325
000000007.947629	000000003.332717	-00000000.180524
000000008.179723	000000003.430043	-00000000.061924
000000008.841311	000000003.662191	000000000.066811
000000010.141972	000000004.200943	000000000.229948
000000017.198864	000000007.124003	000000000.389948
000000008.004169	000000003.274592	-00000000.181152
000000008.385193	000000003.430473	-00000000.063250
000000009.419958	000000003.805910	000000000.070930
000000010.150436	000000004.101042	000000000.229319
000000008.153159	000000003.252781	-00000000.183874
000000008.656294	000000003.453511	-00000000.065065
000000009.638891	000000003.796860	000000000.072326
000000010.176536	000000004.008644	000000000.229110
000000008.060100	000000003.134401	-00000000.181152
000000008.723381	000000003.392337	-00000000.065345
000000010.017074	000000003.845194	000000000.074909
000000010.304467	000000003.955514	000000000.231204
000000008.563960	000000003.244594	-00000000.191833
000000009.098643	000000003.447168	-00000000.067928
000000009.928484	000000003.712108	000000000.074001
000000010.301134	000000003.851436	000000000.230367
000000008.488770	000000003.131672	-00000000.189529
000000009.156525	000000003.378020	-00000000.068137
000000010.129640	000000003.686887	000000000.075258
000000010.804095	000000003.932369	000000000.240838
000000017.775085	000000006.469602	000000000.396231
000000008.722789	000000003.131801	-00000000.194136
000000009.543293	000000003.426392	-00000000.070790
000000010.067166	000000003.564970	000000000.074560
000000010.875697	000000003.851286	000000000.241676
000000014.956439	000000005.296353	000000000.332356
000000028.461531	000000010.078756	000000000.632461
000000008.551571	000000002.986342	-00000000.189738
000000009.695559	000000003.385841	-00000000.071698
000000010.343720	000000003.561629	000000000.076375
000000014.050063	000000004.837825	000000000.103742
000000010.852172	000000003.736703	000000000.240419
000000014.690136	000000005.058219	000000000.325445
000000008.719314	000000002.959808	-00000000.192880
000000009.781549	000000003.320389	-00000000.072116
000000010.118367	000000003.385558	000000000.074490
000000013.892603	000000004.648400	000000000.102275
000000015.075039	000000005.044037	000000000.332984
000000008.573902	000000002.827249	-00000000.189110
000000009.981094	000000003.291271	-00000000.073373
000000010.585001	000000003.439275	000000000.077701
000000014.056273	000000004.567160	000000000.103183
000000014.719126	000000004.782534	000000000.324189
000000008.683945	000000002.779752	-00000000.190995
000000010.218958	000000003.271114	-00000000.074909
000000011.377566	000000003.587333	000000000.083286
000000014.200500	000000004.477400	000000000.103951
000000014.931931	000000004.708020	000000000.327958
000000008.660131	000000002.689042	-00000000.189948
000000010.504963	000000003.261878	-00000000.076794
000000011.245870	000000003.438208	000000000.082100
000000014.057337	000000004.297759	000000000.102625
000000014.895961	000000004.554152	000000000.326283
000000008.740709	000000002.630655	-00000000.191204
000000010.743690	000000003.233483	-00000000.078330
000000011.237094	000000003.328579	000000000.081820
000000014.276478	000000004.228886	000000000.103951
000000014.973479	000000004.435347	000000000.327121
000000008.667349	000000002.526302	-00000000.189110
000000011.366714	000000003.313095	-00000000.082658
000000011.400286	000000003.268979	000000000.082798
000000013.755320	000000003.944275	000000000.099902
000000014.704079	000000004.216327	000000000.320419
000000027.428392	000000007.864965	000000000.597697
000000008.929626	000000002.518415	-00000000.194346
000000012.068894	000000003.403780	-00000000.087545
000000014.290291	000000003.963048	000000000.103532
000000015.424340	000000004.277548	000000000.335288
000000017.399349	000000004.825266	000000000.378220
000000027.563421	000000007.644013	000000000.599163
000000008.661890	000000002.361502	-00000000.188063
000000012.271796	000000003.345675	-00000000.088802
000000013.744789	000000003.682905	000000000.099343
000000016.706852	000000004.476587	000000000.362304
000000027.706335	000000007.423890	000000000.600838
000000008.914208	000000002.346915	-00000000.193089
000000012.532610	000000003.299561	-00000000.090477
000000014.231423	000000003.680496	000000000.102625
000000016.051497	000000004.151199	000000000.115749
000000017.267965	000000004.465800	000000000.373613
000000027.682951	000000007.159298	000000000.598953
000000008.740546	000000002.219816	-00000000.188901
000000012.948609	000000003.288528	-00000000.093270
000000014.738433	000000003.674704	000000000.106045
000000017.859226	000000004.452805	000000000.385550
000000008.866408	000000002.169596	-00000000.191204
000000013.627597	000000003.334652	-00000000.097947
000000015.849243	000000003.805067	000000000.113795
000000016.050306	000000003.853338	000000000.345759
000000017.508541	000000004.203429	000000000.377173
000000008.739028	000000002.057768	-00000000.188063
000000012.848293	000000003.025371	-00000000.092153
000000015.959792	000000003.684608	000000000.114353
000000015.995647	000000003.692886	000000000.343875
000000017.661453	000000004.077468	000000000.379686
000000027.441984	000000006.335482	000000000.589948
000000008.961430	000000002.027765	-00000000.192461
000000013.732485	000000003.107344	-00000000.098296
000000015.425101	000000003.419663	000000000.110304
000000017.162865	000000003.804916	000000000.122731
000000017.588997	000000003.899387	000000000.377382
000000026.041864	000000005.773343	000000000.558744
000000027.369337	000000006.067636	000000000.587225
000000008.812692	000000001.913423	-00000000.188901
000000012.860047	000000002.792190	-00000000.091873
000000016.187948	000000003.440855	000000000.115540
000000017.896175	000000003.803949	000000000.383246
000000026.101034	000000005.547946	000000000.558953
000000009.015031	000000001.875129	-00000000.192880
000000013.363645	000000002.779642	-00000000.095294
000000015.781829	000000003.282625	-00000000.112538
000000017.628416	000000003.586542	000000000.125593
000000018.222603	000000003.707430	000000000.389529
000000026.021091	000000005.294051	000000000.556231
000000008.805520	000000001.751527	-00000000.188063
000000012.906819	000000002.567326	-00000000.091873
000000016.417946	000000003.265732	-00000000.116866
000000017.727755	000000003.445926	000000000.126082
000000025.217388	000000004.901764	000000000.179349
000000025.958345	000000005.045791	000000000.553927
000000028.186150	000000005.478832	000000000.601466
000000009.134785	000000001.734293	-00000000.194765
000000013.213635	000000002.508687	-00000000.093898
000000017.438070	000000003.310721	-00000000.123917
000000017.943964	000000003.325717	000000000.127408
000000025.337862	000000004.696095	000000000.179907
000000025.932575	000000004.806319	000000000.552461
000000009.051188	000000001.636721	-00000000.192670
000000012.949660	000000002.341680	-00000000.091873
000000017.771341	000000003.213582	-00000000.126082
000000025.259703	000000004.453967	000000000.179069
000000026.583979	000000004.687472	000000000.565445
000000009.104541	000000001.564446	-00000000.193508
000000013.225840	000000002.272615	-00000000.093689
000000018.587135	000000003.193854	-00000000.131667
000000019.449078	000000003.254659	000000000.137670
000000025.415960	000000004.253173	000000000.179907
000000026.574568	000000004.447058	000000000.564398
000000008.999433	000000001.465651	-00000000.190995
000000012.593767	000000002.051025	-00000000.089081
000000019.453224	000000003.168159	-00000000.137601
000000025.649641	000000004.062504	000000000.181303
000000026.641987	000000004.219676	000000000.565026
000000009.357731	000000001.440293	-00000000.198325
000000013.718123	000000002.111421	-00000000.096900
000000025.852243	000000003.863644	000000000.182490
000000026.697573	000000003.989979	000000000.565445
000000009.092901	000000001.318408	-00000000.192461
000000013.181835	000000001.911275	-00000000.092990
000000026.102831	000000003.668514	000000000.184026
000000026.810577	000000003.767981	000000000.567121
000000009.322003	000000001.268669	-00000000.197068
000000013.524989	000000001.840670	-00000000.095294
000000026.232990	000000003.453639	000000000.184724
000000027.149719	000000003.574328	000000000.573613
000000032.145504	000000004.232036	000000000.679163
000000040.005939	000000005.266882	000000000.845236
000000009.104609	000000001.158252	-00000000.192251
000000013.332221	000000001.696073	-00000000.093828
000000026.559889	000000003.261144	000000000.186819
000000031.357580	000000003.850227	000000000.661780
000000009.461866	000000001.119886	-00000000.199581
000000013.545124	000000001.603171	-00000000.095224
000000027.074173	000000003.084713	000000000.190239
000000030.631073	000000003.489970	000000000.215232
000000031.568789	000000003.596809	000000000.665550
000000009.163190	000000001.003533	-00000000.193089
000000013.518837	000000001.480554	-00000000.094945
000000031.058161	000000003.264344	000000000.218025
000000031.748119	000000003.336862	000000000.668691
000000035.586132	000000003.740253	000000000.749529
000000009.489918	000000000.955584	-00000000.199791
000000013.710332	000000001.380558	-00000000.096202
000000032.250053	000000003.105327	000000000.226193
000000009.159396	000000000.841630	-00000000.192670
000000013.383291	000000001.229752	-00000000.093828
000000033.262131	000000002.910059	000000000.233104
000000043.892670	000000003.840111	000000000.922932
000000009.415479	000000000.782366	-00000000.197906
000000013.742303	000000001.141897	-00000000.096272
000000009.112868	000000000.677203	-00000000.191414
000000013.602161	000000001.010815	-00000000.095224
000000043.392979	000000003.034333	000000000.303685
000000054.155846	000000003.786946	000000001.137173
000000009.527463	000000000.624463	-00000000.200000
000000061.751038	000000003.776855	000000001.295917
000000009.163226	000000000.520326	-00000000.192251
000000013.577796	000000000.771003	-00000000.094945
000000065.655479	000000003.440858	000000001.377174
000000009.516937	000000000.457131	-00000000.199581
000000080.935120	000000003.533704	000000001.696964
000000009.290792	000000000.365036	-00000000.194765
000000013.669121	000000000.537061	-00000000.095504
000000093.992073	000000003.282276	000000001.970053
000000009.663370	000000000.295243	-00000000.202513
000000009.195793	000000000.200653	-00000000.192670
000000013.756391	000000000.300166	-00000000.096062
000000009.567081	000000000.125240	-00000000.200419
000000009.317867	000000000.040657	-00000000.195183
000000013.759534	000000000.060038	-00000000.096062
000000009.537817	-00000000.041617	-00000000.199791
000000009.357145	-00000000.122492	-00000000.196021
000000013.838477	-00000000.181156	-00000000.096621
000000009.685569	-00000000.211340	-00000000.202932
000000009.393555	-00000000.286999	-00000000.196859
000000013.953149	-00000000.426307	-00000000.097458
000000009.670416	-00000000.379952	-00000000.202723
000000009.417075	-00000000.452335	-00000000.197487
000000014.013501	-00000000.673117	-00000000.097947
000000081.879646	-00000004.291131	000000001.717488
000000009.822020	-00000000.557735	-00000000.206073
000000066.181778	-00000004.047851	000000001.388901
000000009.397770	-00000000.615962	-00000000.197278
000000013.989641	-00000000.916930	-00000000.097877
000000042.545071	-00000002.975041	000000000.297751
000000059.760925	-00000004.178891	000000001.254870
000000009.701116	-00000000.720917	-00000000.203770
000000048.818302	-00000003.842084	000000001.025760
000000009.465296	-00000000.786505	-00000000.198953
000000014.150885	-00000001.175848	-00000000.099134
000000030.263657	-00000002.647727	000000000.212091
000000033.102741	-00000002.896115	000000000.231987
000000035.772480	-00000003.129686	000000000.250697
000000040.396797	-00000003.534262	000000000.849425
000000063.234531	-00000005.532305	000000001.329634
000000009.806528	-00000000.901093	-00000000.206283
000000027.332912	-00000002.631860	000000000.191705
000000030.239399	-00000002.911723	000000000.212091
000000032.399357	-00000003.119703	000000000.227240
000000037.687386	-00000003.628882	000000000.793089
000000009.499866	-00000000.956586	-00000000.200000
000000014.078461	-00000001.417627	-00000000.098785
000000026.801712	-00000002.816973	000000000.188145
000000034.101326	-00000003.584194	000000000.239387
000000041.273548	-00000004.338025	000000000.869320
000000009.819122	-00000001.075369	-00000000.206911
000000025.782562	-00000002.937552	000000000.181164
000000041.095051	-00000004.682190	000000000.866388
000000009.471795	-00000001.121061	-00000000.199791
000000014.220393	-00000001.683095	-00000000.099972
000000024.634396	-00000003.024723	000000000.173275
000000025.870003	-00000003.176437	000000000.545969
000000027.606577	-00000003.389662	000000000.582618
000000040.943470	-00000005.027226	000000000.864084
000000009.779023	-00000001.244049	-00000000.206492
000000019.680899	-00000002.503726	-00000000.138508
000000022.396194	-00000002.948515	000000000.157707
000000025.211828	-00000003.319200	000000000.177533
000000026.089106	-00000003.434696	000000000.551205
000000009.460694	-00000001.287544	-00000000.200000
000000013.713250	-00000001.866291	-00000000.096621
000000020.609509	-00000002.804831	-00000000.145210
000000019.002781	-00000002.670667	000000000.133970
000000020.923853	-00000002.940656	000000000.147514
000000024.993757	-00000003.512643	000000000.176207
000000026.058140	-00000003.662233	000000000.551205
000000009.825084	-00000001.424569	-00000000.207958
000000016.219990	-00000002.351787	-00000000.114423
000000018.713852	-00000002.713379	-00000000.132016
000000018.830404	-00000002.814223	000000000.132923
000000025.837317	-00000003.861413	000000000.547225
000000025.995525	-00000003.885057	000000000.550576
000000009.436783	-00000001.452460	-00000000.200000
000000013.994858	-00000002.154015	-00000000.098855
000000018.479198	-00000002.926817	000000000.130619
000000019.176701	-00000003.037291	000000000.406702
000000009.838196	-00000001.602252	-00000000.208796
000000015.199373	-00000002.475375	-00000000.107511
000000017.222668	-00000002.804889	-00000000.121823
000000017.890783	-00000002.993891	000000000.126640
000000009.528237	-00000001.637251	-00000000.202513
000000013.797448	-00000002.370835	-00000000.097738
000000016.849651	-00000002.971048	000000000.119449
000000009.818572	-00000001.775487	-00000000.209005
000000013.412148	-00000002.425311	-00000000.095155
000000015.498263	-00000002.802542	-00000000.109955
000000016.419958	-00000003.043259	000000000.116587
000000029.972866	-00000005.555142	000000000.638534
000000009.498212	-00000001.803292	-00000000.202513
000000013.753970	-00000002.611273	-00000000.097738
000000015.568228	-00000003.026157	000000000.110723
000000024.564741	-00000004.774902	000000000.524189
000000029.599382	-00000005.753537	000000000.631623
000000009.786090	-00000001.946574	-00000000.209005
000000014.103349	-00000002.805331	-00000000.100391
000000015.531428	-00000003.159905	000000000.110653
000000020.035067	-00000004.076180	000000000.428273
000000023.885324	-00000004.859524	000000000.510576
000000029.616627	-00000006.025571	000000000.633089
000000009.455505	-00000001.966748	-00000000.202304
000000013.627981	-00000002.834624	-00000000.097179
000000014.309951	-00000003.041674	000000000.102136
000000015.363329	-00000003.265576	000000000.329005
000000019.871599	-00000004.223839	000000000.425550
000000022.697826	-00000004.824572	000000000.486074
000000009.828790	-00000002.134039	-00000000.210681
000000013.123895	-00000002.849477	-00000000.093758
000000014.263337	-00000003.162106	000000000.101996
000000015.822287	-00000003.507716	000000000.339477
000000009.429492	-00000002.133676	-00000000.202513
000000012.406053	-00000002.807203	-00000000.088802
000000013.816231	-00000003.189728	000000000.098994
000000015.907973	-00000003.672645	000000000.341990
000000009.731658	-00000002.291501	-00000000.209424
000000012.205878	-00000002.874103	-00000000.087545
000000013.291973	-00000003.191120	000000000.095434
000000018.607079	-00000004.467164	000000000.400838
000000020.298630	-00000004.873270	000000000.437278
000000009.283994	-00000002.271779	-00000000.200210
000000011.772379	-00000002.880683	-00000000.084613
000000012.409780	-00000003.094106	000000000.089290
000000015.550430	-00000003.877158	000000000.335707
000000019.256145	-00000004.801096	000000000.415707
000000009.467310	-00000002.404390	-00000000.204607
000000011.087731	-00000002.815925	-00000000.079866
000000012.053144	-00000003.117155	000000000.086917
000000015.044647	-00000003.890810	000000000.108489
000000015.486965	-00000004.005201	000000000.335079
000000019.784597	-00000005.116645	000000000.428063
000000009.397625	-00000002.474188	-00000000.203560
000000010.753288	-00000002.831105	-00000000.077632
000000012.160710	-00000003.258452	000000000.087894
000000020.370880	-00000005.458361	000000000.147235
000000015.374166	-00000004.119495	000000000.333403
000000019.835766	-00000005.314978	000000000.430157
000000009.414259	-00000002.566622	-00000000.204398
000000010.496631	-00000002.861710	-00000000.075956
000000011.206749	-00000003.107907	000000000.081192
000000017.990541	-00000004.989219	000000000.130340
000000018.083378	-00000005.014964	000000000.393089
000000019.788630	-00000005.487873	000000000.430157
000000009.285656	-00000002.618826	-00000000.202094
000000010.461634	-00000002.950486	-00000000.075886
000000011.227263	-00000003.219366	000000000.081541
000000020.243677	-00000005.804781	000000000.147025
000000020.105185	-00000005.765069	000000000.438115
000000009.224055	-00000002.688567	-00000000.201257
000000009.936275	-00000002.896160	-00000000.072256
000000010.939866	-00000003.240536	000000000.079656
000000020.249781	-00000005.998258	000000000.147444
000000018.127304	-00000005.369552	000000000.396021
000000019.833630	-00000005.874989	000000000.433299
000000062.884777	-00000018.627319	000000001.373823
000000009.047065	-00000002.722857	-00000000.197906
000000009.374395	-00000002.821373	-00000000.068347
000000009.132488	-00000002.792082	000000000.066671
000000011.092865	-00000003.391429	000000000.080983
000000011.626116	-00000003.554460	000000000.254660
000000031.292990	-00000009.567227	000000000.685445
000000059.421307	-00000018.166916	000000001.301571
000000008.908381	-00000002.766126	-00000000.195393
000000009.358968	-00000002.906037	-00000000.068416
000000009.164996	-00000002.889712	000000000.067090
000000011.100995	-00000003.500130	000000000.081262
000000021.329969	-00000006.725314	000000000.468482
000000023.484896	-00000007.404759	000000000.515812
000000031.227381	-00000009.845955	000000000.685864
000000008.855338	-00000002.834616	-00000000.194765
000000009.104682	-00000002.914432	-00000000.066741
000000009.025306	-00000002.932500	000000000.066252
000000010.860801	-00000003.528888	000000000.079726
000000013.038667	-00000004.236520	000000000.095713
000000056.508892	-00000018.360853	000000001.244608
000000058.990608	-00000019.167210	000000001.299268
000000008.706831	-00000002.871082	-00000000.192042
000000009.164372	-00000003.021957	-00000000.067369
000000009.672666	-00000003.236428	000000000.071209
000000012.837486	-00000004.295363	000000000.283560
000000008.369026	-00000002.840902	-00000000.185131
000000008.512694	-00000002.889670	-00000000.062762
000000010.041162	-00000003.457449	000000000.074141
000000010.133737	-00000003.489325	000000000.224503
000000015.238418	-00000005.247008	000000000.337592
000000020.948095	-00000007.213008	000000000.464084
000000008.155141	-00000002.847903	-00000000.180943
000000008.600441	-00000003.003408	-00000000.063599
000000010.123723	-00000003.584998	000000000.074979
000000020.973263	-00000007.427022	000000000.155333
000000014.409827	-00000005.102787	000000000.320210
000000021.101114	-00000007.472296	000000000.468901
000000007.866506	-00000002.824364	-00000000.175079
000000008.206855	-00000002.946562	-00000000.060877
000000010.101450	-00000003.676627	000000000.075049
000000012.055963	-00000004.388011	000000000.089570
000000020.776098	-00000007.561881	000000000.154356
000000052.827328	-00000019.227575	000000001.177592
000000007.700861	-00000002.840998	-00000000.171937
000000008.284027	-00000003.056139	-00000000.061645
000000008.439211	-00000003.155292	000000000.062901
000000016.962721	-00000006.342101	000000000.126431
000000011.780752	-00000004.404643	000000000.263456
000000007.516838	-00000002.847875	-00000000.168377
000000007.817540	-00000002.961801	-00000000.058363
000000010.138436	-00000003.891781	000000000.075816
000000015.216990	-00000005.841255	000000000.113795
000000011.443186	-00000004.392628	000000000.256754
000000007.351929	-00000002.859009	-00000000.165236
000000007.772757	-00000003.022660	-00000000.058224
000000009.871490	-00000003.888483	000000000.074071
000000011.229866	-00000004.423562	000000000.084264
000000014.976438	-00000005.899376	000000000.337173
000000007.168837	-00000002.860076	-00000000.161675
000000007.876112	-00000003.142250	-00000000.059201
000000009.484859	-00000003.832132	000000000.071418
000000010.949775	-00000004.423996	000000000.082449
000000015.066370	-00000006.087209	000000000.113445
000000011.327703	-00000004.576689	000000000.255916
000000015.063434	-00000006.086022	000000000.340314
000000006.940032	-00000002.839242	-00000000.157068
000000007.478185	-00000003.059406	-00000000.056409
000000009.247809	-00000003.830568	000000000.069882
000000011.113999	-00000004.603570	000000000.083985
000000051.910645	-00000021.502092	000000001.176964
000000006.675271	-00000002.799173	-00000000.151623
000000007.082331	-00000002.969868	-00000000.053616
000000009.269258	-00000003.934566	000000000.070301
000000011.082608	-00000004.704288	000000000.084054
000000043.567142	-00000018.493155	000000000.991414
000000046.061165	-00000019.551804	000000001.048168
000000006.659775	-00000002.861265	-00000000.151833
000000007.028582	-00000003.019717	-00000000.053407
000000007.299620	-00000003.173965	000000000.055571
000000009.087844	-00000003.951507	000000000.069184
000000010.912748	-00000004.744998	000000000.083077
000000014.633069	-00000006.362639	000000000.334241
000000043.239067	-00000018.800882	000000000.987644
000000006.524740	-00000002.870954	-00000000.149319
000000007.395536	-00000003.254114	-00000000.056409
000000007.353862	-00000003.274150	000000000.056199
000000009.354477	-00000004.164882	000000000.071488
000000014.853888	-00000006.613377	000000000.113515
000000014.869259	-00000006.620221	000000000.340943
000000040.926994	-00000018.221872	000000000.938430
000000006.426513	-00000002.894933	-00000000.147644
000000007.558323	-00000003.404776	-00000000.057875
000000007.625290	-00000003.475045	000000000.058503
000000010.910170	-00000004.972051	000000000.083705
000000016.051325	-00000007.315010	000000000.123149
000000016.130075	-00000007.350898	000000000.371309
000000006.164940	-00000002.842076	-00000000.142199
000000006.456741	-00000002.976598	-00000000.049637
000000007.721555	-00000003.600620	000000000.059480
000000009.642880	-00000004.496549	000000000.074281
000000010.802926	-00000005.037487	000000000.083217
000000013.419475	-00000006.257604	000000000.310157
000000016.056252	-00000007.487153	000000000.371100
000000006.085648	-00000002.870178	-00000000.140942
000000006.801337	-00000003.207719	-00000000.052499
000000010.722452	-00000005.114347	000000000.082937
000000038.575558	-00000018.399597	000000000.298379
000000014.411126	-00000006.873755	000000000.334450
000000038.044651	-00000018.146368	000000000.882932
000000005.979324	-00000002.884084	-00000000.139058
000000006.196653	-00000002.988911	-00000000.048031
000000007.963121	-00000003.883873	000000000.061854
000000010.524622	-00000005.133201	000000000.081751
000000037.955147	-00000018.511963	000000000.294819
000000037.839916	-00000018.455761	000000000.881885
000000005.953929	-00000002.936153	-00000000.139058
000000006.071681	-00000002.994221	-00000000.047263
000000010.345189	-00000005.157921	000000000.080703
000000011.607016	-00000005.787045	000000000.090547
000000013.620569	-00000006.790966	000000000.106255
000000013.832651	-00000006.896705	000000000.323770
000000037.310577	-00000018.602369	000000000.873299
000000005.749523	-00000002.897998	-00000000.134869
000000006.027461	-00000003.038090	-00000000.047124
000000010.807646	-00000005.506771	000000000.084683
000000038.116329	-00000019.421240	000000000.298658
000000010.618468	-00000005.410380	000000000.249634
000000037.146824	-00000018.927252	000000000.873299
000000005.795121	-00000002.984683	-00000000.136545
000000006.738585	-00000003.470600	-00000000.052918
000000007.362010	-00000003.832420	000000000.057944
000000010.235855	-00000005.328449	000000000.080564
000000010.340278	-00000005.382808	000000000.244189
000000012.814495	-00000006.670804	000000000.302618
000000036.545700	-00000019.024487	000000000.863037
000000005.291065	-00000002.783764	-00000000.125236
000000006.725742	-00000003.538584	-00000000.053058
000000007.725603	-00000004.107776	000000000.061086
000000010.328221	-00000005.491612	000000000.245026
000000013.717997	-00000007.293988	000000000.325445
000000014.768473	-00000007.852537	000000000.350367
000000005.028783	-00000002.702063	-00000000.119581
000000006.069189	-00000003.261093	-00000000.048101
000000007.355520	-00000003.993721	000000000.058433
000000010.281910	-00000005.582622	000000000.081681
000000035.626377	-00000019.343546	000000000.283020
000000014.119493	-00000007.666259	000000000.336545
000000034.635372	-00000018.805471	000000000.825550
000000005.005012	-00000002.745844	-00000000.119581
000000005.391738	-00000002.958009	-00000000.042935
000000007.635243	-00000004.232285	000000000.060946
000000009.323218	-00000005.167944	000000000.074420
000000009.164004	-00000005.079690	000000000.219477
000000013.474934	-00000007.469278	000000000.322723
000000004.980860	-00000002.789415	-00000000.119581
000000005.356995	-00000003.000061	-00000000.042865
000000007.520732	-00000004.211812	-00000000.060178
000000008.085407	-00000004.574503	000000000.064856
000000009.660713	-00000005.465768	000000000.077492
000000008.092533	-00000004.578535	000000000.194765
000000013.531063	-00000007.655507	000000000.325655
000000032.404938	-00000018.333832	000000000.779896
000000005.103889	-00000002.917113	-00000000.123141
000000005.764699	-00000003.294797	-00000000.046356
000000005.594388	-00000003.229921	000000000.045099
000000008.235702	-00000004.754884	000000000.066392
000000008.017636	-00000004.628984	000000000.193927
000000013.160699	-00000007.598333	000000000.318325
000000032.079205	-00000018.520937	000000000.775917
000000005.086875	-00000002.966578	-00000000.123351
000000005.744366	-00000003.350015	-00000000.046425
000000008.004340	-00000004.714917	000000000.064856
000000010.666709	-00000006.283172	000000000.086428
000000008.502415	-00000005.008305	000000000.206702
000000032.105877	-00000018.911806	000000000.780524
000000004.828804	-00000002.872837	-00000000.117696
000000005.087562	-00000003.026781	-00000000.041329
000000006.291455	-00000003.780288	000000000.051242
000000007.920033	-00000004.758836	000000000.064507
000000009.375353	-00000005.633281	000000000.229110
000000032.642342	-00000019.613499	000000000.797697
000000005.273650	-00000003.200129	-00000000.129215
000000006.215058	-00000003.771390	-00000000.050754
000000006.224122	-00000003.814147	000000000.050963
000000008.219252	-00000005.036764	000000000.067299
000000009.540811	-00000005.846616	000000000.078120
000000009.666819	-00000005.923834	000000000.237487
000000004.607898	-00000002.851454	-00000000.113508
000000004.795869	-00000002.967774	-00000000.039374
000000005.011842	-00000003.131747	000000000.041259
000000007.021667	-00000004.387624	000000000.057805
000000034.531677	-00000021.577787	000000000.284277
000000009.496056	-00000005.933794	000000000.234555
000000029.861704	-00000018.659664	000000000.737592
000000004.498285	-00000002.838207	-00000000.111414
000000004.735960	-00000002.988168	-00000000.039095
000000009.437320	-00000006.012236	000000000.078120
000000033.785439	-00000021.523699	000000000.279669
000000029.739893	-00000018.946402	000000000.738639
000000005.061944	-00000003.255952	-00000000.126073
000000005.483441	-00000003.527068	-00000000.045518
000000005.325428	-00000003.458374	000000000.044331
000000009.434813	-00000006.127040	000000000.078539
000000029.864332	-00000019.394123	000000000.248603
000000029.707582	-00000019.292330	000000000.741990
000000004.849396	-00000003.179403	-00000000.121466
000000005.327013	-00000003.492543	-00000000.044471
000000009.606131	-00000006.358160	000000000.080424
000000029.452129	-00000019.493938	000000000.246578
000000029.571444	-00000019.572912	000000000.742828
000000004.730024	-00000003.160501	-00000000.119162
000000004.955438	-00000003.311118	-00000000.041608
000000005.106747	-00000003.444544	000000000.043005
000000006.773072	-00000004.568495	000000000.057037
000000007.028697	-00000004.740916	000000000.177592
000000027.559454	-00000018.589087	000000000.696335
000000005.024563	-00000003.421103	-00000000.127330
000000004.934620	-00000003.359864	-00000000.041678
000000005.018806	-00000003.449330	000000000.042516
000000007.540571	-00000005.182490	000000000.063879
000000008.412483	-00000005.781739	000000000.213822
000000029.299501	-00000020.136990	000000000.744712
000000004.501638	-00000003.122897	-00000000.114764
000000005.061222	-00000003.511094	-00000000.043005
000000005.029471	-00000003.521673	000000000.042865
000000007.740798	-00000005.420165	000000000.065973
000000008.148775	-00000005.705834	000000000.208377
000000004.057818	-00000002.867782	-00000000.104084
000000005.161049	-00000003.647469	-00000000.044122
000000004.900856	-00000003.495747	000000000.042027
000000008.043265	-00000005.737206	000000000.068975
000000008.155649	-00000005.817368	000000000.209843
000000004.113778	-00000002.961496	-00000000.106178
000000004.479779	-00000003.224980	-00000000.038537
000000004.975333	-00000003.614791	000000000.042935
000000007.976713	-00000005.795421	000000000.068835
000000008.007511	-00000005.817798	000000000.207330
000000004.007151	-00000002.938164	-00000000.104084
000000004.395016	-00000003.222559	-00000000.038048
000000004.565795	-00000003.378511	000000000.039654
000000005.819782	-00000004.306412	000000000.050544
000000007.925835	-00000005.864810	000000000.068835
000000007.900180	-00000005.845826	000000000.205864
000000004.037434	-00000003.014894	-00000000.105550
000000004.294616	-00000003.206942	-00000000.037420
000000004.496209	-00000003.388136	000000000.039304
000000007.850396	-00000005.915698	000000000.068626
000000007.856850	-00000005.920561	000000000.206073
000000003.819972	-00000002.904774	-00000000.100524
000000004.202788	-00000003.195874	-00000000.036861
000000007.885740	-00000006.050941	000000000.069394
000000007.844544	-00000006.019331	000000000.207121
000000003.857719	-00000002.986965	-00000000.102199
000000004.301247	-00000003.330381	-00000000.037978
000000004.893427	-00000003.823165	000000000.043354
000000007.785357	-00000006.082587	000000000.068975
000000007.870501	-00000006.149109	000000000.209215
000000004.122010	-00000003.249530	-00000000.109948
000000004.963082	-00000003.912579	-00000000.044122
000000005.611164	-00000004.463321	000000000.050056
000000007.575463	-00000006.025795	000000000.067579
000000007.746121	-00000006.161543	000000000.207330
000000003.766016	-00000003.022547	-00000000.101152
000000003.743355	-00000003.004359	-00000000.033510
000000004.507337	-00000003.649969	000000000.040491
000000007.693557	-00000006.230120	000000000.069114
000000005.423289	-00000004.391693	000000000.146178
000000007.497814	-00000006.071609	000000000.202094
000000003.716270	-00000003.036320	-00000000.100524
000000003.778944	-00000003.087527	-00000000.034069
000000004.290128	-00000003.536509	000000000.038816
000000005.910500	-00000004.872241	000000000.053476
000000007.399700	-00000006.099842	000000000.066950
000000007.375113	-00000006.079575	000000000.200210
000000003.643511	-00000003.030276	-00000000.099267
000000004.090139	-00000003.401733	-00000000.037140
000000007.065484	-00000005.876301	-00000000.064158
000000006.342693	-00000005.322152	000000000.057805
000000007.413684	-00000006.220819	000000000.202723
000000003.655082	-00000003.094255	-00000000.100314
000000003.884759	-00000003.288691	-00000000.035535
000000005.634471	-00000004.812293	000000000.051731
000000007.619082	-00000006.507311	000000000.069952
000000007.343911	-00000006.272292	000000000.202304
000000003.582496	-00000003.086876	-00000000.099058
000000003.575619	-00000003.080951	-00000000.032952
000000006.633736	-00000005.766618	000000000.061365
000000006.836170	-00000005.942592	000000000.189738
000000003.329920	-00000002.920261	-00000000.092775
000000003.698962	-00000003.243902	-00000000.034348
000000003.452602	-00000003.054604	000000000.032184
000000007.347077	-00000006.500144	000000000.068486
000000007.330668	-00000006.485628	000000000.205026
000000003.468406	-00000003.095671	-00000000.097382
000000003.700354	-00000003.302693	-00000000.034627
000000003.589302	-00000003.231822	000000000.033719
000000006.807041	-00000006.129087	000000000.063948
000000007.266362	-00000006.542662	000000000.204817
000000003.352453	-00000003.045154	-00000000.094869
000000003.686197	-00000003.348305	-00000000.034767
000000004.799559	-00000004.397985	000000000.045448
000000007.379966	-00000006.762493	000000000.069882
000000023.349005	-00000021.395420	000000000.221097
000000007.231105	-00000006.626087	000000000.205445
000000003.325752	-00000003.074293	-00000000.094869
000000003.282341	-00000003.034165	-00000000.031206
000000004.212495	-00000003.928215	000000000.040212
000000022.971260	-00000021.421047	000000000.219281
000000007.034080	-00000006.559385	000000000.201466
000000023.939270	-00000022.323730	000000000.685655
000000003.349771	-00000003.151150	-00000000.096335
000000003.598065	-00000003.384722	-00000000.034487
000000003.169809	-00000003.008036	000000000.030508
000000004.344886	-00000004.123143	000000000.041818
000000024.091652	-00000022.862125	000000000.695707
000000003.249925	-00000003.111126	-00000000.094241
000000003.344464	-00000003.201627	-00000000.032323
000000003.359235	-00000003.243976	000000000.032602
000000022.931993	-00000022.145168	000000000.222563
000000006.271267	-00000006.056093	000000000.182618
000000023.725817	-00000022.911755	000000000.690890
000000003.251297	-00000003.167274	-00000000.095079
000000003.509794	-00000003.419090	-00000000.034208
000000003.394989	-00000003.336247	000000000.033231
000000006.176598	-00000006.069726	000000000.060458
000000006.082692	-00000005.977445	000000000.178639
000000023.567757	-00000023.159969	000000000.692147
000000003.216434	-00000003.188487	-00000000.094869
000000003.344892	-00000003.315829	-00000000.032882
000000003.691007	-00000003.691007	000000000.036442
000000006.158750	-00000006.158750	000000000.060807
000000004.404309	-00000004.404309	000000000.130471
000000006.122201	-00000006.122201	000000000.181361
000000018.366606	-00000018.366606	000000000.544084
000000003.202565	-00000003.230635	-00000000.095288
000000003.245429	-00000003.273875	-00000000.032184
000000004.254416	-00000004.329325	000000000.042376
000000006.041690	-00000006.148069	000000000.060178
000000006.082558	-00000006.189656	000000000.181780
000000017.659040	-00000017.969971	000000000.527749
000000003.160298	-00000003.244136	-00000000.094869
000000003.377224	-00000003.466817	-00000000.033789
000000004.015028	-00000004.157683	000000000.040352
000000006.015595	-00000006.229331	000000000.060458
000000005.903301	-00000006.113047	000000000.178011
000000017.487661	-00000018.109003	000000000.527330
000000003.145694	-00000003.286035	-00000000.095288
000000003.277692	-00000003.423922	-00000000.033091
000000004.226394	-00000004.453690	000000000.042865
000000005.788921	-00000006.100250	000000000.058712
000000004.776133	-00000005.032994	000000000.145340
000000017.060568	-00000017.978088	000000000.519163
000000003.041545	-00000003.233258	-00000000.092984
000000003.062693	-00000003.255739	-00000000.031206
000000003.730440	-00000004.000407	000000000.038187
000000016.906328	-00000018.129818	000000000.173065
000000004.711575	-00000005.052546	000000000.144712
000000016.855301	-00000018.075098	000000000.517697
000000002.979282	-00000003.222969	-00000000.091937
000000003.115620	-00000003.370458	-00000000.032044
000000003.877793	-00000004.231869	000000000.040072
000000016.889343	-00000018.431484	000000000.174532
000000004.647041	-00000005.071356	000000000.144084
000000016.703682	-00000018.228868	000000000.517906
000000002.937598	-00000003.234044	-00000000.091518
000000003.173494	-00000003.493744	-00000000.032952
000000002.937412	-00000003.262326	000000000.030648
000000004.007995	-00000004.451329	000000000.041818
000000006.336513	-00000007.037410	000000000.066113
000000016.704527	-00000018.552256	000000000.522932
000000002.949209	-00000003.304309	-00000000.092775
000000003.209471	-00000003.595909	-00000000.033650
000000003.551557	-00000004.014305	000000000.037420
000000004.286211	-00000004.844681	000000000.135497
000000016.846733	-00000019.041767	000000000.532566
000000002.986182	-00000003.405087	-00000000.094869
000000003.092257	-00000003.526043	-00000000.032742
000000003.654160	-00000004.203630	000000000.038886
000000005.858465	-00000006.739393	000000000.062343
000000016.656933	-00000019.161610	000000000.177254
000000004.237212	-00000004.874355	000000000.135288
000000005.903236	-00000006.790896	000000000.188482
000000016.424116	-00000018.893784	000000000.524398
000000002.910670	-00000003.377999	-00000000.093403
000000003.237609	-00000003.757431	-00000000.034627
000000003.591360	-00000004.204943	000000000.038606
000000005.987765	-00000007.010772	000000000.064367
000000003.493264	-00000004.090087	000000000.112670
000000005.765834	-00000006.750924	000000000.185969
000000015.628786	-00000018.298958	000000000.504084
000000002.874621	-00000003.395639	-00000000.093194
000000003.043170	-00000003.594737	-00000000.032882
000000005.033183	-00000005.945436	-00000000.054384
000000003.271709	-00000003.899071	000000000.035535
000000005.977779	-00000007.124040	000000000.064926
000000004.492100	-00000005.353476	000000000.146388
000000006.034452	-00000007.191580	000000000.196649
000000003.320247	-00000004.027782	000000000.036442
000000005.807253	-00000007.044761	000000000.063739
000000004.286227	-00000005.199609	000000000.141152
000000005.971465	-00000007.243966	000000000.196649
000000003.492643	-00000004.313055	000000000.038746
000000004.889700	-00000006.038277	000000000.054244
000000005.821072	-00000007.188425	000000000.064577
000000004.184063	-00000005.166887	000000000.139267
000000005.914314	-00000007.303570	000000000.196859
000000003.174747	-00000003.991204	000000000.035604
000000004.002671	-00000005.032048	000000000.044890
000000005.770570	-00000007.254601	000000000.064716
000000005.819235	-00000007.315782	000000000.195812
000000005.799390	-00000007.422881	000000000.065763
000000005.779794	-00000007.397799	000000000.196649
000000003.055908	-00000003.982537	000000000.035046
000000005.740480	-00000007.481140	000000000.065833
000000014.634269	-00000019.071751	000000000.167829
000000005.733275	-00000007.471749	000000000.197278
000000014.643587	-00000019.083895	000000000.503875
000000002.858552	-00000003.793426	000000000.033161
000000002.857994	-00000003.792687	000000000.099476
000000014.283956	-00000018.955448	000000000.497173
000000002.902664	-00000003.922726	000000000.034069
000000004.281785	-00000005.786500	000000000.150785
000000005.524692	-00000007.466192	000000000.194555
000000014.123943	-00000019.087414	000000000.497382
000000002.744890	-00000003.778017	000000000.032602
000000004.043864	-00000005.565901	000000000.048031
000000004.890254	-00000006.730857	000000000.058084
000000002.644454	-00000003.639778	000000000.094241
000000004.037199	-00000005.556728	000000000.143874
000000004.889300	-00000006.729545	000000000.174241
000000002.944092	-00000004.127465	000000000.035395
000000005.359757	-00000007.514103	000000000.064437
000000015.614721	-00000021.891033	000000000.187726
000000003.924691	-00000005.502214	000000000.141571
000000013.469355	-00000018.883339	000000000.485864
000000002.936640	-00000004.193956	000000000.035744
000000004.318925	-00000006.168065	000000000.052569
000000003.119571	-00000004.455210	000000000.113927
000000004.329553	-00000006.183242	000000000.158115
000000005.183994	-00000007.403511	000000000.189319
000000002.780987	-00000004.046361	000000000.034278
000000014.958425	-00000021.764643	000000000.184375
000000012.967858	-00000018.868351	000000000.479581
000000003.069894	-00000004.551305	000000000.038327
000000004.170664	-00000006.183264	000000000.156230
000000012.428132	-00000018.425463	000000000.465550
000000002.892079	-00000004.369455	000000000.036582
000000012.189614	-00000018.416498	000000000.462618
000000002.821161	-00000004.344208	000000000.036163
000000012.259526	-00000018.878016	000000000.157148
000000013.348778	-00000020.555315	000000000.171111
000000004.780882	-00000007.361912	000000000.183874
000000011.995767	-00000018.471861	000000000.461362
000000002.799263	-00000004.393962	000000000.036372
000000004.651994	-00000007.302168	000000000.181361
000000011.812627	-00000018.542110	000000000.460524
000000002.617737	-00000004.189256	000000000.034487
000000003.978821	-00000006.367445	000000000.157278
000000011.650369	-00000018.644487	000000000.460524
000000002.716926	-00000004.433620	000000000.036303
000000011.928351	-00000019.465300	000000000.159382
000000011.879011	-00000019.384785	000000000.476231
000000002.569977	-00000004.277160	000000000.034836
000000003.646381	-00000006.068596	000000000.049427
000000011.716830	-00000019.500080	000000000.158824
000000003.099849	-00000005.159016	000000000.126073
000000002.547781	-00000004.325273	000000000.035046
000000012.891160	-00000021.884848	000000000.177324
000000011.554114	-00000019.614994	000000000.476859
000000002.864930	-00000004.962204	000000000.040003
000000010.937600	-00000018.944479	000000000.458220
000000013.097127	-00000022.684891	000000000.548691
