000000002.584362	000000002.999300	-00000000.082932
000000002.780689	000000003.227148	-00000000.029740
000000002.722501	000000003.104418	-00000000.086492
000000003.085663	000000003.518524	-00000000.032672
000000002.676257	000000002.998493	-00000000.084189
000000002.923149	000000003.275112	-00000000.030648
000000002.823321	000000003.108234	-00000000.087958
000000002.844042	000000003.131046	-00000000.029531
000000002.836765	000000003.068795	-00000000.087539
000000002.918772	000000003.157510	-00000000.030019
000000002.746981	000000002.920127	-00000000.083979
000000002.987325	000000003.175620	-00000000.030438
000000002.841496	000000002.968265	-00000000.086073
000000002.952689	000000003.084419	-00000000.029810
000000002.902172	000000002.979162	-00000000.087120
000000002.972515	000000003.051372	-00000000.029740
000000002.970290	000000002.996325	-00000000.088377
000000003.090549	000000003.117638	-00000000.030648
000000003.046027	000000003.019561	-00000000.089843
000000003.195756	000000003.167989	-00000000.031416
000000003.115230	000000003.034723	-00000000.091100
000000003.165977	000000003.084159	-00000000.030857
000000003.192148	000000003.055817	-00000000.092565
000000003.301123	000000003.160138	-00000000.031904
000000003.313361	000000003.116899	-00000000.095288
000000003.612632	000000003.398425	-00000000.034627
000000003.289043	000000003.040360	-00000000.093822
000000003.737611	000000003.455012	-00000000.035535
000000005.323709	000000004.921185	-00000000.050614
000000003.885293	000000003.529152	-00000000.109948
000000003.812031	000000003.462605	-00000000.035953
000000005.285028	000000004.800582	-00000000.049846
000000003.438570	000000003.069041	-00000000.096545
000000003.894325	000000003.475817	-00000000.036442
000000005.192433	000000004.634423	-00000000.048590
000000003.517838	000000003.085062	-00000000.098011
000000003.849326	000000003.375768	-00000000.035744
000000003.537053	000000003.047719	-00000000.097801
000000004.068025	000000003.505234	-00000000.037489
000000003.464315	000000002.932760	-00000000.095079
000000003.663427	000000003.101320	-00000000.033510
000000003.551270	000000002.953560	-00000000.096754
000000003.605780	000000002.998896	-00000000.032742
000000003.607878	000000002.947760	-00000000.097592
000000003.732482	000000003.049566	-00000000.033650
000000005.807803	000000004.745174	-00000000.052359
000000003.719233	000000002.985000	-00000000.099895
000000003.883730	000000003.117023	-00000000.034767
000000003.564557	000000002.810070	-00000000.095079
000000003.957901	000000003.120157	-00000000.035186
000000003.691710	000000002.858428	-00000000.097801
000000003.613364	000000002.797765	-00000000.031904
000000003.621015	000000002.753484	-00000000.095288
000000003.948074	000000003.002185	-00000000.034627
000000003.749045	000000002.799545	-00000000.098011
000000003.461332	000000002.584699	-00000000.030159
000000005.063801	000000003.781319	-00000000.044122
000000003.724957	000000002.731251	-00000000.096754
000000003.677298	000000002.696306	-00000000.031835
000000004.065094	000000002.926449	-00000000.104922
000000004.333700	000000003.119817	-00000000.037280
000000004.155794	000000002.937025	-00000000.106597
000000004.736406	000000003.347361	-00000000.040491
000000004.099119	000000002.843660	-00000000.104503
000000004.272460	000000002.963911	-00000000.036303
000000004.545247	000000003.094748	-00000000.115183
000000005.422297	000000003.691910	-00000000.045797
000000006.889135	000000004.646780	000000000.058014
000000007.111582	000000004.796823	000000000.179686
000000004.563767	000000003.049412	-00000000.114974
000000004.797463	000000003.205562	-00000000.040282
000000006.737633	000000004.459542	000000000.056409
000000007.228205	000000004.784244	000000000.181571
000000004.548399	000000002.982061	-00000000.113927
000000004.816891	000000003.158092	-00000000.040212
000000005.551864	000000003.605422	000000000.046216
000000007.111753	000000004.618426	000000000.059201
000000007.361912	000000004.780882	000000000.183874
000000004.784462	000000003.077470	-00000000.119162
000000004.852677	000000003.121347	-00000000.040282
000000004.921057	000000003.104955	-00000000.121885
000000005.184186	000000003.270977	-00000000.042795
000000005.376494	000000003.359606	000000000.044261
000000005.451753	000000003.406633	000000000.134660
000000005.024479	000000003.109242	-00000000.123770
000000005.255049	000000003.251923	-00000000.043144
000000005.380028	000000003.296885	000000000.044052
000000005.404553	000000003.311914	000000000.132775
000000005.068515	000000003.075651	-00000000.124189
000000005.266129	000000003.195565	-00000000.043005
000000005.434309	000000003.265262	000000000.044261
000000005.484668	000000003.295521	000000000.134031
000000005.103755	000000003.036415	-00000000.124398
000000005.268033	000000003.134150	-00000000.042795
000000005.419515	000000003.192338	000000000.043912
000000009.002049	000000005.302613	000000000.218848
000000015.144118	000000008.920568	000000000.368168
000000005.190513	000000003.027018	-00000000.125864
000000005.355649	000000003.123322	-00000000.043284
000000005.594388	000000003.229921	000000000.045099
000000007.205155	000000004.159898	000000000.058084
000000008.952739	000000005.168866	000000000.216545
000000005.147290	000000002.941918	-00000000.124189
000000005.382701	000000003.076467	-00000000.043284
000000005.587547	000000003.161282	000000000.044820
000000006.475288	000000003.663542	000000000.051941
000000008.901786	000000005.036388	000000000.214241
000000005.164043	000000002.892003	-00000000.123979
000000005.540215	000000003.102669	-00000000.044331
000000006.489520	000000003.597200	000000000.051801
000000025.734413	000000014.264818	000000000.616335
000000005.285503	000000002.899726	-00000000.126283
000000005.689818	000000003.121541	-00000000.045308
000000007.056729	000000003.831491	000000000.056060
000000008.216740	000000004.461326	000000000.065275
000000011.325468	000000006.149228	000000000.269948
000000005.337027	000000002.867688	-00000000.126911
000000005.699224	000000003.062304	-00000000.045169
000000006.666092	000000003.544424	000000000.052709
000000008.986436	000000004.778172	000000000.213194
000000005.397241	000000002.839626	-00000000.127749
000000005.690331	000000002.993828	-00000000.044890
000000007.566018	000000003.938620	000000000.059550
000000021.274723	000000011.074920	000000000.502409
000000005.510697	000000002.838196	-00000000.129843
000000005.902930	000000003.040209	-00000000.046356
000000007.368445	000000003.754410	000000000.057735
000000009.496046	000000004.838477	000000000.223246
000000005.704884	000000002.875498	-00000000.133822
000000006.286418	000000003.168616	-00000000.049148
000000008.018416	000000003.997835	000000000.062552
000000008.795276	000000004.385162	000000000.205864
000000005.846328	000000002.883090	-00000000.136545
000000006.197239	000000003.056140	-00000000.048241
000000008.349593	000000004.072369	000000000.064856
000000008.887124	000000004.334540	000000000.207121
000000021.422550	000000010.448476	000000000.499267
000000005.898280	000000002.844992	-00000000.137173
000000006.710038	000000003.236538	-00000000.052010
000000007.644711	000000003.646340	000000000.059131
000000035.905994	000000017.126280	000000000.833299
000000005.904797	000000002.784883	-00000000.136754
000000006.837514	000000003.224781	-00000000.052778
000000007.676240	000000003.579489	000000000.059131
000000024.872694	000000011.598328	000000000.574869
000000006.255734	000000002.883933	-00000000.144293
000000006.647446	000000003.064515	-00000000.051103
000000008.771813	000000003.997545	000000000.067299
000000017.258179	000000007.865005	000000000.397278
000000006.599709	000000002.972952	-00000000.151623
000000007.220980	000000003.252814	-00000000.055292
000000008.504901	000000003.786626	000000000.064996
000000014.010714	000000006.237972	000000000.321257
000000006.771820	000000002.979672	-00000000.154974
000000007.267396	000000003.197731	-00000000.055431
000000007.813162	000000003.397259	000000000.059480
000000013.982099	000000006.079590	000000000.319372
000000006.916981	000000002.971769	-00000000.157696
000000007.193960	000000003.090769	-00000000.054663
000000007.750462	000000003.289876	000000000.058782
000000009.168005	000000003.891587	000000000.069533
000000033.949978	000000014.410910	000000000.772566
000000006.878110	000000002.884231	-00000000.156230
000000007.331319	000000003.074277	-00000000.055501
000000007.372379	000000003.053739	000000000.055710
000000007.611097	000000003.152620	000000000.172566
000000006.847498	000000002.801385	-00000000.154974
000000007.478185	000000003.059406	-00000000.056409
000000007.769611	000000003.139127	000000000.058503
000000011.478256	000000004.637516	000000000.086428
000000007.619780	000000003.078591	000000000.172147
000000009.390312	000000003.793933	000000000.212147
000000007.196695	000000002.871190	-00000000.162304
000000007.996855	000000003.190422	-00000000.060109
000000007.508286	000000002.957593	000000000.056339
000000008.820143	000000003.474347	000000000.066182
000000007.664959	000000003.019308	000000000.172566
000000007.081706	000000002.753925	-00000000.159162
000000007.791396	000000003.029908	-00000000.058363
000000008.346005	000000003.203731	000000000.062412
000000010.885283	000000004.178468	000000000.081401
000000023.353060	000000008.964399	000000000.523979
000000030.390713	000000011.665902	000000000.681885
000000007.423345	000000002.812454	-00000000.166283
000000008.051317	000000003.050371	-00000000.060109
000000008.991835	000000003.361909	000000000.067020
000000023.374210	000000008.739259	000000000.522723
000000007.578923	000000002.796012	-00000000.169215
000000008.021340	000000002.959229	-00000000.059690
000000009.096004	000000003.310674	000000000.067579
000000012.976839	000000004.723183	000000000.096411
000000009.357285	000000003.405774	000000000.208586
000000007.725360	000000002.773688	-00000000.171937
000000008.545670	000000003.068209	-00000000.063390
000000009.077416	000000003.214482	000000000.067230
000000009.443196	000000003.344011	000000000.209843
000000007.900292	000000002.758905	-00000000.175288
000000008.336102	000000002.911098	-00000000.061645
000000009.133487	000000003.144912	000000000.067439
000000009.443659	000000003.251713	000000000.209215
000000008.066075	000000002.738064	-00000000.178429
000000008.399065	000000002.851099	-00000000.061924
000000009.018338	000000003.017494	000000000.066392
000000009.708704	000000003.248487	000000000.214450
000000026.234362	000000008.777894	000000000.579477
000000008.175116	000000002.695749	-00000000.180314
000000008.566078	000000002.824669	-00000000.062971
000000009.386699	000000003.049923	000000000.068905
000000013.523694	000000004.394114	000000000.099274
000000016.383110	000000005.323195	000000000.360838
000000035.770897	000000011.622669	000000000.787854
000000008.303070	000000002.657834	-00000000.182618
000000008.723733	000000002.792489	-00000000.063948
000000009.088701	000000002.865656	000000000.066531
000000019.651796	000000006.196187	000000000.431623
000000008.459620	000000002.626782	-00000000.185550
000000008.700019	000000002.701428	-00000000.063599
000000009.821011	000000003.002584	000000000.071698
000000011.475377	000000003.508375	000000000.083775
000000028.749777	000000008.789689	000000000.629739
000000008.702415	000000002.619130	-00000000.190367
000000009.163734	000000002.757971	-00000000.066811
000000009.549612	000000002.828724	000000000.069533
000000011.313797	000000003.351300	000000000.082379
000000008.926506	000000002.601839	-00000000.194765
000000009.206654	000000002.683495	-00000000.066950
000000011.390674	000000003.266223	000000000.082728
000000011.340401	000000003.251807	000000000.247121
000000050.628159	000000014.517391	000000001.103247
000000009.073962	000000002.559122	-00000000.197487
000000009.576196	000000002.700767	-00000000.069464
000000010.913977	000000003.078060	-00000000.079167
000000011.399470	000000003.161353	000000000.082588
000000015.330987	000000004.251659	000000000.111072
000000022.495836	000000006.238647	000000000.489006
000000009.462488	000000002.579770	-00000000.205445
000000010.101077	000000002.753870	-00000000.073094
000000011.426624	000000003.061755	000000000.082588
000000015.348187	000000004.112535	000000000.110932
000000026.446404	000000007.086293	000000000.191147
000000053.635754	000000014.371657	000000001.163142
000000009.726349	000000002.560734	-00000000.210681
000000010.385820	000000002.734358	-00000000.074979
000000011.743345	000000003.037035	000000000.084683
000000034.332668	000000008.879031	000000000.742828
000000009.816155	000000002.492986	-00000000.212147
000000011.087731	000000002.815925	-00000000.079866
000000013.409160	000000003.343279	000000000.096481
000000013.872186	000000003.458724	000000000.299477
000000025.018440	000000006.237798	000000000.540105
000000010.060897	000000002.461886	-00000000.216963
000000011.247867	000000002.752336	-00000000.080843
000000013.253079	000000003.181783	000000000.095155
000000013.824068	000000003.318865	000000000.297801
000000009.877632	000000002.325874	-00000000.212566
000000011.524529	000000002.713666	-00000000.082658
000000013.387518	000000003.090752	000000000.095923
000000049.847580	000000011.508221	000000001.071624
000000010.433874	000000002.360945	-00000000.224084
000000012.210989	000000002.763065	-00000000.087405
000000013.394455	000000002.969479	000000000.095783
000000026.935350	000000005.971424	000000000.192613
000000028.403984	000000006.297011	000000000.609424
000000039.902229	000000008.846111	000000000.856126
000000009.906951	000000002.151010	-00000000.212356
000000012.586430	000000002.732782	-00000000.089919
000000014.036077	000000002.983460	000000000.100181
000000028.594763	000000006.078004	000000000.612356
000000055.272778	000000011.748591	000000001.183666
000000010.639890	000000002.213100	-00000000.227644
000000013.050358	000000002.714478	-00000000.093060
000000014.835699	000000003.018357	000000000.105696
000000042.705551	000000008.688542	000000000.912880
000000009.864536	000000001.962178	-00000000.210681
000000013.495276	000000002.684377	-00000000.096062
000000015.008714	000000002.917398	000000000.106743
000000018.002604	000000003.499352	000000000.128036
000000018.048164	000000003.508208	000000000.385131
000000045.625839	000000008.868765	000000000.973613
000000010.097375	000000001.917047	-00000000.215288
000000014.048698	000000002.667229	-00000000.099832
000000015.397396	000000002.853739	000000000.109327
000000017.894804	000000003.316606	000000000.127059
000000028.022081	000000005.193586	000000000.198966
000000018.078091	000000003.350576	000000000.385131
000000028.242718	000000005.234478	000000000.601676
000000033.403675	000000006.191005	000000000.711623
000000009.897279	000000001.789720	-00000000.210681
000000014.760251	000000002.669088	-00000000.104719
000000017.312498	000000003.052660	000000000.122731
000000051.041237	000000008.999948	000000001.085655
000000010.178561	000000001.748997	-00000000.216335
000000015.522130	000000002.667190	-00000000.109955
000000017.585043	000000002.942727	000000000.124476
000000019.005260	000000003.180390	000000000.134529
000000021.766792	000000003.642512	000000000.154076
000000036.307072	000000006.075720	000000000.771100
000000009.848063	000000001.603859	-00000000.209005
000000015.396769	000000002.507523	-00000000.108908
000000018.123640	000000002.870502	000000000.128106
000000021.936022	000000003.474325	000000000.155054
000000061.746605	000000009.779701	000000001.309530
000000010.385402	000000001.598466	-00000000.220105
000000017.305788	000000002.663616	-00000000.122242
000000018.029320	000000002.694500	000000000.127268
000000022.044628	000000003.294592	000000000.155612
000000022.228201	000000003.322027	000000000.470786
000000009.844872	000000001.427438	-00000000.208377
000000015.636111	000000002.267128	-00000000.110304
000000017.991425	000000002.608632	-00000000.126919
000000021.924000	000000003.081217	000000000.154565
000000044.661198	000000006.276722	000000000.944713
000000010.253213	000000001.395401	-00000000.216754
000000019.212421	000000002.614696	-00000000.135367
000000021.969883	000000002.892390	000000000.154705
000000024.805346	000000003.265686	000000000.174671
000000036.625854	000000004.821885	000000000.773822
000000009.818695	000000001.249096	-00000000.207330
000000015.921290	000000002.025444	-00000000.112049
000000021.049831	000000002.677877	-00000000.148142
000000022.629499	000000002.778553	000000000.159173
000000025.170357	000000003.090531	000000000.177045
000000026.629364	000000003.269675	000000000.187307
000000026.782946	000000003.288532	000000000.565236
000000010.285933	000000001.217420	-00000000.216963
000000022.134958	000000002.619845	-00000000.155612
000000025.315594	000000002.884347	000000000.177883
000000061.756813	000000007.036300	000000001.301990
000000009.799246	000000001.073192	-00000000.206492
000000015.616244	000000001.710257	-00000000.109676
000000023.399517	000000002.562664	-00000000.164339
000000025.727655	000000002.704086	000000000.180605
000000027.239290	000000002.862965	000000000.191217
000000061.686607	000000006.483524	000000001.299268
000000010.315560	000000001.038722	-00000000.217173
000000027.372728	000000002.635694	000000000.191985
000000029.373426	000000002.828339	000000000.206017
000000035.027138	000000003.372730	000000000.245671
000000035.030262	000000003.373031	000000000.737173
000000061.621414	000000005.933467	000000001.296755
000000009.816483	000000000.902008	-00000000.206492
000000015.783124	000000001.450265	-00000000.110653
000000029.705801	000000002.598921	000000000.208181
000000034.786270	000000003.043404	000000000.243786
000000039.341061	000000003.441897	000000000.827226
000000010.292264	000000000.855221	-00000000.216335
000000034.083771	000000002.682451	000000000.238689
000000043.894611	000000003.454581	000000000.922304
000000061.974724	000000004.877517	000000001.302200
000000009.790849	000000000.727586	-00000000.205655
000000015.736224	000000001.169403	-00000000.110164
000000061.685802	000000004.313491	000000001.295289
000000010.185905	000000000.667620	-00000000.213822
000000043.268089	000000002.646389	000000000.302638
000000061.711121	000000003.774414	000000001.295079
000000009.762129	000000000.554334	-00000000.204817
000000015.604482	000000000.886087	-00000000.109117
000000010.235950	000000000.491668	-00000000.214660
000000061.549862	000000002.687325	000000000.430115
000000009.770316	000000000.383877	-00000000.204817
000000015.167928	000000000.595949	-00000000.105976
000000010.113061	000000000.308982	-00000000.211937
000000009.675574	000000000.211122	-00000000.202723
000000015.166020	000000000.330924	-00000000.105906
000000009.846996	000000000.128904	-00000000.206283
000000009.797757	000000000.042751	-00000000.205236
000000015.569472	000000000.067935	-00000000.108698
000000010.057698	-00000000.043885	-00000000.210681
000000009.787014	-00000000.128119	-00000000.205026
000000015.528291	-00000000.203276	-00000000.108419
000000010.015419	-00000000.218537	-00000000.209843
000000009.793282	-00000000.299212	-00000000.205236
000000015.442417	-00000000.471809	-00000000.107860
000000010.090000	-00000000.396437	-00000000.211518
000000076.050850	-00000003.320452	000000001.594556
000000009.726649	-00000000.467204	-00000000.203979
000000015.571667	-00000000.747961	-00000000.108838
000000059.245682	-00000003.104934	000000001.242723
000000010.051599	-00000000.570771	-00000000.210890
000000035.223320	-00000002.154351	000000000.246369
000000062.419640	-00000003.817749	000000001.309948
000000009.756920	-00000000.639502	-00000000.204817
000000015.346696	-00000001.005876	-00000000.107372
000000034.445045	-00000002.408632	000000000.241063
000000045.788120	-00000003.201817	000000000.961466
000000010.099929	-00000000.750554	-00000000.212147
000000030.654461	-00000002.412558	000000000.214674
000000034.861351	-00000002.743648	000000000.244135
000000054.120739	-00000004.259395	000000001.137173
000000009.744273	-00000000.809687	-00000000.204817
000000015.635732	-00000001.299229	-00000000.109536
000000024.415260	-00000002.028752	-00000000.171041
000000028.151777	-00000002.462961	000000000.197290
000000031.708105	-00000002.774100	000000000.222214
000000034.527267	-00000003.020744	000000000.241970
000000037.797298	-00000003.306835	000000000.794765
000000053.563599	-00000004.686208	000000001.126283
000000010.085292	-00000000.926708	-00000000.212147
000000021.857386	-00000002.008412	-00000000.153239
000000024.287075	-00000002.338579	000000000.170343
000000027.024347	-00000002.602149	000000000.189541
000000032.598431	-00000003.138872	000000000.228636
000000032.592075	-00000003.138260	000000000.685864
000000009.778396	-00000000.984633	-00000000.205864
000000015.262445	-00000001.536847	-00000000.107093
000000020.117773	-00000002.025753	-00000000.141161
000000022.973263	-00000002.313286	-00000000.161197
000000023.589483	-00000002.479355	000000000.165595
000000037.753716	-00000003.968076	000000000.795184
000000042.735176	-00000004.491648	000000000.900105
000000010.067582	-00000001.102580	-00000000.212147
000000018.498938	-00000002.025963	-00000000.129921
000000021.331928	-00000002.336226	-00000000.149818
000000022.215727	-00000002.531162	000000000.156101
000000028.648329	-00000003.264065	000000000.603979
000000035.194530	-00000004.009910	000000000.741990
000000042.565216	-00000004.849694	000000000.897383
000000009.710079	-00000001.149264	-00000000.204817
000000015.809264	-00000001.871150	-00000000.111142
000000020.079353	-00000002.376548	-00000000.141161
000000020.634533	-00000002.533602	000000000.145140
000000034.761265	-00000004.268147	000000000.733613
000000010.036888	-00000001.276853	-00000000.211937
000000016.268484	-00000002.069613	-00000000.114493
000000017.885414	-00000002.275312	-00000000.125872
000000018.311541	-00000002.410760	000000000.128944
000000020.145668	-00000002.652228	000000000.141859
000000022.104370	-00000002.910096	000000000.467016
000000024.334633	-00000003.203715	000000000.514136
000000009.728168	-00000001.323946	-00000000.205655
000000014.822992	-00000002.017321	-00000000.104440
000000018.418537	-00000002.588557	000000000.129851
000000024.320391	-00000003.418008	000000000.171460
000000023.315697	-00000003.276808	000000000.493194
000000034.493374	-00000004.847727	000000000.729634
000000010.052652	-00000001.457565	-00000000.212775
000000014.062604	-00000002.038980	-00000000.099204
000000016.012169	-00000002.321654	-00000000.112957
000000017.940310	-00000002.681197	000000000.126640
000000024.348978	-00000003.638979	000000000.171879
000000022.762152	-00000003.401826	000000000.482095
000000009.713463	-00000001.495045	-00000000.205864
000000013.836724	-00000002.129675	-00000000.097738
000000016.424856	-00000002.601442	000000000.116098
000000020.089092	-00000003.181799	000000000.141999
000000020.065426	-00000003.178051	000000000.425550
000000010.025683	-00000001.632786	-00000000.212775
000000011.940037	-00000001.944559	-00000000.253403
000000014.330838	-00000002.333925	-00000000.101368
000000017.555454	-00000002.937776	000000000.124266
000000022.206282	-00000003.716057	000000000.471623
000000009.764718	-00000001.677886	-00000000.207539
000000013.403236	-00000002.303097	-00000000.094945
000000014.761909	-00000002.602923	000000000.104649
000000022.886374	-00000004.035485	000000000.162244
000000022.379770	-00000003.946157	000000000.476021
000000010.074367	-00000001.821742	-00000000.214450
000000013.067741	-00000002.363033	-00000000.092711
000000017.186876	-00000003.185399	000000000.122032
000000022.236349	-00000004.121264	000000000.473718
000000009.694658	-00000001.840588	-00000000.206702
000000012.584884	-00000002.389315	-00000000.089430
000000012.800106	-00000002.488089	000000000.091036
000000015.234483	-00000002.961283	000000000.108349
000000022.238794	-00000004.322783	000000000.474555
000000010.050844	-00000001.999237	-00000000.214660
000000012.190865	-00000002.424914	-00000000.086777
000000015.629418	-00000003.179841	000000000.111351
000000015.783125	-00000003.211113	000000000.337382
000000022.435354	-00000004.564524	000000000.479581
000000009.612118	-00000001.999323	-00000000.205655
000000011.434973	-00000002.378478	-00000000.081541
000000012.197204	-00000002.592596	000000000.087056
000000014.231701	-00000003.025041	000000000.101577
000000016.354229	-00000003.476199	000000000.116727
000000019.069695	-00000004.053389	000000000.408377
000000025.181776	-00000005.352552	000000000.539267
000000036.750729	-00000007.811608	000000000.787016
000000009.643155	-00000002.093734	-00000000.206702
000000011.101074	-00000002.410280	-00000000.079307
000000011.725030	-00000002.599376	000000000.083845
000000016.215881	-00000003.594975	000000000.115959
000000018.926228	-00000004.195844	000000000.406074
000000042.205784	-00000009.356796	000000000.905550
000000009.068694	-00000002.052036	-00000000.194765
000000010.728504	-00000002.427613	-00000000.076794
000000011.204983	-00000002.586874	000000000.080284
000000012.715219	-00000002.935540	000000000.091105
000000015.540824	-00000003.587882	000000000.111351
000000015.420896	-00000003.560194	000000000.331519
000000018.898634	-00000004.363093	000000000.406283
000000009.274270	-00000002.183801	-00000000.199581
000000010.570641	-00000002.489055	-00000000.075816
000000012.280733	-00000002.948343	000000000.088173
000000013.651741	-00000003.277493	000000000.098017
000000018.980198	-00000004.556743	000000000.136274
000000015.447570	-00000003.708633	000000000.332775
000000018.811232	-00000004.516177	000000000.405236
000000009.264571	-00000002.267026	-00000000.199791
000000010.295976	-00000002.519409	-00000000.074001
000000011.390994	-00000002.840094	000000000.081960
000000013.884594	-00000003.461818	000000000.099902
000000016.533438	-00000004.122249	000000000.118961
000000015.269105	-00000003.807015	000000000.329634
000000018.703199	-00000004.663231	000000000.403770
000000009.225055	-00000002.342865	-00000000.199372
000000009.973143	-00000002.532856	-00000000.071837
000000009.961996	-00000002.576347	000000000.071837
000000012.217726	-00000003.159719	000000000.088104
000000015.022356	-00000003.885046	000000000.325026
000000009.107574	-00000002.397824	-00000000.197278
000000009.708904	-00000002.556141	-00000000.070092
000000011.706736	-00000003.136810	000000000.084613
000000013.416383	-00000003.594909	000000000.096970
000000011.569253	-00000003.099972	000000000.250890
000000014.881652	-00000003.987527	000000000.322723
000000008.874097	-00000002.419356	-00000000.192670
000000009.512571	-00000002.593425	-00000000.068835
000000009.684250	-00000002.685680	000000000.070162
000000011.563284	-00000003.206782	000000000.083775
000000011.589931	-00000003.214173	000000000.251937
000000008.669820	-00000002.445142	-00000000.188691
000000009.277843	-00000002.616622	-00000000.067299
000000009.448972	-00000002.709449	000000000.068626
000000011.381062	-00000003.263467	000000000.082658
000000015.177952	-00000004.352208	000000000.110234
000000014.809793	-00000004.246640	000000000.322723
000000008.398594	-00000002.447967	-00000000.183246
000000009.427460	-00000002.747854	-00000000.068556
000000009.520848	-00000002.820204	000000000.069324
000000014.992652	-00000004.441026	000000000.327539
000000021.185268	-00000006.275362	000000000.462827
000000008.089704	-00000002.434724	-00000000.176963
000000009.192461	-00000002.766617	-00000000.067020
000000009.314181	-00000002.847631	000000000.067997
000000012.594227	-00000003.850441	000000000.091943
000000014.449412	-00000004.417629	000000000.105487
000000015.192350	-00000004.644768	000000000.332775
000000021.426090	-00000006.550613	000000000.469320
000000008.058600	-00000002.502262	-00000000.176754
000000009.244368	-00000002.870453	-00000000.067579
000000009.603695	-00000003.028033	000000000.070301
000000011.549231	-00000003.641458	000000000.084543
000000013.494765	-00000004.254883	000000000.098785
000000015.389615	-00000004.852327	000000000.338011
000000021.368109	-00000006.737339	000000000.469320
000000007.512755	-00000002.404852	-00000000.165236
000000008.418974	-00000002.694935	-00000000.061714
000000010.923714	-00000003.496708	-00000000.080075
000000009.652988	-00000003.136446	000000000.070860
000000011.574076	-00000003.760645	000000000.084962
000000013.837535	-00000004.496088	000000000.101577
000000009.774716	-00000003.175998	000000000.215288
000000020.709469	-00000006.728914	000000000.456126
000000007.273100	-00000002.398309	-00000000.160419
000000008.509097	-00000002.805879	-00000000.062552
000000009.947673	-00000003.328445	000000000.073233
000000011.294259	-00000003.779006	000000000.083147
000000020.488781	-00000006.855450	000000000.452566
000000007.138287	-00000002.423122	-00000000.157906
000000007.414282	-00000002.516810	-00000000.054663
000000009.549505	-00000003.288158	000000000.070511
000000011.336492	-00000003.903467	000000000.083705
000000011.901468	-00000004.098004	000000000.263665
000000020.664503	-00000007.115359	000000000.457801
000000007.220697	-00000002.521580	-00000000.160210
000000007.873511	-00000002.749553	-00000000.058224
000000009.284793	-00000003.287918	000000000.068765
000000011.528224	-00000004.082358	000000000.085381
000000009.593987	-00000003.397409	000000000.213194
000000006.812620	-00000002.445980	-00000000.151623
000000007.642163	-00000002.743817	-00000000.056688
000000009.772565	-00000003.556923	000000000.072605
000000011.661301	-00000004.244367	000000000.086637
000000009.977346	-00000003.631457	000000000.222409
000000006.903574	-00000002.546863	-00000000.154136
000000007.374004	-00000002.720414	-00000000.054873
000000009.684955	-00000003.621056	000000000.072186
000000009.814171	-00000003.669368	000000000.219477
000000006.553860	-00000002.483036	-00000000.146806
000000007.331282	-00000002.777574	-00000000.054733
000000009.456940	-00000003.630179	000000000.070720
000000009.809778	-00000003.765621	000000000.220105
000000012.264557	-00000004.707922	000000000.275183
000000023.838415	-00000009.150710	000000000.534869
000000006.410808	-00000002.493027	-00000000.144084
000000007.166966	-00000002.787081	-00000000.053686
000000009.583068	-00000003.774871	000000000.071907
000000009.618408	-00000003.788792	000000000.216545
000000017.878702	-00000007.042608	000000000.402513
000000006.175229	-00000002.463666	-00000000.139267
000000007.049493	-00000002.812463	-00000000.052988
000000009.966984	-00000004.026923	000000000.075049
000000009.520090	-00000003.846366	000000000.215079
000000012.050747	-00000004.868818	000000000.272251
000000017.621901	-00000007.119709	000000000.398115
000000006.033201	-00000002.468247	-00000000.136545
000000007.098723	-00000002.904164	-00000000.053546
000000007.372379	-00000003.053739	000000000.055710
000000011.150954	-00000004.618876	000000000.084264
000000009.698607	-00000004.017295	000000000.219895
000000011.629092	-00000004.816928	000000000.263665
000000017.596045	-00000007.288520	000000000.398953
000000005.808592	-00000002.435745	-00000000.131937
000000005.901942	-00000002.474890	-00000000.044680
000000007.281016	-00000003.090608	000000000.055222
000000007.316409	-00000003.105631	000000000.166492
000000005.539096	-00000002.379783	-00000000.126283
000000006.146564	-00000002.640772	-00000000.046705
000000007.134554	-00000003.102192	000000000.054314
000000007.261523	-00000003.157400	000000000.165864
000000005.527269	-00000002.432056	-00000000.126492
000000005.702251	-00000002.509051	-00000000.043493
000000006.714396	-00000002.989441	000000000.051312
000000008.276521	-00000003.684944	000000000.063250
000000010.222324	-00000004.551272	000000000.078120
000000014.111181	-00000006.282703	000000000.323560
000000017.563625	-00000007.819830	000000000.402723
000000005.460257	-00000002.459666	-00000000.125445
000000005.725726	-00000002.579252	-00000000.043842
000000009.581658	-00000004.366613	000000000.073513
000000013.494397	-00000006.149751	000000000.103532
000000017.512913	-00000007.981094	000000000.403142
000000005.447664	-00000002.511408	-00000000.125655
000000005.612188	-00000002.587254	-00000000.043144
000000009.352868	-00000004.361314	000000000.072047
000000013.848045	-00000006.457449	000000000.106674
000000014.398072	-00000006.713932	000000000.332775
000000017.415415	-00000008.120941	000000000.402513
000000019.472282	-00000009.080074	000000000.450053
000000005.389370	-00000002.541792	-00000000.124817
000000005.652707	-00000002.665990	-00000000.043633
000000005.812508	-00000002.772424	000000000.044959
000000009.801837	-00000004.675236	000000000.075816
000000012.319988	-00000005.876333	000000000.095294
000000017.398029	-00000008.298434	000000000.403770
000000019.338161	-00000009.223829	000000000.448796
000000005.330964	-00000002.571352	-00000000.123979
000000005.638234	-00000002.719561	-00000000.043703
000000006.066712	-00000002.958933	000000000.047124
000000009.419131	-00000004.594018	000000000.073164
000000010.991982	-00000005.361148	000000000.085381
000000016.453310	-00000008.024816	000000000.383456
000000005.595258	-00000002.759276	-00000000.130681
000000005.874373	-00000002.896920	-00000000.045727
000000006.452320	-00000003.217008	000000000.050335
000000010.917933	-00000005.443480	000000000.085171
000000005.285276	-00000002.663998	-00000000.123979
000000005.679208	-00000002.862556	-00000000.044401
000000006.584378	-00000003.354908	000000000.051592
000000009.310791	-00000004.744085	000000000.072954
000000010.985843	-00000005.597567	000000000.086079
000000013.682858	-00000006.971765	000000000.321676
000000018.261627	-00000009.304764	000000000.429320
000000005.208498	-00000002.682553	-00000000.122723
000000005.556222	-00000002.861642	-00000000.043633
000000006.767728	-00000003.523056	000000000.053267
000000010.812398	-00000005.628578	000000000.085102
000000013.736784	-00000007.150917	000000000.324398
000000005.167194	-00000002.718592	-00000000.122304
000000005.371744	-00000002.826211	-00000000.042376
000000006.304092	-00000003.351945	000000000.049846
000000010.701064	-00000005.689857	000000000.084613
000000013.552916	-00000007.206213	000000000.107162
000000013.620893	-00000007.242358	000000000.323142
000000004.993555	-00000002.683134	-00000000.118744
000000005.355685	-00000002.877713	-00000000.042446
000000006.406421	-00000003.478403	000000000.050893
000000013.524666	-00000007.343295	000000000.107442
000000013.548388	-00000007.356174	000000000.322932
000000004.882297	-00000002.678520	-00000000.116649
000000005.321602	-00000002.919531	-00000000.042376
000000005.641160	-00000003.126946	000000000.045029
000000007.276659	-00000004.033517	000000000.058084
000000013.486307	-00000007.475582	000000000.107651
000000006.435790	-00000003.567416	000000000.154136
000000013.413724	-00000007.435349	000000000.321257
000000004.884906	-00000002.735679	-00000000.117278
000000005.339545	-00000002.990289	-00000000.042725
000000007.989671	-00000004.520338	000000000.064088
000000008.153444	-00000004.612997	000000000.196230
000000013.261312	-00000007.502889	000000000.319162
000000004.843487	-00000002.768281	-00000000.116859
000000005.130930	-00000002.932568	-00000000.041259
000000006.572973	-00000003.794908	000000000.052988
000000008.216779	-00000004.743959	000000000.198744
000000004.775963	-00000002.785259	-00000000.115812
000000005.061953	-00000002.952044	-00000000.040910
000000008.185278	-00000004.821497	000000000.066322
000000008.123382	-00000004.785037	000000000.197487
000000004.751475	-00000002.826831	-00000000.115812
000000004.812559	-00000002.863171	-00000000.039095
000000006.642885	-00000003.991448	000000000.054105
000000007.995617	-00000004.804251	000000000.195393
000000004.504397	-00000002.733335	-00000000.110367
000000004.958368	-00000003.008812	-00000000.040491
000000004.740564	-00000002.905021	000000000.038816
000000006.590748	-00000004.038815	000000000.053965
000000007.912308	-00000004.848669	000000000.064786
000000007.902241	-00000004.842500	000000000.194136
000000004.531383	-00000002.804105	-00000000.111623
000000004.897910	-00000003.030918	-00000000.040212
000000004.765914	-00000002.978074	000000000.039235
000000006.402607	-00000004.000793	000000000.052709
000000007.589845	-00000004.742662	000000000.062482
000000007.978382	-00000004.985446	000000000.197068
000000004.557473	-00000002.875551	-00000000.112880
000000004.905102	-00000003.094889	-00000000.040491
000000004.545769	-00000002.895974	000000000.037629
000000007.725277	-00000004.921545	000000000.063948
000000007.943005	-00000005.060252	000000000.197278
000000004.296767	-00000002.763773	-00000000.107016
000000004.776985	-00000003.072660	-00000000.039654
000000005.023514	-00000003.262308	000000000.041818
000000007.816219	-00000005.075912	000000000.065065
000000007.865005	-00000005.107594	000000000.196440
000000004.339373	-00000002.845018	-00000000.108691
000000004.716539	-00000003.092298	-00000000.039374
000000004.536228	-00000003.002464	000000000.037978
000000005.937122	-00000003.929696	000000000.049707
000000007.271307	-00000004.812773	000000000.060877
000000007.578360	-00000005.016007	000000000.190367
000000004.331007	-00000002.893886	-00000000.109110
000000004.722632	-00000003.155562	-00000000.039654
000000005.869443	-00000003.958989	000000000.049427
000000007.411415	-00000004.999063	000000000.062412
000000007.617184	-00000005.137856	000000000.192461
000000004.454341	-00000003.032853	-00000000.112880
000000004.703181	-00000003.202282	-00000000.039723
000000004.417209	-00000003.035864	000000000.037420
000000006.164314	-00000004.236615	000000000.052220
000000007.433437	-00000005.108860	000000000.062971
000000007.637975	-00000005.249434	000000000.194136
000000004.131978	-00000002.866455	-00000000.105340
000000004.666841	-00000003.237503	-00000000.039654
000000005.774881	-00000004.043615	000000000.049218
000000007.437719	-00000005.207947	000000000.063390
000000007.722910	-00000005.407640	000000000.197487
000000004.596684	-00000003.248615	-00000000.117906
000000005.430534	-00000003.837922	-00000000.046425
000000007.212887	-00000005.144903	000000000.061854
000000007.716122	-00000005.503856	000000000.198534
000000010.418393	-00000007.431368	000000000.268063
000000004.300399	-00000003.095844	-00000000.110995
000000005.323795	-00000003.832584	-00000000.045797
000000007.556035	-00000005.489780	000000000.065205
000000010.290445	-00000007.476446	000000000.088802
000000007.781036	-00000005.653254	000000000.201466
000000010.086229	-00000007.328075	000000000.261152
000000003.757208	-00000002.754899	-00000000.097592
000000004.588558	-00000003.364470	-00000000.039723
000000006.470890	-00000004.788207	000000000.056199
000000008.134833	-00000006.019460	000000000.070650
000000009.991697	-00000007.393467	000000000.086777
000000010.037970	-00000007.427707	000000000.261571
000000004.053455	-00000003.026859	-00000000.105969
000000004.038221	-00000003.015482	-00000000.035186
000000007.906299	-00000005.957823	000000000.069114
000000010.270202	-00000007.739152	000000000.089779
000000010.148431	-00000007.647391	000000000.266178
000000003.979137	-00000003.025806	-00000000.104712
000000004.489342	-00000003.413775	-00000000.039374
000000007.465273	-00000005.728305	000000000.065694
000000010.146742	-00000007.785869	000000000.089290
000000010.239945	-00000007.857386	000000000.270367
000000004.150210	-00000003.213436	-00000000.109948
000000004.491007	-00000003.477309	-00000000.039654
000000005.129825	-00000004.007859	000000000.045448
000000007.840516	-00000006.125682	000000000.069464
000000029.612724	-00000023.135996	000000000.262356
000000005.089433	-00000003.976301	000000000.135288
000000010.068568	-00000007.866428	000000000.267644
000000030.583868	-00000023.894737	000000000.812985
000000003.368271	-00000002.655330	-00000000.089843
000000003.423898	-00000002.699184	-00000000.030438
000000004.953789	-00000003.940422	000000000.044191
000000007.778935	-00000006.187644	000000000.069394
000000030.194225	-00000024.017570	000000000.808168
000000003.461928	-00000002.778491	-00000000.092984
000000004.148884	-00000003.329832	-00000000.037140
000000005.268921	-00000004.266688	000000000.047333
000000008.019951	-00000006.494428	000000000.072047
000000029.563917	-00000023.940390	000000000.796859
000000003.251736	-00000002.656780	-00000000.087958
000000003.747969	-00000003.062219	-00000000.033789
000000007.762354	-00000006.398791	000000000.070231
000000028.024721	-00000023.101797	000000000.253559
000000029.045296	-00000023.943094	000000000.788482
000000003.289922	-00000002.736199	-00000000.089634
000000004.036321	-00000003.356973	-00000000.036652
000000005.712356	-00000004.750916	-00000000.051871
000000007.542155	-00000006.272744	-00000000.068486
000000003.876090	-00000003.252426	000000000.035325
000000006.220129	-00000005.219308	000000000.056688
000000007.851764	-00000006.588412	000000000.071558
000000005.215619	-00000004.376423	000000000.142618
000000028.590168	-00000023.990000	000000000.781781
000000003.365117	-00000002.848782	-00000000.092356
000000004.090827	-00000003.463140	-00000000.037420
000000007.938445	-00000006.780072	000000000.072884
000000027.008963	-00000023.067833	000000000.247974
000000005.184832	-00000004.428265	000000000.142827
000000027.984406	-00000023.900940	000000000.770891
000000003.226519	-00000002.780147	-00000000.089215
000000003.878638	-00000003.342048	-00000000.035744
000000005.094165	-00000004.428290	000000000.047124
000000007.811054	-00000006.790046	000000000.072256
000000005.108263	-00000004.440546	000000000.141780
000000003.254752	-00000002.854341	-00000000.090681
000000005.420633	-00000004.753767	-00000000.050335
000000007.480624	-00000006.560331	-00000000.069464
000000005.130221	-00000004.538836	000000000.047822
000000007.639162	-00000006.758560	000000000.071209
000000005.024391	-00000004.445205	000000000.140524
000000002.826937	-00000002.523138	-00000000.079372
000000005.146667	-00000004.593576	-00000000.144503
000000003.886864	-00000003.469159	-00000000.036372
000000005.364022	-00000004.787572	-00000000.050195
000000005.105280	-00000004.596815	000000000.047961
000000010.225424	-00000009.207013	000000000.096062
000000004.799663	-00000004.321636	000000000.135288
000000002.938021	-00000002.668711	-00000000.083141
000000003.730608	-00000003.388646	-00000000.035186
000000005.418265	-00000004.921605	-00000000.051103
000000004.932265	-00000004.519588	000000000.046705
000000007.792831	-00000007.140814	000000000.073792
000000004.960788	-00000004.545725	000000000.140942
000000002.694373	-00000002.490652	-00000000.076859
000000002.907846	-00000002.687985	-00000000.027646
000000005.521971	-00000005.104457	-00000000.052499
000000004.775623	-00000004.453341	000000000.045588
000000006.859931	-00000006.396989	000000000.065484
000000004.365224	-00000004.070637	000000000.125026
000000002.556021	-00000002.404465	-00000000.073508
000000003.633774	-00000003.418313	-00000000.104503
000000002.957114	-00000002.781775	-00000000.028344
000000005.950646	-00000005.597809	-00000000.057037
000000004.069251	-00000003.861575	000000000.039165
000000004.380301	-00000004.156750	000000000.126492
000000002.376056	-00000002.274579	-00000000.068901
000000002.593223	-00000002.482471	-00000000.025063
000000004.078557	-00000003.938617	000000000.039584
000000004.329476	-00000004.180926	000000000.126073
000000002.263018	-00000002.204534	-00000000.066178
000000002.607276	-00000002.539896	-00000000.025412
000000004.612872	-00000004.493661	-00000000.044959
000000003.345063	-00000003.287184	000000000.032742
000000004.457706	-00000004.380576	000000000.043633
000000004.349874	-00000004.274609	000000000.127749
000000002.272095	-00000002.252353	-00000000.067016
000000002.322250	-00000002.302072	-00000000.022829
000000004.651601	-00000004.611184	-00000000.045727
000000002.998060	-00000002.998060	000000000.029601
000000004.433452	-00000004.433452	000000000.043773
000000004.227571	-00000004.227571	000000000.125236
000000002.259392	-00000002.279195	-00000000.067225
000000002.428792	-00000002.450080	-00000000.024085
000000004.275442	-00000004.350722	000000000.042586
000000004.211541	-00000004.285695	000000000.125864
000000002.358015	-00000002.420570	-00000000.070785
000000002.393363	-00000002.456856	-00000000.023946
000000004.640193	-00000004.763292	-00000000.046425
000000002.959173	-00000003.064313	000000000.029740
000000004.334562	-00000004.488571	000000000.043563
000000004.139256	-00000004.286325	000000000.124817
000000002.150134	-00000002.246059	-00000000.065131
000000002.337257	-00000002.441531	-00000000.023597
000000003.421039	-00000003.605023	000000000.034697
000000002.979922	-00000003.140182	000000000.090681
000000004.204924	-00000004.431066	000000000.127958
000000002.233207	-00000002.373969	-00000000.068272
000000002.350121	-00000002.498252	-00000000.023946
000000002.605170	-00000002.793703	000000000.026668
000000002.597844	-00000002.785846	000000000.079791
000000002.097034	-00000002.268559	-00000000.064712
000000002.294291	-00000002.481950	-00000000.023597
000000002.850921	-00000003.111234	000000000.029461
000000002.857120	-00000003.117999	000000000.088586
000000002.191435	-00000002.412582	-00000000.068272
000000002.205309	-00000002.427856	-00000000.022899
000000002.382047	-00000002.645531	000000000.024853
000000002.869941	-00000003.187392	000000000.089843
000000001.963920	-00000002.200387	-00000000.061780
000000002.064183	-00000002.312721	-00000000.021642
000000002.213097	-00000002.501451	000000000.023317
000000004.366560	-00000004.935498	000000000.046007
000000004.193465	-00000004.739850	000000000.132566
000000006.187514	-00000006.993712	000000000.195602
000000001.918276	-00000002.187374	-00000000.060942
000000001.997769	-00000002.278019	-00000000.021153
000000002.184623	-00000002.513122	000000000.023248
000000002.151402	-00000002.474905	000000000.068691
000000006.093451	-00000007.009714	000000000.194555
000000001.886062	-00000002.188883	-00000000.060524
000000001.977814	-00000002.295366	-00000000.021153
000000002.078183	-00000002.433240	000000000.022340
000000002.090764	-00000002.447970	000000000.067435
000000004.233473	-00000004.956759	000000000.136545
000000006.077500	-00000007.115839	000000000.196021
000000001.957326	-00000002.312087	-00000000.063456
000000001.938325	-00000002.289642	-00000000.020944
000000002.095437	-00000002.497244	000000000.022759
000000006.125617	-00000007.300225	000000000.066531
000000004.177203	-00000004.978197	000000000.136126
000000006.175834	-00000007.360072	000000000.201257
000000002.124449	-00000002.577163	000000000.023317
000000004.139961	-00000005.022174	000000000.136335
000000006.149528	-00000007.459973	000000000.202513
000000019.644146	-00000023.830256	000000000.646911
000000002.070414	-00000002.556748	000000000.022968
000000002.088886	-00000002.579559	000000000.069529
000000003.970141	-00000004.902716	000000000.132147
000000005.763310	-00000007.117095	000000000.191833
000000001.985773	-00000002.496459	000000000.022270
000000002.047624	-00000002.574216	000000000.068901
000000003.902311	-00000004.905877	000000000.131309
000000005.875249	-00000007.386200	000000000.197696
000000002.043946	-00000002.616132	000000000.023178
000000002.074324	-00000002.655014	000000000.070576
000000003.865506	-00000004.947622	000000000.131518
000000005.902899	-00000007.555366	000000000.200838
000000001.966251	-00000002.562469	000000000.022549
000000005.690671	-00000007.416227	000000000.195812
000000001.925761	-00000002.555571	000000000.022340
000000002.057756	-00000002.730735	000000000.071623
000000005.493366	-00000007.289943	000000000.191204
000000018.092609	-00000024.009703	000000000.629739
000000001.939075	-00000002.620509	000000000.022759
000000002.093317	-00000002.828956	000000000.073717
000000017.775354	-00000024.022011	000000000.625969
000000001.898500	-00000002.613061	000000000.022549
000000002.092057	-00000002.879469	000000000.074555
000000017.382875	-00000023.925474	000000000.619477
000000001.817556	-00000002.548120	000000000.021851
000000002.107490	-00000002.954591	000000000.076021
000000017.074728	-00000023.937885	000000000.615917
000000001.795251	-00000002.563884	000000000.021851
000000001.984139	-00000002.833644	000000000.072461
000000001.886087	-00000002.744273	000000000.023248
000000001.902707	-00000002.768457	000000000.070367
000000001.750231	-00000002.594825	000000000.021851
000000001.951155	-00000002.892707	000000000.073089
000000001.738559	-00000002.626676	000000000.021991
000000001.887210	-00000002.851264	000000000.071623
000000015.925408	-00000024.060667	000000000.604398
000000001.808157	-00000002.784318	000000000.023178
000000001.845921	-00000002.842470	000000000.070995
000000005.178381	-00000007.974008	000000000.199162
000000015.622267	-00000024.056183	000000000.600838
000000001.654842	-00000002.597582	000000000.021502
000000001.708238	-00000002.681397	000000000.066597
000000015.277450	-00000023.980793	000000000.595602
000000001.568523	-00000002.510161	000000000.020665
000000001.690072	-00000002.704680	000000000.066806
000000005.631806	-00000009.012774	000000000.222618
000000001.572682	-00000002.566384	000000000.021014
000000001.546257	-00000002.523261	000000000.061990
000000005.563389	-00000009.078626	000000000.223037
000000001.601729	-00000002.665725	000000000.021712
000000001.544775	-00000002.570938	000000000.062827
000000005.463356	-00000009.092550	000000000.222199
000000001.603782	-00000002.722682	000000000.022061
000000001.522281	-00000002.584321	000000000.062827
000000014.091249	-00000023.922195	000000000.581571
000000001.524963	-00000002.641313	000000000.021293
000000001.554659	-00000002.692748	000000000.065131
000000013.881955	-00000024.044250	000000000.581571
