000000003.342048	000000003.878638	-00000000.035744
000000003.355334	000000003.826025	-00000000.106597
000000003.362582	000000003.834290	-00000000.035604
000000003.361965	000000003.766764	-00000000.105759
000000003.422548	000000003.834641	-00000000.035884
000000003.475374	000000003.826088	-00000000.108272
000000003.671033	000000004.041492	-00000000.038118
000000003.603642	000000003.898397	-00000000.111204
000000003.882646	000000004.200222	-00000000.039933
000000003.753979	000000003.990597	-00000000.114764
000000003.932854	000000004.180748	-00000000.040072
000000003.947674	000000004.123794	-00000000.119581
000000004.065998	000000004.247396	-00000000.041050
000000003.899793	000000004.003250	-00000000.117068
000000004.200596	000000004.312033	-00000000.042027
000000004.040158	000000004.075570	-00000000.120209
000000004.132466	000000004.168686	-00000000.040980
000000003.926464	000000003.892348	-00000000.115812
000000004.239703	000000004.202865	-00000000.041678
000000004.167963	000000004.060250	-00000000.121885
000000004.376498	000000004.263396	-00000000.042656
000000004.174348	000000003.996069	-00000000.121047
000000004.514665	000000004.321851	-00000000.043633
000000004.230907	000000003.980040	-00000000.121675
000000004.537641	000000004.268586	-00000000.043493
000000004.023205	000000003.719012	-00000000.114764
000000004.420514	000000004.086281	-00000000.042027
000000004.070307	000000003.697206	-00000000.115183
000000004.685466	000000004.255978	-00000000.044191
000000004.326184	000000003.861267	-00000000.121466
000000004.543379	000000004.055120	-00000000.042516
000000004.434882	000000003.889287	-00000000.123560
000000004.586111	000000004.021912	-00000000.042586
000000004.339895	000000003.739493	-00000000.120000
000000004.643760	000000004.001320	-00000000.042795
000000004.410516	000000003.733778	-00000000.121047
000000004.716661	000000003.992949	-00000000.043144
000000004.550546	000000003.784649	-00000000.123979
000000004.774392	000000003.970819	-00000000.043354
000000004.691790	000000003.833353	-00000000.126911
000000004.855323	000000003.966966	-00000000.043773
000000004.779644	000000003.836069	-00000000.128377
000000004.998938	000000004.012072	-00000000.044750
000000004.781531	000000003.769455	-00000000.127539
000000004.986641	000000003.931151	-00000000.044331
000000004.853769	000000003.758190	-00000000.128586
000000005.068197	000000003.924217	-00000000.044750
000000004.918213	000000003.739896	-00000000.129424
000000005.142048	000000003.910104	-00000000.045099
000000004.870555	000000003.637016	-00000000.127330
000000005.167961	000000003.859100	-00000000.045029
000000005.047236	000000003.700787	-00000000.131100
000000005.128863	000000003.760638	-00000000.044401
000000005.022541	000000003.615712	-00000000.129634
000000005.202062	000000003.744949	-00000000.044750
000000005.078396	000000003.589056	-00000000.130262
000000005.210046	000000003.682097	-00000000.044540
000000005.101308	000000003.538904	-00000000.130052
000000005.332358	000000003.699189	-00000000.045308
000000005.140261	000000003.499879	-00000000.130262
000000005.438828	000000003.703166	-00000000.045937
000000005.645608	000000003.808011	000000000.047542
000000005.661085	000000003.818450	000000000.143037
000000005.262048	000000003.515988	-00000000.132566
000000005.512509	000000003.683341	-00000000.046286
000000005.300891	000000003.475417	-00000000.132775
000000005.594618	000000003.667992	-00000000.046705
000000012.261065	000000007.962429	000000000.102066
000000014.338121	000000009.311285	000000000.358115
000000005.406695	000000003.477703	-00000000.134660
000000005.853489	000000003.765091	-00000000.048590
000000012.077071	000000007.693943	000000000.099972
000000014.663360	000000009.341591	000000000.364189
000000005.487570	000000003.462399	-00000000.135916
000000006.427375	000000004.055371	-00000000.053058
000000011.095678	000000007.000852	-00000000.091594
000000012.177673	000000007.609455	000000000.100251
000000014.413656	000000009.006652	000000000.356021
000000006.163702	000000003.814214	-00000000.151833
000000006.717619	000000004.156989	-00000000.055152
000000012.166879	000000007.455873	000000000.099623
000000014.534326	000000008.906647	000000000.357068
000000005.829220	000000003.537258	-00000000.142827
000000007.087047	000000004.300526	-00000000.057875
000000010.925508	000000006.629761	-00000000.089221
000000012.205765	000000007.333963	000000000.099413
000000014.380114	000000008.640444	000000000.351414
000000006.212146	000000003.695838	-00000000.151414
000000006.986804	000000004.156712	-00000000.056758
000000012.148675	000000007.156116	000000000.098436
000000012.275523	000000007.230835	000000000.298429
000000014.739243	000000008.682077	000000000.358325
000000006.339162	000000003.696890	-00000000.153717
000000007.005535	000000004.085507	-00000000.056618
000000011.151844	000000006.503563	-00000000.090128
000000012.193340	000000007.039828	000000000.098296
000000013.913976	000000008.033237	000000000.336545
000000015.489796	000000008.943038	000000000.374660
000000006.596864	000000003.770418	-00000000.159162
000000006.441878	000000003.681837	-00000000.051801
000000010.409450	000000005.949491	-00000000.083705
000000012.193386	000000006.898686	000000000.097807
000000013.652885	000000007.724431	000000000.328587
000000015.358409	000000008.689369	000000000.369634
000000006.507393	000000003.644315	-00000000.156230
000000007.450934	000000004.172724	-00000000.059620
000000010.530770	000000005.897514	-00000000.084264
000000012.174410	000000006.748385	000000000.097179
000000012.355666	000000006.848857	000000000.295916
000000013.667308	000000007.575912	000000000.327330
000000015.433652	000000008.555013	000000000.369634
000000006.740550	000000003.697993	-00000000.161047
000000010.450328	000000005.733246	-00000000.083217
000000012.101017	000000006.570316	000000000.096132
000000013.407808	000000007.279846	000000000.319581
000000006.922283	000000003.719477	-00000000.164607
000000010.359023	000000005.566104	-00000000.082100
000000012.210868	000000006.492633	000000000.096551
000000013.409032	000000007.129709	000000000.318115
000000014.980334	000000007.965185	000000000.355393
000000006.830606	000000003.593756	-00000000.161675
000000008.962958	000000004.715641	-00000000.212147
000000010.610743	000000005.582582	-00000000.083705
000000012.036444	000000006.265776	000000000.094736
000000013.337717	000000006.943176	000000000.314974
000000014.845304	000000007.727976	000000000.350576
000000006.799489	000000003.501967	-00000000.160210
000000010.516816	000000005.416516	-00000000.082588
000000012.295590	000000006.264916	000000000.096341
000000013.825389	000000007.044387	000000000.325026
000000006.740512	000000003.397498	-00000000.158115
000000009.284944	000000004.679997	-00000000.217801
000000010.974443	000000005.531575	-00000000.085800
000000012.215556	000000006.090452	000000000.095294
000000013.644755	000000006.803024	000000000.319372
000000014.933179	000000007.445408	000000000.349529
000000006.976140	000000003.440251	-00000000.162932
000000009.558566	000000004.713763	-00000000.223246
000000010.609746	000000005.232148	-00000000.082588
000000012.564835	000000006.128279	000000000.097598
000000013.856364	000000006.758201	000000000.322932
000000007.095946	000000003.422678	-00000000.165026
000000010.952224	000000005.282725	-00000000.084892
000000012.220707	000000005.828978	000000000.094526
000000014.203576	000000006.774758	000000000.329634
000000007.225011	000000003.407537	-00000000.167330
000000009.964911	000000004.699757	-00000000.230785
000000010.916508	000000005.148559	-00000000.084264
000000012.561119	000000005.857346	000000000.096760
000000012.431816	000000005.797051	000000000.287330
000000014.253095	000000006.646327	000000000.329424
000000007.408823	000000003.415514	-00000000.170890
000000009.887510	000000004.558205	-00000000.228063
000000011.106320	000000005.120084	-00000000.085381
000000012.475266	000000005.685306	000000000.095713
000000014.365137	000000006.546570	000000000.330681
000000008.067325	000000003.634065	-00000000.185340
000000010.081877	000000004.541554	-00000000.231623
000000010.931760	000000004.924399	-00000000.083705
000000012.551808	000000005.588425	000000000.095923
000000013.572308	000000006.042781	000000000.311204
000000008.272601	000000003.640032	-00000000.189319
000000010.038765	000000004.417162	-00000000.229738
000000010.599049	000000004.663693	-00000000.080843
000000012.063512	000000005.308072	-00000000.092013
000000012.581758	000000005.470704	000000000.095783
000000013.294455	000000005.780593	000000000.303665
000000007.954987	000000003.417732	-00000000.181361
000000010.251461	000000004.404375	-00000000.233717
000000011.080353	000000004.760495	-00000000.084194
000000012.398898	000000005.263020	000000000.094038
000000013.353597	000000005.668265	000000000.303875
000000008.085929	000000003.390712	-00000000.183665
000000010.734158	000000004.501206	-00000000.081262
000000012.163534	000000005.100593	-00000000.092083
000000012.730749	000000005.273249	000000000.096202
000000013.411789	000000005.555345	000000000.304084
000000008.152224	000000003.335163	-00000000.184503
000000010.187966	000000004.168007	-00000000.230576
000000011.198768	000000004.581537	-00000000.084473
000000012.748467	000000005.150715	000000000.095992
000000013.422677	000000005.423114	000000000.303246
000000008.561747	000000003.415790	-00000000.193089
000000010.140376	000000004.045600	-00000000.228691
000000010.922534	000000004.357649	-00000000.082100
000000012.362154	000000004.932000	-00000000.092921
000000012.876665	000000005.072253	000000000.096621
000000013.357865	000000005.261803	000000000.300733
000000008.153280	000000003.170637	-00000000.183246
000000011.370218	000000004.421636	-00000000.085171
000000012.855089	000000004.934607	000000000.096132
000000013.365939	000000005.130703	000000000.299895
000000008.320878	000000003.152498	-00000000.186388
000000012.249973	000000004.641099	-00000000.091455
000000012.832096	000000004.797724	000000000.095643
000000013.288463	000000004.968353	000000000.297173
000000008.516909	000000003.142054	-00000000.190157
000000012.224335	000000004.509795	-00000000.090966
000000012.939253	000000004.709503	000000000.096132
000000013.838636	000000005.036852	000000000.308482
000000008.600463	000000003.087882	-00000000.191414
000000012.319694	000000004.423222	-00000000.091385
000000012.800759	000000004.532987	000000000.094806
000000013.872640	000000004.912560	000000000.308272
000000008.598764	000000003.002823	-00000000.190785
000000012.084045	000000004.219937	-00000000.089360
000000013.114023	000000004.515520	000000000.096830
000000013.924434	000000004.794567	000000000.308482
000000015.909588	000000005.478110	000000000.352461
000000025.060200	000000008.628919	000000000.555184
000000009.391487	000000003.187980	-00000000.207749
000000012.783245	000000004.339327	-00000000.094247
000000013.086548	000000004.378697	000000000.096341
000000014.316547	000000004.790250	000000000.316231
000000022.773739	000000007.619987	000000000.503037
000000008.716326	000000002.874213	-00000000.192251
000000012.269814	000000004.045978	-00000000.090198
000000013.219363	000000004.295231	000000000.097040
000000014.129600	000000004.590985	000000000.311204
000000015.698500	000000005.100752	000000000.345759
000000021.441620	000000006.966805	000000000.472252
000000009.112429	000000002.916911	-00000000.200419
000000012.971314	000000004.152151	-00000000.095085
000000013.237268	000000004.173695	000000000.096900
000000014.169126	000000004.467508	000000000.311204
000000021.272758	000000006.707275	000000000.467225
000000008.774708	000000002.724619	-00000000.192461
000000012.940205	000000004.018041	-00000000.094596
000000013.493131	000000004.125264	000000000.098506
000000014.150207	000000004.326152	000000000.309948
000000009.037491	000000002.719976	-00000000.197696
000000013.127983	000000003.951075	-00000000.095713
000000013.643672	000000004.041440	000000000.099343
000000014.120317	000000004.182628	000000000.308482
000000008.859316	000000002.582255	-00000000.193299
000000013.296367	000000003.875537	-00000000.096690
000000013.668809	000000003.919468	000000000.099274
000000014.108227	000000004.045469	000000000.307435
000000009.160564	000000002.583546	-00000000.199372
000000013.339304	000000003.762073	-00000000.096760
000000013.750672	000000003.813399	000000000.099623
000000014.085187	000000003.906168	000000000.306178
000000008.980201	000000002.448284	-00000000.194974
000000013.120789	000000003.577137	-00000000.094945
000000013.667517	000000003.662200	000000000.098785
000000014.244281	000000003.816744	000000000.308901
000000026.344679	000000007.059035	000000000.571309
000000009.223595	000000002.428370	-00000000.199791
000000013.557654	000000003.569432	-00000000.097877
000000013.824811	000000003.575339	000000000.099692
000000014.606144	000000003.777406	000000000.316021
000000019.290951	000000004.988979	000000000.417382
000000026.802130	000000006.931502	000000000.579896
000000008.973110	000000002.278880	-00000000.193927
000000013.588286	000000003.450985	-00000000.097877
000000013.923405	000000003.471495	000000000.100181
000000014.007997	000000003.492586	000000000.302409
000000009.254860	000000002.264650	-00000000.199581
000000013.851001	000000003.389318	-00000000.099553
000000014.264319	000000003.424560	000000000.102415
000000024.459461	000000005.872197	000000000.526911
000000008.943393	000000002.105890	-00000000.192461
000000013.704845	000000003.227063	-00000000.098296
000000015.034164	000000003.470910	000000000.107721
000000019.428467	000000004.485415	000000000.139206
000000019.619509	000000004.529521	000000000.421780
000000024.402617	000000005.633788	000000000.524608
000000027.403017	000000006.326485	000000000.589110
000000009.351481	000000002.116024	-00000000.200838
000000014.200639	000000003.213276	-00000000.101647
000000015.883949	000000003.521387	000000000.113585
000000018.803003	000000004.168525	000000000.134459
000000019.414268	000000004.304039	000000000.416545
000000022.811035	000000005.057085	000000000.489424
000000008.969014	000000001.947364	-00000000.192251
000000013.524549	000000002.936467	-00000000.096621
000000016.647667	000000003.538571	000000000.118821
000000018.251789	000000003.879538	000000000.130270
000000018.688301	000000003.972321	000000000.400210
000000027.558155	000000005.857666	000000000.590157
000000009.347834	000000001.944352	-00000000.200000
000000015.527283	000000003.229679	-00000000.110723
000000018.284948	000000003.720115	000000000.130270
000000018.741848	000000003.813072	000000000.400628
000000009.011439	000000001.792487	-00000000.192461
000000013.652199	000000002.715591	-00000000.097179
000000018.189110	000000003.535605	000000000.129363
000000018.941248	000000003.681806	000000000.404189
000000027.410835	000000005.328126	000000000.584922
000000009.370522	000000001.779049	-00000000.199791
000000017.605082	000000003.342429	-00000000.125104
000000018.543736	000000003.436878	000000000.131667
000000019.041471	000000003.529128	000000000.405655
000000027.190866	000000005.039529	000000000.579267
000000009.070866	000000001.640280	-00000000.193089
000000013.697513	000000002.476914	-00000000.097179
000000018.027185	000000003.259846	-00000000.127897
000000018.838913	000000003.321809	000000000.133552
000000023.043940	000000004.063268	000000000.163361
000000023.029600	000000004.060740	000000000.489843
000000009.281902	000000001.594922	-00000000.197278
000000014.221228	000000002.443654	-00000000.100740
000000017.985960	000000003.090553	-00000000.127408
000000019.961933	000000003.340482	000000000.141301
000000022.985275	000000003.846416	000000000.488168
000000009.029036	000000001.470472	-00000000.191623
000000013.580739	000000002.211764	-00000000.096062
000000019.403875	000000003.160122	-00000000.137252
000000020.681690	000000003.275658	000000000.146188
000000049.857449	000000007.896644	000000001.057383
000000009.456545	000000001.455501	-00000000.200419
000000017.078472	000000002.628628	-00000000.120636
000000020.112667	000000003.095635	-00000000.142069
000000020.768827	000000003.103922	000000000.146606
000000026.129162	000000003.905030	000000000.184445
000000027.404961	000000004.095699	000000000.193451
000000009.083008	000000001.316973	-00000000.192251
000000013.775612	000000001.997369	-00000000.097179
000000021.623356	000000003.135237	-00000000.152541
000000022.280489	000000003.131319	000000000.157078
000000024.587757	000000003.455584	000000000.173345
000000027.063366	000000003.803508	000000000.190798
000000009.440881	000000001.284847	-00000000.199581
000000017.547806	000000002.388152	-00000000.123638
000000022.452475	000000003.055648	-00000000.158195
000000027.055872	000000003.561973	000000000.190519
000000028.552916	000000003.759063	000000000.201060
000000057.292946	000000007.542759	000000001.210472
000000009.064937	000000001.153206	-00000000.191414
000000013.729014	000000001.746551	-00000000.096621
000000027.681437	000000003.398853	000000000.194707
000000031.198807	000000003.830732	000000000.658430
000000009.432081	000000001.116360	-00000000.198953
000000028.216753	000000003.214893	000000000.198268
000000029.766687	000000003.391485	000000000.209159
000000031.320450	000000003.568515	000000000.660315
000000009.123436	000000000.999179	-00000000.192251
000000013.677882	000000001.497972	-00000000.096062
000000030.212837	000000003.175497	000000000.212091
000000009.430232	000000000.949574	-00000000.198534
000000031.772272	000000003.059322	000000000.222842
000000040.951572	000000003.943188	000000000.861781
000000009.139484	000000000.839801	-00000000.192251
000000013.901098	000000001.277331	-00000000.097458
000000035.284355	000000003.086981	000000000.247276
000000041.351032	000000003.617747	000000000.289792
000000041.422649	000000003.624012	000000000.870995
000000009.505150	000000000.789817	-00000000.199791
000000040.493793	000000003.186931	000000000.283579
000000049.137245	000000003.867185	000000001.032461
000000009.112868	000000000.677203	-00000000.191414
000000013.801606	000000001.025637	-00000000.096621
000000052.909164	000000003.699769	000000001.110995
000000009.487557	000000000.621847	-00000000.199162
000000021.782730	000000001.427716	-00000000.152401
000000048.009113	000000002.936363	000000000.335799
000000060.683266	000000003.711548	000000001.273509
000000009.163226	000000000.520326	-00000000.192251
000000014.296620	000000000.811821	-00000000.099972
000000068.321236	000000003.580564	000000001.433090
000000009.407088	000000000.451855	-00000000.197278
000000076.660133	000000003.347054	000000001.607331
000000009.170911	000000000.360326	-00000000.192251
000000014.318604	000000000.562579	-00000000.100041
000000089.285980	000000003.117935	000000001.871415
000000009.493486	000000000.290052	-00000000.198953
000000009.185798	000000000.200435	-00000000.192461
000000014.186277	000000000.309546	-00000000.099064
000000009.517097	000000000.124586	-00000000.199372
000000009.157904	000000000.039959	-00000000.191833
000000014.239517	000000000.062132	-00000000.099413
000000009.437840	-00000000.041181	-00000000.197696
000000009.187197	-00000000.120267	-00000000.192461
000000014.158442	-00000000.185344	-00000000.098855
000000009.445679	-00000000.206105	-00000000.197906
000000009.193692	-00000000.280893	-00000000.192670
000000013.893178	-00000000.424475	-00000000.097040
000000015.212531	-00000000.464785	-00000000.106255
000000009.510574	-00000000.373672	-00000000.199372
000000009.187389	-00000000.441302	-00000000.192670
000000014.782596	-00000000.710059	-00000000.103323
000000080.292175	-00000004.207934	000000001.684189
000000009.532550	-00000000.541297	-00000000.200000
000000069.165550	-00000004.230346	000000001.451519
000000009.158337	-00000000.600269	-00000000.192251
000000014.528472	-00000000.952246	-00000000.101647
000000046.654934	-00000003.262431	000000000.326514
000000056.609314	-00000003.958509	000000001.188692
000000009.511681	-00000000.706840	-00000000.199791
000000017.182201	-00000001.276858	-00000000.120287
000000038.500008	-00000003.030016	000000000.269616
000000040.075100	-00000003.153979	000000000.280647
000000041.570442	-00000003.271665	000000000.291119
000000053.213741	-00000004.188013	000000001.118116
000000009.156428	-00000000.760840	-00000000.192461
000000014.549502	-00000001.208970	-00000000.101926
000000017.299955	-00000001.437515	-00000000.121195
000000034.696617	-00000003.035561	000000000.243157
000000035.901981	-00000003.141016	000000000.251605
000000039.797009	-00000003.481787	000000000.278901
000000047.069836	-00000004.118077	000000000.989739
000000009.497895	-00000000.872734	-00000000.199791
000000017.207090	-00000001.581110	-00000000.120636
000000029.821342	-00000002.871469	000000000.209159
000000036.898438	-00000003.552915	000000000.258795
000000050.614750	-00000004.873646	000000001.065132
000000009.131808	-00000000.919525	-00000000.192251
000000014.565985	-00000001.466717	-00000000.102206
000000029.437132	-00000003.093967	000000000.206645
000000036.162827	-00000003.800866	000000000.761676
000000009.461341	-00000001.036185	-00000000.199372
000000017.186815	-00000001.882262	-00000000.120706
000000026.040882	-00000002.966984	000000000.182979
000000030.124365	-00000003.432238	000000000.211672
000000047.293583	-00000005.388423	000000000.997069
000000009.193797	-00000001.088158	-00000000.193927
000000013.902619	-00000001.645483	-00000000.097738
000000023.862854	-00000002.824355	-00000000.167760
000000024.743572	-00000003.038129	000000000.174043
000000026.937046	-00000003.307453	000000000.189471
000000027.770763	-00000003.409821	000000000.195336
000000046.788288	-00000005.744880	000000000.987435
000000009.451734	-00000001.202412	-00000000.199581
000000017.290226	-00000002.199594	-00000000.121683
000000020.464563	-00000002.603421	-00000000.144023
000000022.666761	-00000002.883576	-00000000.159522
000000023.595812	-00000003.106447	000000000.166154
000000046.607513	-00000006.135995	000000000.984713
000000009.173406	-00000001.248446	-00000000.193927
000000014.188853	-00000001.931018	-00000000.099972
000000017.240646	-00000002.346349	-00000000.121474
000000020.421249	-00000002.779210	-00000000.143884
000000020.260389	-00000002.847412	000000000.142837
000000023.201416	-00000003.260746	000000000.163571
000000024.830477	-00000003.489696	000000000.525236
000000009.389731	-00000001.361446	-00000000.198744
000000014.913683	-00000002.162381	-00000000.105208
000000017.328373	-00000002.512495	-00000000.122242
000000019.881613	-00000002.882697	-00000000.140254
000000021.124865	-00000003.157132	000000000.149120
000000023.013838	-00000003.439441	000000000.162454
000000025.011602	-00000003.738009	000000000.176556
000000025.075943	-00000003.747625	000000000.531100
000000009.199628	-00000001.415958	-00000000.194974
000000014.113459	-00000002.172269	-00000000.099692
000000018.719110	-00000002.881147	-00000000.132225
000000021.185400	-00000003.355438	000000000.149748
000000028.439184	-00000004.504324	000000000.603142
000000009.561897	-00000001.557254	-00000000.202932
000000014.291359	-00000002.327496	-00000000.101089
000000017.716154	-00000002.885259	-00000000.125314
000000020.159187	-00000003.373491	000000000.142697
000000028.408655	-00000004.753979	000000000.603351
000000009.212929	-00000001.583071	-00000000.195812
000000013.679185	-00000002.350514	-00000000.096900
000000017.286232	-00000002.970318	-00000000.122451
000000019.370697	-00000003.415576	000000000.137321
000000028.769772	-00000005.072887	000000000.611938
000000009.444719	-00000001.707883	-00000000.201047
000000013.973037	-00000002.526737	-00000000.099134
000000018.504406	-00000003.429589	000000000.131387
000000024.384127	-00000004.519331	000000000.173135
000000028.395708	-00000005.262834	000000000.201619
000000028.616274	-00000005.303713	000000000.609634
000000009.193719	-00000001.745482	-00000000.196021
000000013.439594	-00000002.551587	-00000000.095504
000000014.861474	-00000002.888778	000000000.105696
000000020.201395	-00000003.926754	000000000.143674
000000022.302025	-00000004.335074	000000000.158614
000000028.519829	-00000005.543693	000000000.608587
000000009.491920	-00000001.888060	-00000000.202723
000000012.946050	-00000002.575130	-00000000.092153
000000013.483436	-00000002.743236	000000000.096062
000000014.904291	-00000003.032312	000000000.106185
000000022.175156	-00000004.511586	000000000.157986
000000028.872047	-00000005.874084	000000000.617173
000000097.775040	-00000019.892557	000000002.090054
000000009.220586	-00000001.917885	-00000000.197278
000000013.265743	-00000002.759279	-00000000.094596
000000013.439421	-00000002.856637	000000000.095923
000000014.991714	-00000003.186587	000000000.321047
000000009.447752	-00000002.051308	-00000000.202513
000000012.791643	-00000002.777338	-00000000.091385
000000013.228489	-00000002.932685	000000000.094596
000000014.895010	-00000003.302144	000000000.319581
000000009.185710	-00000002.078514	-00000000.197278
000000012.376792	-00000002.800582	-00000000.088592
000000013.036754	-00000003.009772	000000000.093409
000000013.268009	-00000003.063161	000000000.285236
000000015.011749	-00000003.465735	000000000.322723
000000009.468903	-00000002.229631	-00000000.203770
000000012.157210	-00000002.862643	-00000000.087196
000000012.903035	-00000003.097745	000000000.092641
000000013.396318	-00000003.216172	000000000.288587
000000009.041212	-00000002.212370	-00000000.194974
000000011.995783	-00000002.935349	-00000000.086219
000000012.700862	-00000003.166681	000000000.091385
000000013.435649	-00000003.349884	000000000.290053
000000009.225055	-00000002.342865	-00000000.199372
000000011.320341	-00000002.875000	-00000000.081541
000000012.517844	-00000003.237335	000000000.090268
000000013.318790	-00000003.444473	000000000.288168
000000009.001224	-00000002.369824	-00000000.194974
000000010.888672	-00000002.866748	-00000000.078609
000000011.648782	-00000003.121282	000000000.084194
000000013.452396	-00000003.604559	000000000.291728
000000009.182761	-00000002.503508	-00000000.199372
000000010.622049	-00000002.895903	-00000000.076864
000000011.804185	-00000003.273590	000000000.085520
000000013.160305	-00000003.649676	000000000.286073
000000069.327637	-00000019.226255	000000001.507017
000000008.910381	-00000002.512987	-00000000.193927
000000010.086285	-00000002.844626	-00000000.073164
000000011.563696	-00000003.315836	000000000.083985
000000013.310555	-00000003.816740	000000000.290053
000000008.878513	-00000002.587851	-00000000.193717
000000009.830670	-00000002.865379	-00000000.071488
000000010.220769	-00000003.027530	000000000.074420
000000012.531468	-00000003.711990	000000000.091245
000000065.242958	-00000019.325844	000000001.425341
000000008.769430	-00000002.639299	-00000000.191833
000000009.383971	-00000002.824255	-00000000.068416
000000011.236307	-00000003.435284	000000000.082030
000000013.375770	-00000004.089383	000000000.292984
000000017.506100	-00000005.352152	000000000.383456
000000008.555102	-00000002.656430	-00000000.187644
000000009.110668	-00000002.828938	-00000000.066601
000000010.881645	-00000003.430969	000000000.079656
000000012.827180	-00000004.044394	000000000.093898
000000017.287096	-00000005.450600	000000000.379686
000000023.656528	-00000007.458875	000000000.519581
000000008.350679	-00000002.673074	-00000000.183665
000000008.752304	-00000002.801635	-00000000.064158
000000011.136600	-00000003.618501	000000000.081751
000000017.556074	-00000005.704314	000000000.128874
000000017.248381	-00000005.604339	000000000.379895
000000008.108652	-00000002.673832	-00000000.178848
000000008.442620	-00000002.783958	-00000000.062063
000000010.516653	-00000003.518823	000000000.077422
000000012.109798	-00000004.051882	000000000.089151
000000017.135790	-00000005.733555	000000000.126151
000000017.113487	-00000005.726093	000000000.378011
000000008.085010	-00000002.744491	-00000000.178848
000000008.294906	-00000002.815741	-00000000.061156
000000008.481095	-00000002.920275	000000000.062622
000000011.856514	-00000004.082525	000000000.087545
000000016.911617	-00000005.823137	000000000.374660
000000007.853097	-00000002.742424	-00000000.174241
000000008.203934	-00000002.864942	-00000000.060667
000000008.266765	-00000002.927415	000000000.061226
000000011.198308	-00000003.965529	000000000.082937
000000016.806889	-00000005.951631	000000000.124476
000000017.010946	-00000006.023892	000000000.378011
000000007.584215	-00000002.723011	-00000000.168796
000000007.962155	-00000002.858706	-00000000.059061
000000007.996590	-00000002.910521	000000000.059411
000000011.379400	-00000004.141763	000000000.084543
000000017.562428	-00000006.392201	000000000.130480
000000017.042286	-00000006.202885	000000000.379895
000000007.297528	-00000002.692200	-00000000.162932
000000007.852470	-00000002.896929	-00000000.058433
000000008.139482	-00000003.043228	000000000.060667
000000011.080562	-00000004.142852	000000000.082588
000000016.943987	-00000006.335097	000000000.126291
000000017.090519	-00000006.389883	000000000.382199
000000007.208311	-00000002.730985	-00000000.161466
000000007.396739	-00000002.802374	-00000000.055222
000000008.140623	-00000003.124892	000000000.060877
000000011.137343	-00000004.275226	000000000.083286
000000017.252146	-00000006.622478	000000000.129014
000000009.343091	-00000003.586477	000000000.209634
000000017.080774	-00000006.556695	000000000.383246
000000006.960572	-00000002.706818	-00000000.156440
000000007.511801	-00000002.921180	-00000000.056269
000000007.712974	-00000003.038221	000000000.057875
000000010.513462	-00000004.141363	000000000.078888
000000017.035530	-00000006.710474	000000000.127827
000000011.878827	-00000004.679194	000000000.267435
000000016.995001	-00000006.694509	000000000.382618
000000018.632177	-00000007.339410	000000000.419477
000000006.537385	-00000002.608152	-00000000.147435
000000006.687266	-00000002.667948	-00000000.050265
000000008.010674	-00000003.236522	000000000.060318
000000010.347119	-00000004.180508	000000000.077911
000000016.753803	-00000006.768976	000000000.126151
000000011.893160	-00000004.805149	000000000.268691
000000016.963743	-00000006.853797	000000000.383246
000000018.419104	-00000007.441801	000000000.416126
000000006.375576	-00000002.608317	-00000000.144293
000000006.534157	-00000002.673194	-00000000.049288
000000006.291466	-00000002.606011	000000000.047542
000000008.092988	-00000003.352225	000000000.061156
000000019.775923	-00000008.191455	000000000.448377
000000046.350109	-00000019.198843	000000001.050891
000000006.278811	-00000002.632924	-00000000.142618
000000006.372253	-00000002.672107	-00000000.048241
000000006.360533	-00000002.699886	000000000.048241
000000008.496053	-00000003.606360	000000000.064437
000000011.301320	-00000004.797126	000000000.257173
000000006.108622	-00000002.624471	-00000000.139267
000000006.229253	-00000002.676298	-00000000.047333
000000006.400923	-00000002.783201	000000000.048729
000000007.629754	-00000003.317511	000000000.058084
000000011.811446	-00000005.135763	000000000.089919
000000011.286534	-00000004.907525	000000000.257801
000000006.003126	-00000002.641439	-00000000.137382
000000006.141591	-00000002.702364	-00000000.046844
000000006.275904	-00000002.794213	000000000.047961
000000006.347748	-00000002.826200	000000000.145550
000000011.389414	-00000005.070894	000000000.261152
000000005.861344	-00000002.640343	-00000000.134660
000000006.099539	-00000002.747642	-00000000.046705
000000006.251281	-00000002.848873	000000000.047961
000000006.386527	-00000002.910508	000000000.147016
000000011.681340	-00000005.323493	000000000.268901
000000040.720932	-00000018.557598	000000000.937383
000000005.792683	-00000002.670463	-00000000.133613
000000005.993599	-00000002.763087	-00000000.046076
000000006.217120	-00000002.899091	000000000.047891
000000006.379007	-00000002.974580	000000000.147435
000000010.157482	-00000004.736512	000000000.234765
000000011.380730	-00000005.306921	000000000.263037
000000005.814371	-00000002.742235	-00000000.134660
000000005.905948	-00000002.785426	-00000000.045588
000000006.155482	-00000002.936014	000000000.047612
000000006.361831	-00000003.034438	000000000.147644
000000009.935285	-00000004.738888	000000000.230576
000000011.487391	-00000005.479204	000000000.266597
000000005.646139	-00000002.723374	-00000000.131309
000000005.710288	-00000002.754316	-00000000.044261
000000006.084687	-00000002.967700	000000000.047263
000000010.281953	-00000005.014843	000000000.079866
000000012.456982	-00000006.075676	000000000.096760
000000006.308150	-00000003.076690	000000000.147016
000000011.232462	-00000005.478437	000000000.261780
000000013.694617	-00000006.679311	000000000.319162
000000005.523524	-00000002.723901	-00000000.129005
000000005.641192	-00000002.781928	-00000000.043912
000000005.951169	-00000002.967143	000000000.046425
000000009.137057	-00000004.555569	000000000.071279
000000009.197907	-00000004.585907	000000000.215288
000000013.966861	-00000006.963620	000000000.326911
000000005.454905	-00000002.749498	-00000000.127958
000000005.589912	-00000002.817548	-00000000.043703
000000005.925049	-00000003.018963	000000000.046425
000000006.012975	-00000003.063764	000000000.141361
000000013.923378	-00000007.094316	000000000.327330
000000005.350709	-00000002.755796	-00000000.126073
000000005.662901	-00000002.916586	-00000000.044471
000000005.871869	-00000003.056701	000000000.046216
000000005.977142	-00000003.111503	000000000.141152
000000009.063263	-00000004.718036	000000000.214032
000000005.184890	-00000002.727903	-00000000.122723
000000005.442542	-00000002.863460	-00000000.042935
000000005.641898	-00000002.999850	000000000.044610
000000010.144820	-00000005.394097	000000000.080215
000000013.446963	-00000007.149878	000000000.106325
000000005.932106	-00000003.154157	000000000.140733
000000009.507260	-00000005.055100	000000000.225550
000000013.726824	-00000007.298682	000000000.325655
000000005.160888	-00000002.773045	-00000000.122723
000000005.434964	-00000002.920311	-00000000.043074
000000005.501261	-00000002.986941	000000000.043703
000000009.341599	-00000005.072074	000000000.074211
000000013.603757	-00000007.386238	000000000.108070
000000005.957073	-00000003.234427	000000000.141990
000000009.014687	-00000004.894575	000000000.214869
000000013.513243	-00000007.337092	000000000.322094
000000005.092665	-00000002.793932	-00000000.121675
000000005.356670	-00000002.938770	-00000000.042656
000000005.474986	-00000003.034834	000000000.043703
000000008.264955	-00000004.581339	000000000.065973
000000007.135332	-00000003.955179	000000000.170890
000000035.562981	-00000019.712883	000000000.851728
000000004.823845	-00000002.701483	-00000000.115812
000000005.295922	-00000002.965859	-00000000.042376
000000005.317744	-00000003.008635	000000000.042656
000000007.128039	-00000004.032850	000000000.057177
000000009.617196	-00000005.441148	000000000.077143
000000007.370296	-00000004.169913	000000000.177382
000000004.852167	-00000002.773242	-00000000.117068
000000005.165657	-00000002.952416	-00000000.041538
000000007.144536	-00000004.124899	000000000.057595
000000007.411552	-00000004.279061	000000000.179267
000000004.741416	-00000002.765112	-00000000.114974
000000005.131058	-00000002.992345	-00000000.041469
000000006.703200	-00000003.909191	-00000000.054175
000000009.348449	-00000005.506657	000000000.075747
000000033.189148	-00000019.549902	000000000.268918
000000007.873564	-00000004.637883	000000000.191414
000000009.165724	-00000005.399024	000000000.222827
000000004.691330	-00000002.791048	-00000000.114346
000000005.078968	-00000003.021668	-00000000.041259
000000007.157173	-00000004.300463	000000000.058294
000000008.777179	-00000005.273861	000000000.071488
000000034.174427	-00000020.534067	000000000.278343
000000007.635685	-00000004.587983	000000000.186597
000000004.572775	-00000002.774828	-00000000.112042
000000005.043857	-00000003.060688	-00000000.041189
000000006.965900	-00000004.268709	000000000.057037
000000008.654086	-00000005.303231	000000000.070860
000000007.859618	-00000004.816381	000000000.193089
000000004.650406	-00000002.877759	-00000000.114555
000000005.059472	-00000003.130896	-00000000.041538
000000006.063396	-00000003.788831	000000000.049916
000000008.030820	-00000005.018213	000000000.066113
000000010.498580	-00000006.560241	000000000.086428
000000007.791852	-00000004.868890	000000000.192461
000000013.692973	-00000008.556319	000000000.338220
000000004.506741	-00000002.843542	-00000000.111623
000000004.972758	-00000003.137577	-00000000.041050
000000006.004801	-00000003.825480	000000000.049707
000000007.775880	-00000004.953782	000000000.064367
000000006.130111	-00000003.905311	000000000.152251
000000007.512969	-00000004.786290	000000000.186597
000000004.380852	-00000002.817859	-00000000.109110
000000004.835856	-00000003.110528	-00000000.040142
000000004.822238	-00000003.131598	000000000.040142
000000007.556238	-00000004.907078	000000000.062901
000000007.110366	-00000004.617526	000000000.177592
000000004.264124	-00000002.795682	-00000000.106806
000000004.816891	-00000003.158092	-00000000.040212
000000004.452842	-00000002.947272	000000000.037280
000000007.729934	-00000005.116332	000000000.064716
000000007.436630	-00000004.922198	000000000.186806
000000004.289442	-00000002.866114	-00000000.108063
000000004.481512	-00000002.994451	-00000000.037629
000000004.551305	-00000003.069894	000000000.038327
000000007.602089	-00000005.127674	000000000.064018
000000007.575742	-00000005.109902	000000000.191414
000000004.123778	-00000002.807781	-00000000.104503
000000004.455210	-00000003.033445	-00000000.037629
000000004.474896	-00000003.075511	000000000.037908
000000007.334544	-00000005.040893	000000000.062133
000000007.390791	-00000005.079550	000000000.187854
000000026.143789	-00000017.968128	000000000.664503
000000004.033401	-00000002.798070	-00000000.102827
000000004.280676	-00000002.969611	-00000000.036372
000000004.726392	-00000003.309455	000000000.040282
000000007.404954	-00000005.185005	000000000.063111
000000007.002214	-00000004.903003	000000000.179058
000000003.910855	-00000002.763919	-00000000.100314
000000004.352593	-00000003.076109	-00000000.037210
000000004.632205	-00000003.304119	000000000.039723
000000005.559189	-00000003.965331	000000000.143037
000000007.146367	-00000005.097454	000000000.183874
000000003.967726	-00000002.856354	-00000000.102408
000000004.236313	-00000003.049709	-00000000.036442
000000004.449485	-00000003.232740	000000000.038397
000000005.669966	-00000004.119471	000000000.146806
000000007.344263	-00000005.335919	000000000.190157
000000025.243881	-00000018.340754	000000000.653613
000000003.797521	-00000002.784458	-00000000.098639
000000004.064382	-00000002.980128	-00000000.035186
000000004.654218	-00000003.443940	000000000.040421
000000007.523917	-00000005.567405	000000000.065345
000000004.605090	-00000003.407587	000000000.120000
000000007.353677	-00000005.441434	000000000.191623
000000025.131092	-00000018.596029	000000000.654869
000000003.757056	-00000002.805527	-00000000.098220
000000004.030209	-00000003.009500	-00000000.035116
000000004.647945	-00000003.502478	000000000.040631
000000007.403171	-00000005.578690	000000000.064716
000000006.978543	-00000005.258709	000000000.183037
000000024.568626	-00000018.513786	000000000.644398
000000003.700598	-00000002.814000	-00000000.097382
000000003.987873	-00000003.032449	-00000000.034976
000000004.204670	-00000003.226357	000000000.037001
000000006.481539	-00000004.973460	000000000.057037
000000006.234390	-00000004.783815	000000000.164607
000000003.644280	-00000002.821703	-00000000.096545
000000003.787311	-00000002.932449	-00000000.033440
000000004.341834	-00000003.392212	000000000.038467
000000004.262203	-00000003.329998	000000000.113298
000000007.114176	-00000005.558204	000000000.189110
000000009.391028	-00000007.337075	000000000.249634
000000003.533151	-00000002.785312	-00000000.094241
000000003.934342	-00000003.101585	-00000000.034976
000000004.272936	-00000003.398847	000000000.038118
000000007.058954	-00000005.614945	000000000.062971
000000004.561605	-00000003.628464	000000000.122094
000000007.088875	-00000005.638746	000000000.189738
000000023.762598	-00000018.901623	000000000.636021
000000003.485319	-00000002.797264	-00000000.093613
000000003.673167	-00000002.948028	-00000000.032882
000000005.576038	-00000004.475244	-00000000.049916
000000004.281970	-00000003.467471	000000000.038467
000000004.218977	-00000003.416460	000000000.113717
000000007.039399	-00000005.700393	000000000.189738
000000023.682213	-00000019.177479	000000000.638325
000000003.507230	-00000002.865527	-00000000.094869
000000003.848638	-00000003.144469	-00000000.034697
000000003.935189	-00000003.243920	000000000.035604
000000004.281578	-00000003.529460	000000000.116230
000000023.351954	-00000019.249865	000000000.633927
000000003.397536	-00000002.825701	-00000000.092565
000000003.598092	-00000002.992501	-00000000.032672
000000003.899071	-00000003.271709	000000000.035535
000000004.572282	-00000003.836600	000000000.125026
000000008.570157	-00000007.191216	000000000.234346
000000022.241053	-00000018.662458	000000000.608168
000000003.319333	-00000002.810023	-00000000.091100
000000003.518416	-00000002.978559	-00000000.032184
000000004.121300	-00000003.519923	000000000.037838
000000004.508218	-00000003.850382	000000000.124189
000000005.747408	-00000004.908751	000000000.158325
000000003.203797	-00000002.760568	-00000000.088586
000000003.416535	-00000002.943875	-00000000.031485
000000004.060239	-00000003.529512	000000000.037559
000000004.383901	-00000003.810867	000000000.121675
000000008.428257	-00000007.326572	000000000.233927
000000003.232202	-00000002.834565	-00000000.090052
000000003.465897	-00000003.039510	-00000000.032184
000000003.654815	-00000003.233507	000000000.034069
000000004.110865	-00000003.636986	000000000.114974
000000008.319073	-00000007.360094	000000000.232670
000000003.155131	-00000002.816062	-00000000.088586
000000003.304954	-00000002.949784	-00000000.030927
000000003.685909	-00000003.318807	000000000.034627
000000006.227402	-00000005.607178	000000000.058503
000000004.539619	-00000004.087492	000000000.127958
000000008.313967	-00000007.485929	000000000.234346
000000020.580597	-00000018.530853	000000000.580105
000000003.211842	-00000002.917432	-00000000.090890
000000003.264282	-00000002.965065	-00000000.030787
000000003.723160	-00000003.411648	000000000.035255
000000004.194188	-00000003.843265	000000000.119162
000000020.602383	-00000018.878605	000000000.585341
000000003.112844	-00000002.877484	-00000000.088796
000000003.223597	-00000002.979862	-00000000.030648
000000003.568919	-00000003.328071	000000000.034069
000000008.110515	-00000007.563178	000000000.077422
000000003.736398	-00000003.484247	000000000.107016
000000006.142024	-00000005.727530	000000000.175916
000000008.152805	-00000007.602614	000000000.233508
000000003.058487	-00000002.877137	-00000000.087958
000000003.212038	-00000003.021583	-00000000.030787
000000003.256851	-00000003.090636	000000000.031346
000000004.359394	-00000004.136910	000000000.041957
000000019.606392	-00000018.605772	000000000.188703
000000004.423813	-00000004.198042	000000000.127749
000000007.585752	-00000007.198610	000000000.219058
000000019.428518	-00000018.436975	000000000.561047
000000002.903266	-00000002.779273	-00000000.084189
000000003.149430	-00000003.014924	-00000000.030438
000000003.402394	-00000003.285654	000000000.033021
000000004.394202	-00000004.243432	000000000.127958
000000005.372290	-00000005.187960	000000000.156440
000000019.302847	-00000018.640541	000000000.562095
000000003.079423	-00000002.999841	-00000000.090052
000000003.158814	-00000003.077181	-00000000.030787
000000003.095432	-00000003.041872	000000000.030299
000000021.767874	-00000021.391230	000000000.213068
000000003.280232	-00000003.223475	000000000.096335
000000019.431812	-00000019.095589	000000000.570681
000000022.063129	-00000021.681377	000000000.647958
000000003.003425	-00000002.977329	-00000000.088586
000000003.096333	-00000003.069429	-00000000.030438
000000003.344534	-00000003.344534	000000000.033021
000000002.792459	-00000002.792459	000000000.082723
000000004.376031	-00000004.376031	000000000.129634
000000019.561354	-00000019.561354	000000000.579477
000000002.998445	-00000003.024726	-00000000.089215
000000003.083509	-00000003.110536	-00000000.030578
000000003.238122	-00000003.295137	000000000.032253
000000021.138908	-00000021.511108	000000000.210555
000000019.929487	-00000020.280394	000000000.595602
000000021.849558	-00000022.234272	000000000.652985
000000022.844629	-00000023.246864	000000000.682723
000000002.895195	-00000002.972001	-00000000.086911
000000003.042292	-00000003.123000	-00000000.030438
000000003.250922	-00000003.366428	000000000.032672
000000003.271123	-00000003.387347	000000000.098639
000000002.848409	-00000002.975487	-00000000.086283
000000002.966519	-00000003.098866	-00000000.029950
000000003.187004	-00000003.358402	000000000.032323
000000003.158855	-00000003.328738	000000000.096126
000000002.870287	-00000003.051205	-00000000.087749
000000002.932512	-00000003.117352	-00000000.029880
000000003.130296	-00000003.356832	000000000.032044
000000003.136504	-00000003.363489	000000000.096335
000000002.789259	-00000003.017404	-00000000.086073
000000002.939136	-00000003.179539	-00000000.030229
000000003.100883	-00000003.384021	000000000.032044
000000003.100279	-00000003.383361	000000000.096126
000000002.789710	-00000003.071232	-00000000.086911
000000002.877660	-00000003.168056	-00000000.029880
000000003.131455	-00000003.477833	000000000.032672
000000003.097395	-00000003.440006	000000000.096963
000000002.709544	-00000003.035788	-00000000.085236
000000002.776659	-00000003.110984	-00000000.029112
000000003.041352	-00000003.437623	000000000.032044
000000003.140130	-00000003.549271	000000000.099267
000000002.735685	-00000003.119451	-00000000.086911
000000002.690065	-00000003.067432	-00000000.028484
000000002.853787	-00000003.282907	000000000.030368
000000016.873426	-00000019.410656	000000000.179558
000000016.994761	-00000019.550236	000000000.542618
000000019.178959	-00000022.062868	000000000.612356
000000002.662676	-00000003.090187	-00000000.085445
000000002.695832	-00000003.128667	-00000000.028833
000000002.662672	-00000003.117589	000000000.028623
000000016.573511	-00000019.405088	000000000.178162
000000016.745592	-00000019.606569	000000000.540105
000000002.603309	-00000003.075152	-00000000.084398
000000002.616739	-00000003.091016	-00000000.028274
000000002.706070	-00000003.224968	000000000.029391
000000002.596292	-00000003.094141	000000000.084607
000000016.785931	-00000020.004694	000000000.547016
000000002.626939	-00000003.186732	000000000.028833
000000002.537395	-00000003.078107	000000000.083560
000000016.419937	-00000019.918978	000000000.540733
000000002.592737	-00000003.201763	000000000.028763
000000002.611107	-00000003.224448	000000000.086911
000000016.251781	-00000020.069277	000000000.540943
000000018.768511	-00000023.177179	000000000.624712
000000002.832373	-00000003.560781	000000000.031765
000000017.199659	-00000021.622936	000000000.192892
000000016.082251	-00000020.218161	000000000.541152
000000018.273022	-00000022.972336	000000000.614869
000000002.647280	-00000003.388364	000000000.030019
000000016.844088	-00000021.559450	000000000.191007
000000002.923751	-00000003.742230	000000000.099476
000000005.890588	-00000007.539609	000000000.200419
000000018.096478	-00000023.162436	000000000.615707
000000002.526299	-00000003.292336	000000000.028972
000000016.484858	-00000021.483484	000000000.189053
000000002.811861	-00000003.664489	000000000.096754
000000017.315464	-00000022.565952	000000000.595812
000000002.629868	-00000003.489952	000000000.030508
000000002.737658	-00000003.632995	000000000.095288
000000002.587416	-00000003.496692	000000000.030368
000000002.723691	-00000003.680857	000000000.095916
000000016.205366	-00000021.900295	000000000.570681
000000002.521537	-00000003.470598	000000000.029950
000000002.750232	-00000003.785369	000000000.098011
000000013.745281	-00000018.918756	000000000.489843
000000002.508576	-00000003.516893	000000000.030159
000000002.513892	-00000003.524347	000000000.090681
000000013.719001	-00000019.233330	000000000.494869
000000002.512204	-00000003.587799	000000000.030578
000000002.678015	-00000003.824601	000000000.097801
000000013.728409	-00000019.606199	000000000.501362
000000002.537438	-00000003.691995	000000000.031276
000000002.638874	-00000003.839586	000000000.097592
000000015.918188	-00000023.161106	000000000.588691
000000002.465981	-00000003.655967	000000000.030787
000000002.633221	-00000003.903911	000000000.098639
000000002.218733	-00000003.352139	000000000.028065
000000002.532835	-00000003.826697	000000000.096126
000000002.358229	-00000003.631355	000000000.030229
000000014.122147	-00000021.746199	000000000.181024
000000002.521126	-00000003.882193	000000000.096963
000000012.643744	-00000019.469660	000000000.486283
000000002.170638	-00000003.407218	000000000.028204
000000013.663197	-00000021.446922	000000000.177533
000000011.619241	-00000018.238556	000000000.452985
000000002.252102	-00000003.604117	000000000.029670
000000002.177490	-00000003.484713	000000000.086073
000000011.798714	-00000018.881889	000000000.466388
000000002.204890	-00000003.598054	000000000.029461
000000002.852773	-00000004.655302	000000000.038118
000000002.178341	-00000003.554730	000000000.087330
000000011.570805	-00000018.881838	000000000.463875
000000002.214610	-00000003.685730	000000000.030019
000000003.620630	-00000006.025740	000000000.049078
000000012.849887	-00000021.385803	000000000.174182
000000002.111193	-00000003.513615	000000000.085864
000000002.847536	-00000004.739096	000000000.115812
000000012.934919	-00000021.527321	000000000.526074
000000002.156986	-00000003.661835	000000000.029670
000000011.155421	-00000018.938147	000000000.153448
000000010.914756	-00000018.529579	000000000.450471
000000002.149948	-00000003.723819	000000000.030019
000000011.119729	-00000019.259935	000000000.155263
000000002.879369	-00000004.987213	000000000.120628
000000010.932602	-00000018.935822	000000000.458011
