000000003.544399	000000004.113478	-00000000.037908
000000003.302049	000000003.699633	-00000000.103874
000000003.529087	000000003.954008	-00000000.037001
000000003.435041	000000003.781685	-00000000.107016
000000003.590351	000000003.952669	-00000000.037280
000000003.406832	000000003.685491	-00000000.105131
000000003.638283	000000003.935873	-00000000.037420
000000004.995852	000000005.404482	-00000000.051382
000000003.507367	000000003.728441	-00000000.107225
000000003.638233	000000003.867556	-00000000.037070
000000003.560511	000000003.719359	-00000000.107853
000000003.678760	000000003.842883	-00000000.037140
000000003.537022	000000003.630855	-00000000.106178
000000003.795888	000000003.896588	-00000000.037978
000000003.603765	000000003.635352	-00000000.107225
000000003.688947	000000003.721281	-00000000.036582
000000004.970223	000000005.013786	-00000000.049288
000000003.656653	000000003.624881	-00000000.107853
000000003.735484	000000003.703027	-00000000.036721
000000005.006685	000000004.963183	-00000000.049218
000000003.709630	000000003.613762	-00000000.108482
000000003.889425	000000003.788910	-00000000.037908
000000003.806023	000000003.643475	-00000000.110367
000000004.247396	000000004.065998	-00000000.041050
000000003.837673	000000003.610122	-00000000.110367
000000004.129763	000000003.884893	-00000000.039584
000000003.920422	000000003.624001	-00000000.111833
000000004.611433	000000004.262765	-00000000.043842
000000003.988901	000000003.623262	-00000000.112880
000000005.040762	000000004.578706	-00000000.047542
000000004.221758	000000003.768064	-00000000.118534
000000004.655284	000000004.155000	-00000000.043563
000000004.374748	000000003.836551	-00000000.121885
000000004.571074	000000004.008725	-00000000.042446
000000004.453505	000000003.837386	-00000000.123141
000000005.136166	000000004.425603	-00000000.047333
000000004.524976	000000003.830675	-00000000.124189
000000005.189855	000000004.393536	-00000000.047473
000000004.604352	000000003.829399	-00000000.125445
000000005.181868	000000004.309714	-00000000.047054
000000004.505977	000000003.681538	-00000000.121885
000000005.242510	000000004.283311	-00000000.047263
000000004.748455	000000003.811038	-00000000.127539
000000005.225099	000000004.193585	-00000000.046774
000000004.750125	000000003.744697	-00000000.126702
000000005.253642	000000004.141638	-00000000.046705
000000005.011873	000000003.880606	-00000000.132775
000000005.242144	000000004.058902	-00000000.046286
000000005.172878	000000003.933548	-00000000.136126
000000005.317163	000000004.043265	-00000000.046635
000000005.094857	000000003.804510	-00000000.133194
000000005.328208	000000003.978762	-00000000.046425
000000005.143988	000000003.771728	-00000000.133613
000000005.282084	000000003.872984	-00000000.045727
000000005.168592	000000003.720854	-00000000.133403
000000005.266986	000000003.791688	-00000000.045308
000000005.241689	000000003.704459	-00000000.134450
000000005.414202	000000003.826380	-00000000.046286
000000005.306675	000000003.681371	-00000000.135288
000000005.463819	000000003.790386	-00000000.046425
000000005.338599	000000003.634923	-00000000.135288
000000005.389234	000000003.669399	-00000000.045518
000000005.570997	000000003.757685	000000000.046914
000000005.835145	000000003.935855	000000000.147435
000000005.386742	000000003.599306	-00000000.135707
000000005.396106	000000003.605563	-00000000.045308
000000005.511851	000000003.648215	000000000.046146
000000005.919291	000000003.917893	000000000.148691
000000005.434668	000000003.563124	-00000000.136126
000000005.519354	000000003.618647	-00000000.046076
000000005.652502	000000003.670778	000000000.047054
000000005.861022	000000003.806192	000000000.146388
000000005.431921	000000003.493929	-00000000.135288
000000005.592773	000000003.597393	-00000000.046425
000000005.642151	000000003.594447	000000000.046705
000000006.054223	000000003.856965	000000000.150367
000000005.529847	000000003.489074	-00000000.136963
000000005.615496	000000003.543114	-00000000.046356
000000005.741146	000000003.587466	000000000.047263
000000006.096128	000000003.809284	000000000.150576
000000014.608664	000000009.128507	000000000.360838
000000005.594090	000000003.461728	-00000000.137801
000000005.629194	000000003.483451	-00000000.046216
000000005.814864	000000003.563354	000000000.047612
000000015.045798	000000009.220077	000000000.369634
000000005.624086	000000003.412779	-00000000.137801
000000005.804710	000000003.522385	-00000000.047403
000000005.837167	000000003.507324	000000000.047542
000000015.117114	000000009.083279	000000000.369424
000000005.748168	000000003.419801	-00000000.140105
000000005.852415	000000003.481821	-00000000.047542
000000005.902016	000000003.476553	000000000.047822
000000015.393937	000000009.067721	000000000.374241
000000005.890066	000000003.434985	-00000000.142827
000000005.934405	000000003.460843	-00000000.047961
000000006.001410	000000003.464916	000000000.048380
000000008.201061	000000004.734885	000000000.066113
000000012.078404	000000006.973470	000000000.292147
000000015.810156	000000009.127997	000000000.382409
000000005.937178	000000003.393377	-00000000.143246
000000005.947017	000000003.399000	-00000000.047822
000000016.115452	000000009.117684	000000000.387854
000000006.123579	000000003.429369	-00000000.147016
000000006.273094	000000003.513101	-00000000.050195
000000008.291192	000000004.595883	000000000.066182
000000015.888355	000000008.807059	000000000.380524
000000006.249691	000000003.428698	-00000000.149319
000000006.557756	000000003.597708	-00000000.052220
000000008.990080	000000004.881215	000000000.071418
000000011.263965	000000006.115834	000000000.268482
000000006.464320	000000003.473404	-00000000.153717
000000006.756268	000000003.630273	-00000000.053546
000000008.529066	000000004.534985	000000000.067439
000000015.898398	000000008.453328	000000000.377173
000000017.381426	000000009.241868	000000000.412356
000000006.574016	000000003.458757	-00000000.155602
000000006.734592	000000003.543240	-00000000.053127
000000007.530538	000000003.920150	000000000.059271
000000009.233558	000000004.806686	000000000.072675
000000011.360117	000000005.913702	000000000.268272
000000015.918353	000000008.286571	000000000.375916
000000006.639502	000000003.419568	-00000000.156440
000000006.889715	000000003.548436	-00000000.054105
000000008.259430	000000004.208390	000000000.064716
000000009.291161	000000004.734083	000000000.218429
000000011.509279	000000005.864271	000000000.270576
000000015.740632	000000008.020253	000000000.370053
000000006.811935	000000003.433498	-00000000.159791
000000007.107939	000000003.582696	-00000000.055571
000000007.973670	000000003.975526	000000000.062203
000000009.378683	000000004.676039	000000000.073164
000000009.860014	000000004.916022	000000000.230785
000000016.114233	000000008.034261	000000000.377173
000000018.574762	000000009.261035	000000000.434765
000000006.931306	000000003.418142	-00000000.161885
000000007.201713	000000003.551491	-00000000.056060
000000008.403520	000000004.098670	000000000.065275
000000009.785721	000000004.772815	000000000.228063
000000016.282578	000000007.941544	000000000.379477
000000007.330076	000000003.535609	-00000000.170471
000000007.646741	000000003.688350	-00000000.059271
000000008.809018	000000004.201686	000000000.068137
000000009.709688	000000004.631284	000000000.225340
000000019.383280	000000009.245350	000000000.449843
000000007.568629	000000003.569597	-00000000.175288
000000007.814302	000000003.685464	-00000000.060318
000000008.781908	000000004.095071	000000000.067648
000000009.758795	000000004.550601	000000000.225550
000000007.690286	000000003.545270	-00000000.177382
000000007.891572	000000003.638064	-00000000.060667
000000009.035695	000000004.117804	000000000.069324
000000009.670767	000000004.407222	000000000.222618
000000007.857665	000000003.539620	-00000000.180524
000000008.014193	000000003.610131	-00000000.061365
000000009.053015	000000004.030662	000000000.069184
000000009.717992	000000004.326729	000000000.222827
000000007.952312	000000003.499101	-00000000.181990
000000008.100309	000000003.564221	-00000000.061784
000000009.344614	000000004.063154	000000000.071139
000000009.709537	000000004.221827	000000000.221780
000000008.138704	000000003.496663	-00000000.185550
000000008.324046	000000003.576292	-00000000.063250
000000009.361306	000000003.973639	000000000.070999
000000009.819633	000000004.168187	000000000.223456
000000008.279548	000000003.471903	-00000000.188063
000000008.696143	000000003.646596	-00000000.065833
000000009.303240	000000003.853528	000000000.070301
000000009.911053	000000004.105292	000000000.224712
000000008.457585	000000003.460089	-00000000.191414
000000008.792420	000000003.597074	-00000000.066322
000000009.521947	000000003.847116	000000000.071698
000000009.844533	000000003.977449	000000000.222409
000000008.515316	000000003.397266	-00000000.192042
000000008.981370	000000003.583203	-00000000.067509
000000009.480723	000000003.734556	000000000.071139
000000009.981191	000000003.931695	000000000.224712
000000008.693727	000000003.380805	-00000000.195393
000000009.226653	000000003.588049	-00000000.069114
000000009.755677	000000003.744854	000000000.072954
000000010.071123	000000003.865942	000000000.225969
000000009.012727	000000003.414617	-00000000.201885
000000009.472689	000000003.588881	-00000000.070720
000000009.806719	000000003.666582	000000000.073094
000000010.029559	000000003.749898	000000000.224293
000000023.589598	000000008.819789	000000000.527540
000000008.929623	000000003.294312	-00000000.199372
000000009.644372	000000003.557997	-00000000.071767
000000009.810151	000000003.570603	000000000.072884
000000010.099481	000000003.675910	000000000.225131
000000032.778683	000000011.930466	000000000.730681
000000009.230912	000000003.314236	-00000000.205445
000000009.816227	000000003.524386	-00000000.072815
000000009.944626	000000003.521577	000000000.073652
000000010.470449	000000003.707781	000000000.232670
000000032.711910	000000011.583895	000000000.726911
000000008.995194	000000003.141263	-00000000.199581
000000009.978778	000000003.484745	-00000000.073792
000000010.277536	000000003.538840	000000000.075886
000000010.568580	000000003.639054	000000000.234136
000000024.039265	000000008.277383	000000000.532566
000000032.745579	000000011.275208	000000000.725445
000000009.202143	000000003.123706	-00000000.203560
000000010.131906	000000003.439318	-00000000.074699
000000010.545102	000000003.528342	000000000.077632
000000023.996807	000000008.029220	000000000.530053
000000008.953699	000000002.952487	-00000000.197487
000000010.531907	000000003.472902	-00000000.077422
000000010.784719	000000003.504167	000000000.079167
000000014.389134	000000004.675313	000000000.105626
000000014.414855	000000004.683670	000000000.317487
000000019.539925	000000006.348906	000000000.430367
000000032.652119	000000010.609316	000000000.719163
000000009.236213	000000002.956535	-00000000.203141
000000010.723716	000000003.432688	-00000000.078609
000000010.929330	000000003.446004	000000000.080005
000000014.276795	000000004.501456	000000000.104509
000000032.676712	000000010.302928	000000000.717697
000000008.994315	000000002.792809	-00000000.197278
000000011.087511	000000003.442764	-00000000.081052
000000011.609257	000000003.549306	000000000.084753
000000014.353785	000000004.388392	000000000.104789
000000032.650646	000000009.982305	000000000.715184
000000039.611015	000000012.110303	000000000.867644
000000039.754433	000000012.154150	000000000.870786
000000009.238537	000000002.780484	-00000000.202094
000000011.586331	000000003.487090	-00000000.084473
000000012.234241	000000003.623948	000000000.089081
000000014.209362	000000004.209005	000000000.103462
000000032.583138	000000009.651565	000000000.711833
000000009.051285	000000002.638209	-00000000.197487
000000011.875527	000000003.461401	-00000000.086358
000000012.582609	000000003.608005	000000000.091385
000000014.665637	000000004.205304	000000000.319581
000000009.285656	000000002.618826	-00000000.202094
000000012.020773	000000003.390208	-00000000.087196
000000013.731400	000000003.808054	000000000.099483
000000014.586165	000000004.045102	000000000.317068
000000009.057366	000000002.469321	-00000000.196649
000000012.686644	000000003.458776	-00000000.091804
000000013.802744	000000003.698434	000000000.099762
000000014.814053	000000003.969414	000000000.321257
000000033.220562	000000008.901423	000000000.720419
000000009.233263	000000002.430915	-00000000.200000
000000013.161174	000000003.465048	-00000000.095015
000000014.028117	000000003.627918	000000000.101158
000000014.693258	000000003.799935	000000000.317906
000000026.782770	000000006.926495	000000000.579477
000000009.050632	000000002.298568	-00000000.195602
000000013.539826	000000003.438678	-00000000.097528
000000014.165973	000000003.531974	000000000.101926
000000014.735559	000000003.673988	000000000.318115
000000042.984375	000000010.717209	000000000.927959
000000009.283994	000000002.271779	-00000000.200210
000000013.851001	000000003.389318	-00000000.099553
000000014.507405	000000003.482920	000000000.104160
000000018.918167	000000004.541850	000000000.407539
000000042.872108	000000010.292683	000000000.923561
000000009.089369	000000002.140262	-00000000.195602
000000013.743780	000000003.236231	-00000000.098575
000000014.693143	000000003.392179	000000000.105277
000000018.664835	000000004.309117	000000000.401257
000000009.292974	000000002.102785	-00000000.199581
000000014.717557	000000003.330243	-00000000.105347
000000015.083405	000000003.343910	000000000.107860
000000017.729103	000000003.930448	000000000.126780
000000018.594358	000000004.122270	000000000.398953
000000009.135107	000000001.983426	-00000000.195812
000000013.798167	000000002.995876	-00000000.098575
000000016.813948	000000003.573915	000000000.120008
000000018.923006	000000004.022209	000000000.405236
000000009.455505	000000001.966748	-00000000.202304
000000013.774834	000000002.865170	-00000000.098226
000000015.478333	000000003.219498	-00000000.110374
000000016.628916	000000003.383191	000000000.118472
000000018.353542	000000003.734070	000000000.130759
000000037.542480	000000007.638103	000000000.802514
000000045.252792	000000009.206785	000000000.967330
000000009.158525	000000001.821744	-00000000.195602
000000013.730659	000000002.731198	-00000000.097738
000000018.405062	000000003.577581	000000000.130899
000000023.072994	000000004.484936	000000000.492356
000000047.107773	000000009.156823	000000001.005236
000000009.498212	000000001.803292	-00000000.202513
000000013.822740	000000002.624329	-00000000.098226
000000018.351727	000000003.484184	-00000000.130410
000000018.573233	000000003.442345	000000000.131876
000000022.840454	000000004.233228	000000000.162175
000000022.953968	000000004.254266	000000000.489006
000000009.198763	000000001.663407	-00000000.195812
000000013.697513	000000002.476914	-00000000.097179
000000018.765198	000000003.393301	-00000000.133133
000000022.581091	000000003.981656	000000000.160080
000000023.196981	000000004.090254	000000000.493403
000000036.872963	000000006.501698	000000000.784294
000000055.343903	000000009.758623	000000001.177173
000000009.528237	000000001.637251	-00000000.202513
000000021.937944	000000003.769628	-00000000.155403
000000022.575527	000000003.777848	000000000.159801
000000036.021111	000000006.027866	000000000.765027
000000055.279045	000000009.250540	000000001.174032
000000009.177053	000000001.494578	-00000000.194765
000000013.738655	000000002.237482	-00000000.097179
000000022.118050	000000003.602153	-00000000.156450
000000022.607635	000000003.580698	000000000.159801
000000054.972549	000000008.706797	000000001.165864
000000009.436783	000000001.452460	-00000000.200000
000000013.668707	000000002.103815	-00000000.096551
000000022.346310	000000003.439426	-00000000.157846
000000027.108265	000000004.051357	000000000.191356
000000027.577602	000000004.121500	000000000.584084
000000009.211634	000000001.335623	-00000000.194974
000000013.815197	000000002.003108	-00000000.097458
000000027.231709	000000003.827167	000000000.191985
000000054.957722	000000007.723804	000000001.162514
000000009.460694	000000001.287544	-00000000.200000
000000027.482182	000000003.618098	000000000.193521
000000031.804777	000000004.187179	000000000.223959
000000031.957174	000000004.207242	000000000.675184
000000009.114526	000000001.159514	-00000000.192461
000000013.927410	000000001.771790	-00000000.098017
000000030.549828	000000003.751047	000000000.214883
000000036.110832	000000004.433853	000000000.762095
000000062.705235	000000007.699234	000000001.323352
000000009.451939	000000001.118711	-00000000.199372
000000030.392622	000000003.462802	000000000.213557
000000036.078613	000000004.110639	000000000.760629
000000064.538208	000000007.353200	000000001.360629
000000009.123436	000000000.999179	-00000000.192251
000000013.836927	000000001.515390	-00000000.097179
000000031.167557	000000003.275842	000000000.218793
000000035.742245	000000003.756661	000000000.250906
000000040.507938	000000004.257556	000000000.853194
000000009.450128	000000000.951578	-00000000.198953
000000035.982697	000000003.464740	000000000.252373
000000009.059837	000000000.832482	-00000000.190576
000000013.781605	000000001.266352	-00000000.096621
000000039.956398	000000003.495732	000000000.280018
000000049.340664	000000004.316749	000000001.037488
000000009.385589	000000000.779882	-00000000.197278
000000054.270245	000000004.271161	000000001.140315
000000009.072987	000000000.674239	-00000000.190576
000000013.801606	000000001.025637	-00000000.096621
000000059.082737	000000004.131467	000000001.240629
000000009.367841	000000000.614001	-00000000.196649
000000072.478630	000000004.432983	000000001.521048
000000009.083372	000000000.515791	-00000000.190576
000000013.697600	000000000.777806	-00000000.095783
000000081.620056	000000004.277526	000000001.712043
000000009.337185	000000000.448497	-00000000.195812
000000009.110970	000000000.357971	-00000000.190995
000000013.739064	000000000.539809	-00000000.095992
000000009.283630	000000000.283641	-00000000.194555
000000009.115829	000000000.198908	-00000000.190995
000000013.596433	000000000.296675	-00000000.094945
000000186.610626	000000003.257301	000000003.909531
000000009.367143	000000000.122623	-00000000.196230
000000009.117913	000000000.039785	-00000000.190995
000000013.679537	000000000.059689	-00000000.095504
000000009.337863	-00000000.040744	-00000000.195602
000000009.117219	-00000000.119351	-00000000.190995
000000013.678495	-00000000.179061	-00000000.095504
000000009.375711	-00000000.204579	-00000000.196440
000000009.193692	-00000000.280893	-00000000.192670
000000013.753247	-00000000.420200	-00000000.096062
000000093.582420	-00000003.267970	000000001.961467
000000009.430653	-00000000.370531	-00000000.197696
000000009.187389	-00000000.441302	-00000000.192670
000000013.883654	-00000000.666880	-00000000.097040
000000049.141361	-00000002.575390	000000000.343548
000000049.221252	-00000002.579576	000000000.344106
000000060.294010	-00000003.159875	000000001.264713
000000009.532550	-00000000.541297	-00000000.200000
000000044.046616	-00000002.694006	000000000.308083
000000057.839203	-00000003.537597	000000001.213823
000000009.198242	-00000000.602885	-00000000.193089
000000014.069468	-00000000.922162	-00000000.098436
000000037.886559	-00000002.649286	000000000.265148
000000041.776966	-00000002.921330	000000000.292375
000000057.706398	-00000004.035224	000000001.211728
000000009.521650	-00000000.707581	-00000000.200000
000000033.964146	-00000002.673036	000000000.237852
000000057.738754	-00000004.544138	000000001.213194
000000009.266026	-00000000.769947	-00000000.194765
000000014.031301	-00000001.165911	-00000000.098296
000000031.578604	-00000002.762770	000000000.221306
000000037.685127	-00000003.297022	000000000.264101
000000037.797298	-00000003.306835	000000000.794765
000000009.497895	-00000000.872734	-00000000.199791
000000028.059536	-00000002.701826	000000000.196802
000000033.394730	-00000003.215547	000000000.234221
000000042.454288	-00000004.087883	000000000.893404
000000009.300916	-00000000.936553	-00000000.195812
000000014.078461	-00000001.417627	-00000000.098785
000000026.324352	-00000002.766801	000000000.184794
000000032.125957	-00000003.376574	000000000.676650
000000041.979507	-00000004.412224	000000000.884189
000000009.600478	-00000001.051423	-00000000.202304
000000021.321989	-00000002.335138	-00000000.149748
000000023.994175	-00000002.733791	000000000.168597
000000028.047850	-00000003.195649	000000000.197081
000000028.211252	-00000003.214266	000000000.594765
000000031.966131	-00000003.642081	000000000.673927
000000009.322868	-00000001.103434	-00000000.196649
000000014.220393	-00000001.683095	-00000000.099972
000000021.688087	-00000002.566954	-00000000.152471
000000022.182867	-00000002.723713	000000000.156031
000000025.150507	-00000003.088094	000000000.176905
000000025.274605	-00000003.103331	000000000.533403
000000027.924122	-00000003.428651	000000000.589320
000000009.580666	-00000001.218815	-00000000.202304
000000019.978493	-00000002.541585	-00000000.140603
000000020.334040	-00000002.677027	000000000.143186
000000022.693619	-00000002.987672	000000000.159801
000000025.306036	-00000003.331603	000000000.534660
000000032.135590	-00000004.230731	000000000.678953
000000009.331910	-00000001.270017	-00000000.197278
000000013.951052	-00000001.898655	-00000000.098296
000000019.479948	-00000002.651105	-00000000.137252
000000020.012829	-00000002.812620	000000000.141091
000000026.716782	-00000003.754799	000000000.188354
000000033.661732	-00000004.730848	000000000.712042
000000009.627195	-00000001.395877	-00000000.203770
000000014.280322	-00000002.070548	-00000000.100740
000000017.595573	-00000002.551237	-00000000.124127
000000018.889744	-00000002.823091	000000000.133342
000000034.407024	-00000005.142164	000000000.242878
000000026.183395	-00000003.913135	000000000.554555
000000033.421406	-00000004.994862	000000000.707854
000000009.308324	-00000001.432688	-00000000.197278
000000013.915791	-00000002.141845	-00000000.098296
000000018.163145	-00000002.876760	000000000.128385
000000025.926188	-00000004.106305	000000000.183258
000000026.029755	-00000004.122708	000000000.552042
000000009.601368	-00000001.563682	-00000000.203770
000000013.916310	-00000002.266415	-00000000.098436
000000016.127129	-00000002.626470	-00000000.114074
000000016.638233	-00000002.784285	000000000.117774
000000018.472679	-00000003.091266	000000000.130759
000000025.894180	-00000004.333200	000000000.549948
000000009.291756	-00000001.596616	-00000000.197487
000000013.718606	-00000002.357288	-00000000.097179
000000016.534519	-00000002.915482	000000000.117215
000000016.767599	-00000002.956580	000000000.356649
000000025.550158	-00000004.505182	000000000.543456
000000026.958122	-00000004.753444	000000000.573403
000000009.710351	-00000001.755918	-00000000.206702
000000014.553607	-00000002.631721	-00000000.103253
000000016.292137	-00000003.019569	000000000.115679
000000021.715338	-00000004.024700	000000000.462618
000000025.608171	-00000004.746194	000000000.545550
000000009.331232	-00000001.771590	-00000000.198953
000000013.636080	-00000002.588891	-00000000.096900
000000015.499516	-00000003.012801	000000000.110234
000000019.647867	-00000003.819158	000000000.419267
000000009.491920	-00000001.888060	-00000000.202723
000000013.563930	-00000002.698033	-00000000.096551
000000014.247758	-00000002.898739	000000000.101508
000000016.462334	-00000003.349299	000000000.117285
000000016.615877	-00000003.380538	000000000.355183
000000009.230374	-00000001.919921	-00000000.197487
000000013.001407	-00000002.704297	-00000000.092711
000000014.437107	-00000003.068702	000000000.103043
000000016.373791	-00000003.480357	000000000.116866
000000016.497732	-00000003.506701	000000000.353299
000000009.418442	-00000002.044944	-00000000.201885
000000012.361671	-00000002.683982	-00000000.088313
000000016.137781	-00000003.577660	000000000.115400
000000018.968969	-00000004.205319	000000000.135646
000000019.189770	-00000004.254270	000000000.411728
000000009.322228	-00000002.109405	-00000000.200210
000000011.898886	-00000002.692443	-00000000.085171
000000016.330044	-00000003.770088	000000000.117006
000000019.301800	-00000004.456172	000000000.138299
000000019.112949	-00000004.412572	000000000.410890
000000009.352123	-00000002.202133	-00000000.201257
000000011.874937	-00000002.796177	-00000000.085171
000000016.393759	-00000003.935793	000000000.117704
000000019.738628	-00000004.738825	000000000.141720
000000018.840395	-00000004.523179	000000000.405864
000000009.128613	-00000002.233757	-00000000.196859
000000011.655821	-00000002.852161	-00000000.083775
000000016.135624	-00000004.023063	000000000.116098
000000018.774765	-00000004.681075	000000000.135087
000000018.877813	-00000004.706768	000000000.407539
000000009.263816	-00000002.352710	-00000000.200210
000000011.242805	-00000002.855309	-00000000.080983
000000019.401207	-00000005.017493	000000000.139904
000000018.971533	-00000004.906372	000000000.410471
000000009.126911	-00000002.402915	-00000000.197696
000000010.637246	-00000002.800553	-00000000.076794
000000019.375999	-00000005.191783	000000000.140044
000000019.323936	-00000005.177833	000000000.419058
000000009.366031	-00000002.553473	-00000000.203351
000000010.313325	-00000002.811735	-00000000.074630
000000012.107786	-00000003.300961	-00000000.087615
000000012.873789	-00000003.570218	000000000.093270
000000019.339592	-00000005.363343	000000000.140114
000000025.795759	-00000007.153797	000000000.186888
000000019.037163	-00000005.279472	000000000.413822
000000025.848536	-00000007.168433	000000000.561885
000000008.602463	-00000002.426145	-00000000.187225
000000010.086285	-00000002.844626	-00000000.073164
000000012.222883	-00000003.447210	-00000000.088662
000000012.765244	-00000003.660375	000000000.092711
000000019.070967	-00000005.468512	000000000.138508
000000025.684286	-00000007.364851	000000000.186539
000000019.124912	-00000005.483980	000000000.416754
000000025.736942	-00000007.379950	000000000.560838
000000009.137671	-00000002.663388	-00000000.199372
000000009.725068	-00000002.834599	-00000000.070720
000000012.038732	-00000003.508970	-00000000.087545
000000012.732816	-00000003.771632	000000000.092711
000000060.547993	-00000017.935133	000000000.440867
000000025.844110	-00000007.655374	000000000.564608
000000060.660805	-00000017.968550	000000001.325236
000000008.922607	-00000002.685400	-00000000.195183
000000009.460574	-00000002.847310	-00000000.068975
000000012.651603	-00000003.867983	000000000.092362
000000021.592834	-00000006.601592	000000000.157637
000000058.094097	-00000017.761148	000000000.424112
000000058.962379	-00000018.026608	000000001.291519
000000008.717420	-00000002.706831	-00000000.191204
000000009.082019	-00000002.820042	-00000000.066392
000000020.761913	-00000006.546206	000000000.151982
000000056.801998	-00000017.909601	000000000.415804
000000057.267677	-00000018.056429	000000001.257802
000000008.379245	-00000002.682218	-00000000.184293
000000008.885636	-00000002.844315	-00000000.065135
000000009.101389	-00000002.957221	000000000.066811
000000012.572661	-00000004.085105	000000000.092292
000000020.808609	-00000006.761127	000000000.152750
000000055.852810	-00000018.147678	000000001.230158
000000008.327035	-00000002.745844	-00000000.183665
000000008.708529	-00000002.871642	-00000000.064018
000000009.065754	-00000003.033359	000000000.066741
000000020.900545	-00000006.993225	000000000.153867
000000053.360870	-00000017.854298	000000000.392836
000000056.052597	-00000018.754936	000000001.238116
000000008.103945	-00000002.750918	-00000000.179267
000000008.569509	-00000002.908956	-00000000.063180
000000008.840384	-00000003.043988	000000000.065275
000000020.848175	-00000007.178603	000000000.153937
000000020.910284	-00000007.199988	000000000.463246
000000007.664321	-00000002.676501	-00000000.170052
000000008.430510	-00000002.944066	-00000000.062343
000000008.643812	-00000003.060934	000000000.064018
000000020.709328	-00000007.333558	000000000.153378
000000020.771263	-00000007.355490	000000000.461571
000000007.471299	-00000002.682470	-00000000.166283
000000008.282147	-00000002.973595	-00000000.061435
000000008.973846	-00000003.266213	000000000.066671
000000050.187759	-00000018.266851	000000000.372869
000000014.205036	-00000005.170210	000000000.316649
000000007.363187	-00000002.716423	-00000000.164398
000000007.749272	-00000002.858857	-00000000.057665
000000008.710839	-00000003.256849	000000000.064926
000000013.881144	-00000005.189947	000000000.103462
000000014.103189	-00000005.272966	000000000.315393
000000007.198962	-00000002.727443	-00000000.161257
000000007.546357	-00000002.859059	-00000000.056339
000000008.598066	-00000003.300488	000000000.064297
000000013.863332	-00000005.321634	000000000.103672
000000013.972634	-00000005.363592	000000000.313508
000000006.988526	-00000002.717689	-00000000.157068
000000007.502481	-00000002.917555	-00000000.056199
000000008.466594	-00000003.335080	000000000.063529
000000013.574462	-00000005.347123	000000000.101857
000000013.655535	-00000005.379058	000000000.307435
000000006.843825	-00000002.730409	-00000000.154346
000000007.486023	-00000002.986620	-00000000.056269
000000007.992130	-00000003.229030	000000000.060178
000000013.721987	-00000005.544043	000000000.103323
000000013.524646	-00000005.464312	000000000.305550
000000006.560643	-00000002.684030	-00000000.148482
000000007.265316	-00000002.972319	-00000000.054803
000000007.714206	-00000003.195329	000000000.058294
000000013.774708	-00000005.705671	000000000.104091
000000013.614998	-00000005.639517	000000000.308691
000000006.463211	-00000002.710249	-00000000.146806
000000007.119218	-00000002.985336	-00000000.053895
000000008.385594	-00000003.559474	000000000.063599
000000013.834850	-00000005.872546	000000000.104928
000000013.611280	-00000005.777646	000000000.309738
000000006.393384	-00000002.746815	-00000000.145759
000000006.918329	-00000002.972349	-00000000.052569
000000007.528880	-00000003.273650	000000000.057316
000000013.462114	-00000005.853494	000000000.102485
000000013.450321	-00000005.848366	000000000.307225
000000006.305113	-00000002.774316	-00000000.144293
000000006.882975	-00000003.028581	-00000000.052499
000000007.600513	-00000003.383966	000000000.058084
000000013.392250	-00000005.962614	000000000.102345
000000016.269848	-00000007.243803	000000000.124336
000000013.718444	-00000006.107845	000000000.314555
000000006.116581	-00000002.755319	-00000000.140524
000000006.683053	-00000003.010496	-00000000.051173
000000007.497898	-00000003.416989	000000000.057526
000000009.053894	-00000004.126097	000000000.069464
000000013.639987	-00000006.216100	000000000.104649
000000008.979348	-00000004.092124	000000000.206702
000000006.255734	-00000002.883933	-00000000.144293
000000006.574796	-00000003.031023	-00000000.050544
000000008.881600	-00000004.141558	000000000.068416
000000013.893360	-00000006.478580	000000000.107023
000000038.426514	-00000017.918579	000000000.296005
000000008.888930	-00000004.144976	000000000.205445
000000005.859584	-00000002.763559	-00000000.135707
000000006.584273	-00000003.105345	-00000000.050824
000000007.184404	-00000003.426785	000000000.055571
000000008.845120	-00000004.218906	000000000.068416
000000037.790325	-00000018.025061	000000000.292305
000000008.816324	-00000004.205171	000000000.204607
000000005.592109	-00000002.697313	-00000000.130052
000000005.944463	-00000002.867269	-00000000.046076
000000009.374194	-00000004.572100	000000000.072815
000000008.554643	-00000004.172378	000000000.199372
000000005.209688	-00000002.569134	-00000000.121675
000000005.632224	-00000002.777505	-00000000.043842
000000008.653805	-00000004.314628	000000000.067509
000000008.240538	-00000004.108581	000000000.192880
000000005.213853	-00000002.627999	-00000000.122304
000000005.438109	-00000002.741033	-00000000.042516
000000005.729032	-00000002.919088	000000000.044890
000000008.598003	-00000004.380901	000000000.067369
000000008.480522	-00000004.321042	000000000.199372
000000005.030733	-00000002.590998	-00000000.118534
000000005.280633	-00000002.719705	-00000000.041469
000000005.703341	-00000002.968971	000000000.044890
000000005.675624	-00000002.954543	000000000.134031
000000008.309468	-00000004.325635	000000000.196230
000000005.025627	-00000002.644110	-00000000.118953
000000005.168202	-00000002.719123	-00000000.040771
000000005.721361	-00000003.042102	000000000.045239
000000008.158237	-00000004.337811	000000000.064507
000000005.676108	-00000003.018040	000000000.134660
000000008.253750	-00000004.388597	000000000.195812
000000004.896678	-00000002.631080	-00000000.116440
000000005.126659	-00000002.754653	-00000000.040631
000000005.615504	-00000003.048970	000000000.044610
000000008.181588	-00000004.442240	000000000.064996
000000008.628091	-00000004.684671	000000000.205655
000000004.873532	-00000002.673711	-00000000.116440
000000005.041056	-00000002.765618	-00000000.040142
000000005.466240	-00000003.029986	000000000.043633
000000008.125019	-00000004.503772	000000000.064856
000000005.526384	-00000003.063325	000000000.132356
000000008.499439	-00000004.711316	000000000.203560
000000004.675553	-00000002.618436	-00000000.112251
000000005.086528	-00000002.848592	-00000000.040701
000000005.465701	-00000003.092345	000000000.043842
000000008.024485	-00000004.540035	000000000.064367
000000005.542950	-00000003.136050	000000000.133403
000000008.022920	-00000004.539150	000000000.193089
000000009.136730	-00000005.169313	000000000.219895
000000004.704606	-00000002.688904	-00000000.113508
000000005.061476	-00000002.892872	-00000000.040701
000000008.551550	-00000004.887614	-00000000.068765
000000005.438507	-00000003.139924	000000000.043842
000000008.045180	-00000004.644887	000000000.064856
000000008.026296	-00000004.633984	000000000.194136
000000004.577324	-00000002.669417	-00000000.110995
000000005.061953	-00000002.952044	-00000000.040910
000000005.333354	-00000003.141586	000000000.043214
000000008.193893	-00000004.826572	000000000.066392
000000008.347355	-00000004.916968	000000000.202932
000000033.673698	-00000019.835323	000000000.818639
000000004.510894	-00000002.683700	-00000000.109948
000000004.915685	-00000002.924525	-00000000.039933
000000005.254308	-00000003.157107	000000000.042795
000000005.313272	-00000003.192536	000000000.129843
000000008.201292	-00000004.927833	000000000.200419
000000004.487303	-00000002.722962	-00000000.109948
000000004.924172	-00000002.988061	-00000000.040212
000000004.996350	-00000003.061767	000000000.040910
000000005.097670	-00000003.123856	000000000.125236
000000004.463370	-00000002.762017	-00000000.109948
000000004.753353	-00000002.941464	-00000000.039025
000000004.960960	-00000003.099952	000000000.040840
000000005.129566	-00000003.205308	000000000.126702
000000004.405276	-00000002.779522	-00000000.109110
000000004.659847	-00000002.940145	-00000000.038467
000000005.060225	-00000003.223719	000000000.041888
000000005.084535	-00000003.239206	000000000.126283
000000004.296767	-00000002.763773	-00000000.107016
000000004.558321	-00000002.932010	-00000000.037838
000000005.082220	-00000003.300432	000000000.042306
000000005.030920	-00000003.267118	000000000.125655
000000004.289207	-00000002.812127	-00000000.107435
000000004.490747	-00000002.944263	-00000000.037489
000000004.803065	-00000003.179080	000000000.040212
000000004.952196	-00000003.277787	000000000.124398
000000004.256191	-00000002.843896	-00000000.107225
000000004.398367	-00000002.938895	-00000000.036931
000000004.617627	-00000003.114629	000000000.038886
000000004.525552	-00000003.052524	000000000.114346
000000004.123778	-00000002.807781	-00000000.104503
000000004.372553	-00000002.977165	-00000000.036931
000000004.689164	-00000003.222773	000000000.039723
000000004.885996	-00000003.358052	000000000.124189
000000004.181266	-00000002.900647	-00000000.106597
000000004.313541	-00000002.992410	-00000000.036652
000000004.931175	-00000003.452846	000000000.042027
000000004.971162	-00000003.480845	000000000.127120
000000004.155794	-00000002.937025	-00000000.106597
000000004.401591	-00000003.110737	-00000000.037629
000000004.786883	-00000003.414450	000000000.041050
000000027.076820	-00000019.313709	000000000.232197
000000007.976583	-00000005.689641	000000000.205236
000000028.300589	-00000020.186613	000000000.728168
000000004.227373	-00000003.043273	-00000000.109110
000000004.398624	-00000003.166556	-00000000.037838
000000004.910614	-00000003.567770	000000000.042376
000000026.696911	-00000019.396441	000000000.230382
000000007.861921	-00000005.712020	000000000.203560
000000027.977760	-00000020.327032	000000000.724398
000000004.224843	-00000003.097783	-00000000.109738
000000004.338566	-00000003.181169	-00000000.037559
000000004.806947	-00000003.556954	000000000.041748
000000027.566242	-00000020.397947	000000000.718325
000000004.077487	-00000003.044804	-00000000.106597
000000004.575048	-00000003.416350	-00000000.039863
000000004.911489	-00000003.701072	000000000.042935
000000025.603632	-00000019.293720	000000000.223819
000000004.862624	-00000003.664250	000000000.127539
000000027.107729	-00000020.427139	000000000.710995
000000003.931387	-00000002.989496	-00000000.103456
000000004.274426	-00000003.250350	-00000000.037489
000000004.799671	-00000003.682917	000000000.042237
000000024.593353	-00000018.871145	000000000.216419
000000024.588560	-00000018.867466	000000000.649215
000000003.660090	-00000002.833944	-00000000.096963
000000004.237993	-00000003.281405	-00000000.037420
000000024.475018	-00000019.121979	000000000.216838
000000026.030167	-00000020.336994	000000000.691938
000000003.768695	-00000002.970999	-00000000.100524
000000004.169931	-00000003.287309	-00000000.037070
000000023.994181	-00000019.085833	000000000.214045
000000025.601324	-00000020.364212	000000000.685236
000000003.789407	-00000003.041321	-00000000.101780
000000003.868133	-00000003.104505	-00000000.034627
000000022.584904	-00000018.126301	-00000000.202177
000000023.492550	-00000019.023891	000000000.211043
000000025.236164	-00000020.435843	000000000.680210
000000003.600136	-00000002.941435	-00000000.097382
000000003.910588	-00000003.195084	-00000000.035255
000000022.240015	-00000018.170855	-00000000.200502
000000022.893543	-00000018.871981	000000000.207134
000000024.817717	-00000020.458147	000000000.673718
000000003.558957	-00000002.959953	-00000000.096963
000000003.828739	-00000003.184329	-00000000.034767
000000021.734629	-00000018.076500	-00000000.197360
000000022.636061	-00000018.993910	000000000.206296
000000022.064899	-00000018.514648	000000000.603351
000000024.347212	-00000020.429737	000000000.665760
000000003.601667	-00000003.049036	-00000000.098848
000000003.747380	-00000003.172391	-00000000.034278
000000007.639771	-00000006.467544	-00000000.069882
000000021.377621	-00000018.097492	-00000000.195545
000000022.043633	-00000018.827040	000000000.202387
000000023.795486	-00000020.323265	000000000.655498
000000003.408295	-00000002.936775	-00000000.094241
000000003.742280	-00000003.224555	-00000000.034487
000000021.074944	-00000018.159334	-00000000.194219
000000021.855856	-00000018.999006	000000000.202177
000000023.255047	-00000020.215305	000000000.645445
000000003.202135	-00000002.808197	-00000000.089215
000000003.526043	-00000003.092257	-00000000.032742
000000007.352814	-00000006.448245	-00000000.068277
000000020.757792	-00000018.204094	-00000000.192753
000000021.689228	-00000019.189009	000000000.202177
000000022.868092	-00000020.231979	000000000.639582
000000023.841520	-00000021.093195	000000000.666807
000000003.341604	-00000002.982496	-00000000.093822
000000003.513845	-00000003.136226	-00000000.032882
000000020.337029	-00000018.151491	-00000000.190309
000000021.312874	-00000019.190199	000000000.200223
000000022.542068	-00000020.296970	000000000.635393
000000003.544867	-00000003.219931	-00000000.100314
000000020.000206	-00000018.166908	-00000000.188634
000000020.702244	-00000018.970110	000000000.196034
000000022.238779	-00000020.378086	000000000.631833
000000003.296385	-00000003.047147	-00000000.094031
000000018.978073	-00000017.543152	-00000000.541362
000000019.649992	-00000018.164265	-00000000.186819
000000020.506659	-00000019.122768	000000000.195755
000000022.045477	-00000020.557741	000000000.631414
000000003.233258	-00000003.041545	-00000000.092984
000000004.064211	-00000003.823228	-00000000.038955
000000019.359629	-00000018.211720	-00000000.185562
000000020.041605	-00000019.018772	000000000.192892
000000021.517138	-00000020.419001	000000000.621362
000000003.199370	-00000003.062731	-00000000.092775
000000004.781001	-00000004.576812	-00000000.138639
000000006.456517	-00000006.180770	-00000000.187225
000000004.160715	-00000003.983018	-00000000.040212
000000019.019379	-00000018.207094	-00000000.183817
000000019.493633	-00000018.824783	000000000.189192
000000019.561752	-00000018.890564	000000000.569634
000000021.151144	-00000020.425423	000000000.615917
000000003.022131	-00000002.944030	-00000000.088377
000000018.218725	-00000017.747896	-00000000.532775
000000018.659210	-00000018.176998	-00000000.181862
000000019.649570	-00000019.309580	000000000.192334
000000020.872263	-00000020.511114	000000000.612985
000000004.025868	-00000003.990888	-00000000.118744
000000004.076365	-00000004.040946	-00000000.040072
000000018.379148	-00000018.219456	-00000000.180675
000000019.310616	-00000019.310616	000000000.190658
000000020.593502	-00000020.593502	000000000.610053
000000003.709344	-00000003.741856	-00000000.110367
000000005.651998	-00000005.701538	-00000000.168168
000000017.709126	-00000017.864346	-00000000.526911
000000018.078657	-00000018.237116	-00000000.179279
000000019.029222	-00000019.364277	000000000.189541
000000020.153730	-00000020.508585	000000000.602304
000000003.013794	-00000003.093746	-00000000.090471
000000005.525289	-00000005.671867	-00000000.165864
000000017.475817	-00000017.939428	-00000000.524608
000000017.751356	-00000018.222279	-00000000.177603
000000005.182025	-00000005.366144	000000000.052080
000000018.456623	-00000019.112392	000000000.185492
000000004.958773	-00000005.134960	000000000.149529
000000003.035076	-00000003.170482	-00000000.091937
000000005.627682	-00000005.878753	-00000000.170471
000000017.446449	-00000018.224798	-00000000.176137
000000005.059283	-00000005.331372	000000000.051312
000000018.144585	-00000019.120403	000000000.184026
000000004.927538	-00000005.192541	000000000.149948
000000003.144300	-00000003.342490	-00000000.096126
000000005.932383	-00000006.306309	-00000000.181361
000000005.296335	-00000005.630170	-00000000.053965
000000017.149714	-00000018.230682	-00000000.174741
000000004.712494	-00000005.053531	000000000.048241
000000004.738849	-00000005.081793	000000000.145550
000000003.040360	-00000003.289043	-00000000.093822
000000005.240214	-00000005.668831	-00000000.053895
000000016.827061	-00000018.203413	-00000000.173065
000000004.783062	-00000005.219796	000000000.049427
000000004.687568	-00000005.115582	000000000.145340
000000002.890543	-00000003.182240	-00000000.090052
000000005.202978	-00000005.728032	-00000000.162094
000000005.244333	-00000005.773561	-00000000.054454
000000006.494905	-00000007.150333	-00000000.067439
000000004.730638	-00000005.253906	000000000.049358
000000006.463644	-00000007.178604	000000000.067439
000000004.662817	-00000005.178583	000000000.145969
000000006.482453	-00000007.199494	000000000.202932
000000003.694833	-00000004.139710	-00000000.116230
000000006.324489	-00000007.085990	-00000000.198953
000000005.200409	-00000005.826566	-00000000.054524
000000006.438919	-00000007.214199	-00000000.067509
000000004.903269	-00000005.542137	000000000.051661
000000006.387502	-00000007.219758	000000000.067299
000000004.869189	-00000005.503617	000000000.153927
000000006.326634	-00000007.150959	000000000.200000
000000003.216902	-00000003.668174	-00000000.102199
000000004.884681	-00000005.569911	-00000000.155183
000000006.348108	-00000007.238629	-00000000.201676
000000004.068065	-00000004.638739	-00000000.043074
000000005.142772	-00000005.864208	-00000000.054454
000000006.369125	-00000007.262596	-00000000.067439
000000004.762873	-00000005.479058	000000000.050684
000000006.396420	-00000007.358239	000000000.068067
000000004.709471	-00000005.417626	000000000.150367
000000006.388613	-00000007.349259	000000000.203979
000000004.444319	-00000005.157886	-00000000.142618
000000004.399493	-00000005.105864	-00000000.047054
000000004.597980	-00000005.383543	000000000.049427
000000004.603577	-00000005.390096	000000000.148482
000000004.302242	-00000005.082013	-00000000.139477
000000004.257854	-00000005.029580	-00000000.046007
000000015.487214	-00000018.294235	-00000000.167341
000000004.473693	-00000005.331540	000000000.048590
000000004.280026	-00000005.100737	000000000.139477
000000004.306145	-00000005.223771	000000000.047263
000000004.203555	-00000005.099320	000000000.138429
000000004.222637	-00000005.214522	000000000.046844
000000004.190354	-00000005.174657	000000000.139477
000000004.021347	-00000005.055525	000000000.045099
000000004.163710	-00000005.234500	000000000.140105
000000003.983232	-00000005.098305	000000000.045169
000000003.957835	-00000005.065798	000000000.134660
000000003.914241	-00000005.101138	000000000.044890
000000004.175188	-00000005.441210	000000000.143665
000000003.911702	-00000005.191004	000000000.045378
000000003.935007	-00000005.221931	000000000.136963
000000003.812721	-00000005.152597	000000000.044750
000000003.871447	-00000005.231961	000000000.136335
000000003.820511	-00000005.258482	000000000.045378
000000003.808013	-00000005.241281	000000000.135707
000000003.757056	-00000005.267199	000000000.045169
000000003.733101	-00000005.233614	000000000.134660
000000003.796983	-00000005.422654	000000000.046216
000000003.779040	-00000005.397028	000000000.138011
000000003.772174	-00000005.488546	000000000.046495
000000003.731799	-00000005.429801	000000000.138011
000000004.003724	-00000005.935764	000000000.049986
000000003.919083	-00000005.810279	000000000.146806
000000003.719965	-00000005.620253	000000000.047054
000000003.752348	-00000005.669180	000000000.142408
000000003.687116	-00000005.677661	000000000.047263
000000003.719069	-00000005.726864	000000000.143037
000000003.637430	-00000005.709621	000000000.047263
000000003.695811	-00000005.801260	000000000.144084
000000003.613961	-00000005.783547	000000000.047612
000000003.660939	-00000005.858727	000000000.144712
000000013.170904	-00000021.077852	000000000.520629
000000003.615602	-00000005.900126	000000000.048310
000000003.567883	-00000005.822255	000000000.143037
000000003.574277	-00000005.948596	000000000.048450
000000003.537535	-00000005.887448	000000000.143874
000000003.583133	-00000006.082953	000000000.049288
000000003.607806	-00000006.124840	000000000.148901
000000011.504720	-00000019.926760	000000000.160639
000000003.679193	-00000006.372549	000000000.154136
000000010.627668	-00000018.407661	000000000.445236
