000000003.236978	000000003.756698	-00000000.103874
000000003.505234	000000004.068025	-00000000.037489
000000003.263046	000000003.720791	-00000000.103665
000000003.586754	000000004.089909	-00000000.037978
000000003.421881	000000003.833894	-00000000.107644
000000003.569039	000000003.998770	-00000000.037420
000000003.488818	000000003.840889	-00000000.108691
000000003.805503	000000004.189532	-00000000.039514
000000003.569709	000000003.861690	-00000000.110157
000000003.733313	000000004.038675	-00000000.038397
000000003.569021	000000003.793981	-00000000.109110
000000003.953409	000000004.202598	-00000000.040282
000000003.781747	000000003.950464	-00000000.114555
000000003.920784	000000004.095704	-00000000.039584
000000003.718407	000000003.817052	-00000000.111623
000000003.858687	000000003.961053	-00000000.038606
000000003.730460	000000003.763157	-00000000.110995
000000003.935347	000000003.969840	-00000000.039025
000000003.727655	000000003.695267	-00000000.109948
000000004.062161	000000004.026866	-00000000.039933
000000003.838537	000000003.739337	-00000000.112251
000000004.061333	000000003.956376	-00000000.039584
000000003.762691	000000003.601993	-00000000.109110
000000004.160715	000000003.983018	-00000000.040212
000000003.866802	000000003.637524	-00000000.111204
000000004.188031	000000003.939706	-00000000.040142
000000004.103963	000000003.793664	-00000000.117068
000000005.000614	000000004.622520	-00000000.047542
000000004.122111	000000003.744262	-00000000.116649
000000004.855712	000000004.410619	-00000000.045797
000000004.475362	000000003.994414	-00000000.125655
000000004.804492	000000004.288174	-00000000.044959
000000004.374748	000000003.836551	-00000000.121885
000000004.796621	000000004.206524	-00000000.044540
000000004.438357	000000003.824333	-00000000.122723
000000004.871024	000000004.197143	-00000000.044890
000000004.624174	000000003.914653	-00000000.126911
000000004.945626	000000004.186781	-00000000.045239
000000004.704280	000000003.912508	-00000000.128168
000000004.943532	000000004.111493	-00000000.044890
000000004.614368	000000003.770097	-00000000.124817
000000004.855323	000000003.966966	-00000000.043773
000000004.662686	000000003.742202	-00000000.125236
000000004.952146	000000003.974517	-00000000.044331
000000004.828640	000000003.806593	-00000000.128796
000000005.190818	000000004.092112	-00000000.046146
000000004.909105	000000003.801035	-00000000.130052
000000005.368651	000000004.156854	-00000000.047403
000000005.141045	000000003.909342	-00000000.135288
000000005.436561	000000004.134057	-00000000.047682
000000005.295126	000000003.954058	-00000000.138429
000000005.488455	000000004.098423	-00000000.047822
000000005.200427	000000003.813111	-00000000.135079
000000005.564332	000000004.079937	-00000000.048171
000000005.363328	000000003.861043	-00000000.138429
000000005.599724	000000004.031225	-00000000.048171
000000005.576438	000000003.941037	-00000000.143037
000000005.806180	000000004.103403	-00000000.049637
000000005.569545	000000003.863731	-00000000.141990
000000005.956795	000000004.132376	-00000000.050614
000000005.710483	000000003.888129	-00000000.144712
000000005.951301	000000004.052097	-00000000.050265
000000005.944055	000000004.009315	000000000.050056
000000005.769134	000000003.854812	-00000000.145340
000000006.036323	000000004.033342	-00000000.050684
000000005.802553	000000003.804321	-00000000.145340
000000005.945850	000000003.898270	-00000000.049637
000000007.162072	000000004.651104	000000000.059620
000000007.739231	000000005.025916	000000000.193299
000000009.122735	000000005.924373	000000000.227854
000000005.877573	000000003.780582	-00000000.146388
000000006.122615	000000003.938198	-00000000.050824
000000006.772268	000000004.314411	000000000.056060
000000009.207815	000000005.866025	000000000.228691
000000005.961074	000000003.761157	-00000000.147644
000000006.215948	000000003.921971	-00000000.051312
000000006.809660	000000004.255148	000000000.056060
000000007.952947	000000004.969553	000000000.196440
000000006.044678	000000003.740561	-00000000.148901
000000006.394493	000000003.957032	-00000000.052499
000000007.622417	000000004.671023	000000000.062412
000000008.891087	000000005.448465	000000000.218429
000000006.188204	000000003.755095	-00000000.151623
000000006.420232	000000003.895892	-00000000.052429
000000007.551460	000000004.537375	000000000.061505
000000008.338408	000000005.010221	000000000.203770
000000006.237922	000000003.711174	-00000000.152042
000000006.643050	000000003.952199	-00000000.053965
000000007.676929	000000004.522057	000000000.062203
000000008.829762	000000005.201127	000000000.214660
000000006.399617	000000003.732147	-00000000.155183
000000006.582266	000000003.838664	-00000000.053197
000000007.664138	000000004.424892	000000000.061784
000000008.026296	000000004.633984	000000000.194136
000000009.628090	000000005.558781	000000000.232880
000000006.553463	000000003.745613	-00000000.158115
000000006.771786	000000003.870394	-00000000.054454
000000007.954857	000000004.500642	000000000.063809
000000010.050404	000000005.686245	000000000.241885
000000006.655684	000000003.727362	-00000000.159791
000000006.761679	000000003.786722	-00000000.054105
000000008.055051	000000004.464988	000000000.064297
000000010.326994	000000005.724346	000000000.247330
000000006.784377	000000003.722036	-00000000.162094
000000007.180217	000000003.939202	-00000000.057177
000000007.707039	000000004.184581	000000000.061226
000000010.323836	000000005.605386	000000000.246073
000000006.746143	000000003.624833	-00000000.160419
000000006.932441	000000003.724935	-00000000.054943
000000008.087603	000000004.300255	000000000.063948
000000008.121336	000000004.318191	000000000.192670
000000010.593047	000000005.632423	000000000.251309
000000006.981021	000000003.672893	-00000000.165236
000000007.389467	000000003.887787	-00000000.058294
000000008.107081	000000004.220280	000000000.063809
000000009.790452	000000005.096587	000000000.231204
000000007.075025	000000003.643877	-00000000.166702
000000007.654251	000000003.942198	-00000000.060109
000000008.384167	000000004.271946	000000000.065694
000000009.959269	000000005.074501	000000000.234136
000000007.320821	000000003.689998	-00000000.171728
000000007.697291	000000003.879754	-00000000.060178
000000008.653805	000000004.314628	000000000.067509
000000010.656330	000000005.313050	000000000.249424
000000007.460344	000000003.679035	-00000000.174241
000000007.883319	000000003.887623	-00000000.061365
000000009.221402	000000004.497579	000000000.071628
000000009.704847	000000004.733370	000000000.226178
000000030.579252	000000014.914498	000000000.712671
000000007.843361	000000003.783188	-00000000.182408
000000008.394302	000000004.048931	-00000000.065065
000000009.233222	000000004.404021	000000000.071418
000000010.449645	000000004.984225	000000000.242513
000000007.812779	000000003.684746	-00000000.180943
000000008.248430	000000003.890212	-00000000.063669
000000008.981291	000000004.188045	000000000.069184
000000010.601476	000000004.943549	000000000.245026
000000008.253211	000000003.804782	-00000000.190367
000000008.708881	000000004.014849	-00000000.066950
000000009.072093	000000004.134391	000000000.069603
000000028.784861	000000013.118016	000000000.662618
000000030.567991	000000013.930636	000000000.703665
000000008.286099	000000003.732616	-00000000.190367
000000008.889463	000000004.004411	-00000000.068067
000000010.697356	000000004.762770	000000000.081751
000000011.115410	000000004.948899	000000000.254869
000000012.905566	000000005.745928	000000000.295916
000000021.728481	000000009.674143	000000000.498220
000000008.400717	000000003.696404	-00000000.192251
000000008.933223	000000003.930712	-00000000.068137
000000010.729342	000000004.665250	000000000.081681
000000012.056695	000000005.242400	000000000.275393
000000030.650595	000000013.327258	000000000.700105
000000008.634743	000000003.709778	-00000000.196859
000000009.114186	000000003.915764	-00000000.069254
000000010.953740	000000004.649587	000000000.083077
000000012.138796	000000005.152613	000000000.276231
000000029.753397	000000012.629567	000000000.677068
000000008.740547	000000003.665216	-00000000.198534
000000009.811979	000000004.114504	-00000000.074281
000000010.846081	000000004.492594	000000000.081960
000000011.324279	000000004.690670	000000000.256754
000000025.345695	000000010.498530	000000000.574660
000000009.142335	000000003.740228	-00000000.206911
000000010.041870	000000004.108238	-00000000.075747
000000011.023948	000000004.453964	000000000.083007
000000011.383321	000000004.599160	000000000.257173
000000009.601785	000000003.830724	-00000000.216545
000000009.993748	000000003.987101	-00000000.075118
000000010.811189	000000004.258640	000000000.081122
000000011.376511	000000004.481327	000000000.256126
000000009.578939	000000003.725046	-00000000.215288
000000010.149319	000000003.946854	-00000000.076026
000000010.931960	000000004.196386	000000000.081751
000000030.148033	000000011.572746	000000000.676440
000000009.957006	000000003.772372	-00000000.223037
000000010.174024	000000003.854593	-00000000.075956
000000011.221059	000000004.195382	000000000.083635
000000030.210417	000000011.295212	000000000.675602
000000009.567452	000000003.529620	-00000000.213613
000000010.216655	000000003.769123	-00000000.076026
000000011.229053	000000004.087041	000000000.083426
000000014.940748	000000005.437988	000000000.111002
000000021.326345	000000007.762155	000000000.475393
000000030.242069	000000011.007214	000000000.674136
000000010.209520	000000003.665592	-00000000.227225
000000010.371508	000000003.723752	-00000000.076933
000000011.226586	000000003.975543	000000000.083147
000000030.610281	000000010.839669	000000000.680210
000000010.005149	000000003.493954	-00000000.221990
000000010.932284	000000003.817725	-00000000.080843
000000011.412130	000000003.929512	000000000.084264
000000014.645725	000000005.042928	000000000.108140
000000015.030448	000000005.175398	000000000.332984
000000023.415359	000000008.062554	000000000.518744
000000010.376078	000000003.522204	-00000000.229529
000000011.192441	000000003.799322	-00000000.082518
000000011.540817	000000003.861504	000000000.084962
000000014.670210	000000004.908584	000000000.108000
000000023.162466	000000007.750053	000000000.511623
000000009.979149	000000003.290630	-00000000.220105
000000011.358125	000000003.745348	-00000000.083496
000000011.669180	000000003.791546	000000000.085660
000000014.769547	000000004.798917	000000000.108419
000000023.404932	000000007.604723	000000000.171809
000000023.238724	000000007.550719	000000000.511833
000000010.483579	000000003.355820	-00000000.230576
000000011.590375	000000003.710108	-00000000.084962
000000014.553367	000000004.588659	000000000.106534
000000023.041241	000000007.264875	000000000.168667
000000023.065353	000000007.272478	000000000.506597
000000010.035058	000000003.115968	-00000000.220105
000000011.689159	000000003.629580	-00000000.085451
000000013.292312	000000004.063868	000000000.097040
000000014.764985	000000004.514109	000000000.107791
000000016.524544	000000005.052060	000000000.120636
000000023.156620	000000007.079690	000000000.507225
000000010.492681	000000003.157938	-00000000.229529
000000013.329068	000000004.011594	-00000000.097179
000000013.413561	000000003.973278	000000000.097668
000000016.539238	000000004.899145	000000000.120427
000000023.385042	000000006.926965	000000000.170273
000000023.457172	000000006.948331	000000000.512461
000000010.087912	000000002.940358	-00000000.220105
000000012.480344	000000003.637689	-00000000.090756
000000014.966479	000000004.291569	000000000.108698
000000017.898258	000000005.132243	000000000.129991
000000023.598398	000000006.766732	000000000.171390
000000023.632240	000000006.776436	000000000.514974
000000010.565440	000000002.979762	-00000000.229948
000000013.474045	000000003.800074	-00000000.097738
000000014.646826	000000004.061924	000000000.106115
000000016.516222	000000004.580354	000000000.119659
000000017.923090	000000004.970513	000000000.129851
000000012.505179	000000003.467993	000000000.271833
000000050.926334	000000014.123122	000000001.107016
000000010.128045	000000002.761222	-00000000.219895
000000013.120789	000000003.577137	-00000000.094945
000000012.469798	000000003.341272	000000000.090128
000000015.570346	000000004.172061	000000000.112538
000000030.078197	000000008.059428	000000000.217396
000000051.250443	000000013.732514	000000001.111414
000000010.403132	000000002.738916	-00000000.225340
000000014.418303	000000003.796022	-00000000.104091
000000015.325403	000000003.963419	000000000.110513
000000030.399096	000000007.861741	000000000.219212
000000019.136082	000000004.948927	000000000.414032
000000010.058411	000000002.554511	-00000000.217382
000000013.685206	000000003.475600	-00000000.098575
000000015.514650	000000003.868237	000000000.111630
000000023.975422	000000005.977744	000000000.172507
000000030.350111	000000007.567132	000000000.218374
000000050.987560	000000012.712626	000000001.100734
000000010.439637	000000002.554563	-00000000.225131
000000014.997156	000000003.669781	-00000000.107791
000000018.299555	000000004.393334	000000000.131387
000000030.337202	000000007.283318	000000000.217815
000000050.941010	000000012.229855	000000001.097383
000000010.101460	000000002.378578	-00000000.217382
000000014.872872	000000003.502097	-00000000.106674
000000016.622347	000000003.837571	000000000.119100
000000018.658731	000000004.307708	000000000.133691
000000020.412556	000000004.712610	000000000.146257
000000046.983562	000000010.847010	000000001.010053
000000050.032673	000000011.550952	000000001.075603
000000010.502133	000000002.376390	-00000000.225550
000000015.039412	000000003.403072	-00000000.107651
000000017.633759	000000003.990112	-00000000.126221
000000019.369242	000000004.294057	000000000.138508
000000030.947830	000000006.860969	000000000.221306
000000031.429838	000000006.967827	000000000.674346
000000049.750896	000000011.029508	000000001.067435
000000010.102354	000000002.193436	-00000000.216545
000000015.869846	000000003.445681	-00000000.113376
000000018.603914	000000003.954384	000000000.132784
000000020.618849	000000004.382672	000000000.147165
000000049.679001	000000010.559597	000000001.063875
000000010.395183	000000002.162201	-00000000.222409
000000012.411574	000000002.581611	-00000000.265550
000000017.446165	000000003.628808	-00000000.124406
000000020.597515	000000004.190612	000000000.146746
000000020.887413	000000004.249592	000000000.446492
000000010.109679	000000002.010940	-00000000.215916
000000016.319868	000000003.246224	-00000000.116168
000000018.732542	000000003.726135	-00000000.133342
000000020.780540	000000004.039328	000000000.147793
000000024.461554	000000004.754844	000000000.173973
000000010.559026	000000002.004694	-00000000.225131
000000017.143343	000000003.254765	-00000000.121823
000000019.510990	000000003.704277	-00000000.138648
000000023.813852	000000004.413637	000000000.169086
000000024.752930	000000004.587684	000000000.527330
000000010.221941	000000001.848428	-00000000.217592
000000015.980432	000000002.889733	-00000000.113376
000000018.784880	000000003.396860	-00000000.133272
000000020.762753	000000003.754517	-00000000.147305
000000024.215832	000000004.269905	000000000.171669
000000024.762482	000000004.366294	000000000.526702
000000010.503723	000000001.804870	-00000000.223246
000000017.276377	000000002.968625	-00000000.122382
000000019.671219	000000003.380134	-00000000.139346
000000021.730980	000000003.734066	-00000000.153937
000000024.183134	000000004.046869	000000000.171181
000000028.828424	000000004.824224	000000000.204062
000000010.163834	000000001.655285	-00000000.215707
000000016.028431	000000002.610396	-00000000.113376
000000022.897758	000000003.729137	-00000000.161965
000000024.582964	000000003.893559	000000000.173764
000000028.691647	000000004.544311	000000000.202806
000000028.834175	000000004.566885	000000000.611519
000000010.573149	000000001.627363	-00000000.224084
000000016.841270	000000002.592119	-00000000.118961
000000024.056133	000000003.702593	-00000000.169924
000000024.487436	000000003.659672	000000000.172856
000000028.838999	000000004.310018	000000000.203574
000000028.912481	000000004.320999	000000000.612356
000000050.053001	000000007.480471	000000001.060105
000000010.151597	000000001.471911	-00000000.214869
000000016.635633	000000002.412052	-00000000.117355
000000023.939085	000000003.471002	-00000000.168877
000000029.083466	000000004.087414	000000000.205040
000000033.480148	000000004.705328	000000000.236036
000000033.572624	000000004.718325	000000000.710157
000000010.599939	000000001.442588	-00000000.224084
000000017.518082	000000002.384106	-00000000.123429
000000032.320312	000000004.255050	000000000.227589
000000010.185657	000000001.295779	-00000000.215079
000000016.030409	000000002.039326	-00000000.112817
000000033.586945	000000004.123958	000000000.236246
000000037.222240	000000004.570316	000000000.785550
000000010.702929	000000001.266775	-00000000.225759
000000017.497440	000000002.070959	-00000000.123010
000000033.969391	000000003.870323	000000000.238689
000000037.893906	000000004.317465	000000000.266265
000000041.440872	000000004.721591	000000000.291188
000000041.601665	000000004.739911	000000000.877069
000000010.236535	000000001.121083	-00000000.215707
000000016.302126	000000001.785373	-00000000.114493
000000042.107033	000000004.425627	000000000.295587
000000042.884323	000000004.507324	000000000.903247
000000071.589874	000000007.524399	000000001.507854
000000010.464774	000000001.053747	-00000000.220314
000000017.660261	000000001.778295	-00000000.123917
000000045.718472	000000004.402188	000000000.962095
000000010.254541	000000000.942260	-00000000.215707
000000016.529959	000000001.518890	-00000000.115889
000000075.365517	000000006.593628	000000001.584713
000000010.192629	000000000.846942	-00000000.214241
000000011.786784	000000000.979406	-00000000.247749
000000017.339817	000000001.440828	-00000000.121474
000000061.996777	000000004.879252	000000000.434165
000000061.974724	000000004.877517	000000001.302200
000000010.229543	000000000.760186	-00000000.214869
000000016.534004	000000001.228689	-00000000.115749
000000061.608051	000000004.308055	000000000.431163
000000066.755356	000000004.667989	000000000.467186
000000066.762291	000000004.668474	000000001.401886
000000010.255740	000000000.672197	-00000000.215288
000000017.282495	000000001.132755	-00000000.120915
000000010.201325	000000000.579273	-00000000.214032
000000016.722652	000000000.949581	-00000000.116936
000000089.467567	000000004.688797	000000001.876650
000000010.215978	000000000.490709	-00000000.214241
000000010.209882	000000000.401147	-00000000.214032
000000010.113061	000000000.308982	-00000000.211937
000000010.255309	000000000.223772	-00000000.214869
000000010.267651	000000000.044801	-00000000.215079
000000010.237657	-00000000.044670	-00000000.214450
000000010.256871	-00000000.134270	-00000000.214869
000000010.285295	-00000000.224426	-00000000.215497
000000106.420174	-00000002.786710	000000002.229949
000000010.252966	-00000000.313256	-00000000.214869
000000073.179329	-00000002.555479	000000001.533823
000000011.618485	-00000000.456492	-00000000.243560
000000061.449959	-00000002.682963	000000000.429417
000000061.467945	-00000002.683748	000000001.288797
000000010.285882	-00000000.494066	-00000000.215707
000000044.557762	-00000002.335173	000000000.311504
000000076.717857	-00000004.020613	000000001.609215
000000010.281179	-00000000.583808	-00000000.215707
000000011.638694	-00000000.660893	-00000000.244189
000000036.930088	-00000002.258741	000000000.258307
000000051.372711	-00000003.142090	000000001.078116
000000010.235787	-00000000.670889	-00000000.214869
000000015.965354	-00000001.046425	-00000000.111700
000000016.933252	-00000001.109864	-00000000.118472
000000034.016102	-00000002.378638	000000000.238061
000000055.492290	-00000003.880399	000000001.165236
000000010.239513	-00000000.760927	-00000000.215079
000000028.740427	-00000002.261921	000000000.201270
000000031.451975	-00000002.475324	000000000.220259
000000055.276909	-00000004.350387	000000001.161467
000000010.222520	-00000000.849426	-00000000.214869
000000026.079483	-00000002.167038	-00000000.182700
000000028.271317	-00000002.473420	000000000.198128
000000032.986732	-00000002.885965	000000000.693613
000000010.891716	-00000001.000808	-00000000.229110
000000017.356457	-00000001.594834	-00000000.121683
000000024.526077	-00000002.253630	-00000000.171948
000000023.719713	-00000002.283949	000000000.166363
000000026.317635	-00000002.534100	000000000.184585
000000028.776203	-00000002.770833	000000000.201828
000000010.206139	-00000001.027704	-00000000.214869
000000016.585722	-00000001.670094	-00000000.116378
000000020.645094	-00000002.078852	-00000000.144861
000000021.590544	-00000002.269258	000000000.151563
000000023.798328	-00000002.501305	000000000.167062
000000028.691257	-00000003.015573	000000000.201409
000000028.715492	-00000003.018120	000000000.604817
000000010.236535	-00000001.121083	-00000000.215707
000000011.866429	-00000001.299585	-00000000.250052
000000018.648043	-00000002.042293	-00000000.130968
000000018.956888	-00000002.159865	000000000.133202
000000021.599726	-00000002.460978	000000000.151773
000000023.527208	-00000002.680587	000000000.165316
000000028.688061	-00000003.268592	000000000.604817
000000010.236291	-00000001.211545	-00000000.215916
000000016.921474	-00000002.002789	-00000000.118961
000000017.795919	-00000002.185064	000000000.125174
000000031.893436	-00000003.916022	000000000.673089
000000010.671633	-00000001.357603	-00000000.225340
000000016.734716	-00000002.128925	-00000000.117774
000000017.399433	-00000002.290679	000000000.122521
000000031.491295	-00000004.145908	000000000.665341
000000010.292839	-00000001.400794	-00000000.217592
000000016.517332	-00000002.247910	-00000000.116378
000000017.250050	-00000002.424336	000000000.121614
000000017.959522	-00000002.524046	000000000.379895
000000031.364813	-00000004.408037	000000000.663456
000000010.547370	-00000001.529296	-00000000.223246
000000016.229887	-00000002.353222	-00000000.114493
000000016.862309	-00000002.520089	000000000.119030
000000017.501741	-00000002.615653	000000000.370681
000000025.758211	-00000003.849591	000000000.545550
000000031.117502	-00000004.650542	000000000.659058
000000010.148247	-00000001.561965	-00000000.215079
000000013.718123	-00000002.111421	-00000000.096900
000000015.121140	-00000002.394953	000000000.106883
000000016.839676	-00000002.667143	000000000.119030
000000018.090481	-00000002.865251	000000000.383665
000000031.095484	-00000004.925041	000000000.659477
000000010.755900	-00000001.751710	-00000000.228272
000000012.810900	-00000002.086388	-00000000.090617
000000013.304668	-00000002.226438	000000000.094177
000000017.200401	-00000002.878360	000000000.121753
000000017.413984	-00000002.914101	000000000.369843
000000029.246815	-00000004.894238	000000000.621152
000000031.130207	-00000005.209410	000000000.661152
000000010.109588	-00000001.737145	-00000000.214869
000000012.250164	-00000002.104963	-00000000.086777
000000012.693863	-00000002.238271	000000000.089988
000000017.309124	-00000003.052065	000000000.368168
000000031.349401	-00000005.527745	000000000.666807
000000010.448220	-00000001.889346	-00000000.222409
000000011.857402	-00000002.144167	-00000000.084124
000000012.290387	-00000002.277889	000000000.087266
000000012.415786	-00000002.301130	000000000.264503
000000017.340813	-00000003.213930	000000000.369424
000000029.697615	-00000005.504128	000000000.632670
000000010.038442	-00000001.905858	-00000000.214032
000000011.739996	-00000002.228908	-00000000.083426
000000012.083536	-00000002.348802	000000000.085939
000000012.562073	-00000002.441819	000000000.268063
000000017.380804	-00000003.378486	000000000.370890
000000010.403850	-00000002.069454	-00000000.222199
000000011.622023	-00000002.311764	-00000000.082728
000000011.895996	-00000002.420268	000000000.084753
000000012.216981	-00000002.485573	000000000.261152
000000009.974285	-00000002.074654	-00000000.213403
000000011.464343	-00000002.384587	-00000000.081751
000000011.737485	-00000002.494879	000000000.083775
000000012.273060	-00000002.608720	000000000.262827
000000028.105797	-00000005.974072	000000000.601885
000000010.327067	-00000002.242226	-00000000.221361
000000011.276972	-00000002.448471	-00000000.080564
000000011.500486	-00000002.549597	000000000.082239
000000012.318153	-00000002.730869	000000000.264293
000000027.876898	-00000006.180160	000000000.598116
000000009.878051	-00000002.235175	-00000000.212147
000000011.030853	-00000002.496027	-00000000.078958
000000011.438826	-00000002.640861	000000000.081960
000000012.196438	-00000002.815770	000000000.262199
000000073.889763	-00000017.058796	000000001.588482
000000009.994413	-00000002.353372	-00000000.215079
000000010.687444	-00000002.516559	-00000000.076654
000000011.269493	-00000002.705566	000000000.080913
000000011.801982	-00000002.833405	000000000.254241
000000009.691868	-00000002.371585	-00000000.209005
000000010.091998	-00000002.469496	-00000000.072535
000000010.275182	-00000002.561890	000000000.073932
000000011.951422	-00000002.979824	000000000.258011
000000021.186611	-00000005.282415	000000000.457382
000000009.409168	-00000002.389624	-00000000.203351
000000009.701765	-00000002.463934	-00000000.069882
000000010.813946	-00000002.796676	000000000.077981
000000011.818490	-00000003.056469	000000000.255707
000000020.723495	-00000005.359460	000000000.448377
000000009.010891	-00000002.372370	-00000000.195183
000000009.505830	-00000002.502676	-00000000.068626
000000010.093678	-00000002.704593	000000000.072954
000000010.835311	-00000002.903313	000000000.234974
000000020.492451	-00000005.490935	000000000.444398
000000008.854806	-00000002.414097	-00000000.192251
000000009.329267	-00000002.543450	-00000000.067509
000000010.050421	-00000002.787228	000000000.072815
000000011.291272	-00000003.131347	000000000.245445
000000020.231802	-00000005.610775	000000000.439791
000000008.207942	-00000002.314879	-00000000.178639
000000008.777378	-00000002.475477	-00000000.063669
000000010.025716	-00000002.874828	000000000.072815
000000011.936252	-00000003.422665	000000000.260105
000000020.278173	-00000005.814673	000000000.441885
000000007.928273	-00000002.310881	-00000000.172984
000000008.381030	-00000002.442848	-00000000.060946
000000008.063478	-00000002.388511	000000000.058712
000000011.074099	-00000003.280297	000000000.080634
000000011.857999	-00000003.512499	000000000.259058
000000020.159557	-00000005.971533	000000000.440419
000000007.783348	-00000002.342522	-00000000.170262
000000008.033829	-00000002.417908	-00000000.058573
000000008.204895	-00000002.508488	000000000.059899
000000010.193960	-00000003.116606	000000000.074420
000000008.318027	-00000002.543076	000000000.182199
000000012.477040	-00000003.814614	000000000.273299
000000020.259653	-00000006.193998	000000000.443770
000000007.562099	-00000002.348094	-00000000.165864
000000007.811873	-00000002.425651	-00000000.057107
000000007.915658	-00000002.495797	000000000.057944
000000010.519241	-00000003.316704	000000000.077003
000000011.558767	-00000003.644465	000000000.084613
000000009.411121	-00000002.967315	000000000.206702
000000012.138154	-00000003.827145	000000000.266597
000000020.214365	-00000006.373565	000000000.443979
000000007.493711	-00000002.398756	-00000000.164817
000000007.618981	-00000002.438855	-00000000.055850
000000008.682935	-00000002.821256	000000000.063739
000000012.180363	-00000003.957640	000000000.268272
000000020.424213	-00000006.636229	000000000.449843
000000007.187646	-00000002.370130	-00000000.158534
000000007.616402	-00000002.511513	-00000000.055990
000000007.965724	-00000002.665294	000000000.058643
000000011.083472	-00000003.708478	000000000.244817
000000020.612034	-00000006.896690	000000000.455288
000000007.072017	-00000002.400626	-00000000.156440
000000007.414282	-00000002.516810	-00000000.054663
000000006.646834	-00000002.288688	000000000.049078
000000008.840384	-00000003.043988	000000000.065275
000000009.150613	-00000003.150809	000000000.202723
000000011.948734	-00000004.114279	000000000.264712
000000050.110947	-00000017.254581	000000001.110158
000000006.862022	-00000002.396325	-00000000.152251
000000006.910563	-00000002.413277	-00000000.051103
000000006.909394	-00000002.446745	000000000.051173
000000007.718540	-00000002.733279	000000000.171518
000000011.893526	-00000004.211719	000000000.264293
000000006.520919	-00000002.341249	-00000000.145131
000000006.691598	-00000002.402529	-00000000.049637
000000006.681052	-00000002.431704	000000000.049637
000000008.381854	-00000003.050745	000000000.062273
000000006.613985	-00000002.407294	000000000.147435
000000008.474169	-00000003.084345	000000000.188901
000000011.752976	-00000004.277734	000000000.261990
000000006.462720	-00000002.384223	-00000000.144293
000000006.923684	-00000002.554282	-00000000.051522
000000007.127902	-00000002.665013	000000000.053127
000000006.780019	-00000002.534945	000000000.151623
000000006.179888	-00000002.341350	-00000000.138429
000000006.499031	-00000002.462263	-00000000.048520
000000006.712280	-00000002.576603	000000000.050195
000000006.598966	-00000002.533106	000000000.148063
000000008.717729	-00000003.346423	000000000.195602
000000006.056723	-00000002.355330	-00000000.136126
000000006.533216	-00000002.540629	-00000000.048939
000000006.270861	-00000002.470158	000000000.047054
000000007.712974	-00000003.038221	000000000.057875
000000006.883580	-00000002.711514	000000000.154974
000000008.511454	-00000003.352751	000000000.191623
000000011.050937	-00000004.353080	000000000.248796
000000005.961649	-00000002.378457	-00000000.134450
000000006.371479	-00000002.541962	-00000000.047891
000000006.666289	-00000002.693356	000000000.050195
000000006.915275	-00000002.793952	000000000.156230
000000008.630189	-00000003.486823	000000000.194974
000000005.783360	-00000002.366035	-00000000.130890
000000006.404584	-00000002.620185	-00000000.048310
000000006.744156	-00000002.793521	000000000.050963
000000006.419554	-00000002.659066	000000000.145550
000000008.054462	-00000003.336268	000000000.182618
000000010.936335	-00000004.529978	000000000.247958
000000005.771712	-00000002.420280	-00000000.131100
000000006.215483	-00000002.606368	-00000000.047054
000000006.866799	-00000002.914783	000000000.052080
000000006.644587	-00000002.820460	000000000.151204
000000005.630955	-00000002.419249	-00000000.128377
000000005.971997	-00000002.565773	-00000000.045378
000000006.795249	-00000002.954659	000000000.051731
000000006.757250	-00000002.938136	000000000.154346
000000005.573025	-00000002.452189	-00000000.127539
000000005.921921	-00000002.605707	-00000000.045169
000000006.495150	-00000002.891827	000000000.049637
000000006.521284	-00000002.903463	000000000.149529
000000005.405563	-00000002.435029	-00000000.124189
000000005.853370	-00000002.636751	-00000000.044820
000000006.060194	-00000002.761790	000000000.046495
000000006.841408	-00000003.117809	000000000.157487
000000005.384108	-00000002.482108	-00000000.124189
000000005.412402	-00000002.495151	-00000000.041608
000000005.618971	-00000002.620169	000000000.043284
000000005.418532	-00000002.526703	000000000.125236
000000007.638499	-00000003.561891	000000000.176545
000000005.226604	-00000002.465027	-00000000.121047
000000005.453732	-00000002.572147	-00000000.042097
000000005.893738	-00000002.811169	000000000.045588
000000006.785953	-00000003.236733	000000000.157487
000000005.285939	-00000002.549634	-00000000.122932
000000005.611213	-00000002.706528	-00000000.043493
000000006.192540	-00000003.020303	000000000.048101
000000006.272207	-00000003.059160	000000000.146178
000000010.917953	-00000005.325041	000000000.254450
000000005.155887	-00000002.542602	-00000000.120419
000000005.497696	-00000002.711164	-00000000.042795
000000006.273337	-00000003.127771	000000000.048939
000000005.565271	-00000002.774742	000000000.130262
000000007.372642	-00000003.675864	000000000.172566
000000005.053152	-00000002.546999	-00000000.118534
000000005.322025	-00000002.682521	-00000000.041608
000000005.818131	-00000002.964486	000000000.045588
000000005.968434	-00000003.041069	000000000.140314
000000004.932963	-00000002.540643	-00000000.116230
000000005.396203	-00000002.779227	-00000000.042376
000000005.942828	-00000003.093640	000000000.046774
000000005.959405	-00000003.102270	000000000.140733
000000005.105259	-00000002.686007	-00000000.120838
000000005.451391	-00000002.868115	-00000000.043005
000000005.686044	-00000003.023323	000000000.044959
000000005.914451	-00000003.144769	000000000.140314
000000005.072818	-00000002.725724	-00000000.120628
000000005.311642	-00000002.854048	-00000000.042097
000000005.852779	-00000003.177800	000000000.046495
000000005.746203	-00000003.119934	000000000.136963
000000005.066370	-00000002.779505	-00000000.121047
000000005.163795	-00000002.832955	-00000000.041120
000000005.842317	-00000003.238449	000000000.046635
000000005.771224	-00000003.199042	000000000.138220
000000004.335354	-00000002.427915	-00000000.104084
000000004.336199	-00000002.428388	-00000000.034697
000000005.552734	-00000003.141586	000000000.044540
000000005.830104	-00000003.298514	000000000.140314
000000004.357402	-00000002.490461	-00000000.105131
000000004.757614	-00000002.719200	-00000000.038257
000000006.079350	-00000003.509914	000000000.049008
000000006.597666	-00000003.809164	000000000.159581
000000033.291374	-00000019.220783	000000000.805236
000000004.724144	-00000002.755039	-00000000.114555
000000005.010124	-00000002.921818	-00000000.040491
000000005.109336	-00000003.009629	000000000.041399
000000004.238286	-00000002.496541	000000000.103037
000000007.201640	-00000004.242090	000000000.175079
000000007.373929	-00000004.343576	000000000.179267
000000004.579631	-00000002.724594	-00000000.111623
000000004.881310	-00000002.904074	-00000000.039654
000000004.740020	-00000002.848091	000000000.038606
000000004.396304	-00000002.641566	000000000.107435
000000029.514366	-00000017.734020	000000000.721257
000000004.641153	-00000002.816321	-00000000.113717
000000004.889977	-00000002.967311	-00000000.039933
000000004.271623	-00000002.617654	000000000.034976
000000006.343488	-00000003.887295	000000000.051941
000000004.458330	-00000002.732068	000000000.109529
000000007.535686	-00000004.617875	000000000.185131
000000029.358486	-00000017.990904	000000000.721257
000000004.114802	-00000002.546317	-00000000.101361
000000004.217644	-00000002.609957	-00000000.034627
000000004.358861	-00000002.723719	000000000.035884
000000004.578455	-00000002.860936	000000000.113089
000000028.929054	-00000018.076880	000000000.714555
000000004.058603	-00000002.560788	-00000000.100524
000000004.245450	-00000002.678679	-00000000.035046
000000004.385529	-00000002.793890	000000000.036303
000000006.240945	-00000003.975920	000000000.051661
000000004.561747	-00000002.906153	000000000.113298
000000003.884748	-00000002.498754	-00000000.096754
000000004.474219	-00000002.877914	-00000000.037140
000000004.595803	-00000002.984549	000000000.038257
000000004.561368	-00000002.962187	000000000.113927
000000028.407928	-00000018.448324	000000000.709529
000000003.954766	-00000002.592858	-00000000.099058
000000004.089340	-00000002.681088	-00000000.034138
000000004.744695	-00000003.140445	000000000.039723
000000004.243548	-00000002.808743	000000000.106597
000000028.604349	-00000018.932806	000000000.718534
000000003.699228	-00000002.471745	-00000000.093194
000000003.882869	-00000002.594450	-00000000.032602
000000004.070475	-00000002.745570	000000000.034278
000000005.977215	-00000004.031682	000000000.050335
000000010.909868	-00000007.358799	000000000.091873
000000004.724478	-00000003.186700	000000000.119372
000000003.660989	-00000002.492679	-00000000.092775
000000003.851814	-00000002.622607	-00000000.032533
000000004.005156	-00000002.752667	000000000.033929
000000005.579198	-00000003.834477	000000000.047263
000000004.399869	-00000003.023946	000000000.111833
000000028.665062	-00000019.700953	000000000.728587
000000003.803391	-00000002.638506	-00000000.096963
000000003.943809	-00000002.735918	-00000000.033510
000000004.079278	-00000002.856341	000000000.034767
000000005.061249	-00000003.543925	000000000.129424
000000003.478130	-00000002.458099	-00000000.089215
000000003.723795	-00000002.631718	-00000000.031835
000000003.850672	-00000002.746658	000000000.033021
000000003.776667	-00000002.693871	000000000.097173
000000006.169642	-00000004.400763	000000000.158744
000000025.476227	-00000018.172016	000000000.655498
000000003.489003	-00000002.511723	-00000000.090052
000000003.627647	-00000002.611532	-00000000.031206
000000005.064323	-00000003.679446	000000000.043703
000000004.731711	-00000003.437789	000000000.122513
000000025.065937	-00000018.211470	000000000.649006
000000003.563704	-00000002.613015	-00000000.092565
000000003.741812	-00000002.743610	-00000000.032393
000000004.501489	-00000003.330926	000000000.039095
000000004.733678	-00000003.502738	000000000.123351
000000006.284782	-00000004.650494	000000000.163770
000000003.524744	-00000002.632051	-00000000.092147
000000003.869962	-00000002.889837	-00000000.033719
000000004.232665	-00000003.189542	000000000.037001
000000006.181288	-00000004.657935	000000000.054035
000000003.353533	-00000002.527069	000000000.087958
000000004.686962	-00000003.531879	000000000.122932
000000006.156129	-00000004.638976	000000000.161466
000000003.406142	-00000002.590090	-00000000.089634
000000003.653560	-00000002.778232	-00000000.032044
000000003.728670	-00000002.861109	000000000.032812
000000003.513784	-00000002.696222	000000000.092775
000000003.407125	-00000002.638078	-00000000.090262
000000003.471043	-00000002.687568	-00000000.030648
000000003.561722	-00000002.782722	000000000.031555
000000003.608298	-00000002.819111	000000000.095916
000000006.231798	-00000004.868814	000000000.165655
000000003.391825	-00000002.673899	-00000000.090471
000000003.455310	-00000002.723947	-00000000.030718
000000003.576432	-00000002.844823	000000000.031904
000000003.231463	-00000002.570422	000000000.086492
000000003.376159	-00000002.709654	-00000000.090681
000000003.369019	-00000002.703924	-00000000.030159
000000003.349417	-00000002.712305	000000000.030089
000000003.278836	-00000002.655149	000000000.088377
000000006.145876	-00000004.976832	000000000.165655
000000003.182056	-00000002.599849	-00000000.086073
000000003.353038	-00000002.739547	-00000000.030229
000000003.287041	-00000002.709627	000000000.029740
000000005.941364	-00000004.897683	000000000.053756
000000003.317258	-00000002.734537	000000000.090052
000000003.174620	-00000002.640304	-00000000.086492
000000003.198304	-00000002.660001	-00000000.029042
000000003.148366	-00000002.641793	000000000.028693
000000004.810642	-00000004.036608	000000000.043842
000000007.093399	-00000005.952068	000000000.064646
000000004.564623	-00000003.830174	000000000.124817
000000005.950860	-00000004.993364	000000000.162723
000000024.936937	-00000020.924576	000000000.681885
000000002.991215	-00000002.532251	-00000000.082094
000000003.266556	-00000002.765343	-00000000.029880
000000003.094777	-00000002.643189	000000000.028414
000000004.523423	-00000003.863368	000000000.124607
000000005.929866	-00000005.064584	000000000.163351
000000002.885689	-00000002.486469	-00000000.079791
000000003.037762	-00000002.617503	-00000000.027995
000000003.486673	-00000003.030919	000000000.032253
000000006.860143	-00000005.963431	000000000.063460
000000003.433176	-00000002.984414	000000000.095288
000000006.753169	-00000005.870440	000000000.187435
000000002.908982	-00000002.551109	-00000000.081047
000000003.308015	-00000002.901051	-00000000.030718
000000003.415155	-00000003.021474	000000000.031835
000000003.174876	-00000002.808893	000000000.088796
000000002.879150	-00000002.569739	-00000000.080838
000000003.036380	-00000002.710073	-00000000.028414
000000003.433245	-00000003.091308	000000000.032253
000000003.573743	-00000003.217812	000000000.100733
000000006.211328	-00000005.592705	000000000.175079
000000007.556125	-00000006.803566	000000000.212984
000000002.797411	-00000002.540989	-00000000.079162
000000002.820162	-00000002.561655	-00000000.026599
000000003.479864	-00000003.188708	000000000.032952
000000005.418856	-00000004.965467	000000000.051312
000000006.561608	-00000006.012606	000000000.062133
000000003.936198	-00000003.606861	000000000.111833
000000022.201923	-00000020.344315	000000000.630786
000000002.620956	-00000002.422787	-00000000.074764
000000002.753642	-00000002.545441	-00000000.026180
000000002.874150	-00000002.680188	000000000.027436
000000006.596650	-00000006.151475	000000000.062971
000000002.573800	-00000002.400108	000000000.073717
000000003.868013	-00000003.606980	000000000.110785
000000005.542445	-00000005.168414	000000000.158744
000000002.650689	-00000002.493519	-00000000.076230
000000002.578370	-00000002.425489	-00000000.024714
000000002.625791	-00000002.491783	000000000.025272
000000002.813835	-00000002.670230	000000000.081257
000000003.937919	-00000003.736945	000000000.113717
000000005.149028	-00000004.886246	000000000.148691
000000002.578274	-00000002.468160	-00000000.074764
000000002.636564	-00000002.523961	-00000000.025482
000000002.582367	-00000002.493763	000000000.025063
000000004.438219	-00000004.285938	000000000.043074
000000005.941602	-00000005.737739	000000000.057665
000000003.301046	-00000003.187783	000000000.096126
000000005.969211	-00000005.764400	000000000.173822
000000018.526129	-00000017.890474	000000000.539477
000000002.878902	-00000002.804502	-00000000.084189
000000003.051372	-00000002.972515	-00000000.029740
000000005.035480	-00000004.905347	-00000000.049078
000000002.567639	-00000002.523212	000000000.025133
000000004.001237	-00000003.932005	000000000.039165
000000006.511818	-00000006.399146	000000000.063739
000000006.539072	-00000006.425929	000000000.192042
000000018.419218	-00000018.100515	000000000.540943
000000002.847219	-00000002.822480	-00000000.083979
000000002.897486	-00000002.872310	-00000000.028484
000000005.645836	-00000005.596780	-00000000.055501
000000003.500093	-00000003.500093	000000000.034557
000000005.840560	-00000005.840560	000000000.057665
000000004.291197	-00000004.291197	000000000.127120
000000018.253492	-00000018.253492	000000000.540733
000000002.850634	-00000002.875620	-00000000.084817
000000003.034230	-00000003.060824	-00000000.030089
000000003.420354	-00000003.480577	000000000.034069
000000004.738031	-00000004.821455	000000000.047193
000000002.340523	-00000002.381734	000000000.069948
000000002.494690	-00000002.538615	000000000.074555
000000018.303736	-00000018.626017	000000000.547016
000000002.839384	-00000002.914710	-00000000.085236
000000002.874827	-00000002.951092	-00000000.028763
000000002.806351	-00000002.906062	000000000.028204
000000002.528002	-00000002.617823	000000000.076230
000000018.383574	-00000019.036749	000000000.554346
000000002.571864	-00000002.686604	-00000000.077906
000000002.544706	-00000002.658235	-00000000.025691
000000003.118170	-00000003.285866	000000000.031625
000000003.000568	-00000003.161939	000000000.091309
000000018.209867	-00000019.189196	000000000.554136
000000002.616825	-00000002.781767	-00000000.080000
000000002.658445	-00000002.826010	-00000000.027087
000000002.659729	-00000002.852210	000000000.027227
000000002.686484	-00000002.880902	000000000.082513
000000002.551731	-00000002.760447	-00000000.078743
000000002.681198	-00000002.900503	-00000000.027576
000000002.452333	-00000002.676252	000000000.025342
000000002.586943	-00000002.823153	000000000.080209
000000002.453601	-00000002.701204	-00000000.076440
000000002.447356	-00000002.694328	-00000000.025412
000000002.509179	-00000002.786725	000000000.026180
000000002.481930	-00000002.756463	000000000.077696
000000002.543110	-00000002.849314	-00000000.080000
000000002.623510	-00000002.939394	-00000000.027506
000000002.537773	-00000002.868430	000000000.026738
000000002.411408	-00000002.725601	000000000.076230
000000002.577477	-00000002.939049	-00000000.081885
000000002.610946	-00000002.977213	-00000000.027646
000000002.578249	-00000002.965936	000000000.027436
000000002.597424	-00000002.987994	000000000.082932
000000002.525626	-00000002.931134	-00000000.081047
000000002.617503	-00000003.037762	-00000000.027995
000000002.597729	-00000003.041550	000000000.027925
000000002.590729	-00000003.033354	000000000.083560
000000002.564550	-00000003.029368	-00000000.083141
000000002.726577	-00000003.220762	-00000000.029461
000000002.590371	-00000003.087084	000000000.028134
000000005.103609	-00000006.082245	000000000.055431
000000015.670779	-00000018.675707	000000000.170203
000000002.577013	-00000003.071165	000000000.083979
000000005.154027	-00000006.142329	000000000.167958
000000015.642019	-00000018.641432	000000000.509739
000000002.512448	-00000003.047843	000000000.027576
000000004.643258	-00000005.632722	000000000.050963
000000015.551734	-00000018.865763	000000000.170692
000000002.531036	-00000003.070392	000000000.083351
000000005.030275	-00000006.102212	000000000.165655
000000015.516905	-00000018.823511	000000000.510995
000000002.573858	-00000003.178450	000000000.028553
000000015.336164	-00000018.938585	000000000.170133
000000002.573356	-00000003.177830	000000000.085654
000000015.345757	-00000018.950432	000000000.510786
000000002.458873	-00000003.091227	000000000.027576
000000004.450871	-00000005.595512	000000000.049916
000000005.334820	-00000006.706788	000000000.059829
000000002.489512	-00000003.129746	000000000.083770
000000005.315109	-00000006.682008	000000000.178848
000000016.592600	-00000020.859758	000000000.558325
000000002.413334	-00000003.088927	000000000.027367
000000002.388243	-00000003.056811	000000000.081257
000000016.200657	-00000020.735893	000000000.551205
000000002.380199	-00000003.101936	000000000.027297
000000005.034335	-00000006.560873	000000000.057735
000000002.367563	-00000003.085468	000000000.081466
000000015.933879	-00000020.765436	000000000.548273
000000002.413219	-00000003.202451	000000000.027995
000000002.382665	-00000003.161903	000000000.082932
000000005.240659	-00000006.954590	000000000.182408
000000015.336901	-00000020.352755	000000000.533822
000000003.539109	-00000004.782832	000000000.041538
000000015.060546	-00000020.353159	000000000.176766
000000005.209505	-00000007.040242	000000000.183456
000000014.766211	-00000019.955389	000000000.520000
000000001.957277	-00000002.693961	000000000.023248
000000001.956896	-00000002.693436	000000000.069738
000000003.038183	-00000004.181701	000000000.108272
000000014.620890	-00000020.123928	000000000.521047
000000001.887239	-00000002.645811	000000000.022689
000000001.892676	-00000002.653435	000000000.068272
000000002.763540	-00000003.874340	000000000.099686
000000001.835400	-00000002.621223	000000000.022340
000000001.898122	-00000002.710799	000000000.069319
000000001.863431	-00000002.711309	000000000.022968
000000001.880056	-00000002.735499	000000000.069529
000000001.800557	-00000002.669436	000000000.022480
000000001.828160	-00000002.710358	000000000.068482
000000001.755117	-00000002.651692	000000000.022200
000000001.782365	-00000002.692861	000000000.067644
000000001.764588	-00000002.717227	000000000.022619
000000001.758798	-00000002.708312	000000000.067644
000000001.730063	-00000002.715654	000000000.022480
000000001.761956	-00000002.765717	000000000.068691
000000001.700999	-00000002.722168	000000000.022410
000000001.711264	-00000002.738595	000000000.067644
000000001.656280	-00000002.702804	000000000.022131
000000001.687300	-00000002.753424	000000000.067644
000000001.720185	-00000002.862869	000000000.023317
000000001.694104	-00000002.819462	000000000.068901
000000001.639309	-00000002.782994	000000000.022549
000000001.689732	-00000002.868596	000000000.069738
000000011.924536	-00000020.243845	000000000.492147
000000001.639960	-00000002.840494	000000000.022899
000000011.979708	-00000020.749462	000000000.167271
000000002.944354	-00000005.099771	000000000.123351
000000011.887393	-00000020.589567	000000000.498011
