000000002.421208	000000002.809950	-00000000.077696
000000002.441262	000000002.833224	-00000000.026110
000000002.366532	000000002.698513	-00000000.075183
000000002.472486	000000002.819330	-00000000.026180
000000002.383333	000000002.670300	-00000000.074974
000000002.477020	000000002.775266	-00000000.025970
000000002.500656	000000002.753008	-00000000.077906
000000002.514591	000000002.768348	-00000000.026110
000000002.490652	000000002.694373	-00000000.076859
000000002.525077	000000002.731613	-00000000.025970
000000002.568873	000000002.730792	-00000000.078534
000000002.644742	000000002.811443	-00000000.026948
000000002.641001	000000002.758825	-00000000.080000
000000002.655345	000000002.773810	-00000000.026808
000000002.734739	000000002.807288	-00000000.082094
000000002.665494	000000002.736207	-00000000.026668
000000002.801364	000000002.825918	-00000000.083351
000000002.759670	000000002.783859	-00000000.027367
000000002.861419	000000002.836557	-00000000.084398
000000002.826469	000000002.801910	-00000000.027785
000000002.886064	000000002.811479	-00000000.084398
000000002.958255	000000002.881804	-00000000.028833
000000002.896044	000000002.772359	-00000000.083979
000000002.932726	000000002.807475	-00000000.028344
000000002.985666	000000002.808634	-00000000.085864
000000003.073650	000000002.891402	-00000000.029461
000000002.943988	000000002.721394	-00000000.083979
000000003.201568	000000002.959499	-00000000.030438
000000002.967624	000000002.695600	-00000000.083979
000000003.049624	000000002.770084	-00000000.028763
000000003.005952	000000002.682915	-00000000.084398
000000003.118444	000000002.783317	-00000000.029182
000000003.269786	000000002.867525	-00000000.091100
000000003.277942	000000002.874678	-00000000.030438
000000003.264389	000000002.812778	-00000000.090262
000000003.348356	000000002.885128	-00000000.030857
000000003.319333	000000002.810023	-00000000.091100
000000003.388670	000000002.868721	-00000000.030997
000000003.374475	000000002.806521	-00000000.091937
000000003.390510	000000002.819857	-00000000.030787
000000003.406580	000000002.783293	-00000000.092147
000000003.438220	000000002.809143	-00000000.030997
000000003.485319	000000002.797264	-00000000.093613
000000003.571784	000000002.866660	-00000000.031974
000000003.611665	000000002.847208	-00000000.096335
000000003.635929	000000002.866335	-00000000.032323
000000003.731236	000000002.889032	-00000000.098848
000000003.692430	000000002.858985	-00000000.032602
000000003.668765	000000002.789793	-00000000.096545
000000003.693359	000000002.808496	-00000000.032393
000000003.733024	000000002.787581	-00000000.097592
000000003.693690	000000002.758209	-00000000.032184
000000003.805583	000000002.790369	-00000000.098848
000000003.903097	000000002.861869	-00000000.033789
000000003.756763	000000002.704483	-00000000.096963
000000003.911691	000000002.816015	-00000000.033650
000000003.919020	000000002.769690	-00000000.100524
000000003.976947	000000002.810628	-00000000.033999
000000004.161191	000000002.913697	000000000.035465
000000004.496158	000000003.148244	000000000.114974
000000003.967684	000000002.752481	-00000000.101152
000000004.058837	000000002.815715	-00000000.034487
000000004.194700	000000002.882938	000000000.035535
000000004.148571	000000002.824661	-00000000.105131
000000004.058456	000000002.763305	-00000000.034278
000000004.252859	000000002.868590	000000000.035814
000000004.459244	000000003.007798	000000000.112670
000000004.173062	000000002.788351	-00000000.105131
000000004.207134	000000002.811117	-00000000.035325
000000004.277730	000000002.831368	000000000.035814
000000004.426962	000000002.930143	000000000.111204
000000004.230680	000000002.773755	-00000000.105969
000000004.248230	000000002.785262	-00000000.035465
000000004.369367	000000002.837500	000000000.036372
000000004.594907	000000002.983967	000000000.114764
000000004.321992	000000002.779999	-00000000.107644
000000004.364886	000000002.807589	-00000000.036233
000000004.410830	000000002.810009	000000000.036512
000000004.570179	000000002.911525	000000000.113508
000000004.388365	000000002.768852	-00000000.108691
000000004.397677	000000002.774728	-00000000.036303
000000004.630230	000000002.893289	000000000.038118
000000004.773464	000000002.982791	000000000.117906
000000004.565390	000000002.825149	-00000000.112461
000000004.540771	000000002.809914	-00000000.037280
000000004.655302	000000002.852773	000000000.038118
000000004.995376	000000003.061170	000000000.122723
000000004.572775	000000002.774828	-00000000.112042
000000004.684803	000000002.842808	-00000000.038257
000000004.748591	000000002.853241	000000000.038676
000000005.167585	000000003.104999	000000000.126283
000000004.639777	000000002.760377	-00000000.113089
000000004.657869	000000002.771141	-00000000.037838
000000004.850854	000000002.857371	000000000.039304
000000005.099726	000000003.003968	000000000.123979
000000004.724144	000000002.755039	-00000000.114555
000000004.664598	000000002.720313	-00000000.037699
000000005.005505	000000002.889930	000000000.040352
000000005.073796	000000002.929358	000000000.122723
000000004.826127	000000002.758359	-00000000.116440
000000004.879158	000000002.788669	-00000000.039235
000000005.134974	000000002.905228	000000000.041189
000000005.447232	000000003.081896	000000000.131100
000000004.893629	000000002.740564	-00000000.117487
000000004.955657	000000002.775301	-00000000.039654
000000005.553699	000000003.078466	000000000.044331
000000005.727503	000000003.174807	000000000.137173
000000005.048839	000000002.769888	-00000000.120628
000000005.356670	000000002.938770	-00000000.042656
000000005.483685	000000002.977398	000000000.043563
000000005.790135	000000003.143787	000000000.138011
000000005.328220	000000002.862956	-00000000.126702
000000005.329259	000000002.863514	-00000000.042237
000000005.527117	000000002.938820	000000000.043703
000000005.914451	000000003.144769	000000000.140314
000000005.565351	000000002.928073	-00000000.131728
000000005.531038	000000002.910020	-00000000.043633
000000005.596902	000000002.913563	000000000.044052
000000005.968274	000000003.106887	000000000.140942
000000005.652909	000000002.911439	-00000000.133194
000000005.547331	000000002.857064	-00000000.043563
000000005.711213	000000002.910008	000000000.044750
000000006.048607	000000003.081919	000000000.142199
000000005.660245	000000002.852998	-00000000.132775
000000005.661349	000000002.853555	-00000000.044261
000000005.727440	000000002.855597	000000000.044680
000000006.030535	000000003.006714	000000000.141152
000000005.693893	000000002.807917	-00000000.132984
000000005.739846	000000002.830579	-00000000.044680
000000005.797080	000000002.827425	000000000.045029
000000006.110459	000000002.980270	000000000.142408
000000005.709175	000000002.753779	-00000000.132775
000000005.818369	000000002.806448	-00000000.045099
000000005.839584	000000002.785339	000000000.045169
000000006.190377	000000002.952658	000000000.143665
000000006.203202	000000002.925620	-00000000.143665
000000005.969258	000000002.815285	-00000000.046076
000000005.908983	000000002.755404	000000000.045518
000000006.170602	000000002.877399	000000000.142618
000000006.164940	000000002.842076	-00000000.142199
000000006.002680	000000002.767273	-00000000.046146
000000006.142089	000000002.799111	000000000.047124
000000006.841408	000000003.117809	000000000.157487
000000006.362703	000000002.866189	-00000000.146178
000000006.345709	000000002.858534	-00000000.048590
000000006.422068	000000002.859289	000000000.049078
000000007.142359	000000003.179983	000000000.163770
000000006.515588	000000002.866927	-00000000.149110
000000006.397871	000000002.815131	-00000000.048799
000000006.446775	000000002.803138	000000000.049078
000000006.949791	000000003.021855	000000000.158744
000000006.779192	000000002.912571	-00000000.154555
000000006.541634	000000002.810508	-00000000.049707
000000006.655088	000000002.824917	000000000.050475
000000006.856257	000000002.910308	000000000.156021
000000006.841230	000000002.868766	-00000000.155393
000000006.722681	000000002.819054	-00000000.050893
000000006.882735	000000002.850922	000000000.052010
000000007.204680	000000002.984276	000000000.163351
000000006.717951	000000002.748386	-00000000.152042
000000007.117233	000000002.911737	-00000000.053686
000000007.352389	000000002.970558	000000000.055361
000000007.777367	000000003.142260	000000000.175707
000000007.010974	000000002.797095	-00000000.158115
000000007.337417	000000002.927332	-00000000.055152
000000007.433855	000000002.928273	000000000.055780
000000007.925419	000000003.121906	000000000.178429
000000007.286703	000000002.833644	-00000000.163770
000000007.483840	000000002.910306	-00000000.056060
000000007.561818	000000002.902710	000000000.056548
000000008.111034	000000003.113534	000000000.181990
000000007.404646	000000002.805370	-00000000.165864
000000007.546357	000000002.859059	-00000000.056339
000000007.652425	000000002.861125	000000000.057037
000000008.343919	000000003.119663	000000000.186597
000000007.410086	000000002.733725	-00000000.165445
000000007.627310	000000002.813863	-00000000.056758
000000008.118747	000000002.954982	000000000.060318
000000008.774804	000000003.193768	000000000.195602
000000007.452479	000000002.675714	-00000000.165864
000000007.764513	000000002.787745	-00000000.057595
000000008.191355	000000002.900711	000000000.060667
000000009.047374	000000003.203843	000000000.201047
000000007.475545	000000002.610577	-00000000.165864
000000008.468272	000000002.957253	-00000000.062622
000000008.481095	000000002.920275	000000000.062622
000000009.386941	000000003.232183	000000000.207958
000000007.621116	000000002.587020	-00000000.168586
000000008.758890	000000002.973243	-00000000.064577
000000008.904542	000000002.979418	000000000.065554
000000009.822478	000000003.286555	000000000.216963
000000007.557947	000000002.492237	-00000000.166702
000000009.107393	000000003.003168	-00000000.066950
000000009.206003	000000002.991212	000000000.067579
000000009.632090	000000003.129656	000000000.212147
000000007.712715	000000002.468859	-00000000.169634
000000009.266584	000000002.966257	-00000000.067928
000000009.403419	000000002.964887	000000000.068835
000000010.192998	000000003.213840	000000000.223874
000000007.638484	000000002.371812	-00000000.167539
000000009.549967	000000002.965343	-00000000.069813
000000009.553251	000000002.920722	000000000.069743
000000010.297144	000000003.148153	000000000.225550
000000007.802495	000000002.348284	-00000000.170681
000000009.776566	000000002.942412	-00000000.071279
000000009.837251	000000002.913927	000000000.071628
000000010.611806	000000003.143360	000000000.231833
000000007.717108	000000002.249332	-00000000.168377
000000010.041877	000000002.926940	-00000000.073024
000000010.198738	000000002.924441	000000000.074071
000000009.966098	000000002.857733	000000000.217173
000000011.638326	000000003.337236	000000000.253613
000000007.967381	000000002.247034	-00000000.173403
000000010.480883	000000002.955914	-00000000.076026
000000010.628585	000000002.947567	000000000.077003
000000010.722855	000000002.973711	000000000.233089
000000012.678596	000000003.516086	000000000.275602
000000007.822709	000000002.132715	-00000000.169843
000000010.776412	000000002.937987	-00000000.077981
000000010.711857	000000002.870233	000000000.077422
000000010.796682	000000002.892962	000000000.234136
000000012.699139	000000003.402724	000000000.275393
000000008.005384	000000002.107642	-00000000.173403
000000010.956364	000000002.884570	-00000000.079098
000000010.959164	000000002.834233	000000000.079028
000000013.192959	000000003.411931	000000000.285445
000000007.907189	000000002.008170	-00000000.170890
000000011.320341	000000002.875000	-00000000.081541
000000012.390375	000000003.089267	000000000.089151
000000013.619965	000000003.395838	000000000.294032
000000015.860856	000000003.954556	000000000.342409
000000008.128350	000000001.988995	-00000000.175288
000000011.811232	000000002.890190	-00000000.084892
000000012.747458	000000003.060394	000000000.091524
000000014.339311	000000003.442564	000000000.308901
000000007.979959	000000001.879031	-00000000.171728
000000011.836003	000000002.787009	-00000000.084892
000000013.738283	000000003.171733	000000000.098436
000000014.622087	000000003.375775	000000000.314346
000000008.200830	000000001.855658	-00000000.176126
000000013.283838	000000003.005826	-00000000.095085
000000013.921642	000000003.086354	000000000.099553
000000015.295203	000000003.390865	000000000.328168
000000016.886215	000000003.743584	000000000.362304
000000019.589964	000000004.342990	000000000.420314
000000008.031078	000000001.743718	-00000000.172147
000000012.234635	000000002.656400	-00000000.087405
000000013.987170	000000002.973065	000000000.099832
000000015.285094	000000003.248947	000000000.327330
000000021.025560	000000004.469121	000000000.450262
000000008.378792	000000001.742791	-00000000.179267
000000013.686722	000000002.846842	-00000000.097598
000000014.629920	000000002.976491	000000000.104230
000000015.293269	000000003.111451	000000000.326911
000000021.073557	000000004.287464	000000000.450471
000000008.138733	000000001.618895	-00000000.173822
000000012.396824	000000002.465882	-00000000.088243
000000015.401355	000000002.993720	000000000.109536
000000015.329654	000000002.979783	000000000.327121
000000008.407931	000000001.596296	-00000000.179267
000000015.433920	000000002.930221	-00000000.109676
000000016.105322	000000002.984945	000000000.114353
000000017.213018	000000003.190244	000000000.366702
000000021.695677	000000004.021056	000000000.462199
000000008.264129	000000001.494398	-00000000.175916
000000012.634775	000000002.284739	-00000000.089639
000000016.829954	000000002.967575	000000000.119310
000000021.409199	000000003.775019	000000000.151773
000000017.072821	000000003.010399	000000000.363142
000000021.769325	000000003.838519	000000000.463037
000000008.503484	000000001.461166	-00000000.180733
000000015.640393	000000002.687511	-00000000.110793
000000017.020140	000000002.924595	-00000000.120566
000000017.703396	000000002.962533	000000000.125314
000000021.470915	000000003.592999	000000000.151982
000000017.206909	000000002.879449	000000000.365445
000000022.078091	000000003.694605	000000000.468901
000000008.318555	000000001.354763	-00000000.176545
000000012.810900	000000002.086388	-00000000.090617
000000017.035143	000000002.774349	-00000000.120497
000000019.911312	000000003.153642	000000000.140742
000000021.550835	000000003.413317	000000000.152331
000000022.859970	000000003.620664	000000000.484817
000000008.527689	000000001.312537	-00000000.180733
000000019.934767	000000003.068254	-00000000.140812
000000021.352333	000000003.191128	000000000.150725
000000023.256552	000000003.475715	000000000.492566
000000028.012674	000000004.186522	000000000.593299
000000008.331038	000000001.207943	-00000000.176335
000000012.954221	000000001.878273	-00000000.091385
000000020.693106	000000003.000358	-00000000.145978
000000022.270586	000000003.129927	000000000.157009
000000023.087986	000000003.244805	000000000.488377
000000028.097643	000000003.948866	000000000.594346
000000008.608736	000000001.171597	-00000000.181990
000000021.533657	000000002.834960	000000000.151633
000000021.519547	000000002.833102	000000000.454660
000000008.400439	000000001.068671	-00000000.177382
000000013.084226	000000001.664524	-00000000.092083
000000021.259821	000000002.610378	000000000.149539
000000024.862675	000000003.052752	000000000.174881
000000021.295368	000000002.614743	000000000.449424
000000008.697372	000000001.029402	-00000000.183456
000000027.362303	000000003.117541	000000000.192264
000000034.479313	000000003.928422	000000000.726911
000000008.447626	000000000.925165	-00000000.178011
000000013.329970	000000001.459869	-00000000.093619
000000030.272509	000000003.181769	000000000.212510
000000036.441235	000000003.830128	000000000.767540
000000045.032021	000000004.733056	000000000.948482
000000008.763751	000000000.882463	-00000000.184503
000000031.961393	000000003.077532	000000000.224168
000000033.553986	000000003.230881	000000000.235338
000000040.563450	000000003.905816	000000000.853613
000000008.542132	000000000.784912	-00000000.179686
000000013.223967	000000001.215112	-00000000.092711
000000036.091255	000000003.157576	000000000.252931
000000038.432255	000000003.362387	000000000.269337
000000008.807707	000000000.731864	-00000000.185131
000000040.095039	000000003.155548	000000000.280786
000000042.288200	000000003.328154	000000000.296145
000000052.745293	000000004.151145	000000001.108273
000000008.554530	000000000.635711	-00000000.179686
000000013.552299	000000001.007110	-00000000.094875
000000015.736224	000000001.169403	-00000000.110164
000000008.958807	000000000.587191	-00000000.188063
000000074.065315	000000004.530029	000000001.554346
000000008.564322	000000000.486317	-00000000.179686
000000013.737535	000000000.780074	-00000000.096062
000000008.887800	000000000.426912	-00000000.186388
000000008.671406	000000000.340700	-00000000.181780
000000013.749057	000000000.540202	-00000000.096062
000000008.873912	000000000.271123	-00000000.185969
000000008.716013	000000000.190184	-00000000.182618
000000014.156285	000000000.308891	-00000000.098855
000000008.997255	000000000.117781	-00000000.188482
000000008.837977	000000000.038563	-00000000.185131
000000013.809532	000000000.060256	-00000000.096411
000000015.449476	000000000.067411	-00000000.107860
000000009.167902	-00000000.040003	-00000000.192042
000000008.837304	-00000000.115687	-00000000.185131
000000013.708491	-00000000.179454	-00000000.095713
000000009.345725	-00000000.203924	-00000000.195812
000000072.379303	-00000001.895319	000000001.516650
000000008.973843	-00000000.274176	-00000000.188063
000000013.983134	-00000000.427223	-00000000.097668
000000015.322476	-00000000.468144	-00000000.107023
000000042.483067	-00000001.483541	000000000.296773
000000045.341255	-00000001.583351	000000000.316740
000000009.400682	-00000000.369354	-00000000.197068
000000043.687313	-00000001.907429	000000000.305291
000000055.165333	-00000002.408570	000000001.156650
000000092.501564	-00000004.038705	000000001.939478
000000009.047582	-00000000.434587	-00000000.189738
000000015.042291	-00000000.722533	-00000000.105138
000000032.874081	-00000001.722858	000000000.229823
000000035.889870	-00000001.880908	000000000.250906
000000037.697346	-00000001.975634	000000000.263543
000000042.871746	-00000002.246813	000000000.899267
000000054.692928	-00000002.866335	000000001.147226
000000009.542532	-00000000.541864	-00000000.200210
000000029.603956	-00000001.810656	000000000.207064
000000034.245171	-00000002.094524	000000000.239527
000000036.304180	-00000002.220459	000000000.761885
000000038.339928	-00000002.344970	000000000.804608
000000009.038619	-00000000.592422	-00000000.189738
000000013.879879	-00000000.909735	-00000000.097109
000000015.097238	-00000000.989525	-00000000.105626
000000025.883831	-00000001.696516	-00000000.181094
000000029.138134	-00000002.037537	000000000.203923
000000034.205639	-00000002.391891	000000000.239387
000000034.258808	-00000002.395609	000000000.719372
000000009.611383	-00000000.714249	-00000000.201885
000000023.604336	-00000001.754105	-00000000.165246
000000024.792730	-00000001.951230	000000000.173624
000000029.946669	-00000002.356854	000000000.209717
000000036.865105	-00000002.901347	000000000.258167
000000033.249870	-00000002.616822	000000000.698639
000000009.156428	-00000000.760840	-00000000.192461
000000014.928187	-00000001.240437	-00000000.104579
000000020.429094	-00000001.697527	-00000000.143116
000000020.511148	-00000001.794493	000000000.143744
000000024.854452	-00000002.174483	000000000.174182
000000033.162514	-00000002.901344	000000000.232406
000000033.066410	-00000002.892936	000000000.695288
000000009.597454	-00000000.881882	-00000000.201885
000000014.717638	-00000001.352361	-00000000.103183
000000019.328102	-00000001.776003	-00000000.135506
000000020.594246	-00000001.983000	000000000.144442
000000025.561152	-00000002.461259	000000000.179279
000000025.635782	-00000002.468445	000000000.539477
000000033.069759	-00000003.184256	000000000.695917
000000009.300916	-00000000.936553	-00000000.195812
000000014.556035	-00000001.465716	-00000000.102136
000000017.331930	-00000001.745234	-00000000.121614
000000017.990463	-00000001.890874	000000000.126291
000000019.969513	-00000002.098880	000000000.140184
000000033.199802	-00000003.489440	000000000.699267
000000009.699862	-00000001.062308	-00000000.204398
000000015.198751	-00000001.664534	-00000000.106743
000000016.630157	-00000001.821298	-00000000.116796
000000016.661795	-00000001.898372	000000000.117076
000000018.191856	-00000002.072700	000000000.127827
000000020.506823	-00000002.336457	000000000.144093
000000021.496180	-00000002.449180	000000000.453194
000000033.436295	-00000003.809584	000000000.704922
000000009.312940	-00000001.102259	-00000000.196440
000000013.932410	-00000001.649009	-00000000.097947
000000015.650377	-00000001.852344	-00000000.110025
000000016.078857	-00000001.974235	000000000.113096
000000018.272329	-00000002.243560	000000000.128525
000000020.713934	-00000002.543351	000000000.145699
000000021.612915	-00000002.653732	000000000.456126
000000025.512764	-00000003.132574	000000000.538430
000000009.759188	-00000001.241526	-00000000.206073
000000015.137627	-00000001.925749	-00000000.106534
000000015.555390	-00000002.047906	000000000.109536
000000020.819836	-00000002.740983	000000000.146606
000000020.924812	-00000002.754804	000000000.442095
000000009.460694	-00000001.287544	-00000000.200000
000000014.347388	-00000001.952594	-00000000.101089
000000015.517122	-00000002.180789	000000000.109396
000000021.395000	-00000003.006871	000000000.452566
000000025.097790	-00000003.527264	000000000.530890
000000009.874555	-00000001.431742	-00000000.209005
000000012.476767	-00000001.809045	-00000000.264084
000000013.795403	-00000002.000238	-00000000.097319
000000015.250253	-00000002.279166	000000000.107651
000000021.496489	-00000003.212672	000000000.455288
000000024.967175	-00000003.731369	000000000.528796
000000009.426901	-00000001.450939	-00000000.199791
000000012.966987	-00000001.995810	-00000000.091594
000000014.696445	-00000002.327688	000000000.103881
000000016.671772	-00000002.640549	000000000.117844
000000016.935141	-00000002.682263	000000000.359162
000000009.996080	-00000001.627965	-00000000.212147
000000012.406241	-00000002.020485	-00000000.087754
000000014.103540	-00000002.360123	000000000.099832
000000025.046160	-00000004.191290	000000000.531937
000000009.528237	-00000001.637251	-00000000.202513
000000012.062912	-00000002.072787	-00000000.085451
000000013.304429	-00000002.345930	000000000.094317
000000014.010740	-00000002.470472	000000000.298011
000000022.094240	-00000003.895811	000000000.469948
000000009.621807	-00000001.739906	-00000000.204817
000000011.493316	-00000002.078330	-00000000.081541
000000012.772170	-00000002.367182	000000000.090687
000000015.404225	-00000002.855004	000000000.328168
000000021.862793	-00000004.052029	000000000.465759
000000009.301765	-00000001.765995	-00000000.198325
000000010.767394	-00000002.044254	-00000000.076515
000000012.387833	-00000002.407951	000000000.088104
000000014.743682	-00000002.865881	000000000.104859
000000021.787344	-00000004.235031	000000000.464922
000000009.717450	-00000001.932921	-00000000.207539
000000010.445108	-00000002.077661	-00000000.074350
000000012.787706	-00000002.601688	000000000.091105
000000014.894492	-00000003.030319	000000000.106115
000000022.190426	-00000004.514693	000000000.474346
000000009.416351	-00000001.958604	-00000000.201466
000000010.025181	-00000002.085241	-00000000.071488
000000012.598234	-00000002.677837	000000000.089919
000000012.830482	-00000002.727203	000000000.274765
000000009.213268	-00000002.000397	-00000000.197487
000000009.674352	-00000002.100508	-00000000.069114
000000013.033235	-00000002.889399	000000000.093200
000000012.825716	-00000002.843393	000000000.275183
000000030.727057	-00000006.812025	000000000.659267
000000008.737150	-00000001.977015	-00000000.187644
000000009.285033	-00000002.100988	-00000000.066462
000000010.513197	-00000002.427163	000000000.075328
000000012.783423	-00000002.951286	000000000.091594
000000027.169220	-00000006.272509	000000000.584084
000000008.437347	-00000001.986732	-00000000.181571
000000009.130075	-00000002.149847	-00000000.065484
000000010.394381	-00000002.495470	000000000.074630
000000012.358521	-00000002.967018	000000000.088732
000000014.624087	-00000003.510933	000000000.104998
000000026.899574	-00000006.458016	000000000.579477
000000008.206040	-00000002.008005	-00000000.176963
000000008.780718	-00000002.148628	-00000000.063111
000000012.215726	-00000003.045722	000000000.087894
000000014.903378	-00000003.715830	000000000.107232
000000013.881887	-00000003.461143	000000000.299686
000000026.619076	-00000006.636881	000000000.574660
000000007.994401	-00000002.030319	-00000000.172775
000000008.596869	-00000002.183326	-00000000.061924
000000008.926104	-00000002.308447	000000000.064367
000000012.343581	-00000003.192267	000000000.089011
000000013.880193	-00000003.589662	000000000.300314
000000017.868086	-00000004.621001	000000000.386597
000000007.812017	-00000002.056733	-00000000.169215
000000008.558148	-00000002.253172	-00000000.061784
000000008.760734	-00000002.347431	000000000.063320
000000013.039680	-00000003.493972	000000000.094247
000000014.362967	-00000003.848545	000000000.103811
000000013.693825	-00000003.669249	000000000.296964
000000017.720852	-00000004.748288	000000000.384293
000000007.610502	-00000002.074861	-00000000.165236
000000008.161901	-00000002.225190	-00000000.059061
000000009.221719	-00000002.557409	000000000.066811
000000011.707825	-00000003.246867	000000000.084822
000000013.509770	-00000003.746591	000000000.097877
000000013.921406	-00000003.860748	000000000.302618
000000017.726912	-00000004.916108	000000000.385341
000000007.322678	-00000002.065209	-00000000.159372
000000008.084427	-00000002.280044	-00000000.058643
000000008.872229	-00000002.544071	000000000.064437
000000011.188814	-00000003.208341	000000000.081262
000000017.686785	-00000005.071604	000000000.128455
000000013.656533	-00000003.915948	000000000.297592
000000007.131606	-00000002.078674	-00000000.155602
000000008.246628	-00000002.403673	-00000000.059969
000000008.504523	-00000002.519155	000000000.061924
000000013.001279	-00000003.851154	000000000.094666
000000013.756046	-00000004.074727	000000000.300524
000000006.768545	-00000002.037101	-00000000.148063
000000008.014677	-00000002.412144	-00000000.058433
000000008.042327	-00000002.458786	000000000.058712
000000011.857889	-00000003.625321	000000000.086568
000000013.710402	-00000004.191691	000000000.300314
000000006.530904	-00000002.027900	-00000000.143246
000000007.753061	-00000002.407389	-00000000.170052
000000007.210225	-00000002.238834	-00000000.052709
000000008.058712	-00000002.540902	000000000.058992
000000012.550609	-00000003.957192	000000000.091873
000000014.150056	-00000004.461495	000000000.310786
000000006.598655	-00000002.112246	-00000000.145131
000000006.704703	-00000002.146192	-00000000.049148
000000008.378604	-00000002.722373	000000000.061505
000000008.557631	-00000002.780543	000000000.188482
000000006.617951	-00000002.182273	-00000000.145969
000000006.619241	-00000002.182698	-00000000.048659
000000008.193317	-00000002.741446	000000000.060318
000000008.485635	-00000002.839254	000000000.187435
000000006.049556	-00000002.053548	-00000000.133822
000000006.514720	-00000002.211450	-00000000.048031
000000008.074532	-00000002.780284	000000000.059620
000000008.498347	-00000002.926216	000000000.188272
000000013.659747	-00000004.703428	000000000.302618
000000018.849506	-00000006.490406	000000000.417592
000000005.880384	-00000002.053522	-00000000.130471
000000006.164751	-00000002.152828	-00000000.045588
000000008.304469	-00000002.940767	000000000.061505
000000011.980681	-00000004.242582	000000000.088732
000000019.191713	-00000006.796142	000000000.142138
000000013.816093	-00000004.892535	000000000.307016
000000019.159698	-00000006.784805	000000000.425759
000000005.617589	-00000002.016920	-00000000.125026
000000006.023380	-00000002.162614	-00000000.044680
000000008.344267	-00000003.037065	000000000.061994
000000010.853186	-00000003.950237	000000000.080634
000000012.319070	-00000004.483775	000000000.091524
000000018.733362	-00000006.818386	000000000.417592
000000005.477836	-00000002.020880	-00000000.122304
000000005.750973	-00000002.121646	-00000000.042795
000000008.195682	-00000003.064240	000000000.061086
000000010.132570	-00000003.788413	000000000.226597
000000016.116592	-00000006.025747	000000000.360419
000000018.935358	-00000007.079640	000000000.423456
000000005.478691	-00000002.075690	-00000000.122723
000000005.741590	-00000002.175294	-00000000.042865
000000005.993440	-00000002.300666	000000000.044820
000000008.140623	-00000003.124892	000000000.060877
000000008.213706	-00000003.152946	000000000.184293
000000009.987120	-00000003.833696	000000000.224084
000000005.516276	-00000002.145163	-00000000.123979
000000005.601231	-00000002.178200	-00000000.041957
000000006.196430	-00000002.440839	000000000.046495
000000006.316150	-00000002.487998	000000000.142199
000000005.469488	-00000002.182105	-00000000.123351
000000005.712039	-00000002.278873	-00000000.042935
000000006.035820	-00000002.438630	000000000.045448
000000006.303468	-00000002.546766	000000000.142408
000000005.348451	-00000002.188109	-00000000.121047
000000005.645659	-00000002.309700	-00000000.042586
000000006.226796	-00000002.579223	000000000.047054
000000006.308713	-00000002.613155	000000000.143037
000000005.393692	-00000002.261763	-00000000.122513
000000005.680619	-00000002.382082	-00000000.043005
000000006.185642	-00000002.625649	000000000.046914
000000006.248857	-00000002.652483	000000000.142199
000000005.502352	-00000002.363997	-00000000.125445
000000005.723930	-00000002.459194	-00000000.043493
000000005.832360	-00000002.535982	000000000.044401
000000009.344614	-00000004.063154	000000000.071139
000000006.115449	-00000002.659073	000000000.139686
000000009.480322	-00000004.122161	000000000.216545
000000005.088016	-00000002.238780	-00000000.116440
000000005.272066	-00000002.319764	-00000000.040212
000000005.883090	-00000002.619320	000000000.044959
000000006.082878	-00000002.708272	000000000.139477
000000009.507922	-00000004.233200	000000000.218011
000000005.195904	-00000002.340584	-00000000.119372
000000005.525143	-00000002.488896	-00000000.042306
000000005.832709	-00000002.658119	000000000.044750
000000009.326876	-00000004.250502	000000000.071558
000000006.059013	-00000002.761251	000000000.139477
000000009.452424	-00000004.307718	000000000.217592
000000005.148043	-00000002.373280	-00000000.118744
000000005.330670	-00000002.457473	-00000000.040980
000000005.736788	-00000002.675108	000000000.044191
000000005.962197	-00000002.780218	000000000.137801
000000009.341985	-00000004.356239	000000000.215916
000000005.063838	-00000002.388261	-00000000.117278
000000005.435643	-00000002.563616	-00000000.041957
000000005.785430	-00000002.759509	000000000.044750
000000009.503991	-00000004.533171	000000000.073513
000000005.883565	-00000002.806317	000000000.136545
000000009.375805	-00000004.472029	000000000.217592
000000014.690866	-00000007.007184	000000000.340943
000000005.024794	-00000002.423673	-00000000.116859
000000005.395051	-00000002.602264	-00000000.041818
000000007.880918	-00000003.801303	-00000000.061086
000000005.734166	-00000002.796740	000000000.044540
000000009.509009	-00000004.637854	000000000.073862
000000009.543099	-00000004.654480	000000000.222409
000000014.629159	-00000007.135118	000000000.340943
000000005.003452	-00000002.467430	-00000000.116859
000000005.318326	-00000002.622708	-00000000.041399
000000005.637949	-00000002.810978	000000000.043982
000000009.575564	-00000004.774200	000000000.074699
000000009.537908	-00000004.755425	000000000.223246
000000012.445807	-00000006.205250	000000000.291309
000000014.951073	-00000007.454330	000000000.349948
000000004.946018	-00000002.492998	-00000000.116021
000000005.241659	-00000002.642013	-00000000.040980
000000005.577565	-00000002.841911	000000000.043703
000000009.622636	-00000004.902978	000000000.075398
000000012.233221	-00000006.233138	000000000.095853
000000009.629668	-00000004.906561	000000000.226388
000000012.230836	-00000006.231922	000000000.287539
000000015.179422	-00000007.734302	000000000.356859
000000004.728534	-00000002.435355	-00000000.111414
000000004.996154	-00000002.573189	-00000000.039235
000000005.259846	-00000002.738102	000000000.041399
000000012.264669	-00000006.384583	000000000.289634
000000016.281948	-00000008.475845	000000000.384503
000000045.404995	-00000023.636345	000000001.072252
000000004.600926	-00000002.420664	-00000000.108901
000000004.814216	-00000002.532881	-00000000.037978
000000004.785460	-00000002.544474	000000000.037838
000000010.515650	-00000005.591270	000000000.083147
000000005.358316	-00000002.849067	000000000.127120
000000009.074710	-00000004.825109	000000000.215288
000000012.208487	-00000006.491368	000000000.289634
000000004.412295	-00000002.370811	-00000000.104922
000000004.606946	-00000002.475402	-00000000.036512
000000004.683981	-00000002.543194	000000000.037210
000000004.709427	-00000002.557010	000000000.112251
000000012.028367	-00000006.530870	000000000.286702
000000004.461561	-00000002.447696	-00000000.106597
000000004.558868	-00000002.501081	-00000000.036303
000000004.749069	-00000002.632452	000000000.037908
000000005.500151	-00000003.048784	000000000.131728
000000011.761055	-00000006.519259	000000000.281676
000000004.117278	-00000002.305786	-00000000.098848
000000004.746263	-00000002.658035	-00000000.037978
000000005.126270	-00000002.900304	000000000.041120
000000005.525547	-00000003.126204	000000000.132984
000000011.677612	-00000006.606875	000000000.281047
000000004.105680	-00000002.346589	-00000000.099058
000000004.583978	-00000002.619959	-00000000.036861
000000005.438507	-00000003.139924	000000000.043842
000000005.515372	-00000003.184301	000000000.133403
000000011.766705	-00000006.793510	000000000.284607
000000003.955499	-00000002.306779	-00000000.095916
000000004.526388	-00000002.639711	-00000000.036582
000000005.402283	-00000003.182188	000000000.043773
000000010.115279	-00000005.958355	000000000.081960
000000011.588630	-00000006.826224	000000000.093898
000000011.655286	-00000006.865488	000000000.283351
000000003.875073	-00000002.305426	-00000000.094450
000000004.193801	-00000002.495049	-00000000.034069
000000005.091450	-00000003.059252	000000000.041469
000000009.968613	-00000005.989747	000000000.081192
000000011.691478	-00000007.024948	000000000.095224
000000011.732046	-00000007.049325	000000000.286702
000000003.820618	-00000002.318408	-00000000.093613
000000004.035086	-00000002.448550	-00000000.032952
000000005.840443	-00000003.579028	000000000.047822
000000009.847754	-00000006.034711	000000000.080634
000000006.026844	-00000003.693255	000000000.148063
000000011.601888	-00000007.109646	000000000.285026
000000003.681217	-00000002.278007	-00000000.090681
000000004.073088	-00000002.520503	-00000000.033440
000000004.774395	-00000002.983373	000000000.039304
000000010.167849	-00000006.353577	000000000.083705
000000005.926556	-00000003.703323	000000000.146388
000000011.547882	-00000007.215918	000000000.285236
000000014.634100	-00000009.144401	000000000.361466
000000003.745752	-00000002.363394	-00000000.092775
000000003.831054	-00000002.417215	-00000000.031625
000000005.186731	-00000003.304312	000000000.042935
000000009.960211	-00000006.345354	000000000.082449
000000005.792829	-00000003.690439	000000000.143874
000000011.425447	-00000007.278813	000000000.283770
000000014.713954	-00000009.373822	000000000.365445
000000003.800663	-00000002.444668	-00000000.094660
000000003.818224	-00000002.455964	-00000000.031695
000000003.807472	-00000002.472601	000000000.031695
000000005.333815	-00000003.463820	000000000.044401
000000010.072188	-00000006.540956	000000000.083845
000000005.861022	-00000003.806192	000000000.146388
000000011.831046	-00000007.683171	000000000.295498
000000036.516090	-00000023.713827	000000000.912042
000000003.595242	-00000002.357144	-00000000.090052
000000003.687932	-00000002.417914	-00000000.030787
000000003.785749	-00000002.505733	000000000.031695
000000005.661947	-00000003.747561	000000000.047403
000000010.538006	-00000006.974954	000000000.264712
000000035.774193	-00000023.678421	000000000.898639
000000003.508032	-00000002.343992	-00000000.088377
000000003.650063	-00000002.438894	-00000000.030648
000000003.689127	-00000002.488348	000000000.031067
000000006.532657	-00000004.406333	000000000.055012
000000010.976190	-00000007.403533	000000000.092432
000000005.652796	-00000003.812859	000000000.142827
000000010.891165	-00000007.346183	000000000.275183
000000003.520500	-00000002.397023	-00000000.089215
000000003.678235	-00000002.504421	-00000000.031067
000000003.650790	-00000002.509118	000000000.030927
000000005.380364	-00000003.697822	000000000.136754
000000003.548736	-00000002.461846	-00000000.090471
000000003.631591	-00000002.519324	-00000000.030857
000000003.563225	-00000002.494997	000000000.030368
000000005.185106	-00000003.630650	000000000.044191
000000005.331511	-00000003.733164	000000000.136335
000000003.347496	-00000002.365776	-00000000.085864
000000003.584969	-00000002.533606	-00000000.030648
000000003.525034	-00000002.514382	000000000.030229
000000005.079957	-00000003.623498	000000000.043563
000000005.249893	-00000003.744713	000000000.135079
000000003.237470	-00000002.330645	-00000000.083560
000000003.457221	-00000002.488843	-00000000.029740
000000004.085436	-00000002.968243	000000000.035255
000000009.141669	-00000006.641811	000000000.078888
000000004.133170	-00000003.002924	000000000.107016
000000003.152507	-00000002.311514	-00000000.081885
000000003.427306	-00000002.513005	-00000000.029670
000000003.681575	-00000002.724222	000000000.031974
000000003.753188	-00000002.777213	000000000.097801
000000003.188291	-00000002.380810	-00000000.083351
000000003.413258	-00000002.548801	-00000000.029740
000000003.641689	-00000002.744210	000000000.031835
000000003.640979	-00000002.743675	000000000.095497
000000003.175351	-00000002.414593	-00000000.083560
000000003.558042	-00000002.705598	-00000000.031206
000000003.633470	-00000002.788059	000000000.031974
000000003.608966	-00000002.769257	000000000.095288
000000003.027677	-00000002.344278	-00000000.080209
000000003.218028	-00000002.491664	-00000000.028414
000000003.679921	-00000002.875069	000000000.032602
000000003.679203	-00000002.874509	000000000.097801
000000005.113068	-00000003.994766	000000000.135916
000000003.077767	-00000002.426316	-00000000.082094
000000003.337516	-00000002.631085	-00000000.029670
000000003.615561	-00000002.875947	000000000.032253
000000003.653979	-00000002.906506	000000000.097801
000000005.093662	-00000004.051682	000000000.136335
000000003.118854	-00000002.503145	-00000000.083770
000000003.283234	-00000002.635074	-00000000.029391
000000003.380502	-00000002.737477	000000000.030368
000000005.331091	-00000004.317033	000000000.047891
000000005.236815	-00000004.240689	000000000.141152
000000002.996242	-00000002.448033	-00000000.081047
000000003.283345	-00000002.682605	-00000000.029601
000000005.234767	-00000004.276984	-00000000.047193
000000003.433645	-00000002.830479	000000000.031067
000000005.246920	-00000004.325227	000000000.047473
000000005.006745	-00000004.127242	000000000.135916
000000003.289922	-00000002.736199	-00000000.089634
000000003.136798	-00000002.608848	-00000000.028484
000000005.281815	-00000004.392839	-00000000.047961
000000003.715225	-00000003.117444	000000000.033859
000000005.614969	-00000004.711518	000000000.051173
000000007.568335	-00000006.350587	000000000.068975
000000004.832680	-00000004.055100	000000000.132147
000000003.273549	-00000002.771264	-00000000.089843
000000003.648162	-00000003.088398	-00000000.033370
000000005.395922	-00000004.567986	-00000000.049358
000000003.718294	-00000003.175724	000000000.034138
000000005.284693	-00000004.513554	000000000.048520
000000003.945642	-00000003.369896	000000000.108691
000000003.082613	-00000002.656150	-00000000.085236
000000003.636224	-00000003.133171	-00000000.033510
000000005.560391	-00000004.791140	-00000000.051242
000000003.645158	-00000003.168688	000000000.033719
000000003.772720	-00000003.279576	000000000.104712
000000007.439804	-00000006.467323	000000000.206492
000000003.337437	-00000002.926853	-00000000.092984
000000003.556116	-00000003.118630	-00000000.033021
000000003.699751	-00000003.273263	000000000.034487
000000003.489368	-00000003.087132	000000000.097592
000000003.259556	-00000002.909265	-00000000.091518
000000003.551147	-00000003.169520	-00000000.033231
000000003.574440	-00000003.218440	000000000.033580
000000005.239044	-00000004.717256	000000000.049218
000000007.550167	-00000006.798201	000000000.070930
000000003.618321	-00000003.257951	000000000.101990
000000004.836812	-00000004.355085	000000000.136335
000000003.300649	-00000002.998098	-00000000.093403
000000003.738011	-00000003.395370	-00000000.035255
000000005.455275	-00000004.955223	-00000000.051452
000000003.575708	-00000003.276533	000000000.033859
000000005.182933	-00000004.749284	000000000.049078
000000003.538155	-00000003.242122	000000000.100524
000000005.049242	-00000004.626778	000000000.143456
000000003.098161	-00000002.863911	-00000000.088377
000000003.223597	-00000002.979862	-00000000.030648
000000005.397139	-00000004.989064	-00000000.051312
000000005.053531	-00000004.712494	000000000.048241
000000004.789316	-00000004.466110	000000000.137173
000000002.847306	-00000002.678478	-00000000.081885
000000003.124635	-00000002.939363	-00000000.029950
000000005.265994	-00000004.953753	-00000000.050475
000000007.137862	-00000006.714630	-00000000.068416
000000005.215315	-00000004.949149	000000000.050195
000000004.887951	-00000004.638492	000000000.141152
000000002.729937	-00000002.613346	-00000000.079162
000000002.889385	-00000002.765985	-00000000.027925
000000003.265723	-00000003.153672	000000000.031695
000000004.855425	-00000004.688830	000000000.047124
000000004.811328	-00000004.646245	000000000.140105
000000002.742835	-00000002.671951	-00000000.080209
000000002.929604	-00000002.853894	-00000000.028553
000000003.181020	-00000003.125979	000000000.031136
000000004.750132	-00000004.667942	000000000.046495
000000004.777730	-00000004.695062	000000000.140314
000000002.556107	-00000002.533897	-00000000.075393
000000002.648927	-00000002.625911	-00000000.026040
000000004.204195	-00000004.167665	-00000000.041329
000000004.779925	-00000004.779925	000000000.047193
000000007.205242	-00000007.205242	000000000.071139
000000004.849689	-00000004.849689	000000000.143665
000000006.984683	-00000006.984683	000000000.206911
000000002.646515	-00000002.669711	-00000000.078743
000000002.731511	-00000002.755452	-00000000.027087
000000004.731022	-00000004.814323	000000000.047124
000000007.373386	-00000007.503212	000000000.073443
000000004.807183	-00000004.891825	000000000.143665
000000006.902442	-00000007.023976	000000000.206283
000000002.623117	-00000002.692705	-00000000.078743
000000002.665494	-00000002.736207	-00000000.026668
000000007.221955	-00000007.413545	-00000000.072256
000000002.924440	-00000003.028347	000000000.029391
000000004.674937	-00000004.841039	000000000.046984
000000007.008932	-00000007.257962	000000000.070441
000000004.889322	-00000005.063042	000000000.147435
000000006.979785	-00000007.227779	000000000.210471
000000002.475074	-00000002.585496	-00000000.074974
000000002.676090	-00000002.795480	-00000000.027017
000000004.549913	-00000004.794608	000000000.046146
000000007.076112	-00000007.456666	000000000.071767
000000004.844954	-00000005.105515	000000000.147435
000000006.923328	-00000007.295666	000000000.210681
000000002.582573	-00000002.745356	-00000000.078953
000000002.720110	-00000002.891562	-00000000.027716
000000004.556356	-00000004.843549	-00000000.046425
000000007.310724	-00000007.771529	-00000000.074490
000000004.521539	-00000004.848757	000000000.046286
000000006.990313	-00000007.496193	000000000.071558
000000021.734758	-00000023.307674	000000000.222493
000000006.948039	-00000007.450860	000000000.213403
000000002.687461	-00000002.907279	-00000000.082932
000000002.986650	-00000003.230940	-00000000.030718
000000006.978677	-00000007.615889	000000000.072116
000000021.456223	-00000023.415358	000000000.221725
000000006.848982	-00000007.474353	000000000.212356
000000002.756099	-00000003.034229	-00000000.085864
000000002.864213	-00000003.153253	-00000000.029740
000000021.110556	-00000023.445648	000000000.220259
000000007.037711	-00000007.816169	000000000.220314
000000021.828943	-00000024.243498	000000000.683351
000000002.722859	-00000003.050706	-00000000.085654
000000002.650145	-00000002.969236	-00000000.027785
000000020.752754	-00000023.456722	000000000.218653
000000021.464182	-00000024.260845	000000000.678534
000000002.491781	-00000002.841331	-00000000.079162
000000002.531826	-00000002.886994	-00000000.026808
000000004.377949	-00000004.992095	-00000000.046356
000000004.303642	-00000004.950774	000000000.045797
000000020.370136	-00000023.433161	000000000.216768
000000021.067993	-00000024.235954	000000000.672670
000000002.610466	-00000003.029595	-00000000.083770
000000003.191917	-00000003.704402	-00000000.034138
000000020.041479	-00000023.465557	000000000.215442
000000020.699862	-00000024.236425	000000000.667644
000000002.887541	-00000003.410901	-00000000.093613
000000002.991481	-00000003.533680	-00000000.032323
000000019.700960	-00000023.478689	000000000.213976
000000020.314060	-00000024.209354	000000000.661990
000000019.323586	-00000023.441383	000000000.212091
000000019.968475	-00000024.223698	000000000.657592
000000018.992426	-00000023.453693	000000000.210694
000000019.605322	-00000024.210558	000000000.652566
000000006.915969	-00000008.694565	000000000.077562
000000018.774584	-00000023.602886	000000000.210555
000000019.219036	-00000024.161638	000000000.646702
000000006.833676	-00000008.746707	000000000.077492
000000006.838499	-00000008.752879	000000000.232670
000000006.757087	-00000008.806007	000000000.077492
000000018.012812	-00000023.474754	000000000.206575
000000006.774029	-00000008.828086	000000000.233089
000000017.674877	-00000023.455355	000000000.205040
000000018.261080	-00000024.233273	000000000.635602
000000017.398142	-00000023.512239	000000000.204202
000000017.912134	-00000024.206860	000000000.630786
000000017.104134	-00000023.541821	000000000.203155
000000017.576801	-00000024.192390	000000000.626388
000000016.752872	-00000023.486660	000000000.201409
000000017.324375	-00000024.287880	000000000.624922
000000016.455507	-00000023.500900	000000000.200292
000000016.968405	-00000024.233393	000000000.619686
000000016.198824	-00000023.569435	000000000.199664
000000004.196150	-00000006.105436	000000000.155183
000000016.637365	-00000024.207516	000000000.615288
000000015.875099	-00000023.535803	000000000.198198
000000004.131529	-00000006.125244	000000000.154764
000000016.308079	-00000024.177723	000000000.610890
000000015.608397	-00000023.581717	000000000.197430
000000004.061365	-00000006.136054	000000000.154136
000000002.663220	-00000004.100999	000000000.034138
000000004.133709	-00000006.365355	000000000.052988
000000015.244075	-00000023.473818	000000000.195405
000000002.499345	-00000003.848654	000000000.096126
000000004.051226	-00000006.238340	000000000.155812
000000002.595094	-00000004.073482	000000000.033719
000000014.974175	-00000023.504747	000000000.194568
000000002.401202	-00000003.769133	000000000.093613
000000002.469363	-00000003.951808	000000000.032533
000000002.410604	-00000003.857773	000000000.095288
000000002.330287	-00000003.802682	000000000.031136
000000002.355952	-00000003.844564	000000000.094450
000000002.255812	-00000003.754301	000000000.030578
000000002.301715	-00000003.830697	000000000.093613
000000002.222964	-00000003.773844	000000000.030578
000000002.273273	-00000003.859252	000000000.093822
000000002.304944	-00000003.992280	000000000.032184
000000002.234510	-00000003.870284	000000000.093613
