000000002.539174	000000002.946856	-00000000.027157
000000002.604352	000000002.969695	-00000000.027576
000000002.642971	000000002.961198	-00000000.083141
000000002.723390	000000003.051301	-00000000.028553
000000002.769544	000000003.049030	-00000000.086283
000000002.803701	000000003.086634	-00000000.029112
000000002.782473	000000003.010062	-00000000.085864
000000002.796591	000000003.025335	-00000000.028763
000000002.788083	000000002.963820	-00000000.085236
000000002.857143	000000003.037233	-00000000.029112
000000002.848409	000000002.975487	-00000000.086283
000000002.904284	000000003.033854	-00000000.029321
000000002.867290	000000002.943355	-00000000.086073
000000002.895760	000000002.972581	-00000000.028972
000000002.998445	000000003.024726	-00000000.089215
000000003.027190	000000003.053723	-00000000.030019
000000003.038927	000000003.012522	-00000000.089634
000000003.117638	000000003.090549	-00000000.030648
000000003.258459	000000003.174250	-00000000.095288
000000003.323560	000000003.237669	-00000000.032393
000000003.271591	000000003.131867	-00000000.094869
000000003.416698	000000003.270777	-00000000.033021
000000003.335207	000000003.137450	-00000000.095916
000000003.437827	000000003.233985	-00000000.032952
000000003.355118	000000003.101439	-00000000.095707
000000003.421860	000000003.163134	-00000000.032533
000000003.359853	000000003.051876	-00000000.095079
000000003.345704	000000003.039024	-00000000.031555
000000003.401275	000000003.035754	-00000000.095497
000000003.439241	000000003.069640	-00000000.032184
000000003.435154	000000003.012550	-00000000.095707
000000003.526043	000000003.092257	-00000000.032742
000000003.673384	000000003.165190	-00000000.101571
000000003.711978	000000003.198445	-00000000.034208
000000003.739019	000000003.165313	-00000000.102618
000000003.755012	000000003.178853	-00000000.034348
000000003.681945	000000003.062241	-00000000.100314
000000003.705727	000000003.082021	-00000000.033650
000000003.770465	000000003.080599	-00000000.101990
000000003.778944	000000003.087527	-00000000.034069
000000003.703639	000000002.972484	-00000000.099476
000000003.860334	000000003.098246	-00000000.034557
000000003.800101	000000002.995758	-00000000.101361
000000003.800841	000000002.996342	-00000000.033789
000000003.794478	000000002.937999	-00000000.100524
000000003.874285	000000002.999792	-00000000.034208
000000003.883638	000000002.953187	-00000000.102199
000000003.916234	000000002.977974	-00000000.034348
000000003.869207	000000002.889274	-00000000.101152
000000004.022196	000000003.003516	-00000000.035046
000000003.958775	000000002.902694	-00000000.102827
000000004.128896	000000003.027431	-00000000.035744
000000003.951498	000000002.844672	-00000000.101990
000000004.171389	000000003.002970	-00000000.035884
000000004.008831	000000002.833161	-00000000.102827
000000004.181103	000000002.954911	-00000000.035744
000000004.131978	000000002.866455	-00000000.105340
000000004.223162	000000002.929712	-00000000.035884
000000004.189891	000000002.852795	-00000000.106178
000000004.165911	000000002.836468	-00000000.035186
000000004.377212	000000002.952467	000000000.036861
000000004.558707	000000003.074887	000000000.115183
000000004.289442	000000002.866114	-00000000.108063
000000004.306908	000000002.877784	-00000000.036163
000000004.419487	000000002.925195	000000000.037001
000000005.052240	000000003.344005	000000000.126911
000000004.448067	000000002.916280	-00000000.111414
000000004.448934	000000002.916849	-00000000.037140
000000004.679667	000000003.039012	000000000.038955
000000005.139923	000000003.337905	000000000.128377
000000004.481755	000000002.882761	-00000000.111623
000000004.634012	000000002.980697	-00000000.038467
000000005.060225	000000003.223719	000000000.041888
000000005.219448	000000003.325155	000000000.129634
000000004.599751	000000002.902226	-00000000.113927
000000004.634476	000000002.924136	-00000000.038257
000000005.156007	000000003.221831	000000000.042446
000000005.434796	000000003.396037	000000000.134241
000000004.888453	000000003.025066	-00000000.120419
000000004.846889	000000002.999346	-00000000.039793
000000005.311819	000000003.255087	000000000.043493
000000005.506847	000000003.374600	000000000.135288
000000004.829193	000000002.930426	-00000000.118325
000000004.992564	000000003.029562	-00000000.040771
000000005.202879	000000003.126205	000000000.042376
000000005.630354	000000003.383058	000000000.137592
000000004.957687	000000002.949514	-00000000.120838
000000005.096156	000000003.031894	-00000000.041399
000000005.152417	000000003.035006	000000000.041748
000000005.564904	000000003.277979	000000000.135288
000000005.009147	000000002.921248	-00000000.121466
000000005.113781	000000002.982269	-00000000.041329
000000005.507787	000000003.179923	000000000.044401
000000005.844389	000000003.374260	000000000.141361
000000005.095209	000000002.912152	-00000000.122932
000000005.183021	000000002.962340	-00000000.041678
000000005.387371	000000003.048028	000000000.043214
000000005.725684	000000003.239436	000000000.137801
000000005.146597	000000002.882233	-00000000.123560
000000005.165051	000000002.892567	-00000000.041329
000000005.544954	000000003.073618	000000000.044261
000000005.771224	000000003.199042	000000000.138220
000000005.162788	000000002.832402	-00000000.123351
000000005.251465	000000002.881052	-00000000.041818
000000005.659444	000000003.072828	000000000.044959
000000005.790135	000000003.143787	000000000.138011
000000005.169694	000000002.777777	-00000000.122932
000000005.355685	000000002.877713	-00000000.042446
000000005.694873	000000003.028018	000000000.045029
000000005.711418	000000003.036815	000000000.135497
000000005.406089	000000002.844281	-00000000.127958
000000005.486790	000000002.886739	-00000000.043284
000000005.712211	000000002.973589	000000000.044959
000000005.817515	000000003.028407	000000000.137382
000000005.564027	000000002.865662	-00000000.131100
000000005.582892	000000002.875378	-00000000.043842
000000005.880500	000000002.996264	000000000.046076
000000006.093148	000000003.104614	000000000.143246
000000005.695956	000000002.870998	-00000000.133613
000000005.822081	000000002.934570	-00000000.045518
000000005.951169	000000002.967143	000000000.046425
000000006.665799	000000003.323445	000000000.156021
000000005.792527	000000002.856558	-00000000.135288
000000005.946122	000000002.932303	-00000000.046286
000000006.605975	000000003.221949	000000000.051312
000000006.811365	000000003.322124	000000000.158744
000000005.817235	000000002.805901	-00000000.135288
000000006.061552	000000002.923745	-00000000.046984
000000006.516507	000000003.108214	000000000.050405
000000006.867168	000000003.275471	000000000.159372
000000006.013308	000000002.836060	-00000000.139267
000000006.403386	000000003.020033	-00000000.049427
000000006.661200	000000003.106169	000000000.051312
000000007.103895	000000003.312601	000000000.164189
000000006.364687	000000002.934161	-00000000.146806
000000006.375010	000000002.938920	-00000000.049008
000000006.751748	000000003.076949	000000000.051801
000000007.341777	000000003.345840	000000000.169005
000000006.453859	000000002.907252	-00000000.148272
000000006.455118	000000002.907819	-00000000.049427
000000006.796613	000000003.026047	000000000.051941
000000007.480296	000000003.330442	000000000.171518
000000006.524740	000000002.870954	-00000000.149319
000000006.461942	000000002.843322	-00000000.049288
000000006.767738	000000002.942697	000000000.051522
000000007.820807	000000003.400584	000000000.178639
000000006.604660	000000002.837586	-00000000.150576
000000006.679449	000000002.869718	-00000000.050754
000000006.958847	000000002.953855	000000000.052778
000000007.712139	000000003.273609	000000000.175497
000000006.721371	000000002.818505	-00000000.152670
000000006.759568	000000002.834522	-00000000.051173
000000006.855019	000000002.839442	000000000.051801
000000007.851254	000000003.252096	000000000.178011
000000006.884511	000000002.816528	-00000000.155812
000000006.728516	000000002.752708	-00000000.050754
000000007.343117	000000002.966812	000000000.055292
000000008.111079	000000003.277089	000000000.183246
000000006.918113	000000002.760047	-00000000.156021
000000006.965902	000000002.779113	-00000000.052359
000000007.424551	000000002.924608	000000000.055710
000000008.437037	000000003.323437	000000000.189948
000000007.202841	000000002.801032	-00000000.161885
000000007.213565	000000002.805202	-00000000.054035
000000007.925904	000000003.042470	000000000.059271
000000008.559055	000000003.285513	000000000.192042
000000007.460742	000000002.826622	-00000000.167121
000000007.714677	000000002.922830	-00000000.057595
000000008.570341	000000003.204319	000000000.063879
000000008.755964	000000003.273721	000000000.195812
000000007.794661	000000002.875602	-00000000.174032
000000007.777417	000000002.869241	-00000000.057875
000000008.579185	000000003.122568	000000000.063739
000000009.479420	000000003.450227	000000000.211309
000000007.922964	000000002.844635	-00000000.176335
000000007.990389	000000002.868843	-00000000.059271
000000008.700369	000000003.080962	000000000.064437
000000009.528015	000000003.374047	000000000.211728
000000008.174018	000000002.854495	-00000000.181361
000000008.052883	000000002.812193	-00000000.059550
000000008.632375	000000002.972365	000000000.063739
000000009.840690	000000003.388421	000000000.218011
000000008.236485	000000002.795910	-00000000.182199
000000008.418004	000000002.857527	-00000000.062063
000000009.198515	000000003.077780	000000000.067718
000000009.907808	000000003.315106	000000000.218848
000000008.507438	000000002.805332	-00000000.187644
000000008.604065	000000002.837195	-00000000.063250
000000009.053838	000000002.941770	000000000.066462
000000009.755700	000000003.169819	000000000.214869
000000008.760119	000000002.804136	-00000000.192670
000000008.828494	000000002.826023	-00000000.064716
000000009.336661	000000002.943838	000000000.068347
000000009.954621	000000003.138680	000000000.218639
000000008.765161	000000002.721655	-00000000.192251
000000009.311217	000000002.891210	-00000000.068067
000000009.342870	000000002.856402	000000000.068207
000000010.191973	000000003.115999	000000000.223246
000000009.171521	000000002.760315	-00000000.200628
000000009.470150	000000002.850192	-00000000.069045
000000009.827662	000000002.911086	000000000.071558
000000008.895895	000000002.635084	000000000.194346
000000011.455382	000000003.393239	000000000.250262
000000009.262449	000000002.699758	-00000000.202094
000000009.571464	000000002.789827	-00000000.069603
000000010.477497	000000003.004374	000000000.076096
000000009.149205	000000002.623492	000000000.199372
000000011.455727	000000003.284877	000000000.249634
000000013.300944	000000003.813984	000000000.289843
000000009.555085	000000002.694813	-00000000.207958
000000010.009290	000000002.822912	-00000000.072605
000000010.686401	000000002.963601	000000000.077422
000000011.850056	000000003.286311	000000000.257592
000000009.414259	000000002.566622	-00000000.204398
000000010.342268	000000002.819626	-00000000.074839
000000011.059581	000000002.963406	000000000.079935
000000011.984510	000000003.211240	000000000.259895
000000009.629665	000000002.535279	-00000000.208586
000000010.579225	000000002.785277	-00000000.076375
000000011.268964	000000002.914352	000000000.081262
000000012.708991	000000003.286768	000000000.274974
000000009.447928	000000002.399468	-00000000.204189
000000010.864814	000000002.759311	-00000000.078260
000000011.652967	000000002.905411	000000000.083845
000000013.096120	000000003.265229	000000000.282723
000000009.711290	000000002.376338	-00000000.209424
000000011.529550	000000002.821263	-00000000.082868
000000012.290457	000000002.950678	000000000.088243
000000013.367154	000000003.209170	000000000.287958
000000009.537024	000000002.245671	-00000000.205236
000000012.225346	000000002.878687	-00000000.087685
000000012.608041	000000002.910796	000000000.090338
000000013.414134	000000003.096897	000000000.288377
000000009.809793	000000002.219729	-00000000.210681
000000012.337779	000000002.791754	-00000000.088313
000000013.062522	000000002.895891	000000000.093409
000000014.494817	000000003.213423	000000000.310995
000000016.515306	000000003.661355	000000000.354346
000000009.525913	000000002.068279	-00000000.204189
000000012.586430	000000002.732782	-00000000.089919
000000013.635045	000000002.898218	000000000.097319
000000015.197080	000000003.230239	000000000.325445
000000017.094269	000000003.633499	000000000.366073
000000009.905767	000000002.060403	-00000000.211937
000000013.285323	000000002.763351	-00000000.094736
000000014.022381	000000002.852886	000000000.099902
000000014.127416	000000002.874255	000000000.301990
000000015.890892	000000003.233039	000000000.339686
000000009.521337	000000001.893912	-00000000.203351
000000013.495276	000000002.684377	-00000000.096062
000000014.439384	000000002.806732	000000000.102694
000000016.301252	000000003.168643	000000000.347854
000000018.254261	000000003.548269	000000000.389529
000000009.940217	000000001.887209	-00000000.211937
000000014.431844	000000002.739971	-00000000.102555
000000015.013937	000000002.782669	000000000.106604
000000017.330982	000000003.212107	000000000.369215
000000009.562778	000000001.729232	-00000000.203560
000000014.720890	000000002.661971	-00000000.104440
000000015.293692	000000002.696690	000000000.108419
000000018.018028	000000003.177065	000000000.383246
000000009.902666	000000001.701589	-00000000.210471
000000014.960377	000000002.570663	-00000000.105976
000000015.898538	000000002.660503	000000000.112538
000000018.321167	000000003.065912	000000000.389110
000000009.552030	000000001.555647	-00000000.202723
000000015.080936	000000002.456086	-00000000.106674
000000017.126099	000000002.712507	000000000.121055
000000018.574343	000000002.941887	000000000.393927
000000023.531450	000000003.727016	000000000.499058
000000009.950617	000000001.531546	-00000000.210890
000000016.732553	000000002.575386	-00000000.118193
000000017.930420	000000002.679719	000000000.126570
000000021.763466	000000003.252572	000000000.460943
000000009.409521	000000001.364316	-00000000.199162
000000014.013122	000000002.031806	-00000000.098855
000000017.645054	000000002.558411	-00000000.124476
000000019.695951	000000002.768085	000000000.138857
000000022.355349	000000003.141840	000000000.472880
000000026.285851	000000003.694235	000000000.556021
000000009.956018	000000001.354955	-00000000.210471
000000019.509674	000000002.655150	-00000000.137461
000000020.462923	000000002.693995	000000000.144093
000000023.690334	000000003.118892	000000000.500524
000000025.920597	000000003.412511	000000000.547644
000000028.081472	000000003.696996	000000000.593299
000000009.540995	000000001.213768	-00000000.201466
000000013.729014	000000001.746551	-00000000.096621
000000020.573681	000000002.617303	-00000000.144791
000000022.182867	000000002.723713	000000000.156031
000000023.895269	000000002.933970	000000000.504293
000000026.614250	000000003.267819	000000000.561676
000000030.107246	000000003.696705	000000000.635393
000000009.948364	000000001.177467	-00000000.209843
000000021.827112	000000002.583409	-00000000.153448
000000022.811853	000000002.599082	000000000.160290
000000026.751022	000000003.047894	000000000.563979
000000030.346962	000000003.457600	000000000.639791
000000034.310448	000000003.909182	000000000.723351
000000009.481217	000000001.038362	-00000000.199791
000000013.707703	000000001.501238	-00000000.096272
000000024.743101	000000002.600605	000000000.173694
000000028.964067	000000003.044246	000000000.610053
000000030.982506	000000003.256392	000000000.652566
000000009.828134	000000000.989641	-00000000.206911
000000026.855135	000000002.585855	000000000.188354
000000034.532673	000000003.325118	000000000.726702
000000037.448544	000000003.605885	000000000.788063
000000009.378426	000000000.861756	-00000000.197278
000000013.781605	000000001.266352	-00000000.096621
000000015.514262	000000001.425560	-00000000.108768
000000029.396990	000000002.571903	000000000.206017
000000035.924862	000000003.143018	000000000.755393
000000038.225567	000000003.344304	000000000.803770
000000041.313091	000000003.614427	000000000.868692
000000009.754236	000000000.810515	-00000000.205026
000000032.219582	000000002.535736	000000000.225634
000000039.539036	000000003.111789	000000000.830786
000000009.312274	000000000.692021	-00000000.195602
000000013.821550	000000001.027119	-00000000.096760
000000035.751823	000000002.500011	000000000.250208
000000009.746944	000000000.638848	-00000000.204607
000000041.910660	000000002.563366	000000000.293143
000000009.402787	000000000.533929	-00000000.197278
000000013.457992	000000000.764200	-00000000.094107
000000045.416565	000000002.380181	000000000.317508
000000057.069145	000000002.990867	000000001.197069
000000009.646759	000000000.463367	-00000000.202304
000000052.478722	000000002.291270	000000000.366726
000000009.330752	000000000.366606	-00000000.195602
000000013.309406	000000000.522928	-00000000.092990
000000014.748261	000000000.579461	-00000000.103043
000000078.974525	000000002.757851	000000001.655289
000000009.723329	000000000.297075	-00000000.203770
000000009.355720	000000000.204143	-00000000.196021
000000013.876359	000000000.302783	-00000000.096900
000000009.597073	000000000.125633	-00000000.201047
000000009.317867	000000000.040657	-00000000.195183
000000013.999526	000000000.061085	-00000000.097738
000000009.597803	-00000000.041879	-00000000.201047
000000009.357145	-00000000.122492	-00000000.196021
000000014.198438	-00000000.185868	-00000000.099134
000000009.335730	-00000000.203706	-00000000.195602
000000009.353582	-00000000.285778	-00000000.196021
000000014.312972	-00000000.437301	-00000000.099972
000000009.600485	-00000000.377204	-00000000.201257
000000088.716003	-00000003.873424	000000001.860106
000000009.337185	-00000000.448497	-00000000.195812
000000014.303160	-00000000.687030	-00000000.099972
000000060.893059	-00000003.191270	000000001.277278
000000067.482567	-00000003.536611	000000001.415498
000000009.812037	-00000000.557168	-00000000.205864
000000045.214405	-00000002.765431	000000000.316251
000000009.317959	-00000000.610731	-00000000.195602
000000014.688126	-00000000.962711	-00000000.102764
000000035.133350	-00000002.456763	000000000.245880
000000036.051086	-00000002.520937	000000000.252303
000000041.248268	-00000002.884360	000000000.288675
000000046.246899	-00000003.233898	000000000.971100
000000009.731028	-00000000.723140	-00000000.204398
000000029.687475	-00000002.336455	000000000.207902
000000036.994701	-00000002.911546	000000000.259075
000000041.362995	-00000003.255338	000000000.869110
000000009.385589	-00000000.779882	-00000000.197278
000000014.589364	-00000001.212283	-00000000.102206
000000028.510399	-00000002.494337	000000000.199804
000000037.657864	-00000003.294636	000000000.791833
000000009.726881	-00000000.893775	-00000000.204607
000000020.771986	-00000001.908677	-00000000.145629
000000024.496103	-00000002.358706	000000000.171809
000000028.149118	-00000002.710452	000000000.197430
000000031.288393	-00000003.012730	000000000.658430
000000047.629215	-00000004.586172	000000001.002304
000000009.370548	-00000000.943565	-00000000.197278
000000014.645580	-00000001.474732	-00000000.102764
000000018.834295	-00000001.896514	-00000000.132155
000000021.739532	-00000002.189056	-00000000.152541
000000022.425922	-00000002.357059	000000000.157427
000000024.743101	-00000002.600605	000000000.173694
000000028.154228	-00000002.959129	000000000.197639
000000029.272305	-00000003.076643	000000000.616545
000000047.547607	-00000004.997455	000000001.001467
000000009.600478	-00000001.051423	-00000000.202304
000000017.206696	-00000001.884440	-00000000.120846
000000020.158972	-00000002.207767	-00000000.141580
000000020.198824	-00000002.301365	000000000.141929
000000021.828241	-00000002.487014	000000000.153378
000000023.199337	-00000002.643231	000000000.163012
000000039.754025	-00000004.529399	000000000.838116
000000047.313450	-00000005.390687	000000000.997487
000000009.352654	-00000001.106959	-00000000.197278
000000014.697055	-00000001.739511	-00000000.103323
000000018.033684	-00000002.134427	-00000000.126780
000000020.197823	-00000002.479981	000000000.142069
000000024.961927	-00000003.064939	000000000.175579
000000024.957060	-00000003.064342	000000000.526702
000000009.570748	-00000001.217553	-00000000.202094
000000014.661475	-00000001.865175	-00000000.103183
000000016.754555	-00000002.131449	-00000000.117913
000000019.273218	-00000002.537367	000000000.135716
000000032.006733	-00000004.213767	000000000.676231
000000009.222939	-00000001.255187	-00000000.194974
000000014.743726	-00000002.006533	-00000000.103881
000000016.576683	-00000002.329701	000000000.116866
000000018.695805	-00000002.627524	000000000.131806
000000020.642561	-00000002.901123	000000000.436649
000000031.780632	-00000004.466476	000000000.672252
000000009.795400	-00000001.420265	-00000000.207330
000000014.755342	-00000002.139423	-00000000.104091
000000016.051336	-00000002.398888	000000000.113306
000000019.354568	-00000002.892560	000000000.136623
000000031.987644	-00000004.780586	000000000.677487
000000009.436783	-00000001.452460	-00000000.200000
000000013.441389	-00000002.068828	-00000000.094945
000000015.466823	-00000002.449704	000000000.109327
000000032.181705	-00000005.097081	000000000.682513
000000009.532293	-00000001.552433	-00000000.202304
000000012.633245	-00000002.057455	-00000000.089360
000000015.287054	-00000002.558176	000000000.108210
000000016.825623	-00000002.815644	000000000.119100
000000020.070423	-00000003.358637	000000000.142069
000000037.657986	-00000006.301785	000000000.799791
000000009.212929	-00000001.583071	-00000000.195812
000000012.171321	-00000002.091415	-00000000.086219
000000012.319645	-00000002.172286	000000000.087336
000000016.071671	-00000002.833869	000000000.113934
000000016.285149	-00000002.871511	000000000.346388
000000009.493910	-00000001.716779	-00000000.202094
000000011.631078	-00000002.103241	-00000000.082518
000000012.113405	-00000002.245087	000000000.086009
000000019.143505	-00000003.548039	000000000.135925
000000016.947598	-00000003.141051	000000000.361047
000000036.991768	-00000006.856019	000000000.788063
000000009.341054	-00000001.773455	-00000000.199162
000000011.396148	-00000002.163626	-00000000.080983
000000012.132616	-00000002.358342	000000000.086288
000000012.306905	-00000002.392220	000000000.262618
000000028.146893	-00000005.471202	000000000.600629
000000009.354639	-00000001.860754	-00000000.199791
000000010.964912	-00000002.181057	-00000000.078050
000000011.886197	-00000002.418274	000000000.084683
000000027.960918	-00000005.688713	000000000.597697
000000009.034607	-00000001.879201	-00000000.193299
000000010.651755	-00000002.215568	-00000000.075956
000000011.786391	-00000002.505275	000000000.084124
000000012.185046	-00000002.590012	000000000.260943
000000022.961868	-00000004.880696	000000000.491728
000000027.988445	-00000005.949128	000000000.599372
000000008.255792	-00000001.792508	-00000000.176963
000000009.564994	-00000002.076764	-00000000.205026
000000010.260676	-00000002.227811	-00000000.073303
000000011.695741	-00000002.592883	000000000.083635
000000012.152220	-00000002.694082	000000000.260733
000000019.707094	-00000004.368958	000000000.422827
000000009.097948	-00000002.058656	-00000000.195393
000000009.831211	-00000002.224576	-00000000.070371
000000011.321904	-00000002.613868	000000000.081122
000000012.089280	-00000002.791030	000000000.259895
000000019.327263	-00000004.462050	000000000.415498
000000008.933662	-00000002.103598	-00000000.192251
000000009.305280	-00000002.191103	-00000000.066741
000000010.900002	-00000002.616859	000000000.078260
000000011.315904	-00000002.716708	000000000.243770
000000008.332287	-00000002.038898	-00000000.179686
000000008.469896	-00000002.072571	-00000000.060877
000000008.460773	-00000002.109508	000000000.060877
000000010.993182	-00000002.740908	000000000.079098
000000016.743631	-00000004.174656	000000000.361466
000000019.120333	-00000004.767235	000000000.412775
000000008.120374	-00000002.062312	-00000000.175497
000000008.306107	-00000002.109482	-00000000.059829
000000008.558217	-00000002.213305	000000000.061714
000000016.593645	-00000004.291409	000000000.119659
000000016.884085	-00000004.366521	000000000.121753
000000016.871113	-00000004.363166	000000000.365026
000000018.942493	-00000004.898862	000000000.409843
000000007.899033	-00000002.079642	-00000000.171100
000000008.006945	-00000002.108053	-00000000.057805
000000008.393690	-00000002.249083	000000000.060667
000000016.504051	-00000004.422247	000000000.357906
000000007.514045	-00000002.048564	-00000000.163141
000000007.814587	-00000002.130501	-00000000.056548
000000008.046119	-00000002.231386	000000000.058294
000000008.160160	-00000002.263013	000000000.177382
000000010.135170	-00000002.810731	000000000.220314
000000016.599710	-00000004.603507	000000000.360838
000000007.341923	-00000002.070637	-00000000.159791
000000007.660957	-00000002.160613	-00000000.055571
000000008.016727	-00000002.298759	000000000.058224
000000008.188154	-00000002.347915	000000000.178429
000000016.539684	-00000004.742678	000000000.360419
000000007.342771	-00000002.140223	-00000000.160210
000000007.651411	-00000002.230183	-00000000.055641
000000007.804603	-00000002.311829	000000000.056827
000000008.186524	-00000002.424959	000000000.178848
000000016.641460	-00000004.929425	000000000.363560
000000006.931296	-00000002.086083	-00000000.151623
000000007.200761	-00000002.167183	-00000000.052499
000000007.497247	-00000002.292138	000000000.054733
000000008.098125	-00000002.475845	000000000.177382
000000016.310980	-00000004.986767	000000000.357278
000000006.740962	-00000002.093124	-00000000.147853
000000007.076525	-00000002.197320	-00000000.051731
000000007.629550	-00000002.405588	000000000.055850
000000007.914115	-00000002.495311	000000000.173822
000000006.674830	-00000002.136630	-00000000.146806
000000007.047557	-00000002.255941	-00000000.051661
000000007.465611	-00000002.425724	000000000.054803
000000007.711376	-00000002.505578	000000000.169843
000000006.485023	-00000002.138440	-00000000.143037
000000006.799680	-00000002.242198	-00000000.049986
000000007.320880	-00000002.449532	000000000.053895
000000007.575444	-00000002.534708	000000000.167330
000000006.238901	-00000002.117821	-00000000.138011
000000006.808262	-00000002.311094	-00000000.050195
000000007.346500	-00000002.529603	000000000.054244
000000007.628661	-00000002.626759	000000000.169005
000000006.097477	-00000002.129334	-00000000.135288
000000006.721750	-00000002.347340	-00000000.049707
000000007.116770	-00000002.520180	000000000.052709
000000007.530054	-00000002.666532	000000000.167330
000000006.012795	-00000002.158814	-00000000.133822
000000006.239845	-00000002.240333	-00000000.046286
000000007.122696	-00000002.592449	000000000.052918
000000007.525287	-00000002.738981	000000000.167749
000000005.656053	-00000002.086628	-00000000.126283
000000006.642233	-00000002.450449	-00000000.049427
000000007.090436	-00000002.651005	000000000.052848
000000007.388722	-00000002.762530	000000000.165236
000000005.488039	-00000002.079232	-00000000.122932
000000006.022124	-00000002.281579	-00000000.044959
000000007.188394	-00000002.759366	000000000.053756
000000007.392335	-00000002.837652	000000000.165864
000000005.553549	-00000002.159657	-00000000.124817
000000005.974025	-00000002.323171	-00000000.044750
000000006.903530	-00000002.719373	000000000.051801
000000007.264967	-00000002.861747	000000000.163560
000000005.413772	-00000002.159876	-00000000.122094
000000005.758479	-00000002.297400	-00000000.043284
000000007.166956	-00000002.895638	000000000.053965
000000007.341686	-00000002.966233	000000000.165864
000000005.690826	-00000002.328178	-00000000.128796
000000005.673425	-00000002.321059	-00000000.042795
000000005.247508	-00000002.173589	000000000.039654
000000007.178369	-00000002.973378	000000000.054244
000000007.306284	-00000003.026362	000000000.165655
000000005.596532	-00000002.346821	-00000000.127120
000000006.197039	-00000002.598634	-00000000.046914
000000006.977257	-00000002.961670	000000000.052918
000000007.445251	-00000003.160322	000000000.169424
000000005.291077	-00000002.273226	-00000000.120628
000000005.457487	-00000002.344721	-00000000.041469
000000007.079531	-00000003.078268	000000000.053895
000000007.509074	-00000003.265038	000000000.171518
000000005.005656	-00000002.202541	-00000000.114555
000000005.372747	-00000002.364065	-00000000.040980
000000006.312445	-00000002.810482	000000000.048241
000000007.599031	-00000003.383307	000000000.174241
000000004.822164	-00000002.172226	-00000000.110785
000000005.215152	-00000002.349255	-00000000.039933
000000006.269480	-00000002.857167	000000000.048101
000000007.405460	-00000003.374863	000000000.170471
000000004.848421	-00000002.235153	-00000000.111833
000000005.103640	-00000002.352810	-00000000.039235
000000006.144617	-00000002.865282	000000000.047333
000000007.774415	-00000003.625269	000000000.179686
000000014.742394	-00000006.874491	000000000.340733
000000004.819689	-00000002.273113	-00000000.111623
000000005.110047	-00000002.410055	-00000000.039444
000000005.920815	-00000002.824084	000000000.045797
000000007.960608	-00000003.797015	000000000.061575
000000007.390552	-00000003.525112	000000000.171518
000000009.475067	-00000004.519375	000000000.219895
000000014.708913	-00000007.015791	000000000.341361
000000004.619569	-00000002.228215	-00000000.107435
000000005.187896	-00000002.502344	-00000000.040212
000000005.176928	-00000002.524956	000000000.040212
000000007.369931	-00000003.594556	000000000.057246
000000008.365938	-00000004.080340	000000000.194974
000000014.512340	-00000007.078141	000000000.338220
000000004.582015	-00000002.259600	-00000000.107016
000000004.735373	-00000002.335227	-00000000.036861
000000006.058558	-00000003.020686	000000000.047263
000000014.450020	-00000007.204514	000000000.338220
000000004.454988	-00000002.245498	-00000000.104503
000000004.214758	-00000002.124413	-00000000.032952
000000006.121066	-00000003.118839	000000000.047961
000000005.781364	-00000002.945752	000000000.135916
000000014.564762	-00000007.421117	000000000.342409
000000004.266346	-00000002.197313	-00000000.100524
000000004.373858	-00000002.252685	-00000000.034348
000000006.998345	-00000003.643108	000000000.055082
000000014.685678	-00000007.644880	000000000.346806
000000004.193921	-00000002.206529	-00000000.099267
000000004.982359	-00000002.621346	-00000000.039304
000000006.101019	-00000003.243969	000000000.048241
000000014.406544	-00000007.660095	000000000.341780
000000004.112858	-00000002.209918	-00000000.097801
000000004.157703	-00000002.234014	-00000000.032952
000000005.738536	-00000003.115771	000000000.045588
000000014.356723	-00000007.795064	000000000.342199
000000004.049589	-00000002.221681	-00000000.096754
000000003.997777	-00000002.193255	-00000000.031835
000000005.996665	-00000003.289883	-00000000.047752
000000006.410806	-00000003.553568	000000000.051173
000000009.760518	-00000005.410344	000000000.077911
000000014.159748	-00000007.848877	000000000.113027
000000009.933500	-00000005.506229	000000000.237906
000000014.314385	-00000007.934593	000000000.342827
000000003.811971	-00000002.134806	-00000000.091518
000000004.152980	-00000002.325781	-00000000.033231
000000004.456112	-00000002.521147	000000000.035744
000000006.083638	-00000003.441957	000000000.048799
000000014.053162	-00000007.950896	000000000.338220
000000003.879997	-00000002.217601	-00000000.093613
000000004.089117	-00000002.337123	-00000000.032882
000000006.346379	-00000003.627254	-00000000.051033
000000003.948980	-00000002.279944	000000000.031835
000000006.313171	-00000003.644911	000000000.050893
000000006.372549	-00000003.679193	000000000.154136
000000014.173727	-00000008.183206	000000000.342827
000000003.877771	-00000002.261449	-00000000.094031
000000003.913080	-00000002.282041	-00000000.031625
000000003.980630	-00000002.344770	000000000.032253
000000008.021572	-00000004.725067	000000000.064996
000000004.074612	-00000002.400130	000000000.099058
000000014.041474	-00000008.271061	000000000.341361
000000003.600123	-00000002.141848	-00000000.087749
000000003.772702	-00000002.244522	-00000000.030648
000000003.985731	-00000002.394869	000000000.032463
000000003.967814	-00000002.384103	000000000.096963
000000013.780228	-00000008.279996	000000000.336754
000000003.538559	-00000002.147250	-00000000.086702
000000003.633287	-00000002.204733	-00000000.029670
000000003.939101	-00000002.413884	000000000.032253
000000008.176620	-00000005.010639	000000000.066950
000000003.921284	-00000002.402966	000000000.096335
000000039.255466	-00000024.055782	000000000.964398
000000003.528188	-00000002.183309	-00000000.086911
000000003.630915	-00000002.246879	-00000000.029810
000000003.824604	-00000002.389878	000000000.031485
000000003.984952	-00000002.490074	000000000.098429
000000037.967262	-00000023.724579	000000000.937802
000000003.593555	-00000002.267364	-00000000.089005
000000003.661912	-00000002.310494	-00000000.030229
000000003.660230	-00000002.331824	000000000.030299
000000008.028892	-00000005.114968	000000000.066462
000000003.954638	-00000002.519382	000000000.098220
000000037.446800	-00000023.856243	000000000.930053
000000003.422278	-00000002.201283	-00000000.085236
000000003.414535	-00000002.196303	-00000000.028344
000000003.639742	-00000002.363676	000000000.030299
000000003.680956	-00000002.390441	000000000.091937
000000036.910183	-00000023.969753	000000000.921885
000000003.361133	-00000002.203655	-00000000.084189
000000003.562492	-00000002.335672	-00000000.029740
000000003.744056	-00000002.478137	000000000.031346
000000003.993437	-00000002.643198	000000000.100314
000000009.987761	-00000006.610754	000000000.250890
000000003.474781	-00000002.321774	-00000000.087539
000000003.583547	-00000002.394449	-00000000.030089
000000003.655967	-00000002.465981	000000000.030787
000000007.560638	-00000005.099715	000000000.063669
000000003.879045	-00000002.616449	000000000.098011
000000010.045732	-00000006.775931	000000000.253822
000000003.413067	-00000002.323875	-00000000.086492
000000003.512921	-00000002.391863	-00000000.029670
000000003.691995	-00000002.537438	000000000.031276
000000003.699515	-00000002.542606	000000000.094031
000000009.854387	-00000006.772733	000000000.250471
000000003.310511	-00000002.296583	-00000000.084398
000000003.344022	-00000002.319830	-00000000.028414
000000003.456737	-00000002.420434	000000000.029461
000000005.971473	-00000004.181270	000000000.050893
000000003.390546	-00000002.374086	000000000.086702
000000009.753961	-00000006.829797	000000000.249424
000000003.135216	-00000002.215751	-00000000.080419
000000003.437977	-00000002.429722	-00000000.029391
000000003.345933	-00000002.386631	000000000.028693
000000003.524347	-00000002.513892	000000000.090681
000000009.710268	-00000006.926267	000000000.249843
000000003.286154	-00000002.365692	-00000000.084817
000000003.278679	-00000002.360311	-00000000.028204
000000003.964087	-00000002.880078	000000000.034208
000000006.334449	-00000004.602246	000000000.054663
000000009.627068	-00000006.994474	000000000.083077
000000009.754605	-00000007.087136	000000000.252566
000000003.241196	-00000002.376544	-00000000.084189
000000003.435370	-00000002.518918	-00000000.029740
000000004.003109	-00000002.962145	000000000.034767
000000005.224942	-00000003.866254	000000000.045378
000000009.563798	-00000007.076838	000000000.249215
000000032.235626	-00000023.853109	000000000.840000
000000003.052108	-00000002.279117	-00000000.079791
000000003.228974	-00000002.411190	-00000000.028134
000000005.320196	-00000003.972779	-00000000.046356
000000003.953149	-00000002.978912	000000000.034557
000000008.050050	-00000006.066147	000000000.070371
000000009.479572	-00000007.143370	000000000.082868
000000009.509663	-00000007.166045	000000000.249424
000000031.291660	-00000023.579958	000000000.820733
000000003.095769	-00000002.354077	-00000000.081466
000000003.263529	-00000002.481645	-00000000.028623
000000003.570003	-00000002.739360	000000000.031416
000000003.513784	-00000002.696222	000000000.092775
000000003.169970	-00000002.454453	-00000000.083979
000000003.162681	-00000002.448809	-00000000.027925
000000003.538082	-00000002.764252	000000000.031346
000000003.498000	-00000002.732938	000000000.092984
000000003.101322	-00000002.444885	-00000000.082723
000000003.101926	-00000002.445362	-00000000.027576
000000003.263397	-00000002.595823	000000000.029112
000000003.450545	-00000002.744687	000000000.092356
000000003.095462	-00000002.484371	-00000000.083141
000000003.096066	-00000002.484856	-00000000.027716
000000003.333875	-00000002.699719	000000000.029950
000000003.473080	-00000002.812445	000000000.093613
000000003.081407	-00000002.517615	-00000000.083351
000000003.221395	-00000002.631990	-00000000.029042
000000003.341053	-00000002.754152	000000000.030229
000000003.340402	-00000002.753615	000000000.090681
000000003.090066	-00000002.569981	-00000000.084189
000000003.321316	-00000002.762309	-00000000.030159
000000003.462436	-00000002.905329	000000000.031555
000000005.706892	-00000004.788651	000000000.052010
000000003.400491	-00000002.853351	000000000.092984
000000009.994688	-00000008.386539	000000000.273299
000000028.107666	-00000023.585133	000000000.768587
000000003.151459	-00000002.667907	-00000000.086492
000000003.197866	-00000002.707194	-00000000.029251
000000003.292478	-00000002.812042	000000000.030229
000000003.322245	-00000002.837466	000000000.091518
000000027.467443	-00000023.459412	000000000.756650
000000003.067466	-00000002.643097	-00000000.084817
000000003.204422	-00000002.761106	-00000000.029531
000000003.433845	-00000002.984996	000000000.031765
000000005.743200	-00000004.992487	000000000.053127
000000009.403452	-00000008.174296	000000000.086987
000000003.289812	-00000002.859790	000000000.091309
000000005.855262	-00000005.089901	000000000.162513
000000007.575623	-00000006.585388	000000000.210262
000000002.984149	-00000002.617029	-00000000.083141
000000003.022322	-00000002.650506	-00000000.028065
000000003.190474	-00000002.822693	000000000.029740
000000007.428011	-00000006.571749	000000000.207749
000000009.314965	-00000008.241185	000000000.260524
000000003.073082	-00000002.742831	-00000000.086283
000000003.096063	-00000002.763342	-00000000.028972
000000003.277189	-00000002.950794	000000000.030787
000000004.778305	-00000004.302405	000000000.044890
000000007.342092	-00000006.610849	000000000.068975
000000003.239401	-00000002.916770	000000000.091309
000000007.385239	-00000006.649699	000000000.208168
000000009.160966	-00000008.248570	000000000.258220
000000002.923220	-00000002.655267	-00000000.082723
000000003.108840	-00000002.823872	-00000000.029321
000000003.162843	-00000002.898211	000000000.029950
000000003.095886	-00000002.836856	000000000.087958
000000007.231105	-00000006.626087	000000000.205445
000000003.010062	-00000002.782473	-00000000.085864
000000003.128138	-00000002.891621	-00000000.029740
000000003.166684	-00000002.952981	000000000.030229
000000007.020825	-00000006.547025	000000000.067020
000000003.122195	-00000002.911494	000000000.089424
000000007.173007	-00000006.688937	000000000.205445
000000002.745356	-00000002.582573	-00000000.078953
000000003.008099	-00000002.829737	-00000000.028833
000000003.111780	-00000002.952969	000000000.029950
000000003.248965	-00000003.083152	000000000.093822
000000007.056345	-00000006.696221	000000000.203770
000000002.831046	-00000002.710137	-00000000.082094
000000002.976067	-00000002.848964	-00000000.028763
000000003.186598	-00000003.077261	000000000.030927
000000006.481094	-00000006.258719	000000000.062901
000000003.495225	-00000003.375299	000000000.101780
000000006.760311	-00000006.528357	000000000.196859
000000002.606767	-00000002.539400	-00000000.076230
000000002.958255	-00000002.881804	-00000000.028833
000000003.145358	-00000003.090935	000000000.030787
000000006.369172	-00000006.258967	000000000.062343
000000003.465637	-00000003.405672	000000000.101780
000000006.745870	-00000006.629148	000000000.198115
000000002.605809	-00000002.583168	-00000000.076859
000000002.556605	-00000002.534391	-00000000.025133
000000003.111194	-00000003.111194	000000000.030718
000000006.568862	-00000006.568862	000000000.064856
000000008.944682	-00000008.944682	000000000.088313
000000006.800875	-00000006.800875	000000000.201466
000000009.282276	-00000009.282276	000000000.274974
000000002.646515	-00000002.669711	-00000000.078743
000000002.710391	-00000002.734147	-00000000.026878
000000003.602586	-00000003.666018	000000000.035884
000000004.843165	-00000004.928441	000000000.048241
000000006.608125	-00000006.724477	000000000.197487
000000002.525447	-00000002.592444	-00000000.075812
000000002.484073	-00000002.549973	-00000000.024853
000000003.223136	-00000003.337655	000000000.032393
000000005.098668	-00000005.279826	000000000.051242
000000003.423915	-00000003.545567	000000000.103246
000000006.563082	-00000006.796270	000000000.197906
000000002.426678	-00000002.534941	-00000000.073508
000000002.302682	-00000002.405413	-00000000.023248
000000003.482989	-00000003.670305	000000000.035325
000000004.611863	-00000004.859890	000000000.046774
000000004.659138	-00000004.909708	000000000.141780
000000006.407176	-00000006.751755	000000000.194974
000000002.205805	-00000002.344840	-00000000.067435
000000002.302159	-00000002.447267	-00000000.023457
000000002.837044	-00000003.042357	000000000.029042
000000004.801151	-00000005.148604	000000000.049148
000000006.504838	-00000006.975584	000000000.199791
000000002.375282	-00000002.569565	-00000000.073298
000000002.199261	-00000002.379147	-00000000.022619
000000003.181952	-00000003.472492	000000000.032882
000000005.424857	-00000005.920193	000000000.056060
000000006.944898	-00000007.579026	000000000.071767
000000006.436963	-00000007.024712	000000000.199581
000000002.251935	-00000002.479187	-00000000.070157
000000002.474250	-00000002.723936	-00000000.025691
000000004.777476	-00000005.305924	000000000.049846
000000006.918642	-00000007.683930	000000000.072186
000000006.161341	-00000006.842863	000000000.192880
000000002.389991	-00000002.677758	-00000000.075183
000000002.576899	-00000002.887172	-00000000.027017
000000004.730992	-00000005.347414	000000000.049846
000000005.922524	-00000006.694195	000000000.187225
000000020.642712	-00000023.332342	000000000.652566
000000002.346756	-00000002.675963	-00000000.074555
000000002.320841	-00000002.646412	-00000000.024574
000000004.206524	-00000004.796621	-00000000.044540
000000004.572620	-00000005.260198	000000000.048659
000000007.537934	-00000008.671402	000000000.080215
000000006.086892	-00000007.002169	000000000.194346
000000002.414681	-00000002.802376	-00000000.077487
000000002.584866	-00000002.999884	-00000000.027646
000000004.327692	-00000005.022533	-00000000.046286
000000003.916076	-00000004.585136	000000000.042097
000000005.585117	-00000006.539332	000000000.060039
000000019.606359	-00000022.956097	000000000.210764
000000006.038542	-00000007.070225	000000000.194765
000000002.448273	-00000002.892017	-00000000.079372
000000002.636122	-00000003.113913	-00000000.028484
000000004.801507	-00000005.722212	000000000.052150
000000006.105143	-00000007.275826	000000000.198953
000000005.959908	-00000007.229946	000000000.065414
000000018.916506	-00000022.947556	000000000.207623
000000006.009621	-00000007.290253	000000000.197906
000000004.940044	-00000006.100447	000000000.054803
000000006.021275	-00000007.435656	000000000.200419
000000018.982431	-00000023.441351	000000000.631833
000000002.135173	-00000002.684281	000000000.023946
000000003.703872	-00000004.656405	000000000.041538
000000005.981053	-00000007.519215	000000000.201257
000000018.615330	-00000023.402676	000000000.626388
000000003.681566	-00000004.712190	000000000.041748
000000006.113369	-00000007.824756	000000000.069324
000000018.250359	-00000023.359394	000000000.620943
000000002.002776	-00000002.610069	000000000.022968
000000003.956853	-00000005.156671	000000000.045378
000000006.038766	-00000007.869874	000000000.069254
000000002.471029	-00000003.220308	000000000.085026
000000017.954523	-00000023.398790	000000000.617801
000000002.214625	-00000002.938907	000000000.025691
000000002.436816	-00000003.233765	000000000.084817
000000017.575161	-00000023.323027	000000000.611728
000000001.945023	-00000002.628548	000000000.022829
000000003.140588	-00000004.244261	000000000.036861
000000017.329334	-00000023.419250	000000000.610262
000000001.927889	-00000002.653511	000000000.022899
000000003.767612	-00000005.185672	000000000.044750
000000005.407493	-00000007.442775	000000000.064228
000000008.456375	-00000011.639201	000000000.301361
000000017.059664	-00000023.480614	000000000.607958
000000004.390007	-00000006.154563	000000000.052778
000000016.462528	-00000023.079613	000000000.197919
000000016.755413	-00000023.490221	000000000.604398
000000003.670800	-00000005.242445	000000000.044680
000000004.496730	-00000006.421996	000000000.054733
000000016.417891	-00000023.447180	000000000.599581
000000004.531139	-00000006.592849	000000000.055850
000000016.127712	-00000023.465965	000000000.596440
000000001.582477	-00000002.346119	000000000.019757
000000003.422177	-00000005.073586	000000000.042725
000000015.821688	-00000023.456617	000000000.592670
000000001.567463	-00000002.368178	000000000.019827
000000003.129406	-00000004.728017	000000000.039584
000000015.572246	-00000023.527096	000000000.590995
000000003.088028	-00000004.755147	000000000.039584
000000005.016003	-00000007.723968	000000000.064297
000000005.047697	-00000007.772771	000000000.194136
000000015.301001	-00000023.561474	000000000.588482
000000001.499029	-00000002.353005	000000000.019478
000000001.509481	-00000002.369410	000000000.058848
000000001.483738	-00000002.374477	000000000.019548
000000001.504641	-00000002.407928	000000000.059476
000000001.436836	-00000002.344703	000000000.019198
000000001.457451	-00000002.378344	000000000.058429
000000001.426621	-00000002.374295	000000000.019338
000000001.436641	-00000002.390972	000000000.058429
000000001.410922	-00000002.395271	000000000.019408
000000001.446167	-00000002.455104	000000000.059686
000000001.419965	-00000002.459452	000000000.019827
000000001.439684	-00000002.493606	000000000.060314
