000000003.347923	000000003.885456	-00000000.107435
000000003.792442	000000004.401345	-00000000.040561
000000003.612423	000000004.119179	-00000000.114764
000000003.929605	000000004.480856	-00000000.041608
000000003.555028	000000003.983073	-00000000.111833
000000003.995193	000000004.476235	-00000000.041888
000000003.677040	000000004.048105	-00000000.114555
000000004.148402	000000004.567035	-00000000.043074
000000003.793664	000000004.103963	-00000000.117068
000000004.059130	000000004.391141	-00000000.041748
000000003.548469	000000003.772134	-00000000.108482
000000004.104146	000000004.362835	-00000000.041818
000000003.574338	000000003.733803	-00000000.108272
000000004.225042	000000004.413537	-00000000.042656
000000003.878864	000000003.981765	-00000000.116440
000000004.256418	000000004.369335	-00000000.042586
000000003.990888	000000004.025868	-00000000.118744
000000004.329585	000000004.367534	-00000000.042935
000000003.990366	000000003.955695	-00000000.117696
000000004.395940	000000004.357745	-00000000.043214
000000004.146479	000000004.039320	-00000000.121257
000000004.440964	000000004.326195	-00000000.043284
000000004.174348	000000003.996069	-00000000.121047
000000004.558005	000000004.363341	-00000000.044052
000000004.216343	000000003.966339	-00000000.121257
000000004.566775	000000004.295993	-00000000.043773
000000004.133329	000000003.820810	-00000000.117906
000000004.361770	000000004.031978	-00000000.041469
000000004.307125	000000003.912317	-00000000.121885
000000004.552231	000000004.134955	-00000000.042935
000000004.370937	000000003.901211	-00000000.122723
000000004.729888	000000004.221587	-00000000.044261
000000004.412332	000000003.869511	-00000000.122932
000000004.593629	000000004.028505	-00000000.042656
000000004.468653	000000003.850438	-00000000.123560
000000004.757392	000000004.099232	-00000000.043842
000000004.532607	000000003.837135	-00000000.124398
000000004.907465	000000004.154476	-00000000.044890
000000004.596666	000000003.823007	-00000000.125236
000000005.158803	000000004.290531	-00000000.046844
000000004.505977	000000003.681538	-00000000.121885
000000005.265742	000000004.302291	-00000000.047473
000000004.787440	000000003.842327	-00000000.128586
000000005.256293	000000004.218621	-00000000.047054
000000004.852194	000000003.825161	-00000000.129424
000000005.402849	000000004.259263	-00000000.048031
000000004.869579	000000003.770431	-00000000.129005
000000005.550506	000000004.297660	-00000000.049008
000000004.886380	000000003.715690	-00000000.128586
000000005.532079	000000004.206691	-00000000.048520
000000005.102867	000000003.810492	-00000000.133403
000000005.640689	000000004.212102	-00000000.049148
000000005.272991	000000003.866317	-00000000.136963
000000005.411111	000000003.967591	-00000000.046844
000000005.184820	000000003.732537	-00000000.133822
000000005.307564	000000003.820900	-00000000.045657
000000005.347829	000000003.779472	-00000000.137173
000000005.348872	000000003.780209	-00000000.045727
000000005.413466	000000003.755455	-00000000.138011
000000005.825335	000000004.041179	-00000000.049497
000000005.495616	000000003.741832	-00000000.139267
000000005.678533	000000003.866376	-00000000.047961
000000006.358563	000000004.288905	000000000.053546
000000006.407055	000000004.321613	000000000.161885
000000005.611189	000000003.749277	-00000000.141361
000000005.978121	000000003.994453	-00000000.050195
000000006.287346	000000004.161503	000000000.052639
000000006.386164	000000004.226910	000000000.160419
000000005.551722	000000003.639868	-00000000.139058
000000005.937487	000000003.892787	-00000000.049567
000000006.365355	000000004.133709	000000000.052988
000000006.389268	000000004.149239	000000000.159581
000000005.667359	000000003.645368	-00000000.141152
000000006.080564	000000003.911150	-00000000.050475
000000006.359016	000000004.051140	000000000.052639
000000006.458961	000000004.114812	000000000.160419
000000005.715867	000000003.606443	-00000000.141571
000000006.089092	000000003.841931	-00000000.050265
000000006.504371	000000004.064382	000000000.053546
000000006.816811	000000004.259616	000000000.168377
000000005.900150	000000003.651124	-00000000.145340
000000006.300956	000000003.899150	-00000000.051731
000000006.633379	000000004.064940	000000000.054314
000000009.010429	000000005.521598	000000000.221361
000000005.957429	000000003.615057	-00000000.145969
000000006.343292	000000003.849204	-00000000.051801
000000006.565742	000000003.945096	000000000.053476
000000006.778706	000000004.073058	000000000.165655
000000012.717573	000000007.641489	000000000.310786
000000006.134816	000000003.649832	-00000000.149529
000000006.402421	000000003.809041	-00000000.052010
000000007.022106	000000004.136337	000000000.056897
000000008.659163	000000005.100636	000000000.070162
000000006.192342	000000003.611267	-00000000.150157
000000006.452694	000000003.763100	-00000000.052150
000000006.876074	000000003.969903	000000000.055431
000000009.361506	000000005.404869	000000000.075467
000000006.684250	000000003.859153	000000000.161675
000000009.558824	000000005.518789	000000000.231204
000000006.345141	000000003.626547	-00000000.153089
000000006.606832	000000003.776116	-00000000.053127
000000006.718982	000000003.801417	000000000.053895
000000009.034072	000000005.111232	000000000.072465
000000006.393993	000000003.580808	-00000000.153508
000000006.752954	000000003.781836	-00000000.054035
000000007.337881	000000004.067454	000000000.058573
000000009.104569	000000005.046745	000000000.072675
000000009.994711	000000005.540159	000000000.239372
000000006.530182	000000003.582580	-00000000.156021
000000007.004876	000000003.843007	-00000000.055780
000000007.188549	000000003.903064	000000000.057107
000000009.139475	000000004.962330	000000000.072605
000000006.666881	000000003.582244	-00000000.158534
000000006.897206	000000003.706003	-00000000.054663
000000009.058822	000000004.816661	000000000.071628
000000009.136504	000000004.857965	000000000.216754
000000032.564793	000000017.315008	000000000.772566
000000006.830606	000000003.593756	-00000000.161675
000000007.221323	000000003.799322	-00000000.056967
000000008.745713	000000004.552730	000000000.068835
000000014.330952	000000007.460221	000000000.338430
000000018.667482	000000009.717676	000000000.440838
000000006.897260	000000003.552322	-00000000.162513
000000007.174193	000000003.694952	-00000000.056339
000000007.600100	000000003.872444	000000000.059550
000000008.936578	000000004.553413	000000000.070022
000000009.184263	000000004.679615	000000000.215916
000000013.923378	000000007.094316	000000000.327330
000000007.106554	000000003.581998	-00000000.166702
000000007.438333	000000003.749229	-00000000.058154
000000008.931227	000000004.452945	000000000.069673
000000019.236870	000000009.591149	000000000.450262
000000007.218242	000000003.559643	-00000000.168586
000000007.596327	000000003.746094	-00000000.059131
000000009.050635	000000004.414290	000000000.070301
000000009.893553	000000004.825408	000000000.230576
000000012.787034	000000006.236653	000000000.298011
000000021.880835	000000010.671996	000000000.509948
000000007.420125	000000003.579044	-00000000.172566
000000007.781844	000000003.753516	-00000000.060318
000000009.052710	000000004.317921	000000000.070022
000000019.699116	000000009.395996	000000000.457173
000000021.946060	000000010.467733	000000000.509320
000000007.496289	000000003.535479	-00000000.173613
000000007.949967	000000003.749448	-00000000.061365
000000009.080983	000000004.234532	000000000.069952
000000010.393070	000000004.846368	000000000.240210
000000007.581333	000000003.495042	-00000000.174869
000000007.955141	000000003.667370	-00000000.061156
000000009.254081	000000004.217328	000000000.070999
000000010.635114	000000004.846701	000000000.244817
000000019.423412	000000008.851759	000000000.447121
000000007.885012	000000003.551939	-00000000.181152
000000008.451829	000000003.807271	-00000000.064716
000000009.491507	000000004.225891	000000000.072535
000000010.466935	000000004.660180	000000000.240000
000000008.107881	000000003.567553	-00000000.185550
000000008.631177	000000003.797809	-00000000.065833
000000010.188289	000000004.429994	000000000.077562
000000019.831657	000000008.623051	000000000.452985
000000008.313237	000000003.571649	-00000000.189529
000000008.728304	000000003.749975	-00000000.066322
000000010.033258	000000004.258865	000000000.076096
000000011.255305	000000004.777594	000000000.256126
000000014.163463	000000006.012033	000000000.322304
000000021.673134	000000009.199699	000000000.493194
000000008.519268	000000003.572426	-00000000.193508
000000008.954353	000000003.754872	-00000000.067788
000000009.912986	000000004.106093	000000000.074909
000000011.019465	000000004.564412	000000000.249843
000000021.835722	000000009.044652	000000000.495079
000000023.313604	000000009.656812	000000000.528587
000000008.633399	000000003.532017	-00000000.195393
000000009.060821	000000003.706880	-00000000.068347
000000010.532552	000000004.255427	000000000.079307
000000011.058878	000000004.468077	000000000.249843
000000020.532618	000000008.295716	000000000.463875
000000008.849613	000000003.530638	-00000000.199581
000000009.455051	000000003.772183	-00000000.071069
000000010.653022	000000004.196337	000000000.079935
000000011.041635	000000004.349415	000000000.248587
000000008.768270	000000003.409794	-00000000.197068
000000009.580807	000000003.725772	-00000000.071767
000000009.998403	000000003.838027	000000000.074769
000000011.060502	000000004.245729	000000000.248168
000000008.994028	000000003.407532	-00000000.201466
000000009.837383	000000003.727051	-00000000.073443
000000010.818300	000000004.044797	000000000.080634
000000011.172049	000000004.177058	000000000.249843
000000008.807685	000000003.249326	-00000000.196649
000000010.029020	000000003.699901	-00000000.074630
000000011.088103	000000004.035739	000000000.082379
000000011.781161	000000004.287992	000000000.262618
000000020.593544	000000007.495437	000000000.459058
000000009.080357	000000003.260181	-00000000.202094
000000010.277391	000000003.689961	-00000000.076235
000000011.462241	000000004.058992	000000000.084892
000000020.271772	000000007.178611	000000000.450471
000000026.670902	000000009.444662	000000000.592670
000000008.891368	000000003.105005	-00000000.197278
000000010.582980	000000003.695742	-00000000.078260
000000011.364857	000000003.913234	000000000.083915
000000012.367082	000000004.258327	000000000.091315
000000013.095114	000000004.509009	000000000.096690
000000012.856233	000000004.426756	000000000.284817
000000020.286377	000000006.985160	000000000.449424
000000009.003331	000000003.056219	-00000000.199162
000000010.842086	000000003.680392	-00000000.079935
000000011.246844	000000003.763141	000000000.082798
000000013.001201	000000004.350141	000000000.095713
000000019.919910	000000006.665109	000000000.440000
000000008.830265	000000002.911785	-00000000.194765
000000011.063725	000000003.648269	-00000000.081332
000000011.269746	000000003.661762	000000000.082728
000000013.076709	000000004.248880	000000000.095992
000000018.246773	000000005.928736	000000000.401885
000000020.538315	000000006.673303	000000000.452356
000000008.979123	000000002.874240	-00000000.197487
000000011.228473	000000003.594263	-00000000.082309
000000012.798570	000000004.035374	000000000.093689
000000014.054705	000000004.431431	000000000.308691
000000008.879738	000000002.757232	-00000000.194765
000000011.689159	000000003.629580	-00000000.085451
000000012.909800	000000003.946922	000000000.094247
000000014.131084	000000004.320306	000000000.309529
000000009.123653	000000002.745908	-00000000.199581
000000011.931048	000000003.590838	-00000000.086987
000000013.202626	000000003.910796	000000000.096132
000000014.168247	000000004.196826	000000000.309529
000000008.888112	000000002.590648	-00000000.193927
000000012.269138	000000003.576128	-00000000.089221
000000013.322762	000000003.820240	000000000.096760
000000014.588753	000000004.183258	000000000.317906
000000020.864414	000000005.982774	000000000.454660
000000009.141319	000000002.578119	-00000000.198953
000000012.521237	000000003.531354	-00000000.090826
000000014.097570	000000003.909602	000000000.102136
000000018.507280	000000005.132523	000000000.402304
000000020.829123	000000005.776427	000000000.452775
000000008.777639	000000002.393059	-00000000.190576
000000012.657701	000000003.450885	-00000000.091594
000000014.662397	000000003.928777	000000000.105976
000000018.410097	000000004.932971	000000000.133063
000000018.686565	000000005.007050	000000000.405236
000000020.975307	000000005.620317	000000000.454869
000000009.184921	000000002.418188	-00000000.198953
000000013.693037	000000003.605076	-00000000.098855
000000014.715486	000000003.805683	000000000.106115
000000017.765078	000000004.594361	000000000.128106
000000018.555321	000000004.798732	000000000.401466
000000037.294548	000000009.645025	000000000.806911
000000008.895589	000000002.259192	-00000000.192251
000000013.568902	000000003.446062	-00000000.097738
000000015.233272	000000003.798081	000000000.109606
000000017.591032	000000004.385937	000000000.126570
000000018.392771	000000004.585833	000000000.397068
000000026.056427	000000006.496597	000000000.562513
000000009.118902	000000002.231381	-00000000.196649
000000013.909279	000000003.403579	-00000000.099972
000000016.033989	000000003.849420	000000000.115121
000000018.500141	000000004.441491	000000000.398534
000000021.552713	000000005.174349	000000000.464293
000000024.964983	000000005.993562	000000000.537801
000000008.855809	000000002.085266	-00000000.190576
000000013.510175	000000003.181224	-00000000.096900
000000016.300814	000000003.763339	000000000.116796
000000018.210533	000000004.204233	000000000.130480
000000018.927858	000000004.369841	000000000.406911
000000022.035418	000000005.087277	000000000.473718
000000009.117451	000000002.063069	-00000000.195812
000000013.634953	000000003.085275	-00000000.097598
000000015.761147	000000003.566384	-00000000.112817
000000017.719341	000000003.928283	000000000.126710
000000018.701729	000000004.146073	000000000.401257
000000008.978784	000000001.949485	-00000000.192461
000000013.563638	000000002.944954	-00000000.096900
000000017.782290	000000003.779742	000000000.126919
000000021.485189	000000004.566818	000000000.460105
000000023.568188	000000005.009573	000000000.504712
000000009.377198	000000001.950460	-00000000.200628
000000013.657351	000000002.840733	-00000000.097389
000000017.348263	000000003.608444	-00000000.123708
000000018.000778	000000003.662300	000000000.128246
000000021.504631	000000004.375166	000000000.459686
000000039.041435	000000007.943069	000000000.834555
000000009.080080	000000001.806140	-00000000.193927
000000013.573738	000000002.699984	-00000000.096621
000000017.810627	000000003.542754	-00000000.126780
000000018.650461	000000003.625283	000000000.132644
000000020.702013	000000004.024064	000000000.147235
000000021.375153	000000004.154909	000000000.456126
000000025.987787	000000005.051514	000000000.554555
000000038.765770	000000007.535302	000000000.827226
000000009.370522	000000001.779049	-00000000.199791
000000013.901334	000000002.639251	-00000000.098785
000000018.695576	000000003.549466	-00000000.132853
000000019.576128	000000003.628221	000000000.138997
000000021.414770	000000003.968993	000000000.152052
000000024.851233	000000004.605904	000000000.529424
000000027.505438	000000005.097832	000000000.585969
000000038.672764	000000007.167573	000000000.823875
000000009.031512	000000001.633164	-00000000.192251
000000013.579431	000000002.455561	-00000000.096341
000000020.005060	000000003.617504	-00000000.141929
000000021.330416	000000003.761128	000000000.151214
000000038.999680	000000006.876696	000000000.829529
000000009.400143	000000001.615240	-00000000.199791
000000014.122674	000000002.426719	-00000000.100041
000000020.824291	000000003.578268	-00000000.147514
000000021.835831	000000003.654065	000000000.154565
000000026.919691	000000004.504811	000000000.571728
000000009.147450	000000001.489757	-00000000.194136
000000013.541261	000000002.205334	-00000000.095783
000000022.350842	000000003.540025	000000000.157986
000000025.669394	000000004.065633	000000000.181443
000000009.535597	000000001.467669	-00000000.202094
000000013.668707	000000002.103815	-00000000.096551
000000024.042389	000000003.593159	000000000.169714
000000025.674225	000000003.837039	000000000.181234
000000009.122585	000000001.322712	-00000000.193089
000000013.696442	000000001.985890	-00000000.096621
000000026.429611	000000003.714440	000000000.186330
000000034.602280	000000004.863033	000000000.731938
000000009.450788	000000001.286196	-00000000.199791
000000013.633983	000000001.855504	-00000000.096062
000000027.026129	000000003.558057	000000000.190309
000000029.405539	000000003.871312	000000000.207064
000000009.164115	000000001.165823	-00000000.193508
000000013.729014	000000001.746551	-00000000.096621
000000027.889868	000000003.424445	000000000.196173
000000029.557304	000000003.629181	000000000.207902
000000031.046087	000000003.811980	000000000.218374
000000009.561152	000000001.131637	-00000000.201676
000000030.283331	000000003.450350	000000000.212789
000000034.058811	000000003.880512	000000000.239318
000000036.254555	000000004.130685	000000000.254746
000000036.416355	000000004.149120	000000000.767749
000000009.133374	000000001.000267	-00000000.192461
000000013.598360	000000001.489263	-00000000.095504
000000034.747746	000000003.652135	000000000.243925
000000040.408504	000000004.247105	000000000.851100
000000044.435436	000000004.670352	000000000.935917
000000009.479970	000000000.954583	-00000000.199581
000000037.873901	000000003.646842	000000000.265637
000000044.464550	000000004.281449	000000000.935707
000000049.181690	000000004.735658	000000001.034974
000000009.139484	000000000.839801	-00000000.192251
000000013.901098	000000001.277331	-00000000.097458
000000052.876377	000000004.626083	000000001.111833
000000009.495186	000000000.788989	-00000000.199581
000000057.180603	000000004.500211	000000001.201467
000000009.192631	000000000.683130	-00000000.193089
000000013.801606	000000001.025637	-00000000.096621
000000009.467604	000000000.620540	-00000000.198744
000000077.597939	000000004.746093	000000001.628483
000000009.203153	000000000.522593	-00000000.193089
000000013.797437	000000000.783475	-00000000.096481
000000077.411873	000000004.056984	000000000.541187
000000009.506951	000000000.456652	-00000000.199372
000000009.190890	000000000.361111	-00000000.192670
000000013.729073	000000000.539417	-00000000.095923
000000009.473500	000000000.289442	-00000000.198534
000000009.195793	000000000.200653	-00000000.192670
000000013.676412	000000000.298420	-00000000.095504
000000009.477108	000000000.124062	-00000000.198534
000000009.197894	000000000.040134	-00000000.192670
000000013.829532	000000000.060343	-00000000.096551
000000009.537817	-00000000.041617	-00000000.199791
000000009.317158	-00000000.121968	-00000000.195183
000000013.928468	-00000000.182334	-00000000.097249
000000009.585615	-00000000.209159	-00000000.200838
000000110.747734	-00000002.900031	000000002.320630
000000009.213678	-00000000.281503	-00000000.193089
000000014.033110	-00000000.428750	-00000000.098017
000000077.126060	-00000002.693301	000000001.616545
000000009.640445	-00000000.378774	-00000000.202094
000000009.297239	-00000000.446578	-00000000.194974
000000014.023490	-00000000.673597	-00000000.098017
000000044.038486	-00000002.307959	000000000.307874
000000009.642348	-00000000.547532	-00000000.202304
000000034.195263	-00000002.091472	000000000.239178
000000037.069824	-00000002.267287	000000000.259284
000000070.852028	-00000004.333496	000000001.486912
000000009.317959	-00000000.610731	-00000000.195602
000000014.129338	-00000000.926086	-00000000.098855
000000032.529770	-00000002.274703	000000000.227659
000000044.292103	-00000003.097206	000000000.930053
000000009.621353	-00000000.714990	-00000000.202094
000000027.564093	-00000002.169341	000000000.193032
000000033.259834	-00000002.617606	000000000.698849
000000009.266026	-00000000.769947	-00000000.194765
000000014.071162	-00000001.169223	-00000000.098575
000000027.155605	-00000002.375808	000000000.190309
000000027.957052	-00000002.445925	000000000.587854
000000047.149513	-00000004.125048	000000000.991414
000000009.726881	-00000000.893775	-00000000.204607
000000025.541245	-00000002.459342	000000000.179139
000000027.845078	-00000002.681176	000000000.585969
000000046.793266	-00000004.505679	000000000.984713
000000009.290968	-00000000.935551	-00000000.195602
000000013.610838	-00000001.370539	-00000000.095504
000000022.415977	-00000002.356014	000000000.157358
000000027.631702	-00000002.904209	000000000.581990
000000046.682564	-00000004.906535	000000000.983247
000000009.481217	-00000001.038362	-00000000.199791
000000013.797166	-00000001.511035	-00000000.096900
000000021.162945	-00000002.317719	-00000000.148631
000000021.450693	-00000002.443998	000000000.150725
000000026.929827	-00000003.068266	000000000.567749
000000046.816772	-00000005.334097	000000000.987016
000000009.233511	-00000001.092858	-00000000.194765
000000013.743732	-00000001.626678	-00000000.096621
000000017.864866	-00000002.114446	-00000000.125593
000000019.880747	-00000002.353041	-00000000.139765
000000020.237522	-00000002.484855	000000000.142348
000000022.119003	-00000002.715872	000000000.466807
000000047.195145	-00000005.794835	000000000.996022
000000009.709599	-00000001.235217	-00000000.205026
000000014.016688	-00000001.783148	-00000000.098645
000000018.569880	-00000002.362387	-00000000.130689
000000018.698195	-00000002.461664	000000000.131667
000000021.632799	-00000002.848012	000000000.152331
000000018.198936	-00000002.395935	000000000.384503
000000022.312529	-00000002.937500	000000000.471414
000000009.173406	-00000001.248446	-00000000.193927
000000013.792518	-00000001.877079	-00000000.097179
000000017.418390	-00000002.447995	000000000.122800
000000018.949574	-00000002.663189	000000000.400838
000000009.557936	-00000001.385835	-00000000.202304
000000014.408974	-00000002.089202	-00000000.101647
000000016.684292	-00000002.493484	000000000.117774
000000017.996141	-00000002.689541	000000000.381152
000000021.545931	-00000003.220061	000000000.456335
000000009.239154	-00000001.422042	-00000000.195812
000000013.520456	-00000002.080997	-00000000.095504
000000016.335968	-00000002.587363	000000000.115470
000000017.507874	-00000002.772975	000000000.371309
000000021.615755	-00000003.423599	000000000.458430
000000009.542162	-00000001.554040	-00000000.202513
000000013.235298	-00000002.155505	-00000000.093619
000000015.100677	-00000002.459301	-00000000.106813
000000015.799911	-00000002.643998	000000000.111840
000000018.192980	-00000003.044461	000000000.386388
000000026.752060	-00000004.476759	000000000.568168
000000009.163661	-00000001.574605	-00000000.194765
000000012.772495	-00000002.194716	-00000000.090477
000000015.352778	-00000002.707109	000000000.108838
000000017.141743	-00000003.022552	000000000.364608
000000020.469664	-00000003.609354	000000000.435393
000000027.076273	-00000004.774278	000000000.575917
000000009.454556	-00000001.709662	-00000000.201257
000000012.831578	-00000002.320327	-00000000.091036
000000015.338403	-00000002.842805	000000000.108908
000000016.770649	-00000003.108256	000000000.357278
000000019.719767	-00000003.654843	000000000.420105
000000026.483078	-00000004.908349	000000000.564189
000000009.174074	-00000001.741753	-00000000.195602
000000013.105569	-00000002.488170	-00000000.093130
000000013.762078	-00000002.675077	000000000.097877
000000016.634932	-00000003.233503	000000000.354974
000000026.498121	-00000005.150713	000000000.565445
000000009.158525	-00000001.821744	-00000000.195602
000000012.347786	-00000002.456127	-00000000.087894
000000013.150270	-00000002.675452	000000000.093689
000000014.727909	-00000002.996427	000000000.104928
000000016.031178	-00000003.261580	000000000.114213
000000013.598372	-00000002.766620	000000000.290681
000000016.929386	-00000003.444323	000000000.361885
000000026.873440	-00000005.467463	000000000.574451
000000009.024819	-00000001.877165	-00000000.193089
000000012.032176	-00000002.502696	-00000000.085800
000000013.165545	-00000002.798423	000000000.093968
000000016.458614	-00000003.498386	000000000.352461
000000021.690556	-00000004.610470	000000000.464503
000000026.951836	-00000005.728789	000000000.577173
000000009.223038	-00000002.002518	-00000000.197696
000000011.501730	-00000002.497270	-00000000.082169
000000012.076488	-00000002.677293	000000000.086358
000000015.464152	-00000003.428320	000000000.110583
000000016.847174	-00000003.734928	000000000.361466
000000021.776386	-00000004.827709	000000000.467225
000000009.068694	-00000002.052036	-00000000.194765
000000011.001593	-00000002.489406	-00000000.078749
000000014.254686	-00000003.290954	000000000.102136
000000015.976164	-00000003.688388	000000000.343456
000000021.928261	-00000005.062538	000000000.471414
000000008.933662	-00000002.103598	-00000000.192251
000000010.726378	-00000002.525727	-00000000.076933
000000012.912758	-00000003.100079	000000000.092711
000000015.557540	-00000003.735035	000000000.111700
000000009.070345	-00000002.219499	-00000000.195602
000000010.363967	-00000002.536047	-00000000.074490
000000010.469235	-00000002.610274	000000000.075328
000000013.088970	-00000003.263447	000000000.094177
000000015.531028	-00000003.872320	000000000.335288
000000018.897215	-00000004.711605	000000000.407958
000000020.391144	-00000005.084083	000000000.440210
000000009.079701	-00000002.305950	-00000000.196230
000000009.973143	-00000002.532856	-00000000.071837
000000010.610640	-00000002.744098	000000000.076515
000000010.492419	-00000002.713524	000000000.227016
000000008.759515	-00000002.306188	-00000000.189738
000000009.718575	-00000002.558687	-00000000.070162
000000010.180610	-00000002.727886	000000000.073582
000000016.262623	-00000004.357557	000000000.352670
000000020.743536	-00000005.558214	000000000.449843
000000022.752220	-00000006.096439	000000000.493403
000000009.028428	-00000002.461432	-00000000.196021
000000009.367857	-00000002.553971	-00000000.067788
000000009.693887	-00000002.688353	000000000.070231
000000020.723145	-00000005.747037	000000000.450471
000000008.785289	-00000002.477708	-00000000.191204
000000009.181600	-00000002.589479	-00000000.066601
000000009.391298	-00000002.692911	000000000.068207
000000010.765868	-00000003.087063	000000000.078190
000000020.941299	-00000006.004821	000000000.456335
000000063.208313	-00000018.124693	000000001.377383
000000008.619356	-00000002.512313	-00000000.188063
000000008.976248	-00000002.616338	-00000000.065275
000000009.578376	-00000002.837244	000000000.069743
000000020.705965	-00000006.133386	000000000.452356
000000008.434354	-00000002.538452	-00000000.184503
000000008.646658	-00000002.602349	-00000000.063041
000000009.285493	-00000002.838860	000000000.067788
000000011.054614	-00000003.379735	000000000.080703
000000013.617448	-00000004.163271	000000000.099413
000000013.643476	-00000004.171229	000000000.298848
000000008.154081	-00000002.531910	-00000000.178848
000000008.356221	-00000002.594676	-00000000.061086
000000008.897963	-00000002.805517	000000000.065135
000000016.457544	-00000005.189044	000000000.361466
000000007.855542	-00000002.514579	-00000000.172775
000000008.209452	-00000002.627866	-00000000.060178
000000008.673424	-00000002.818166	000000000.063669
000000010.689614	-00000003.473266	000000000.078469
000000010.706548	-00000003.478768	000000000.235812
000000016.772957	-00000005.449864	000000000.369424
000000007.614917	-00000002.511023	-00000000.167958
000000008.005769	-00000002.639907	-00000000.058852
000000008.838161	-00000002.957207	000000000.065065
000000009.538044	-00000003.191385	000000000.210681
000000007.403370	-00000002.513105	-00000000.163770
000000007.641540	-00000002.593953	-00000000.056339
000000008.566190	-00000002.949576	000000000.063250
000000009.235691	-00000003.180103	000000000.204607
000000007.182942	-00000002.508396	-00000000.159372
000000007.495884	-00000002.617680	-00000000.055431
000000008.229059	-00000002.914063	000000000.060946
000000008.472488	-00000003.000265	000000000.188272
000000007.104321	-00000002.550712	-00000000.158115
000000007.378640	-00000002.649203	-00000000.054733
000000008.240904	-00000002.999444	000000000.061226
000000008.624487	-00000003.139056	000000000.192251
000000006.856675	-00000002.529561	-00000000.153089
000000007.355241	-00000002.713492	-00000000.054733
000000008.364279	-00000003.127276	000000000.062343
000000010.170029	-00000003.802418	000000000.227435
000000016.144688	-00000006.036251	000000000.361047
000000006.703449	-00000002.539710	-00000000.150157
000000006.947885	-00000002.632318	-00000000.051871
000000008.084609	-00000003.103391	000000000.060458
000000010.306477	-00000003.956286	000000000.077073
000000010.239131	-00000003.930434	000000000.229738
000000006.578532	-00000002.558251	-00000000.147853
000000007.045808	-00000002.739965	-00000000.052778
000000007.619934	-00000003.001572	000000000.057177
000000008.985863	-00000003.539625	000000000.202304
000000010.241651	-00000004.034294	000000000.230576
000000015.850839	-00000006.243812	000000000.356859
000000006.360950	-00000002.537762	-00000000.143456
000000006.826584	-00000002.723531	-00000000.051312
000000007.296759	-00000002.948082	000000000.054943
000000010.254404	-00000004.143048	000000000.077213
000000008.370634	-00000003.381956	000000000.189110
000000012.245413	-00000004.947468	000000000.276649
000000015.897716	-00000006.423094	000000000.359162
000000006.301548	-00000002.578032	-00000000.142618
000000006.719261	-00000002.748922	-00000000.050684
000000006.661009	-00000002.759080	000000000.050335
000000010.254813	-00000004.247683	000000000.077492
000000012.220245	-00000005.061791	000000000.277068
000000014.695700	-00000006.087158	000000000.333194
000000016.099689	-00000006.668709	000000000.365026
000000006.168171	-00000002.586529	-00000000.140105
000000006.482915	-00000002.718512	-00000000.049078
000000007.575570	-00000003.215639	000000000.057456
000000016.218901	-00000006.884515	000000000.123010
000000016.105303	-00000006.836295	000000000.366492
000000006.025949	-00000002.588952	-00000000.137382
000000006.725388	-00000002.889455	-00000000.051103
000000007.336302	-00000003.189915	000000000.055850
000000009.023651	-00000003.923595	000000000.068696
000000010.213809	-00000004.441091	000000000.233299
000000016.090874	-00000006.996511	000000000.367539
000000044.201771	-00000019.219477	000000001.009634
000000005.966522	-00000002.625333	-00000000.136545
000000006.471095	-00000002.847350	-00000000.049358
000000007.335591	-00000003.266016	000000000.056060
000000009.489655	-00000004.225067	000000000.217592
000000010.987541	-00000004.891969	000000000.251937
000000040.762592	-00000018.148676	000000000.934660
000000005.952500	-00000002.681406	-00000000.136754
000000006.683053	-00000003.010496	-00000000.051173
000000007.634389	-00000003.479192	000000000.058573
000000008.771813	-00000003.997545	000000000.067299
000000008.651834	-00000003.942868	000000000.199162
000000039.920345	-00000018.192749	000000000.918953
000000005.819921	-00000002.683020	-00000000.134241
000000006.302360	-00000002.905428	-00000000.048450
000000006.579634	-00000003.068134	000000000.050684
000000009.316617	-00000004.344410	000000000.071767
000000014.808708	-00000006.905414	000000000.114074
000000009.133579	-00000004.259058	000000000.211100
000000014.814883	-00000006.908293	000000000.342409
000000039.479168	-00000018.409439	000000000.912461
000000005.723945	-00000002.699588	-00000000.132566
000000006.168234	-00000002.909128	-00000000.047612
000000007.987686	-00000003.809931	000000000.061784
000000008.978754	-00000004.282646	000000000.208377
000000039.298969	-00000018.744646	000000000.912042
000000005.556089	-00000002.679939	-00000000.129215
000000005.728302	-00000002.763005	-00000000.044401
000000006.318368	-00000003.081674	000000000.049078
000000008.763028	-00000004.274014	000000000.068067
000000008.437825	-00000004.115402	000000000.196649
000000039.700012	-00000019.362989	000000000.925236
000000005.487657	-00000002.706213	-00000000.128168
000000005.686035	-00000002.804042	-00000000.044261
000000005.799033	-00000002.891291	000000000.045239
000000008.340585	-00000004.158462	000000000.065065
000000040.334793	-00000020.110188	000000000.944084
000000005.303132	-00000002.672998	-00000000.124398
000000005.464898	-00000002.754535	-00000000.042725
000000006.513099	-00000003.318590	000000000.051033
000000008.375257	-00000004.267406	000000000.065624
000000006.556370	-00000003.340637	000000000.154136
000000040.763515	-00000020.770048	000000000.958325
000000005.101839	-00000002.627620	-00000000.120209
000000005.298413	-00000002.728862	-00000000.041608
000000007.778710	-00000004.006299	-00000000.061086
000000008.337698	-00000004.340331	000000000.065624
000000012.521846	-00000006.518460	000000000.295707
000000034.284317	-00000017.847286	000000000.809634
000000005.043323	-00000002.653421	-00000000.119372
000000005.265548	-00000002.770339	-00000000.041538
000000008.025798	-00000004.267393	000000000.063460
000000013.826622	-00000007.351746	000000000.109327
000000013.903375	-00000007.392555	000000000.329843
000000033.986027	-00000018.070690	000000000.806283
000000005.196115	-00000002.791974	-00000000.123560
000000005.549477	-00000002.981841	-00000000.043982
000000006.467937	-00000003.511803	000000000.051382
000000008.698381	-00000004.722836	000000000.207330
000000033.941261	-00000018.428600	000000000.809006
000000004.891062	-00000002.683329	-00000000.116859
000000005.111192	-00000002.804096	-00000000.040701
000000005.999745	-00000003.325713	000000000.047891
000000007.495308	-00000004.154717	000000000.059829
000000012.699169	-00000007.039264	000000000.101368
000000008.989119	-00000004.982750	000000000.215288
000000013.142651	-00000007.285090	000000000.314765
000000034.058968	-00000018.879194	000000000.815707
000000004.945968	-00000002.769875	-00000000.118744
000000005.165051	-00000002.892567	-00000000.041329
000000007.363030	-00000004.165802	000000000.059061
000000012.051783	-00000006.818571	000000000.290053
000000013.722500	-00000007.763817	000000000.330262
000000033.858112	-00000019.155998	000000000.814870
000000004.661205	-00000002.664098	-00000000.112461
000000004.861795	-00000002.778745	-00000000.039095
000000004.659103	-00000002.689934	000000000.037559
000000007.447637	-00000004.299895	000000000.060039
000000008.641038	-00000004.988905	000000000.209005
000000009.922475	-00000005.728744	000000000.240000
000000012.277547	-00000007.088445	000000000.296964
000000004.732780	-00000002.760076	-00000000.114764
000000004.673236	-00000002.725351	-00000000.037769
000000006.582266	-00000003.838664	-00000000.053197
000000004.575140	-00000002.694963	000000000.037070
000000007.358134	-00000004.334272	000000000.059620
000000007.442843	-00000004.384170	000000000.180943
000000031.399496	-00000018.495716	000000000.763351
000000034.836639	-00000020.520350	000000000.846911
000000004.536671	-00000002.699036	-00000000.110576
000000004.743808	-00000002.822269	-00000000.038537
000000007.242887	-00000004.351965	000000000.058992
000000007.438581	-00000004.469550	000000000.181780
000000031.116920	-00000018.696932	000000000.760419
000000004.649701	-00000002.821508	-00000000.113927
000000004.813036	-00000002.920622	-00000000.039304
000000007.095596	-00000004.305713	-00000000.057944
000000007.230212	-00000004.430680	000000000.059201
000000006.367825	-00000003.902208	000000000.156440
000000031.140114	-00000019.082685	000000000.765027
000000004.471872	-00000002.767278	-00000000.110157
000000004.421724	-00000002.736246	-00000000.036303
000000006.913195	-00000004.278015	-00000000.056758
000000007.157351	-00000004.472409	000000000.058922
000000033.183315	-00000020.735235	000000000.273177
000000006.299615	-00000003.936436	000000000.155602
000000010.649148	-00000006.654326	000000000.263037
000000033.744911	-00000021.086161	000000000.833508
000000004.642027	-00000002.928901	-00000000.114974
000000005.277213	-00000003.329673	-00000000.043563
000000006.215643	-00000003.959801	000000000.051452
000000006.079519	-00000003.873080	000000000.150995
000000004.263133	-00000002.742139	-00000000.106178
000000004.566730	-00000002.937420	-00000000.037908
000000006.088600	-00000003.953983	000000000.050684
000000006.003564	-00000003.898760	000000000.149948
000000004.414623	-00000002.894353	-00000000.110576
000000004.482385	-00000002.938780	-00000000.037420
000000005.336739	-00000003.532311	000000000.044680
000000005.827583	-00000003.857193	000000000.146388
000000004.347632	-00000002.904995	-00000000.109529
000000004.523085	-00000003.022228	-00000000.037978
000000005.886023	-00000003.970173	000000000.049567
000000005.959473	-00000004.019715	000000000.150576
000000004.495662	-00000003.060987	-00000000.113927
000000004.645321	-00000003.162887	-00000000.039235
000000005.711055	-00000003.925099	000000000.048380
000000006.031281	-00000004.145185	000000000.153299
000000004.008758	-00000002.780974	-00000000.102199
000000004.666841	-00000003.237503	-00000000.039654
000000005.455420	-00000003.819926	000000000.046495
000000005.847463	-00000004.094438	000000000.149529
000000003.812880	-00000002.694677	-00000000.097801
000000004.703741	-00000003.324275	-00000000.040212
000000005.666106	-00000004.041594	000000000.048590
000000005.754535	-00000004.104670	000000000.148063
000000004.349082	-00000003.130892	-00000000.112251
000000004.479779	-00000003.224980	-00000000.038537
000000004.999603	-00000003.632424	000000000.043144
000000005.710407	-00000004.148854	000000000.147853
000000003.958775	-00000002.902694	-00000000.102827
000000004.515980	-00000003.311253	-00000000.039095
000000005.723321	-00000004.235035	000000000.049707
000000005.690058	-00000004.210422	000000000.148272
000000004.109530	-00000003.068732	-00000000.107435
000000004.230517	-00000003.159077	-00000000.036861
000000004.847600	-00000003.652928	000000000.042376
000000005.701007	-00000004.296017	000000000.149529
000000003.605098	-00000002.741380	-00000000.094869
000000004.282386	-00000003.256402	-00000000.037559
000000005.563918	-00000004.230902	-00000000.048799
000000005.759605	-00000004.419500	000000000.050684
000000005.576051	-00000004.278655	000000000.147225
000000023.914356	-00000018.350132	000000000.631414
000000003.707521	-00000002.870669	-00000000.098220
000000003.890098	-00000003.012036	-00000000.034348
000000006.349082	-00000004.915985	-00000000.056060
000000004.389113	-00000003.429151	000000000.038886
000000006.343332	-00000004.955954	000000000.056199
000000004.916109	-00000003.840885	000000000.130681
000000003.674477	-00000002.896724	-00000000.098011
000000003.706605	-00000002.922052	-00000000.032952
000000006.227411	-00000004.909295	-00000000.055361
000000005.994632	-00000004.768346	000000000.053476
000000005.696138	-00000004.530913	000000000.152461
000000003.500913	-00000002.809780	-00000000.094031
000000003.680965	-00000002.954287	-00000000.032952
000000005.856790	-00000004.700571	-00000000.052429
000000004.538422	-00000003.675142	000000000.040771
000000005.353361	-00000004.335066	000000000.144293
000000003.468518	-00000002.833898	-00000000.093822
000000003.484682	-00000002.847105	-00000000.031416
000000005.536773	-00000004.523733	-00000000.049916
000000005.354944	-00000004.414275	000000000.048450
000000005.276755	-00000004.349821	000000000.143246
000000003.374475	-00000002.806521	-00000000.091937
000000003.413575	-00000002.839040	-00000000.030997
000000003.837789	-00000003.220288	000000000.034976
000000005.048110	-00000004.235867	000000000.046007
000000005.146689	-00000004.318585	000000000.140733
000000003.372748	-00000002.855242	-00000000.092565
000000003.480255	-00000002.946254	-00000000.031835
000000006.472053	-00000005.478998	-00000000.059201
000000005.109803	-00000004.364184	000000000.046914
000000006.607767	-00000005.643566	000000000.060667
000000005.184832	-00000004.428265	000000000.142827
000000003.332555	-00000002.871513	-00000000.092147
000000003.424110	-00000002.950402	-00000000.031555
000000005.305479	-00000004.611983	000000000.049078
000000007.984632	-00000006.940935	000000000.073862
000000005.183718	-00000004.506137	000000000.143874
000000008.035894	-00000006.985496	000000000.223037
000000003.172068	-00000002.781829	-00000000.088377
000000004.066561	-00000003.566278	-00000000.113298
000000003.495970	-00000003.065883	-00000000.032463
000000003.033197	-00000002.683546	000000000.028274
000000005.362392	-00000004.744244	000000000.049986
000000005.121734	-00000004.531327	000000000.143246
000000003.192425	-00000002.849349	-00000000.089634
000000003.096063	-00000002.763342	-00000000.028972
000000003.195445	-00000002.877192	000000000.030019
000000005.900426	-00000005.312768	000000000.055431
000000007.825124	-00000007.045774	000000000.073513
000000005.029987	-00000004.529021	000000000.141780
000000003.226643	-00000002.930876	-00000000.091309
000000003.316096	-00000003.012130	-00000000.031276
000000007.749895	-00000007.039509	-00000000.073094
000000005.757996	-00000005.276231	000000000.054524
000000007.837067	-00000007.181349	000000000.074211
000000005.447285	-00000004.991517	000000000.154764
000000003.391826	-00000003.135372	-00000000.096754
000000003.465918	-00000003.203861	-00000000.032952
000000005.616660	-00000005.237620	000000000.053616
000000022.232611	-00000020.732244	000000000.212230
000000005.023298	-00000004.684301	000000000.143874
000000003.247822	-00000003.055246	-00000000.093403
000000003.882123	-00000003.651936	-00000000.037210
000000004.047490	-00000003.840925	000000000.038955
000000005.469190	-00000005.190067	000000000.052639
000000004.307779	-00000004.087929	000000000.124398
000000003.091040	-00000002.959027	-00000000.089634
000000003.228888	-00000003.090988	-00000000.031206
000000004.006625	-00000003.869153	000000000.038886
000000004.207215	-00000004.062860	000000000.122513
000000018.375101	-00000017.744629	000000000.535079
000000003.301428	-00000003.216109	-00000000.096545
000000003.165977	-00000003.084159	-00000000.030857
000000004.236605	-00000004.163300	000000000.041469
000000005.285057	-00000005.193611	000000000.051731
000000004.000458	-00000003.931239	000000000.117487
000000005.155670	-00000005.066463	000000000.151414
000000003.202234	-00000003.174410	-00000000.094450
000000002.897486	-00000002.872310	-00000000.028484
000000002.990989	-00000002.990989	000000000.029531
000000005.041549	-00000005.041549	000000000.049776
000000007.799198	-00000007.799198	000000000.077003
000000005.203165	-00000005.203165	000000000.154136
000000007.748191	-00000007.748191	000000000.229529
000000017.532402	-00000017.532402	000000000.519372
000000003.596726	-00000003.628252	-00000000.107016
000000003.273589	-00000003.302282	-00000000.032463
000000007.569636	-00000007.702917	000000000.075398
000000020.353910	-00000020.712290	000000000.202736
000000005.010402	-00000005.098622	000000000.149738
000000007.624220	-00000007.758463	000000000.227854
000000017.280632	-00000017.584898	000000000.516440
000000003.495164	-00000003.587886	-00000000.104922
000000003.565623	-00000003.660214	-00000000.035674
000000005.903163	-00000006.059767	-00000000.059061
000000004.438759	-00000004.596469	000000000.044610
000000017.143751	-00000017.752874	000000000.172298
000000020.109871	-00000020.824381	000000000.202107
000000007.604841	-00000007.875043	000000000.229319
000000016.834826	-00000017.432972	000000000.507644
000000003.678043	-00000003.842134	-00000000.111414
000000004.024508	-00000004.204056	-00000000.040631
000000004.446662	-00000004.685804	000000000.045099
000000004.617846	-00000004.866195	000000000.140524
000000016.571943	-00000017.463184	000000000.504293
000000003.589571	-00000003.815827	-00000000.109738
000000005.302153	-00000005.636355	-00000000.162094
000000003.747859	-00000003.984092	-00000000.038187
000000005.604661	-00000005.957930	-00000000.057107
000000006.783146	-00000007.210697	-00000000.069114
000000016.374382	-00000017.559374	000000000.167620
000000019.293264	-00000020.689493	000000000.197500
000000016.350733	-00000017.534016	000000000.502199
000000003.569709	-00000003.861690	-00000000.110157
000000005.776453	-00000006.248932	-00000000.059411
000000016.389420	-00000017.885912	000000000.169365
000000018.943089	-00000020.672754	000000000.195755
000000016.149818	-00000017.624435	000000000.500733
000000003.690484	-00000004.062906	-00000000.114974
000000003.960144	-00000004.359778	-00000000.041120
000000005.775490	-00000006.358319	-00000000.059969
000000003.987921	-00000004.429035	000000000.041608
000000017.015577	-00000018.897713	000000000.177533
000000018.808804	-00000020.889292	000000000.196243
000000003.712861	-00000004.123549	000000000.116230
000000016.035543	-00000017.809275	000000000.501990
000000003.515084	-00000003.938319	-00000000.110576
000000003.835385	-00000004.297186	-00000000.040212
000000004.068388	-00000004.598476	000000000.042865
000000016.803635	-00000018.993055	000000000.177045
000000003.676735	-00000004.155793	000000000.116230
000000015.793398	-00000017.851189	000000000.499267
000000003.361926	-00000003.833542	-00000000.106806
000000005.082441	-00000005.795413	-00000000.161466
000000003.731806	-00000004.255310	-00000000.039514
000000016.766756	-00000019.118820	-00000000.177533
000000003.791929	-00000004.362115	000000000.040352
000000005.084333	-00000005.848857	000000000.054105
000000016.427319	-00000018.897469	000000000.174811
000000003.771512	-00000004.338628	000000000.120419
000000015.663253	-00000018.018511	000000000.500105
000000002.760568	-00000003.203797	-00000000.088586
000000003.491499	-00000004.052083	-00000000.112042
000000003.831606	-00000004.446798	-00000000.040980
000000003.909582	-00000004.577532	000000000.042027
000000016.209827	-00000018.979269	000000000.174252
000000017.898352	-00000020.956278	000000000.192404
000000004.493195	-00000005.260855	000000000.144922
000000015.537884	-00000018.192524	000000000.501152
000000002.894001	-00000003.418532	-00000000.093822
000000003.598823	-00000004.251101	-00000000.038886
000000003.863060	-00000004.603815	000000000.041957
000000017.521963	-00000020.881863	000000000.190309
000000003.528130	-00000004.204661	000000000.114974
000000004.453541	-00000005.307524	000000000.145131
000000015.442800	-00000018.404011	000000000.503246
000000003.485624	-00000004.228400	000000000.038257
000000003.478585	-00000004.219861	000000000.114555
000000015.186216	-00000018.422354	000000000.500105
000000003.920571	-00000004.841501	000000000.043493
000000017.110806	-00000021.130085	000000000.189820
000000004.089685	-00000005.050341	000000000.136126
000000015.270256	-00000018.857197	000000000.508273
000000003.523347	-00000004.429454	000000000.039514
000000003.796506	-00000004.772863	000000000.127749
000000014.657004	-00000018.426380	000000000.493194
000000015.609243	-00000019.623508	000000000.525236
000000003.509185	-00000004.491552	000000000.039793
000000003.920903	-00000005.018528	000000000.133403
000000014.347921	-00000018.364502	000000000.488168
000000003.676829	-00000004.791738	000000000.042167
000000015.827412	-00000020.626684	000000000.181513
000000003.883046	-00000005.060484	000000000.133613
000000014.065392	-00000018.330376	000000000.483979
000000004.188530	-00000005.558368	000000000.048590
000000015.622737	-00000020.732071	000000000.181234
000000004.302034	-00000005.708992	000000000.149738
000000013.736423	-00000018.228849	000000000.478115
000000013.888774	-00000018.769600	000000000.163012
000000015.488809	-00000020.931923	000000000.181792
000000013.606560	-00000018.388210	000000000.479163
000000004.566980	-00000006.285909	000000000.054244
000000013.474960	-00000018.546692	000000000.480210
000000004.819717	-00000006.756994	000000000.057944
000000013.744905	-00000019.269646	000000000.165246
000000014.999192	-00000021.028091	000000000.180326
000000004.888447	-00000006.853349	000000000.176335
000000013.271958	-00000018.606600	000000000.478744
000000014.305383	-00000020.055407	000000000.516021
000000014.425096	-00000020.601171	000000000.175579
000000013.120550	-00000018.738087	000000000.479163
000000014.158497	-00000020.220428	000000000.517068
000000014.238779	-00000020.335085	000000000.520000
000000002.061669	-00000002.999746	000000000.025412
000000014.227778	-00000020.701546	000000000.175369
000000013.194370	-00000019.197927	000000000.487958
000000014.185364	-00000020.639833	000000000.524608
000000014.961171	-00000021.768639	000000000.553299
000000004.473434	-00000006.632139	000000000.055850
000000014.040992	-00000020.816628	000000000.175299
000000013.031927	-00000019.320627	000000000.488168
000000014.233929	-00000021.102667	000000000.533194
000000013.908474	-00000021.013411	000000000.175928
000000014.170633	-00000021.409492	000000000.537801
000000001.982438	-00000003.052686	000000000.025412
000000013.528504	-00000020.832069	000000000.173415
000000013.956037	-00000021.490412	000000000.536754
000000001.993333	-00000003.128906	000000000.025900
000000013.217249	-00000020.746923	000000000.171739
000000013.784084	-00000021.636679	000000000.537382
000000012.993304	-00000020.793633	000000000.171181
000000014.352365	-00000022.968584	000000000.567330
000000012.769554	-00000020.838018	000000000.170622
000000014.062576	-00000022.948040	000000000.563770
000000012.571773	-00000020.922943	000000000.170413
000000012.816486	-00000021.330214	000000000.521257
000000012.363334	-00000020.988775	000000000.170064
000000013.533079	-00000022.974609	000000000.558534
000000012.159703	-00000021.061224	000000000.169784
000000013.262091	-00000022.970615	000000000.555602
