000000007.701766	000000008.045370	-00000000.233299
000000010.178824	000000010.632938	-00000000.102764
000000009.887450	000000010.149752	-00000000.098924
000000007.714309	000000007.781925	-00000000.229529
000000010.046045	000000010.134099	-00000000.099623
000000007.625718	000000007.559460	-00000000.224922
000000009.821625	000000009.736286	-00000000.096551
000000007.763010	000000007.562390	-00000000.227016
000000009.741469	000000009.489719	-00000000.094945
000000007.814264	000000007.480530	-00000000.226597
000000009.491632	000000009.086261	-00000000.091734
000000007.842835	000000007.377803	-00000000.225550
000000007.939050	000000007.468312	-00000000.076096
000000009.475876	000000008.914014	-00000000.090826
000000007.826161	000000007.234429	-00000000.223246
000000007.974548	000000007.371596	-00000000.075816
000000007.866793	000000007.145692	-00000000.222618
000000008.008965	000000007.274831	-00000000.075537
000000007.720001	000000006.890364	-00000000.216754
000000007.922936	000000007.071491	-00000000.074141
000000007.637017	000000006.697484	-00000000.212775
000000007.758798	000000006.804283	-00000000.072047
000000007.536119	000000006.493535	-00000000.208377
000000007.711824	000000006.644933	-00000000.071069
000000007.561975	000000006.401684	-00000000.207539
000000007.632139	000000006.461082	-00000000.069813
000000007.502251	000000006.239556	-00000000.204398
000000007.611348	000000006.330292	-00000000.069114
000000007.517704	000000006.142221	-00000000.203351
000000007.619838	000000006.225669	-00000000.068696
000000007.477452	000000006.001290	-00000000.200838
000000007.627084	000000006.121382	-00000000.068277
000000007.529538	000000005.935809	-00000000.200838
000000007.633095	000000006.017447	-00000000.067858
000000007.446662	000000005.765822	-00000000.197278
000000007.511368	000000005.815922	-00000000.066322
000000007.480778	000000005.688515	-00000000.196859
000000007.482236	000000005.689625	-00000000.065624
000000007.425994	000000005.545253	-00000000.194136
000000007.523590	000000005.618131	-00000000.065554
000000007.482164	000000005.486150	-00000000.194346
000000007.580394	000000005.558175	-00000000.065624
000000007.489185	000000005.391441	-00000000.193299
000000007.588032	000000005.462602	-00000000.065275
000000007.511455	000000005.308571	-00000000.192670
000000007.643579	000000005.401947	-00000000.065345
000000007.483562	000000005.191532	-00000000.190785
000000007.673995	000000005.323640	-00000000.065205
000000007.569901	000000005.154162	-00000000.191833
000000007.670566	000000005.222703	-00000000.064786
000000007.759602	000000005.233918	000000000.065345
000000007.548088	000000005.043471	-00000000.190157
000000007.707536	000000005.150011	-00000000.064716
000000007.813320	000000005.171524	000000000.065414
000000007.516563	000000004.928075	-00000000.188272
000000007.660194	000000005.022243	-00000000.063948
000000008.101360	000000005.261085	000000000.067439
000000008.678337	000000005.635778	000000000.216754
000000007.559282	000000004.862294	-00000000.188272
000000007.678499	000000004.938977	-00000000.063739
000000007.834916	000000004.991392	000000000.064856
000000008.760916	000000005.581319	000000000.217592
000000007.567604	000000004.774802	-00000000.187435
000000007.746678	000000004.887790	-00000000.063948
000000008.064741	000000005.039410	000000000.066392
000000008.792330	000000005.494058	000000000.217173
000000007.532468	000000004.661232	-00000000.185550
000000007.695500	000000004.762120	-00000000.063180
000000007.861151	000000004.817319	000000000.064367
000000008.712071	000000005.338764	000000000.214032
000000007.538669	000000004.574576	-00000000.184712
000000007.788057	000000004.725909	-00000000.063599
000000008.040033	000000004.830939	000000000.065484
000000008.706909	000000005.231639	000000000.212775
000000007.578302	000000004.508616	-00000000.184712
000000007.717281	000000004.591300	-00000000.062692
000000007.840635	000000004.618487	000000000.063529
000000008.726389	000000005.140236	000000000.212147
000000007.548266	000000004.402019	-00000000.183037
000000007.731139	000000004.508667	-00000000.062482
000000008.088480	000000004.669886	000000000.065205
000000008.675672	000000005.008902	000000000.209843
000000007.560353	000000004.321098	-00000000.182408
000000007.692054	000000004.396371	-00000000.061854
000000008.137628	000000004.604048	000000000.065275
000000008.727753	000000004.937925	000000000.210052
000000007.597774	000000004.254958	-00000000.182408
000000007.669053	000000004.294876	-00000000.061365
000000007.880132	000000004.368028	000000000.062901
000000008.569393	000000004.750093	000000000.205236
000000010.003454	000000005.545005	000000000.239581
000000013.203861	000000007.319020	000000000.316231
000000007.599554	000000004.169258	-00000000.181571
000000007.697473	000000004.222978	-00000000.061295
000000008.111284	000000004.404068	000000000.064437
000000013.258442	000000007.198747	000000000.316021
000000007.662068	000000004.116978	-00000000.182199
000000007.716415	000000004.146179	-00000000.061156
000000008.140578	000000004.328423	000000000.064367
000000008.456782	000000004.496551	000000000.200628
000000009.833879	000000005.228766	000000000.233299
000000011.696489	000000006.219134	000000000.277487
000000007.706552	000000004.054613	-00000000.182408
000000007.734603	000000004.069372	-00000000.061016
000000008.257870	000000004.298775	000000000.064996
000000008.336073	000000004.339485	000000000.196859
000000009.453462	000000004.921161	000000000.223246
000000007.652759	000000003.941430	-00000000.180314
000000007.814270	000000004.024613	-00000000.061365
000000008.161421	000000004.158452	000000000.063948
000000008.801214	000000004.484442	000000000.206911
000000011.936869	000000006.082139	000000000.280628
000000007.776141	000000003.919498	-00000000.182408
000000007.875882	000000003.969771	-00000000.061575
000000008.295839	000000004.136153	000000000.064716
000000008.687907	000000004.331631	000000000.203351
000000011.747911	000000005.857293	000000000.274974
000000007.827981	000000003.860333	-00000000.182827
000000008.035784	000000003.962810	-00000000.062552
000000008.412507	000000004.103054	000000000.065345
000000008.833208	000000004.308243	000000000.205864
000000007.933412	000000003.826623	-00000000.184503
000000008.079066	000000003.896879	-00000000.062622
000000008.511172	000000004.059621	000000000.065833
000000008.906563	000000004.248212	000000000.206702
000000007.975544	000000003.761511	-00000000.184712
000000008.167030	000000003.851822	-00000000.063041
000000008.600651	000000004.010550	000000000.066252
000000008.970479	000000004.183003	000000000.207330
000000007.998987	000000003.687583	-00000000.184503
000000008.227577	000000003.792965	-00000000.063250
000000008.617124	000000003.927049	000000000.066113
000000009.097617	000000004.146023	000000000.209424
000000008.158481	000000003.675128	-00000000.187435
000000008.406241	000000003.786736	-00000000.064367
000000008.724147	000000003.884240	000000000.066671
000000009.087784	000000004.046142	000000000.208377
000000008.345810	000000003.672244	-00000000.190995
000000008.576260	000000003.773644	-00000000.065414
000000008.684347	000000003.776062	000000000.066113
000000009.159421	000000003.982630	000000000.209215
000000008.423468	000000003.619007	-00000000.192042
000000008.709928	000000003.742080	-00000000.066182
000000008.809016	000000003.739206	000000000.066811
000000008.908533	000000003.781448	000000000.202723
000000012.083578	000000005.129175	000000000.274974
000000008.657568	000000003.630420	-00000000.196649
000000008.788361	000000003.685266	-00000000.066531
000000008.822835	000000003.654538	000000000.066671
000000008.941193	000000003.703563	000000000.202723
000000012.266429	000000005.080921	000000000.278115
000000018.602852	000000007.705554	000000000.421780
000000008.596386	000000003.516874	-00000000.194555
000000008.884973	000000003.634938	-00000000.067020
000000009.012008	000000003.641088	000000000.067858
000000009.538630	000000003.853856	000000000.215497
000000012.161984	000000004.913761	000000000.274765
000000014.396007	000000005.816364	000000000.325236
000000008.831042	000000003.523228	-00000000.199162
000000009.074248	000000003.620258	-00000000.068207
000000009.220213	000000003.631939	000000000.069184
000000011.534647	000000004.543618	000000000.259686
000000014.371799	000000005.661202	000000000.323560
000000009.075766	000000003.529372	-00000000.203979
000000009.245293	000000003.595298	-00000000.069254
000000009.522288	000000003.655264	000000000.071209
000000014.292768	000000005.486480	000000000.106883
000000011.676530	000000004.482200	000000000.261990
000000014.401987	000000005.528405	000000000.323142
000000009.237110	000000003.499628	-00000000.206911
000000009.472689	000000003.588881	-00000000.070720
000000010.087714	000000003.771642	000000000.075188
000000014.365400	000000005.371003	000000000.321257
000000009.426755	000000003.477714	-00000000.210471
000000009.719425	000000003.585685	-00000000.072326
000000010.439731	000000003.799751	000000000.077562
000000016.610123	000000006.045590	000000000.370262
000000009.635529	000000003.459508	-00000000.214450
000000009.985634	000000003.585209	-00000000.074071
000000010.670442	000000003.778601	000000000.079028
000000016.869581	000000005.973832	000000000.374869
000000009.391625	000000003.279702	-00000000.208377
000000010.658505	000000003.722117	-00000000.078818
000000010.892109	000000003.750454	000000000.080424
000000012.411936	000000004.273772	000000000.274974
000000016.779274	000000005.777567	000000000.371728
000000009.315749	000000003.162271	-00000000.206073
000000010.851555	000000003.683607	-00000000.080005
000000011.114082	000000003.718720	000000000.081820
000000016.629950	000000005.564303	000000000.367330
000000009.418949	000000003.105904	-00000000.207749
000000011.063725	000000003.648269	-00000000.081332
000000011.383869	000000003.698843	000000000.083566
000000014.785686	000000004.804161	000000000.325655
000000016.639839	000000005.406611	000000000.366492
000000009.607566	000000003.075406	-00000000.211309
000000011.247520	000000003.600360	-00000000.082449
000000011.883023	000000003.746703	000000000.086987
000000016.867554	000000005.318319	000000000.370471
000000009.423980	000000002.926224	-00000000.206702
000000011.765558	000000003.653303	-00000000.086009
000000012.020457	000000003.675023	000000000.087754
000000014.411161	000000004.405934	000000000.105208
000000014.695180	000000004.492767	000000000.321885
000000016.731663	000000005.115383	000000000.366492
000000009.583187	000000002.884212	-00000000.209634
000000011.902322	000000003.582192	-00000000.086777
000000012.109598	000000003.587026	000000000.088173
000000014.334005	000000004.245926	000000000.104370
000000014.839273	000000004.395593	000000000.324189
000000017.216625	000000005.099797	000000000.376126
000000009.435221	000000002.750116	-00000000.205864
000000012.105933	000000003.528558	-00000000.088034
000000012.457648	000000003.572173	000000000.090477
000000013.976404	000000004.007669	000000000.101508
000000014.877068	000000004.265930	000000000.324189
000000009.689798	000000002.732806	-00000000.210890
000000012.550111	000000003.539497	-00000000.091036
000000012.921969	000000003.583579	000000000.093619
000000013.153234	000000003.647715	000000000.095294
000000014.116841	000000003.914947	000000000.102275
000000014.904094	000000004.133271	000000000.323979
000000009.481779	000000002.585030	-00000000.205864
000000013.342684	000000003.637633	-00000000.096551
000000014.189104	000000003.801959	000000000.102555
000000014.823710	000000003.972001	000000000.321466
000000018.058853	000000004.838855	000000000.391623
000000020.579365	000000005.514224	000000000.446283
000000009.813363	000000002.583643	-00000000.212566
000000013.741388	000000003.617805	-00000000.099204
000000014.270148	000000003.690511	000000000.102904
000000014.848127	000000003.839987	000000000.321257
000000018.594036	000000004.808745	000000000.402304
000000020.529907	000000005.309395	000000000.444189
000000009.438238	000000002.397007	-00000000.203979
000000014.082582	000000003.576520	-00000000.101438
000000014.495865	000000003.614225	000000000.104300
000000018.615892	000000004.641463	000000000.401885
000000020.546356	000000005.122782	000000000.443560
000000009.837537	000000002.407230	-00000000.212147
000000014.278380	000000003.493897	-00000000.102625
000000014.546300	000000003.492258	000000000.104440
000000016.860483	000000004.047844	000000000.121055
000000018.772345	000000004.506841	000000000.404398
000000009.527293	000000002.243380	-00000000.205026
000000014.172057	000000003.337076	-00000000.101647
000000015.725949	000000003.630621	000000000.112678
000000018.879150	000000004.358595	000000000.405864
000000009.751284	000000002.206490	-00000000.209424
000000013.878782	000000003.140448	-00000000.099343
000000015.624603	000000003.535487	-00000000.111840
000000016.596628	000000003.679384	000000000.118681
000000018.519884	000000004.105759	000000000.132435
000000019.023836	000000004.217483	000000000.408168
000000009.564994	000000002.076764	-00000000.205026
000000014.081557	000000003.057406	-00000000.100600
000000016.094603	000000003.494481	-00000000.114981
000000016.833509	000000003.578073	000000000.120147
000000018.623478	000000003.958542	000000000.132923
000000019.157709	000000004.072097	000000000.410262
000000025.739199	000000005.471035	000000000.551205
000000009.935132	000000002.066510	-00000000.212566
000000016.741270	000000003.482189	-00000000.119380
000000017.775400	000000003.616446	000000000.126640
000000019.221907	000000003.910741	000000000.410890
000000025.834948	000000005.256180	000000000.552252
000000009.550754	000000001.899763	-00000000.203979
000000014.319117	000000002.848249	-00000000.101926
000000017.810627	000000003.542754	-00000000.126780
000000018.601383	000000003.615742	000000000.132295
000000023.995522	000000004.664257	000000000.512042
000000025.948530	000000005.043883	000000000.553718
000000009.959863	000000001.890939	-00000000.212356
000000018.626804	000000003.536409	-00000000.132365
000000019.418812	000000003.599064	000000000.137880
000000023.646704	000000004.382658	000000000.167899
000000024.222086	000000004.489298	000000000.516021
000000026.119352	000000004.840936	000000000.556440
000000009.582454	000000001.732790	-00000000.203979
000000014.327284	000000002.590795	-00000000.101647
000000020.103462	000000003.635298	-00000000.142627
000000021.320568	000000003.759391	000000000.151144
000000023.684048	000000004.176137	000000000.167899
000000024.181574	000000004.263864	000000000.514346
000000009.991347	000000001.716827	-00000000.212356
000000014.270503	000000002.452121	-00000000.101089
000000021.021399	000000003.612137	-00000000.148910
000000022.407862	000000003.749790	000000000.158614
000000024.513683	000000004.102184	000000000.520629
000000030.321630	000000005.074101	000000000.643979
000000009.571765	000000001.558861	-00000000.203141
000000014.212401	000000002.314636	-00000000.100530
000000021.772608	000000003.545894	-00000000.154007
000000023.664434	000000003.748078	000000000.167271
000000024.597921	000000003.895928	000000000.521676
000000030.562250	000000004.840585	000000000.648168
000000010.009907	000000001.540672	-00000000.212147
000000014.103576	000000002.170748	-00000000.099623
000000023.344530	000000003.593067	-00000000.164897
000000023.973160	000000003.582813	000000000.169226
000000024.433222	000000003.651569	000000000.517487
000000029.021250	000000004.337255	000000000.614660
000000009.557936	000000001.385835	-00000000.202304
000000014.329803	000000002.077723	-00000000.101089
000000016.982004	000000002.462273	-00000000.119798
000000024.166698	000000003.504004	-00000000.170482
000000024.369904	000000003.424967	000000000.171809
000000029.107496	000000004.090792	000000000.615707
000000009.926299	000000001.350910	-00000000.209843
000000017.676617	000000002.405682	-00000000.124546
000000024.761135	000000003.369843	-00000000.174462
000000024.904490	000000003.278738	000000000.175369
000000028.513260	000000003.753842	000000000.200781
000000035.803135	000000004.713572	000000000.756440
000000073.112938	000000009.625501	000000001.544713
000000009.461652	000000001.203674	-00000000.199791
000000014.205164	000000001.807125	-00000000.099972
000000028.366278	000000003.482941	000000000.199524
000000033.739166	000000004.142649	000000000.712042
000000009.829221	000000001.163365	-00000000.207330
000000029.130817	000000003.319037	000000000.204691
000000033.929653	000000003.865796	000000000.238410
000000037.936188	000000004.322282	000000000.799791
000000009.361958	000000001.025301	-00000000.197278
000000014.234540	000000001.558936	-00000000.099972
000000033.415119	000000003.512071	000000000.234570
000000067.344200	000000007.078160	000000001.418430
000000009.838080	000000000.990643	-00000000.207121
000000033.822739	000000003.256759	000000000.237223
000000035.932926	000000003.459947	000000000.252023
000000037.256771	000000003.587419	000000000.261309
000000095.835632	000000009.227922	000000002.016755
000000009.378426	000000000.861756	-00000000.197278
000000014.100254	000000001.295631	-00000000.098855
000000039.906590	000000003.491374	000000000.279669
000000041.948738	000000003.670039	000000000.293981
000000046.243176	000000004.045753	000000000.972357
000000009.764200	000000000.811342	-00000000.205236
000000042.238358	000000003.324231	000000000.295796
000000046.086365	000000003.627076	000000000.322744
000000050.482792	000000003.973082	000000001.060734
000000055.256973	000000004.348818	000000001.161048
000000009.312274	000000000.692021	-00000000.195602
000000014.120718	000000001.049351	-00000000.098855
000000050.445583	000000003.527499	000000000.353042
000000059.242310	000000004.142626	000000001.243980
000000063.540867	000000004.443210	000000001.334242
000000009.736967	000000000.638195	-00000000.204398
000000068.087807	000000004.164429	000000001.428901
000000009.402787	000000000.533929	-00000000.197278
000000014.096947	000000000.800483	-00000000.098575
000000081.160789	000000004.253457	000000001.702409
000000009.676718	000000000.464806	-00000000.202932
000000099.543312	000000004.346155	000000002.087122
000000009.330752	000000000.366606	-00000000.195602
000000013.948897	000000000.548054	-00000000.097458
000000009.683356	000000000.295853	-00000000.202932
000000009.395701	000000000.205015	-00000000.196859
000000013.916348	000000000.303656	-00000000.097179
000000009.667051	000000000.126549	-00000000.202513
000000009.397848	000000000.041006	-00000000.196859
000000013.999526	000000000.061085	-00000000.097738
000000009.657789	-00000000.042140	-00000000.202304
000000009.437120	-00000000.123539	-00000000.197696
000000014.078450	-00000000.184297	-00000000.098296
000000009.765533	-00000000.213085	-00000000.204607
000000009.553446	-00000000.291884	-00000000.200210
000000014.073090	-00000000.429972	-00000000.098296
000000089.595718	-00000003.128752	000000001.877907
000000009.830257	-00000000.386232	-00000000.206073
000000078.418076	-00000003.423807	000000001.644189
000000009.526924	-00000000.457611	-00000000.199791
000000014.063442	-00000000.675516	-00000000.098296
000000009.822020	-00000000.557735	-00000000.206073
000000041.740978	-00000002.552988	000000000.291956
000000056.980995	-00000003.485107	000000001.195812
000000009.517487	-00000000.623809	-00000000.199791
000000014.288991	-00000000.936550	-00000000.099972
000000045.627468	-00000003.190583	000000000.319323
000000045.778149	-00000003.201120	000000000.961257
000000009.860641	-00000000.732772	-00000000.207121
000000033.166634	-00000002.610271	000000000.232267
000000049.316650	-00000003.881305	000000001.036231
000000049.416325	-00000003.889149	000000001.038325
000000059.433144	-00000004.677490	000000001.248796
000000009.505150	-00000000.789817	-00000000.199791
000000014.190746	-00000001.179160	-00000000.099413
000000028.231470	-00000002.469934	000000000.197849
000000032.026882	-00000002.801989	000000000.224448
000000033.939526	-00000002.969324	000000000.237852
000000041.751320	-00000003.652767	000000000.877906
000000009.806528	-00000000.901093	-00000000.206283
000000028.019720	-00000002.697992	000000000.196522
000000033.842648	-00000003.258676	000000000.237363
000000033.865902	-00000003.260916	000000000.712671
000000009.579446	-00000000.964599	-00000000.201676
000000014.168006	-00000001.426643	-00000000.099413
000000024.315468	-00000002.555659	000000000.170692
000000027.458080	-00000002.885961	000000000.192753
000000035.904308	-00000003.773695	000000000.756231
000000009.829062	-00000001.076457	-00000000.207121
000000022.504887	-00000002.464686	-00000000.158056
000000023.000628	-00000002.620590	000000000.161616
000000030.174044	-00000003.437898	000000000.212021
000000029.800619	-00000003.395352	000000000.628273
000000009.481724	-00000001.122236	-00000000.200000
000000014.220393	-00000001.683095	-00000000.099972
000000019.016798	-00000002.250786	-00000000.133691
000000020.824137	-00000002.464699	-00000000.146397
000000021.587353	-00000002.650594	000000000.151842
000000023.354042	-00000002.867516	000000000.164269
000000028.023355	-00000003.440835	000000000.591414
000000009.808778	-00000001.247834	-00000000.207121
000000019.492422	-00000002.479749	-00000000.137182
000000020.234896	-00000002.663975	000000000.142488
000000022.306965	-00000002.936768	000000000.157078
000000027.958065	-00000003.680749	000000000.196872
000000022.629723	-00000002.979259	000000000.478115
000000027.794018	-00000003.659152	000000000.587225
000000009.579572	-00000001.303723	-00000000.202513
000000014.188853	-00000001.931018	-00000000.099972
000000018.469290	-00000002.513560	-00000000.130131
000000019.012684	-00000002.672059	000000000.134040
000000022.320099	-00000003.136885	000000000.157358
000000022.325647	-00000003.137665	000000000.472252
000000009.775611	-00000001.417396	-00000000.206911
000000014.794928	-00000002.145162	-00000000.104370
000000017.457024	-00000002.531148	-00000000.123149
000000019.255669	-00000002.877779	000000000.135925
000000022.212753	-00000003.319718	000000000.156799
000000022.178761	-00000003.314638	000000000.469738
000000009.515834	-00000001.464627	-00000000.201676
000000013.994858	-00000002.154015	-00000000.098855
000000018.321171	-00000002.901788	000000000.129502
000000022.385984	-00000003.545592	000000000.474765
000000025.180529	-00000003.988204	000000000.534032
000000027.787455	-00000004.401100	000000000.589320
000000009.739517	-00000001.586181	-00000000.206702
000000015.485595	-00000002.521989	-00000000.109536
000000017.742846	-00000002.969134	000000000.125593
000000019.813995	-00000003.315726	000000000.140254
000000024.977135	-00000004.179739	000000000.530472
000000009.498677	-00000001.632171	-00000000.201885
000000013.718606	-00000002.357288	-00000000.097179
000000015.283844	-00000002.694954	000000000.108349
000000017.962456	-00000003.167266	000000000.127338
000000024.447414	-00000004.310739	000000000.520000
000000009.730028	-00000001.759476	-00000000.207121
000000013.854956	-00000002.505384	-00000000.098296
000000015.122092	-00000002.802714	000000000.107372
000000021.001814	-00000003.892456	000000000.149120
000000024.389204	-00000004.520272	000000000.519581
000000009.390166	-00000001.782779	-00000000.200210
000000013.262757	-00000002.518013	-00000000.094247
000000014.076191	-00000002.736134	000000000.100111
000000021.271343	-00000004.134730	000000000.151284
000000023.465559	-00000004.561243	000000000.500733
000000009.629199	-00000001.915367	-00000000.205655
000000012.995089	-00000002.584884	-00000000.092502
000000013.650019	-00000002.777128	000000000.097249
000000015.423638	-00000003.137975	000000000.109885
000000021.783195	-00000004.431841	000000000.155193
000000024.522137	-00000004.989085	000000000.524189
000000009.475082	-00000001.970820	-00000000.202723
000000012.100707	-00000002.516951	-00000000.086288
000000012.666702	-00000002.692391	000000000.090407
000000022.277317	-00000004.735190	000000000.477068
000000009.623615	-00000002.089492	-00000000.206283
000000011.736259	-00000002.548192	-00000000.083845
000000012.056962	-00000002.672964	000000000.086219
000000022.259007	-00000004.934703	000000000.159173
000000021.854473	-00000004.845020	000000000.468901
000000009.390487	-00000002.124850	-00000000.201676
000000011.616044	-00000002.628442	-00000000.083147
000000012.081894	-00000002.789325	000000000.086568
000000021.821102	-00000005.037798	000000000.469110
000000009.537024	-00000002.245671	-00000000.205236
000000011.290925	-00000002.658660	-00000000.080983
000000012.115434	-00000002.908658	000000000.086987
000000021.970741	-00000005.274708	000000000.473299
000000009.274282	-00000002.269403	-00000000.200000
000000010.451386	-00000002.557438	-00000000.075118
000000012.128401	-00000003.023950	000000000.087266
000000021.869934	-00000005.452787	000000000.157358
000000022.030582	-00000005.492841	000000000.475602
000000009.428548	-00000002.394546	-00000000.203770
000000010.312366	-00000002.619007	-00000000.074281
000000011.501314	-00000002.974442	000000000.082937
000000022.024822	-00000005.696006	000000000.158824
000000022.020529	-00000005.694896	000000000.476440
000000027.915255	-00000007.219376	000000000.603979
000000009.097906	-00000002.395279	-00000000.197068
000000009.979671	-00000002.627428	-00000000.072047
000000010.653902	-00000002.854704	000000000.077003
000000017.295937	-00000004.634432	000000000.375079
000000022.105192	-00000005.923069	000000000.479372
000000009.105595	-00000002.482470	-00000000.197696
000000009.416095	-00000002.567122	-00000000.068137
000000009.915516	-00000002.749816	000000000.071837
000000017.119959	-00000004.747785	000000000.372147
000000008.939248	-00000002.521129	-00000000.194555
000000009.325964	-00000002.630194	-00000000.067648
000000009.843080	-00000002.822458	000000000.071488
000000010.859875	-00000003.114019	000000000.236649
000000016.895275	-00000004.844642	000000000.368168
000000008.763333	-00000002.554279	-00000000.191204
000000009.168253	-00000002.672302	-00000000.066671
000000009.463320	-00000002.803163	000000000.068905
000000010.113330	-00000002.995705	000000000.220943
000000016.679804	-00000004.940783	000000000.364398
000000008.463075	-00000002.547096	-00000000.185131
000000008.723262	-00000002.625404	-00000000.063599
000000009.352432	-00000002.859325	000000000.068277
000000010.038998	-00000003.069230	000000000.219895
000000017.056736	-00000005.214767	000000000.373613
000000008.297303	-00000002.576381	-00000000.181990
000000008.566320	-00000002.659913	-00000000.062622
000000009.164996	-00000002.889712	000000000.067090
000000009.725780	-00000003.066526	000000000.213613
000000017.029650	-00000005.369428	000000000.374032
000000008.045979	-00000002.575538	-00000000.176963
000000008.142786	-00000002.606526	-00000000.059690
000000008.578321	-00000002.787266	000000000.062971
000000009.147157	-00000002.972091	000000000.201466
000000017.172314	-00000005.579623	000000000.378220
000000007.909259	-00000002.608082	-00000000.174450
000000008.091240	-00000002.668091	-00000000.059480
000000008.515738	-00000002.849326	000000000.062692
000000009.168279	-00000003.067663	000000000.202513
000000007.630583	-00000002.590234	-00000000.168796
000000008.058179	-00000002.735383	-00000000.059411
000000008.481095	-00000002.920275	000000000.062622
000000009.216784	-00000003.173593	000000000.204189
000000007.390596	-00000002.580912	-00000000.163979
000000007.901833	-00000002.759444	-00000000.058433
000000008.662663	-00000003.067610	000000000.064158
000000009.396074	-00000003.327325	000000000.208796
000000007.160779	-00000002.570982	-00000000.159372
000000007.416286	-00000002.662719	-00000000.055012
000000008.597978	-00000003.129408	000000000.063879
000000009.704896	-00000003.532293	000000000.216335
000000007.044272	-00000002.598769	-00000000.157278
000000007.289569	-00000002.689264	-00000000.054244
000000008.326813	-00000003.113268	000000000.062063
000000009.673701	-00000003.616849	000000000.216335
000000012.614207	-00000004.716259	000000000.282094
000000006.778244	-00000002.568047	-00000000.151833
000000006.919832	-00000002.621690	-00000000.051661
000000007.235072	-00000002.777284	000000000.054105
000000009.567101	-00000003.672466	000000000.214660
000000012.357894	-00000004.743751	000000000.277278
000000006.494670	-00000002.525639	-00000000.145969
000000006.756892	-00000002.627612	-00000000.050614
000000007.164041	-00000002.821990	000000000.053756
000000009.599803	-00000003.781463	000000000.216126
000000012.167192	-00000004.792785	000000000.273927
000000006.425952	-00000002.563695	-00000000.144922
000000006.529372	-00000002.604955	-00000000.049078
000000006.517944	-00000002.633420	000000000.049078
000000006.488863	-00000002.621671	000000000.146597
000000012.180524	-00000004.921251	000000000.275183
000000006.162748	-00000002.521247	-00000000.139477
000000006.413839	-00000002.623971	-00000000.048380
000000006.485476	-00000002.686372	000000000.049008
000000006.650474	-00000002.754716	000000000.150785
000000011.998563	-00000004.969967	000000000.272042
000000006.122071	-00000002.567198	-00000000.139058
000000006.307701	-00000002.645039	-00000000.047752
000000006.563040	-00000002.785845	000000000.049776
000000006.699806	-00000002.843899	000000000.152461
000000011.761472	-00000004.992448	000000000.267644
000000006.016763	-00000002.585005	-00000000.137173
000000006.330317	-00000002.719719	-00000000.048101
000000006.538479	-00000002.843012	000000000.049776
000000006.711408	-00000002.918203	000000000.153299
000000011.680782	-00000005.078949	000000000.266806
000000005.948220	-00000002.617279	-00000000.136126
000000006.288036	-00000002.766802	-00000000.047961
000000006.577367	-00000002.928432	000000000.050265
000000007.188026	-00000003.200315	000000000.164817
000000011.818686	-00000005.262018	000000000.270995
000000005.843113	-00000002.632130	-00000000.134241
000000006.136009	-00000002.764071	-00000000.046984
000000006.515164	-00000002.969131	000000000.049986
000000006.996068	-00000003.188292	000000000.161047
000000011.599462	-00000005.286179	000000000.267016
000000005.919795	-00000002.729063	-00000000.136545
000000006.193386	-00000002.855190	-00000000.047612
000000006.561508	-00000003.059682	000000000.050544
000000006.877367	-00000003.206969	000000000.158953
000000011.761294	-00000005.484382	000000000.271833
000000005.579265	-00000002.631352	-00000000.129215
000000006.041613	-00000002.849410	-00000000.046635
000000006.299892	-00000003.004894	000000000.048729
000000006.352807	-00000003.030133	000000000.147435
000000011.541534	-00000005.505029	000000000.267854
000000005.736189	-00000002.766809	-00000000.133403
000000005.944463	-00000002.867269	-00000000.046076
000000006.345331	-00000003.094825	000000000.049288
000000006.496856	-00000003.168728	000000000.151414
000000011.582914	-00000005.649365	000000000.269948
000000005.604225	-00000002.763698	-00000000.130890
000000005.874373	-00000002.896920	-00000000.045727
000000006.470218	-00000003.225932	000000000.050475
000000006.630009	-00000003.305601	000000000.155183
000000011.452648	-00000005.710080	000000000.268063
000000005.463832	-00000002.753998	-00000000.128168
000000005.857799	-00000002.952574	-00000000.045797
000000006.495279	-00000003.309510	000000000.050893
000000006.485105	-00000003.304326	000000000.152461
000000011.821064	-00000006.023133	000000000.277906
000000005.261827	-00000002.710019	-00000000.123979
000000005.556222	-00000002.861642	-00000000.043633
000000006.208924	-00000003.232162	000000000.048869
000000006.420550	-00000003.342327	000000000.151623
000000012.344483	-00000006.426131	000000000.291518
000000005.105259	-00000002.686007	-00000000.120838
000000005.371744	-00000002.826211	-00000000.042376
000000006.171653	-00000003.281526	000000000.048799
000000006.532379	-00000003.473328	000000000.154974
000000012.049591	-00000006.406881	000000000.285864
000000005.046397	-00000002.711527	-00000000.120000
000000005.197129	-00000002.792518	-00000000.041189
000000005.729748	-00000003.110999	000000000.045518
000000012.804053	-00000006.952034	000000000.101717
000000006.466675	-00000003.511118	000000000.154136
000000011.896574	-00000006.459312	000000000.283560
000000012.942137	-00000007.027007	000000000.308482
000000004.671929	-00000002.563108	-00000000.111623
000000004.769278	-00000002.616515	-00000000.037978
000000005.440002	-00000003.015442	000000000.043423
000000006.077274	-00000003.368688	000000000.145550
000000012.941533	-00000007.173609	000000000.309948
000000033.341938	-00000018.481737	000000000.798535
000000004.605769	-00000002.579355	-00000000.110576
000000004.711364	-00000002.638490	-00000000.037699
000000005.274227	-00000002.984014	000000000.042306
000000005.830104	-00000003.298514	000000000.140314
000000031.578281	-00000017.866133	000000000.760000
000000033.501347	-00000018.954149	000000000.806283
000000004.461563	-00000002.549993	-00000000.107644
000000004.662114	-00000002.664618	-00000000.037489
000000004.892924	-00000002.824931	000000000.039444
000000005.108429	-00000002.949353	000000000.123560
000000007.861786	-00000004.539004	000000000.190157
000000031.118126	-00000017.966059	000000000.752671
000000004.439141	-00000002.588830	-00000000.107644
000000004.638683	-00000002.705200	-00000000.037489
000000004.850854	-00000002.857371	000000000.039304
000000004.987739	-00000002.938003	000000000.121257
000000007.804648	-00000004.597289	000000000.189738
000000004.459341	-00000002.653029	-00000000.108691
000000004.657869	-00000002.771141	-00000000.037838
000000004.808591	-00000002.889293	000000000.039165
000000004.833363	-00000002.904178	000000000.118115
000000007.618546	-00000004.577684	000000000.186178
000000004.350547	-00000002.639977	-00000000.106597
000000004.522374	-00000002.744244	-00000000.036931
000000004.928140	-00000003.019968	000000000.040352
000000004.884557	-00000002.993260	000000000.120000
000000007.595357	-00000004.654441	000000000.186597
000000004.344347	-00000002.688364	-00000000.107016
000000004.481247	-00000002.773080	-00000000.036791
000000004.850717	-00000003.031064	000000000.039933
000000007.403279	-00000004.626082	000000000.060946
000000005.078694	-00000003.173520	000000000.125445
000000007.545972	-00000004.715247	000000000.186388
000000004.379909	-00000002.763517	-00000000.108482
000000004.414591	-00000002.785400	-00000000.036442
000000004.680708	-00000002.981940	000000000.038746
000000005.084535	-00000003.239206	000000000.126283
000000007.369625	-00000004.694969	000000000.183037
000000004.380852	-00000002.817859	-00000000.109110
000000004.406937	-00000002.834637	-00000000.036582
000000005.031901	-00000003.267755	000000000.041888
000000007.229164	-00000004.694674	000000000.060178
000000007.194215	-00000004.671978	000000000.179686
000000004.121986	-00000002.702493	-00000000.103246
000000004.524198	-00000002.966194	-00000000.037769
000000007.096196	-00000004.696869	000000000.059411
000000007.153171	-00000004.734581	000000000.179686
000000004.106559	-00000002.743915	-00000000.103456
000000004.340166	-00000002.900006	-00000000.036442
000000006.709796	-00000004.483342	-00000000.056339
000000004.418663	-00000002.980426	000000000.037210
000000007.311933	-00000004.931961	000000000.061575
000000007.119871	-00000004.802413	000000000.179895
000000004.222948	-00000002.875303	-00000000.107016
000000004.372553	-00000002.977165	-00000000.036931
000000007.298610	-00000004.969446	-00000000.061645
000000004.384244	-00000003.013208	000000000.037140
000000007.318062	-00000005.029565	000000000.061994
000000007.069452	-00000004.858700	000000000.179686
000000004.296271	-00000002.980429	-00000000.109529
000000004.395704	-00000003.049408	-00000000.037350
000000006.293662	-00000004.366069	-00000000.053476
000000004.333209	-00000003.034145	000000000.036931
000000007.200171	-00000005.041614	000000000.061365
000000007.223336	-00000005.057835	000000000.184712
000000004.221111	-00000002.983186	-00000000.108272
000000004.262765	-00000003.012624	-00000000.036442
000000004.355412	-00000003.106685	000000000.037350
000000007.709486	-00000005.499123	000000000.066113
000000007.211481	-00000005.143899	000000000.185550
000000004.186803	-00000003.014067	-00000000.108063
000000004.341815	-00000003.125659	-00000000.037350
000000004.279595	-00000003.109308	000000000.036931
000000007.062546	-00000005.131240	000000000.060946
000000007.125877	-00000005.177253	000000000.184503
000000004.168404	-00000003.056401	-00000000.108272
000000004.403080	-00000003.228472	-00000000.038118
000000006.362693	-00000004.665319	-00000000.055082
000000004.284452	-00000003.170328	000000000.037210
000000006.808502	-00000005.038026	000000000.059131
000000007.040242	-00000005.209505	000000000.183456
000000004.373887	-00000003.266136	-00000000.114346
000000006.104215	-00000004.558233	-00000000.159581
000000004.326665	-00000003.230874	-00000000.037699
000000006.425900	-00000004.798447	-00000000.055990
000000006.748305	-00000005.085213	000000000.058992
000000007.098313	-00000005.348962	000000000.186178
000000004.194011	-00000003.189200	-00000000.110367
000000005.897081	-00000004.484245	-00000000.155183
000000004.425663	-00000003.365353	-00000000.038816
000000006.320102	-00000004.805917	-00000000.055431
000000006.759206	-00000005.186521	000000000.059480
000000026.997156	-00000020.715647	000000000.237572
000000007.336909	-00000005.629808	000000000.193717
000000022.446976	-00000017.224169	000000000.592670
000000027.158463	-00000020.839420	000000000.717068
000000004.308313	-00000003.335852	-00000000.114136
000000005.960492	-00000004.615106	-00000000.157906
000000004.309153	-00000003.336503	-00000000.038048
000000006.372803	-00000004.934351	-00000000.056269
000000006.264533	-00000004.894389	000000000.055501
000000026.366196	-00000020.599531	000000000.233593
000000021.949165	-00000017.148567	000000000.583456
000000026.833761	-00000020.964832	000000000.713299
000000004.161267	-00000003.280478	-00000000.110995
000000004.232755	-00000003.336835	-00000000.037629
000000006.211705	-00000004.896914	-00000000.055222
000000006.198106	-00000004.930196	000000000.055292
000000025.888048	-00000020.592283	000000000.230940
000000006.345560	-00000005.047486	000000000.169843
000000021.587423	-00000017.171412	000000000.577801
000000027.330507	-00000021.739668	000000000.731519
000000004.257236	-00000003.416793	-00000000.114346
000000004.156683	-00000003.336091	-00000000.037210
000000006.301313	-00000005.057338	-00000000.056409
000000006.411298	-00000005.191767	000000000.057595
000000021.930525	-00000017.758987	000000000.197011
000000025.761763	-00000020.861464	000000000.231429
000000021.460064	-00000017.378017	000000000.578430
000000022.812002	-00000018.472795	000000000.614869
000000004.157577	-00000003.396882	-00000000.112461
000000004.228081	-00000003.454487	-00000000.038118
000000006.272428	-00000005.124788	-00000000.056548
000000006.381180	-00000005.260239	000000000.057735
000000025.169779	-00000020.748365	000000000.227729
000000021.299883	-00000017.558268	000000000.578220
000000004.089342	-00000003.401070	-00000000.111414
000000004.243904	-00000003.529617	-00000000.038537
000000006.273596	-00000005.217695	-00000000.056967
000000006.342693	-00000005.322152	000000000.057805
000000008.334360	-00000006.993359	000000000.075956
000000008.317418	-00000006.979142	000000000.227435
000000021.299023	-00000017.872002	000000000.582409
000000004.036614	-00000003.417246	-00000000.110785
000000004.197676	-00000003.553595	-00000000.038397
000000006.182033	-00000005.233477	-00000000.056548
000000006.219969	-00000005.312356	000000000.057107
000000008.212185	-00000007.013868	000000000.075398
000000008.233391	-00000007.031980	000000000.226806
000000004.158120	-00000003.582865	-00000000.114974
000000005.854693	-00000005.044726	-00000000.161885
000000004.234685	-00000003.648838	-00000000.039025
000000006.151278	-00000005.300280	-00000000.056688
000000006.173374	-00000005.366432	000000000.057107
000000008.195946	-00000007.124627	000000000.075816
000000008.194348	-00000007.123238	000000000.227435
000000004.051528	-00000003.553094	-00000000.112880
000000004.142537	-00000003.632907	-00000000.038467
000000006.059681	-00000005.314198	-00000000.056269
000000006.028947	-00000005.333961	000000000.056199
000000023.029827	-00000020.375071	000000000.214674
000000021.108431	-00000018.675163	000000000.590367
000000003.833894	-00000003.421881	-00000000.107644
000000005.877643	-00000005.245997	-00000000.165026
000000006.042918	-00000005.393510	-00000000.056548
000000022.695091	-00000020.434752	000000000.213208
000000021.063536	-00000018.965693	000000000.593718
000000004.240520	-00000003.851817	-00000000.120000
000000005.824239	-00000005.290366	-00000000.164817
000000006.017827	-00000005.466209	-00000000.056758
000000022.287350	-00000020.422594	000000000.211043
000000023.550846	-00000021.580374	000000000.669110
000000003.582708	-00000003.311821	-00000000.102199
000000005.880633	-00000005.436002	-00000000.167749
000000006.344392	-00000005.864696	-00000000.060318
000000006.962318	-00000006.492466	000000000.066462
000000022.298431	-00000020.793623	000000000.212859
000000023.178829	-00000021.614607	000000000.663875
000000003.466286	-00000003.260756	-00000000.099686
000000003.554364	-00000003.343611	-00000000.034069
000000006.460493	-00000006.077425	-00000000.061924
000000020.546844	-00000019.328541	-00000000.196941
000000021.492319	-00000020.395449	000000000.206855
000000022.837029	-00000021.671532	000000000.659477
000000003.567695	-00000003.415325	-00000000.103456
000000005.763200	-00000005.517064	-00000000.167121
000000003.611732	-00000003.457481	-00000000.034906
000000006.421659	-00000006.147401	-00000000.062063
000000019.734503	-00000018.891676	-00000000.190728
000000021.040176	-00000020.318262	000000000.204202
000000020.978540	-00000020.258741	000000000.610890
000000022.524780	-00000021.751928	000000000.655917
000000003.623693	-00000003.530045	-00000000.105969
000000005.850904	-00000005.699698	-00000000.171100
000000003.645888	-00000003.551667	-00000000.035535
000000007.420707	-00000007.228933	-00000000.072326
000000019.210751	-00000018.714283	-00000000.187237
000000020.591040	-00000020.234758	000000000.201549
000000020.230478	-00000019.880436	000000000.594136
000000021.927641	-00000021.548233	000000000.643979
000000003.699254	-00000003.667112	-00000000.109110
000000005.779641	-00000005.729423	-00000000.170471
000000003.621857	-00000003.590388	-00000000.035604
000000019.039606	-00000018.874174	-00000000.187168
000000017.832798	-00000017.832798	000000000.176067
000000017.808113	-00000017.808113	000000000.527540
000000020.388487	-00000020.388487	000000000.603979
000000021.668070	-00000021.668070	000000000.641885
000000003.589688	-00000003.621151	-00000000.106806
000000005.694230	-00000005.744140	-00000000.169424
000000003.893107	-00000003.927230	-00000000.038606
000000018.184258	-00000018.343641	-00000000.180326
000000017.802662	-00000018.116119	000000000.177324
000000016.818132	-00000017.114256	000000000.502618
000000017.967371	-00000018.283730	000000000.536964
000000021.141794	-00000021.514048	000000000.631833
000000003.488187	-00000003.580724	-00000000.104712
000000003.712155	-00000003.810634	-00000000.037140
000000018.100245	-00000018.580420	-00000000.181094
000000017.581375	-00000018.206047	000000000.176696
000000019.512478	-00000020.205763	000000000.196104
000000016.800100	-00000017.397015	000000000.506597
000000003.491375	-00000003.647138	-00000000.105759
000000003.720250	-00000003.886224	-00000000.037559
000000018.373055	-00000019.192743	-00000000.185492
000000019.335409	-00000020.375269	000000000.196104
000000016.434301	-00000017.318140	000000000.500105
000000017.631777	-00000018.580017	000000000.536545
000000003.404613	-00000003.619210	-00000000.104084
000000005.459711	-00000005.803843	-00000000.166911
000000003.501200	-00000003.721885	-00000000.035674
000000017.786917	-00000018.908049	-00000000.181234
000000018.965912	-00000020.338449	000000000.194149
000000016.016628	-00000017.175730	000000000.491937
000000017.734886	-00000019.018337	000000000.544712
000000003.345754	-00000003.619416	-00000000.103246
000000003.434648	-00000003.715581	-00000000.035325
000000003.411648	-00000003.723160	000000000.035255
000000015.909761	-00000017.362457	000000000.164409
000000018.686369	-00000020.392593	000000000.193102
000000015.940433	-00000017.395929	000000000.494241
000000003.112376	-00000003.426458	-00000000.096963
000000016.482819	-00000018.146168	-00000000.513508
000000003.449158	-00000003.797226	-00000000.035814
000000016.741526	-00000018.430983	-00000000.173833
000000003.372336	-00000003.745359	000000000.035186
000000016.674328	-00000018.518719	000000000.173973
000000018.280203	-00000020.302221	000000000.190728
000000015.734501	-00000017.474934	000000000.492566
000000016.804874	-00000018.663704	000000000.526074
000000016.898533	-00000018.767721	000000000.529006
000000003.881239	-00000004.348560	-00000000.122094
000000005.219368	-00000005.847807	-00000000.164189
000000003.688895	-00000004.133057	-00000000.038676
000000016.613342	-00000018.613678	-00000000.174182
000000016.452456	-00000018.596117	000000000.173345
000000018.148720	-00000020.513397	000000000.191217
000000015.548282	-00000017.574135	000000000.491519
000000019.761621	-00000022.336449	000000000.624712
000000002.966405	-00000003.382537	-00000000.094241
000000003.626314	-00000004.135018	-00000000.038397
000000016.634890	-00000018.968456	-00000000.176137
000000016.217384	-00000018.655966	000000000.172577
000000017.982140	-00000020.686085	000000000.191356
000000015.453361	-00000017.777058	000000000.493403
000000003.080350	-00000003.574922	-00000000.098848
000000003.544399	-00000004.113478	-00000000.037908
000000016.442617	-00000019.082598	-00000000.175858
000000017.606108	-00000020.614103	000000000.189262
000000015.992396	-00000018.724691	000000000.515812
000000018.615591	-00000021.796059	000000000.600419
000000003.294510	-00000003.891632	-00000000.106806
000000003.482523	-00000004.113723	-00000000.037629
000000016.417610	-00000019.393265	-00000000.177394
000000017.296993	-00000020.613754	000000000.187866
000000018.270445	-00000021.773867	000000000.595393
000000017.046480	-00000020.679035	000000000.187098
000000017.901674	-00000021.716469	000000000.589529
000000016.670290	-00000020.586094	000000000.184934
000000014.357942	-00000017.730581	000000000.477906
000000017.359142	-00000021.436754	000000000.577801
000000016.377960	-00000020.589918	000000000.183677
000000014.314696	-00000017.996040	000000000.481676
000000015.671481	-00000019.701752	000000000.527330
000000003.743130	-00000004.790988	000000000.042446
000000014.042895	-00000017.974087	000000000.159243
000000013.984760	-00000017.899677	000000000.475812
000000015.714391	-00000020.113503	000000000.534660
000000003.743792	-00000004.879004	000000000.042935
000000013.855073	-00000018.056282	000000000.158893
000000013.773250	-00000017.949648	000000000.473927
000000003.472388	-00000004.608015	000000000.040282
000000013.630778	-00000018.088654	000000000.158126
000000013.592020	-00000018.037220	000000000.473089
000000013.478355	-00000018.214952	000000000.158195
000000013.505463	-00000018.251585	000000000.475602
000000003.420827	-00000004.708364	000000000.040631
000000013.383544	-00000018.420868	000000000.158963
000000013.328046	-00000018.344482	000000000.474974
000000013.175829	-00000018.471832	000000000.158405
000000014.581097	-00000020.441942	000000000.175299
000000013.231318	-00000018.549623	000000000.477278
000000012.480720	-00000017.824314	000000000.151912
000000014.453774	-00000020.642130	000000000.175928
000000013.068941	-00000018.664381	000000000.477278
000000014.210786	-00000020.676823	000000000.175160
000000015.057439	-00000021.908709	000000000.556859
000000013.979482	-00000020.725433	000000000.174532
000000014.753864	-00000021.873503	000000000.552670
000000013.776011	-00000020.813282	000000000.174252
000000014.496205	-00000021.901377	000000000.550157
000000013.452257	-00000020.714659	000000000.172437
000000014.222852	-00000021.901272	000000000.547016
000000011.831049	-00000018.571028	000000000.153727
000000011.619241	-00000018.238556	000000000.452985
000000002.713120	-00000004.341900	000000000.035744
000000011.483070	-00000018.376755	000000000.151284
000000012.712453	-00000020.344177	000000000.167480
000000002.754976	-00000004.408883	000000000.108901
000000011.486130	-00000018.381651	000000000.454032
000000011.222996	-00000018.314264	000000000.149957
000000002.737292	-00000004.466855	000000000.109738
000000002.667832	-00000004.440018	000000000.036163
000000011.021546	-00000018.342934	000000000.149399
000000002.646715	-00000004.404873	000000000.107644
000000002.705113	-00000004.592371	000000000.037210
000000010.998088	-00000018.671049	000000000.151284
000000002.669066	-00000004.531176	000000000.110157
000000002.629936	-00000004.555183	000000000.036721
000000002.599430	-00000004.502344	000000000.108901
