000000005.405773	000000006.056657	-00000000.170052
000000005.786370	000000006.483080	-00000000.060667
000000005.465143	000000006.016654	-00000000.170262
000000005.809108	000000006.395329	-00000000.060318
000000005.497080	000000005.946708	-00000000.169634
000000005.817181	000000006.292990	-00000000.059829
000000005.514513	000000005.862101	-00000000.168586
000000005.885579	000000006.256554	-00000000.059969
000000005.544719	000000005.792089	-00000000.167958
000000005.919208	000000006.183285	-00000000.059760
000000005.588076	000000005.736320	-00000000.167749
000000005.986896	000000006.145721	-00000000.059899
000000005.588651	000000005.637635	-00000000.166283
000000005.998060	000000006.050632	-00000000.059480
000000005.559532	000000005.511226	-00000000.163979
000000005.865988	000000005.815020	-00000000.057665
000000005.600253	000000005.455525	-00000000.163770
000000005.930835	000000005.777564	-00000000.057805
000000005.719868	000000005.475582	-00000000.165864
000000005.966581	000000005.711759	-00000000.057665
000000005.781997	000000005.439160	-00000000.166283
000000005.972496	000000005.618363	-00000000.057246
000000005.777851	000000005.340990	-00000000.164817
000000005.999269	000000005.545667	-00000000.057037
000000005.846441	000000005.310533	-00000000.165445
000000006.040032	000000005.486379	-00000000.056967
000000005.900020	000000005.265969	-00000000.165655
000000006.035457	000000005.386851	-00000000.056478
000000005.878098	000000005.154953	-00000000.163770
000000006.044645	000000005.301011	-00000000.056129
000000005.930433	000000005.109988	-00000000.163979
000000006.211881	000000005.352499	-00000000.057246
000000005.944277	000000005.032202	-00000000.163141
000000006.212561	000000005.259321	-00000000.056827
000000005.941844	000000004.941780	-00000000.161885
000000006.281285	000000005.224090	-00000000.057037
000000006.054422	000000004.946671	-00000000.163770
000000006.249196	000000005.105807	-00000000.056339
000000006.034982	000000004.843585	-00000000.162094
000000006.309112	000000005.063598	-00000000.056478
000000006.139832	000000004.840253	-00000000.163770
000000006.423736	000000005.064065	-00000000.057107
000000006.007923	000000004.651831	-00000000.159162
000000006.396523	000000004.952717	-00000000.056478
000000006.056247	000000004.605277	-00000000.159372
000000006.280303	000000004.775653	-00000000.055082
000000005.919967	000000004.420649	-00000000.154764
000000006.433911	000000004.804430	-00000000.056060
000000006.079259	000000004.457497	-00000000.157906
000000006.290115	000000004.612103	-00000000.054454
000000006.231521	000000004.486053	-00000000.160838
000000006.492434	000000004.673883	-00000000.055850
000000006.458218	000000004.564217	-00000000.165655
000000006.532973	000000004.617049	-00000000.055850
000000006.530661	000000004.530480	-00000000.166492
000000006.622313	000000004.594062	-00000000.056269
000000006.569947	000000004.473318	-00000000.166492
000000006.645619	000000004.524841	-00000000.056129
000000006.797942	000000004.585270	000000000.057246
000000006.583795	000000004.399151	-00000000.165864
000000006.709796	000000004.483342	-00000000.056339
000000006.655378	000000004.363457	-00000000.166702
000000006.723577	000000004.408170	-00000000.056129
000000006.851772	000000004.449593	000000000.057037
000000007.730847	000000005.020471	000000000.193089
000000006.676385	000000004.294395	-00000000.166283
000000006.778610	000000004.360148	-00000000.056269
000000006.865039	000000004.373512	000000000.056827
000000007.926141	000000005.049509	000000000.196859
000000006.713606	000000004.235970	-00000000.166283
000000006.799486	000000004.290156	-00000000.056129
000000007.004707	000000004.377027	000000000.057665
000000007.885118	000000004.927168	000000000.194765
000000009.089082	000000005.679489	000000000.224503
000000006.758817	000000004.182483	-00000000.166492
000000006.811155	000000004.214871	-00000000.055920
000000006.974427	000000004.273934	000000000.057107
000000008.038633	000000004.926081	000000000.197487
000000006.743775	000000004.092223	-00000000.165236
000000006.898971	000000004.186398	-00000000.056339
000000007.114316	000000004.274712	000000000.057944
000000008.055605	000000004.840296	000000000.196859
000000009.298225	000000005.586938	000000000.227225
000000006.830782	000000004.063889	-00000000.166492
000000006.952428	000000004.136261	-00000000.056478
000000007.116884	000000004.192165	000000000.057665
000000008.131995	000000004.790111	000000000.197696
000000006.891895	000000004.019235	-00000000.167121
000000007.040088	000000004.105658	-00000000.056897
000000007.326396	000000004.229897	000000000.059061
000000008.138853	000000004.698969	000000000.196859
000000009.489556	000000005.478798	000000000.229529
000000006.970107	000000003.983744	-00000000.168168
000000007.066967	000000004.039104	-00000000.056827
000000007.484877	000000004.234740	000000000.060039
000000007.840185	000000004.435763	000000000.188691
000000006.995884	000000003.917883	-00000000.167958
000000007.154293	000000004.006597	-00000000.057246
000000007.477817	000000004.145021	000000000.059690
000000007.852362	000000004.352635	000000000.188063
000000007.064868	000000003.875919	-00000000.168796
000000007.232820	000000003.968061	-00000000.057595
000000007.548855	000000004.098694	000000000.059969
000000007.863688	000000004.269634	000000000.187435
000000007.063195	000000003.795192	-00000000.167958
000000007.223128	000000003.881127	-00000000.057246
000000007.628481	000000004.056136	000000000.060318
000000007.803545	000000004.149219	000000000.185131
000000007.122588	000000003.747375	-00000000.168586
000000007.274421	000000003.827258	-00000000.057386
000000007.583758	000000003.947855	000000000.059690
000000007.803984	000000004.062497	000000000.184293
000000007.208347	000000003.712543	-00000000.169843
000000007.316432	000000003.768210	-00000000.057456
000000007.617920	000000003.881524	000000000.059690
000000007.839138	000000003.994240	000000000.184293
000000007.249399	000000003.653998	-00000000.170052
000000007.366897	000000003.713222	-00000000.057595
000000007.472520	000000003.725661	000000000.058294
000000007.712642	000000003.845381	000000000.180524
000000007.343776	000000003.621550	-00000000.171518
000000007.381083	000000003.639947	-00000000.057456
000000007.477784	000000003.647159	000000000.058084
000000008.006498	000000003.905030	000000000.186597
000000007.420125	000000003.579044	-00000000.172566
000000007.502634	000000003.618841	-00000000.058154
000000007.572506	000000003.611900	000000000.058573
000000008.545609	000000004.076046	000000000.198325
000000016.026400	000000007.644200	000000000.371937
000000007.469161	000000003.522685	-00000000.172984
000000007.524883	000000003.548965	-00000000.058084
000000007.585611	000000003.537229	000000000.058433
000000007.819721	000000003.646396	000000000.180733
000000016.590857	000000007.736443	000000000.383456
000000007.581333	000000003.495042	-00000000.174869
000000007.455674	000000003.437113	-00000000.057316
000000007.634389	000000003.479192	000000000.058573
000000007.714779	000000003.515827	000000000.177592
000000007.638890	000000003.441069	-00000000.175497
000000007.649498	000000003.445847	-00000000.058573
000000007.929382	000000003.530388	000000000.060597
000000007.964369	000000003.545966	000000000.182618
000000014.914926	000000006.640553	000000000.341990
000000007.668628	000000003.374277	-00000000.175497
000000007.844028	000000003.451455	-00000000.059829
000000008.290021	000000003.604604	000000000.063111
000000014.000437	000000006.087563	000000000.319791
000000019.767479	000000008.595144	000000000.451519
000000007.798826	000000003.350640	-00000000.177801
000000008.085166	000000003.473661	-00000000.061435
000000008.569692	000000003.637618	000000000.064996
000000012.371284	000000005.251298	000000000.093828
000000014.568396	000000006.183917	000000000.331519
000000019.087084	000000008.101986	000000000.434346
000000008.021389	000000003.363647	-00000000.182199
000000008.308828	000000003.484181	-00000000.062901
000000008.665779	000000003.589483	000000000.065484
000000012.259583	000000005.078085	000000000.092641
000000015.970375	000000006.615146	000000000.362094
000000008.004169	000000003.274592	-00000000.181152
000000008.329661	000000003.407754	-00000000.062831
000000009.188168	000000003.712261	000000000.069184
000000012.405417	000000005.012114	000000000.093409
000000016.092382	000000006.501744	000000000.363560
000000008.078871	000000003.223143	-00000000.182199
000000008.507688	000000003.394223	-00000000.063948
000000009.294644	000000003.661258	000000000.069743
000000014.104787	000000005.556023	000000000.105836
000000016.669426	000000006.566262	000000000.375288
000000008.451457	000000003.286592	-00000000.189948
000000008.863179	000000003.446702	-00000000.066392
000000012.164256	000000004.669421	000000000.090966
000000012.945921	000000004.969473	000000000.290471
000000017.192780	000000006.599690	000000000.385759
000000008.713549	000000003.301268	-00000000.195183
000000009.351124	000000003.542824	-00000000.069813
000000011.829882	000000004.423011	000000000.088173
000000014.124672	000000005.280999	000000000.105277
000000016.144688	000000006.036251	000000000.361047
000000017.802233	000000006.655982	000000000.398115
000000020.087214	000000007.510301	000000000.449215
000000008.892103	000000003.280470	-00000000.198534
000000009.447356	000000003.485314	-00000000.070301
000000011.520351	000000004.193065	000000000.085590
000000013.239946	000000004.818946	000000000.098366
000000015.849138	000000005.768615	000000000.353299
000000017.934797	000000006.527733	000000000.399791
000000020.255329	000000007.372337	000000000.451519
000000009.212092	000000003.307479	-00000000.205026
000000009.816227	000000003.524386	-00000000.072815
000000010.283968	000000003.641744	000000000.076166
000000012.074944	000000004.275962	000000000.089430
000000013.224937	000000004.683196	000000000.097947
000000015.917723	000000005.636761	000000000.353717
000000018.066475	000000006.397674	000000000.401466
000000019.960768	000000007.068479	000000000.443560
000000009.250044	000000003.230260	-00000000.205236
000000009.846609	000000003.438590	-00000000.072815
000000012.310352	000000004.238794	000000000.090896
000000014.617361	000000005.033161	000000000.107930
000000015.862323	000000005.461836	000000000.351414
000000018.509193	000000006.373226	000000000.410053
000000020.125677	000000006.929826	000000000.445864
000000009.410420	000000003.194407	-00000000.208168
000000010.567483	000000003.587177	-00000000.077911
000000012.546016	000000004.197838	000000000.092362
000000013.083997	000000004.377844	000000000.289005
000000020.574110	000000006.884001	000000000.454451
000000031.287817	000000010.468758	000000000.691100
000000009.323999	000000003.074594	-00000000.205655
000000010.674357	000000003.519875	-00000000.078469
000000012.040082	000000003.912060	000000000.088383
000000012.494143	000000004.059593	000000000.275183
000000019.587467	000000006.364354	000000000.431414
000000032.214729	000000010.467200	000000000.709529
000000010.283619	000000003.291812	-00000000.226178
000000010.780857	000000003.450980	-00000000.079028
000000012.111910	000000003.818871	000000000.088662
000000012.481417	000000003.935376	000000000.274136
000000009.423980	000000002.926224	-00000000.206702
000000011.565009	000000003.591031	-00000000.084543
000000012.020457	000000003.675023	000000000.087754
000000012.591771	000000003.849691	000000000.275812
000000009.066213	000000002.728620	-00000000.198325
000000011.028803	000000003.319293	-00000000.241257
000000011.672510	000000003.513027	-00000000.085102
000000012.023307	000000003.561466	000000000.087545
000000012.270201	000000003.634599	000000000.268063
000000009.214458	000000002.685770	-00000000.201047
000000011.220521	000000003.270484	-00000000.244817
000000011.885128	000000003.464199	-00000000.086428
000000012.563384	000000003.602492	000000000.091245
000000012.647429	000000003.626592	000000000.275602
000000009.122074	000000002.572691	-00000000.198534
000000011.421838	000000003.221292	-00000000.248587
000000012.059270	000000003.401066	-00000000.087475
000000012.681067	000000003.516771	000000000.091873
000000012.726767	000000003.529445	000000000.276649
000000009.472134	000000002.582400	-00000000.205655
000000012.194615	000000003.324634	-00000000.088243
000000012.740251	000000003.413740	000000000.092083
000000014.923190	000000003.998657	000000000.107860
000000012.766739	000000003.420837	000000000.276859
000000021.091194	000000005.651368	000000000.457382
000000009.610328	000000002.530188	-00000000.208168
000000011.573002	000000003.046917	-00000000.250681
000000012.755025	000000003.358118	-00000000.092083
000000012.585612	000000003.254861	000000000.090756
000000014.289511	000000003.695519	000000000.103043
000000019.507700	000000005.045034	000000000.140672
000000019.000568	000000004.913881	000000000.411100
000000021.178423	000000005.477113	000000000.458220
000000009.486690	000000002.409312	-00000000.205026
000000013.006762	000000003.303297	-00000000.093689
000000014.136864	000000003.524716	000000000.101717
000000016.494625	000000004.112572	000000000.118681
000000019.783848	000000004.932667	000000000.142348
000000019.285248	000000004.808352	000000000.416335
000000021.138107	000000005.270322	000000000.456335
000000009.827826	000000002.404854	-00000000.211937
000000013.209930	000000003.232450	-00000000.094945
000000014.293489	000000003.431563	000000000.102625
000000016.685461	000000004.005825	000000000.119798
000000016.730816	000000004.016713	000000000.360419
000000009.566219	000000002.252546	-00000000.205864
000000013.734046	000000003.233939	-00000000.098506
000000014.381351	000000003.320197	000000000.103043
000000016.573631	000000003.826324	000000000.118751
000000016.628849	000000003.839072	000000000.357487
000000009.800041	000000002.217523	-00000000.210471
000000014.005574	000000003.169138	-00000000.100251
000000014.605032	000000003.237858	000000000.104440
000000016.821169	000000003.729164	000000000.120287
000000022.805719	000000005.055906	000000000.163082
000000019.238573	000000004.265089	000000000.412775
000000030.746580	000000006.816352	000000000.659686
000000009.594304	000000002.083128	-00000000.205655
000000014.208594	000000003.084988	-00000000.101508
000000016.813948	000000003.573915	000000000.120008
000000023.289125	000000004.950257	000000000.166224
000000030.599527	000000006.504130	000000000.655288
000000036.291096	000000007.713911	000000000.777173
000000009.807884	000000002.040043	-00000000.209843
000000014.969240	000000003.113606	-00000000.106743
000000019.137465	000000003.893561	000000000.136344
000000023.184454	000000004.716930	000000000.165177
000000023.268108	000000004.733950	000000000.497382
000000051.052677	000000010.386785	000000001.091310
000000009.589976	000000001.907565	-00000000.204817
000000014.986033	000000002.980907	-00000000.106674
000000020.319189	000000003.949650	000000000.144512
000000023.332710	000000004.535419	000000000.165945
000000009.792883	000000001.859237	-00000000.208796
000000016.239510	000000003.083167	-00000000.115400
000000018.214188	000000003.458071	-00000000.129433
000000020.756006	000000003.846898	000000000.147374
000000023.096094	000000004.280608	000000000.163990
000000009.503748	000000001.718558	-00000000.202304
000000015.508103	000000002.804322	-00000000.110025
000000020.995590	000000003.702089	000000000.148840
000000022.817440	000000004.023330	000000000.161756
000000043.548492	000000007.678774	000000000.926283
000000009.922373	000000001.704975	-00000000.210890
000000018.370317	000000003.156598	-00000000.130131
000000022.230337	000000003.720083	000000000.157358
000000009.591501	000000001.562075	-00000000.203560
000000015.396769	000000002.507523	-00000000.108908
000000019.561790	000000003.185840	-00000000.138369
000000022.252077	000000003.524383	000000000.157288
000000024.992908	000000003.958488	000000000.530053
000000009.950617	000000001.531546	-00000000.210890
000000017.582523	000000002.706209	-00000000.124197
000000020.478352	000000003.151920	-00000000.144652
000000022.727030	000000003.396577	000000000.160429
000000024.734684	000000003.696623	000000000.174601
000000024.868294	000000003.716591	000000000.526702
000000009.726139	000000001.410223	-00000000.205864
000000015.438186	000000002.238431	-00000000.108908
000000021.732214	000000003.151021	-00000000.153308
000000023.409367	000000003.289972	000000000.165037
000000024.959183	000000003.507784	000000000.527958
000000035.305214	000000004.961824	000000000.746807
000000010.084803	000000001.372481	-00000000.213194
000000020.123995	000000002.738755	-00000000.141789
000000022.759634	000000003.097450	-00000000.160360
000000024.428606	000000003.216087	000000000.172018
000000025.885996	000000003.407956	000000000.182281
000000027.184755	000000003.578941	000000000.191426
000000058.641014	000000007.720236	000000001.238954
000000009.699680	000000001.233955	-00000000.204817
000000015.841933	000000002.015348	-00000000.111491
000000021.922775	000000002.788929	-00000000.154286
000000024.065454	000000003.061512	-00000000.169365
000000025.319235	000000003.108811	000000000.178092
000000029.636707	000000003.638930	000000000.208460
000000010.087362	000000001.193918	-00000000.212775
000000025.372280	000000003.003007	-00000000.178371
000000028.405527	000000003.236401	000000000.199594
000000029.717010	000000003.385826	000000000.208809
000000009.759492	000000001.068838	-00000000.205655
000000015.268332	000000001.672154	-00000000.107232
000000024.900503	000000002.727049	-00000000.174881
000000029.148726	000000003.063654	000000000.204621
000000034.578686	000000003.634366	000000000.242738
000000035.168522	000000003.696361	000000000.740733
000000010.066873	000000001.013681	-00000000.211937
000000026.992838	000000002.718036	-00000000.189402
000000031.881762	000000003.069865	000000000.223610
000000034.907692	000000003.361229	000000000.244833
000000035.328815	000000003.401778	000000000.743456
000000038.911453	000000003.746747	000000000.818849
000000009.776659	000000000.898349	-00000000.205655
000000015.265318	000000001.402686	-00000000.107023
000000034.467495	000000003.015515	000000000.241552
000000042.665981	000000003.732790	000000000.299007
000000042.767216	000000003.741647	000000000.899267
000000010.122885	000000000.841147	-00000000.212775
000000015.894833	000000001.320759	-00000000.111351
000000046.425308	000000003.653751	000000000.325117
000000046.575729	000000003.665589	000000000.978639
000000009.631324	000000000.715731	-00000000.202304
000000016.224865	000000001.205716	-00000000.113585
000000041.687187	000000002.915052	000000000.291747
000000050.585239	000000003.537265	000000000.354020
000000050.565407	000000003.535878	000000001.061781
000000009.976400	000000000.653888	-00000000.209424
000000009.812037	000000000.557168	-00000000.205864
000000016.313322	000000000.926338	-00000000.114074
000000062.081165	000000003.253536	000000001.302200
000000009.756609	000000000.468644	-00000000.204607
000000070.327560	000000003.070568	000000001.474556
000000009.770316	000000000.383877	-00000000.204817
000000016.636757	000000000.653660	-00000000.116238
000000082.981209	000000002.897768	000000001.739268
000000009.983150	000000000.305013	-00000000.209215
000000009.785523	000000000.213521	-00000000.205026
000000009.936968	000000000.130082	-00000000.208168
000000009.787760	000000000.042707	-00000000.205026
000000016.759432	000000000.073127	-00000000.117006
000000010.017708	-00000000.043711	-00000000.209843
000000009.787014	-00000000.128119	-00000000.205026
000000015.478296	-00000000.202622	-00000000.108070
000000009.945450	-00000000.217010	-00000000.208377
000000009.783288	-00000000.298906	-00000000.205026
000000009.990099	-00000000.392512	-00000000.209424
000000009.736636	-00000000.467684	-00000000.204189
000000016.550514	-00000000.794978	-00000000.115679
000000010.111489	-00000000.574172	-00000000.212147
000000073.915627	-00000004.520874	000000001.551205
000000009.756920	-00000000.639502	-00000000.204817
000000015.875548	-00000001.040538	-00000000.111072
000000062.842724	-00000004.394392	000000001.319582
000000009.980286	-00000000.741663	-00000000.209634
000000043.753635	-00000003.443486	000000000.306408
000000050.333282	-00000003.961315	000000001.057592
000000053.363251	-00000004.199779	000000001.121257
000000009.744273	-00000000.809687	-00000000.204817
000000016.422998	-00000001.364646	-00000000.115051
000000036.659069	-00000003.207253	000000000.256910
000000050.346455	-00000004.404744	000000000.352833
000000047.119637	-00000004.122434	000000000.990786
000000009.995688	-00000000.918475	-00000000.210262
000000033.733154	-00000003.248133	000000000.236595
000000035.027138	-00000003.372730	000000000.245671
000000036.659550	-00000003.529913	000000000.257120
000000046.554420	-00000004.482681	000000000.979686
000000009.728658	-00000000.979624	-00000000.204817
000000015.958907	-00000001.606977	-00000000.111979
000000029.400602	-00000002.960485	-00000000.206296
000000029.516691	-00000003.102329	000000000.207204
000000033.365395	-00000003.506845	000000000.234221
000000035.424007	-00000003.723213	000000000.248672
000000044.524921	-00000004.679758	000000000.937802
000000046.374329	-00000004.874138	000000000.976754
000000009.988075	-00000001.093872	-00000000.210471
000000027.465107	-00000003.007918	-00000000.192892
000000028.534687	-00000003.251117	000000000.200502
000000044.243984	-00000005.040966	000000000.932775
000000009.670365	-00000001.144563	-00000000.203979
000000016.107178	-00000001.906410	-00000000.113236
000000025.193533	-00000002.981851	-00000000.177115
000000023.453293	-00000002.879702	000000000.164967
000000026.004076	-00000003.192899	000000000.182909
000000026.172806	-00000003.213616	000000000.184096
000000029.918703	-00000003.673555	000000000.631414
000000044.128849	-00000005.418341	000000000.931309
000000009.392227	-00000001.194842	-00000000.198325
000000010.959250	-00000001.394193	-00000000.231414
000000017.310066	-00000002.202118	-00000000.121823
000000018.649239	-00000002.372483	-00000000.131248
000000023.371067	-00000002.973175	-00000000.164478
000000023.556156	-00000003.101227	000000000.165875
000000026.004965	-00000003.423619	000000000.183118
000000029.732706	-00000003.914385	000000000.209368
000000029.845858	-00000003.929282	000000000.630576
000000009.658824	-00000001.314508	-00000000.204189
000000015.615666	-00000002.125199	-00000000.110025
000000021.689526	-00000002.951815	-00000000.152820
000000023.142002	-00000003.252396	000000000.163152
000000040.512882	-00000005.693714	000000000.856964
000000009.419415	-00000001.365750	-00000000.199372
000000010.834306	-00000001.570900	-00000000.229319
000000017.071070	-00000002.475187	-00000000.120427
000000020.247772	-00000002.935787	-00000000.142837
000000021.560020	-00000003.222167	000000000.152191
000000023.231417	-00000003.471958	000000000.163990
000000040.313335	-00000006.024868	000000000.853822
000000009.634411	-00000001.482878	-00000000.204189
000000015.418064	-00000002.373067	-00000000.108908
000000018.817945	-00000002.896359	-00000000.132923
000000019.802668	-00000003.136435	000000000.139974
000000040.269096	-00000006.377998	000000000.854032
000000009.315202	-00000001.517077	-00000000.197696
000000010.795372	-00000001.758138	-00000000.229110
000000015.761949	-00000002.566996	-00000000.111491
000000017.706284	-00000002.883651	-00000000.125244
000000018.531857	-00000003.101169	000000000.131178
000000040.310513	-00000006.745667	000000000.856126
000000009.636624	-00000001.655875	-00000000.204817
000000015.295458	-00000002.628240	-00000000.108349
000000018.179108	-00000003.205467	000000000.128874
000000022.773607	-00000004.015601	000000000.484398
000000010.782721	-00000001.949834	-00000000.229529
000000014.110800	-00000002.551648	-00000000.100111
000000016.383879	-00000002.962688	-00000000.116238
000000017.639164	-00000003.269226	000000000.125244
000000022.373974	-00000004.146771	000000000.476649
000000009.576791	-00000001.818210	-00000000.204189
000000014.618505	-00000002.775410	-00000000.103881
000000016.903208	-00000003.285651	000000000.120217
000000018.342588	-00000003.565438	000000000.391414
000000009.893953	-00000001.968030	-00000000.211309
000000014.270079	-00000002.838495	-00000000.101577
000000016.991480	-00000003.456956	000000000.121055
000000022.082659	-00000004.492768	000000000.472042
000000009.621906	-00000002.001359	-00000000.205864
000000013.862946	-00000002.883497	-00000000.098855
000000016.725916	-00000003.555203	000000000.119380
000000021.993715	-00000004.674908	000000000.470995
000000010.082813	-00000002.189193	-00000000.216126
000000013.680902	-00000002.970415	-00000000.097738
000000014.956491	-00000003.315774	000000000.106953
000000017.348358	-00000003.846038	000000000.124057
000000019.105646	-00000004.235620	000000000.136623
000000021.961842	-00000004.868823	000000000.471204
000000009.507502	-00000002.151328	-00000000.204189
000000013.108281	-00000002.966101	-00000000.093828
000000015.004933	-00000003.464162	000000000.107511
000000018.996050	-00000004.385583	000000000.408377
000000022.278957	-00000005.143503	000000000.478953
000000009.001783	-00000002.119639	-00000000.193717
000000011.181675	-00000002.632935	-00000000.240628
000000012.935895	-00000003.045999	-00000000.092781
000000014.750492	-00000003.541280	000000000.105906
000000022.208387	-00000005.331762	000000000.159452
000000022.194336	-00000005.328389	000000000.478115
000000009.080057	-00000002.221876	-00000000.195812
000000010.993180	-00000002.690014	-00000000.237068
000000012.122053	-00000002.966248	-00000000.087126
000000014.311513	-00000003.568261	000000000.102974
000000018.047062	-00000004.499638	000000000.129851
000000022.122202	-00000005.515685	000000000.159173
000000022.137293	-00000005.519447	000000000.477906
000000008.934349	-00000002.269036	-00000000.193089
000000010.988668	-00000002.790766	-00000000.237487
000000011.708024	-00000002.973459	-00000000.084334
000000013.243937	-00000003.425115	000000000.095504
000000014.386323	-00000003.720556	000000000.103742
000000018.113600	-00000004.684495	000000000.130619
000000022.427061	-00000005.800033	000000000.485236
000000009.242932	-00000002.433461	-00000000.200210
000000011.256141	-00000002.963495	-00000000.081262
000000016.178864	-00000004.335114	000000000.116936
000000073.162491	-00000019.603830	000000001.586598
000000009.067012	-00000002.471951	-00000000.196859
000000010.600687	-00000002.890079	-00000000.230157
000000011.287737	-00000003.077390	-00000000.081681
000000015.851336	-00000004.395964	000000000.114842
000000068.248604	-00000018.927013	000000001.483561
000000008.756422	-00000002.469566	-00000000.190576
000000011.010220	-00000003.105203	-00000000.079866
000000010.852380	-00000003.111870	000000000.078818
000000012.553772	-00000003.599736	000000000.091175
000000015.802757	-00000004.531368	000000000.114772
000000067.456161	-00000019.342743	000000001.469949
000000008.696144	-00000002.534695	-00000000.189738
000000010.905900	-00000003.178780	-00000000.079307
000000015.637968	-00000004.632177	000000000.113864
000000017.871964	-00000005.293917	000000000.130131
000000063.153187	-00000018.706827	000000001.379687
000000067.294380	-00000019.933504	000000001.470158
000000008.482222	-00000002.552859	-00000000.185550
000000009.920197	-00000002.985641	-00000000.072326
000000013.530153	-00000004.072114	-00000000.098645
000000015.090121	-00000004.613513	000000000.110164
000000063.178761	-00000019.315685	000000001.383875
000000008.345043	-00000002.591205	-00000000.183037
000000009.358968	-00000002.906037	-00000000.068416
000000013.513203	-00000004.195961	-00000000.098785
000000013.485229	-00000004.251876	000000000.098715
000000015.087434	-00000004.757050	000000000.110444
000000062.550110	-00000019.721973	000000001.373823
000000008.150721	-00000002.609066	-00000000.179267
000000008.838017	-00000002.829072	-00000000.064786
000000013.466549	-00000004.310676	-00000000.098715
000000013.447612	-00000004.369394	000000000.098715
000000064.841454	-00000021.068266	000000000.475982
000000008.051682	-00000002.655046	-00000000.177592
000000008.604065	-00000002.837195	-00000000.063250
000000012.138247	-00000004.061401	000000000.089360
000000058.612511	-00000019.611471	000000001.294660
000000007.990337	-00000002.712354	-00000000.176754
000000008.436942	-00000002.863956	-00000000.062203
000000012.319806	-00000004.242050	000000000.090966
000000058.762550	-00000020.233568	000000000.433885
000000058.857098	-00000020.266123	000000000.434583
000000007.862537	-00000002.745721	-00000000.174450
000000008.421069	-00000002.940769	-00000000.062273
000000009.944626	-00000003.521577	000000000.073652
000000056.282204	-00000019.930574	000000001.250681
000000007.584215	-00000002.723011	-00000000.168796
000000008.046859	-00000002.889117	-00000000.059690
000000009.039622	-00000003.290154	000000000.067160
000000007.363187	-00000002.716423	-00000000.164398
000000007.599165	-00000002.803480	-00000000.056548
000000008.476677	-00000003.169300	000000000.063180
000000008.606129	-00000003.217700	000000000.192461
000000007.217660	-00000002.734527	-00000000.161675
000000007.406090	-00000002.805917	-00000000.055292
000000007.673844	-00000002.945713	000000000.057386
000000008.605724	-00000003.303428	000000000.193089
000000006.904664	-00000002.685077	-00000000.155183
000000007.176286	-00000002.790705	-00000000.053756
000000007.126825	-00000002.807331	000000000.053476
000000008.522417	-00000003.357069	000000000.063948
000000008.613777	-00000003.393057	000000000.193927
000000006.945972	-00000002.771162	-00000000.156649
000000007.049493	-00000002.812463	-00000000.052988
000000007.166956	-00000002.895638	000000000.053965
000000009.345785	-00000003.775942	000000000.070371
000000009.501551	-00000003.838876	000000000.214660
000000047.044262	-00000019.007114	000000001.062828
000000006.782724	-00000002.774886	-00000000.153508
000000006.895109	-00000002.820863	-00000000.052010
000000007.159892	-00000002.965724	000000000.054105
000000009.146184	-00000003.788474	000000000.069114
000000044.973827	-00000018.628769	000000001.019686
000000046.590263	-00000019.298319	000000001.056336
000000006.666051	-00000002.795307	-00000000.151414
000000006.861008	-00000002.877059	-00000000.051941
000000006.949643	-00000002.949948	000000000.052709
000000017.329306	-00000007.355854	000000000.394346
000000043.898453	-00000018.633787	000000000.998953
000000006.457686	-00000002.774441	-00000000.147225
000000006.707013	-00000002.881560	-00000000.050963
000000006.960317	-00000003.026432	000000000.052988
000000006.894779	-00000002.997935	000000000.157487
000000017.236948	-00000007.494838	000000000.393717
000000006.323415	-00000002.782369	-00000000.144712
000000006.626693	-00000002.915815	-00000000.050544
000000006.824018	-00000003.038249	000000000.052150
000000006.831821	-00000003.041723	000000000.156649
000000017.207422	-00000007.661238	000000000.394555
000000006.216854	-00000002.800488	-00000000.142827
000000006.464235	-00000002.911926	-00000000.049497
000000006.797245	-00000003.097683	000000000.052150
000000006.968774	-00000003.175853	000000000.160419
000000006.101384	-00000002.812776	-00000000.140733
000000006.247873	-00000002.880309	-00000000.048031
000000006.779017	-00000003.161108	000000000.052220
000000007.031406	-00000003.278799	000000000.162513
000000005.922882	-00000002.793412	-00000000.137173
000000006.303898	-00000002.973112	-00000000.048659
000000006.760199	-00000003.224449	000000000.052290
000000006.921311	-00000003.301296	000000000.160628
000000005.871264	-00000002.831962	-00000000.136545
000000006.088572	-00000002.936779	-00000000.047193
000000006.641926	-00000003.239484	000000000.051592
000000006.937168	-00000003.383483	000000000.161675
000000005.774594	-00000002.847714	-00000000.134869
000000006.116523	-00000003.016335	-00000000.047612
000000006.613404	-00000003.297321	000000000.051592
000000006.952115	-00000003.466197	000000000.162723
000000005.785234	-00000002.915998	-00000000.135707
000000006.063179	-00000003.056094	-00000000.047403
000000006.415091	-00000003.268652	000000000.050265
000000006.983959	-00000003.558505	000000000.164189
000000005.661797	-00000002.916017	-00000000.133403
000000005.991829	-00000003.085995	-00000000.047054
000000006.492761	-00000003.379918	000000000.051103
000000006.828485	-00000003.554684	000000000.161257
000000010.810290	-00000005.627481	000000000.255288
000000005.715766	-00000003.007210	-00000000.135288
000000006.008920	-00000003.161446	-00000000.047403
000000006.621945	-00000003.520951	000000000.052359
000000006.920791	-00000003.679850	000000000.164189
000000010.593047	-00000005.632423	000000000.251309
000000005.645271	-00000003.033314	-00000000.134241
000000006.007529	-00000003.227962	-00000000.047612
000000006.406421	-00000003.478403	000000000.050893
000000006.765408	-00000003.673316	000000000.161257
000000010.604996	-00000005.758043	000000000.252775
000000005.443279	-00000002.986285	-00000000.130052
000000005.891460	-00000003.232166	-00000000.046914
000000006.157173	-00000003.412977	000000000.049148
000000006.907980	-00000003.829156	000000000.165445
000000010.510624	-00000005.826134	000000000.251728
000000005.303612	-00000002.970165	-00000000.127330
000000005.723434	-00000003.205277	-00000000.045797
000000006.344738	-00000003.589680	000000000.050893
000000006.700269	-00000003.790830	000000000.161257
000000010.633414	-00000006.016096	000000000.255916
000000005.251451	-00000003.001451	-00000000.126702
000000005.695245	-00000003.255101	-00000000.045797
000000006.096670	-00000003.519914	000000000.049148
000000010.643193	-00000006.144850	000000000.085800
000000006.909367	-00000003.989125	000000000.167121
000000010.658435	-00000006.153650	000000000.257801
000000004.991874	-00000002.911175	-00000000.121047
000000005.614794	-00000003.274451	-00000000.045378
000000006.194963	-00000003.649112	000000000.050195
000000006.882907	-00000004.054342	000000000.167330
000000010.475113	-00000006.170313	000000000.254660
000000004.992056	-00000002.969961	-00000000.121675
000000005.637568	-00000003.354001	-00000000.045797
000000006.154311	-00000003.697883	000000000.050125
000000010.937188	-00000006.571726	000000000.089081
000000010.823648	-00000006.503504	000000000.264503
000000004.889023	-00000002.966732	-00000000.119791
000000005.283226	-00000003.205940	-00000000.043144
000000006.360541	-00000003.897744	000000000.052080
000000006.597987	-00000004.043252	000000000.162094
000000010.851728	-00000006.649948	000000000.266597
000000004.743925	-00000002.935630	-00000000.116859
000000005.093485	-00000003.151944	-00000000.041818
000000005.919231	-00000003.698746	000000000.048729
000000012.126792	-00000007.577661	000000000.099832
000000006.723547	-00000004.201338	000000000.166073
000000010.496533	-00000006.558962	000000000.259267
000000012.166821	-00000007.602674	000000000.300524
000000004.684305	-00000002.955576	-00000000.116021
000000004.837445	-00000003.052201	-00000000.039933
000000006.224077	-00000003.965174	000000000.051522
000000010.660209	-00000006.791302	000000000.088243
000000006.416801	-00000004.087954	000000000.159372
000000010.607537	-00000006.757747	000000000.263456
000000035.127983	-00000022.378992	000000000.872461
000000004.607883	-00000002.963890	-00000000.114764
000000005.172264	-00000003.326912	-00000000.042935
000000006.558244	-00000004.258974	000000000.054593
000000010.340556	-00000006.715236	000000000.086079
000000034.445034	-00000022.368866	000000000.860315
000000004.648731	-00000003.047842	-00000000.116440
000000005.235024	-00000003.432232	-00000000.043703
000000006.645908	-00000004.398830	000000000.055641
000000010.439997	-00000006.910083	000000000.087405
000000032.787590	-00000021.701633	000000000.274503
000000032.772865	-00000021.691885	000000000.823247
000000004.339319	-00000002.899441	-00000000.109319
000000004.714318	-00000003.150007	-00000000.039584
000000006.026956	-00000004.065233	000000000.050754
000000008.654941	-00000005.837831	000000000.072884
000000029.173120	-00000019.677519	000000000.245671
000000029.184010	-00000019.684864	000000000.737383
000000004.495662	-00000003.060987	-00000000.113927
000000004.843698	-00000003.297956	-00000000.040910
000000005.702814	-00000003.919436	000000000.048310
000000030.351830	-00000020.860235	000000000.257120
000000031.769289	-00000021.834429	000000000.269128
000000032.125633	-00000022.079336	000000000.816545
000000004.353774	-00000003.020320	-00000000.110995
000000004.822950	-00000003.345799	-00000000.040980
000000005.643820	-00000003.951845	000000000.048101
000000031.890783	-00000022.330168	000000000.815498
000000004.221111	-00000002.983186	-00000000.108272
000000004.703741	-00000003.324275	-00000000.040212
000000005.519569	-00000003.937070	000000000.047333
000000030.284359	-00000021.601624	000000000.259703
000000012.331144	-00000008.795720	000000000.317278
000000027.193634	-00000019.397030	000000000.699686
000000004.219259	-00000003.037432	-00000000.108901
000000004.601512	-00000003.312615	-00000000.039584
000000005.808600	-00000004.220195	000000000.050125
000000026.804943	-00000019.474932	000000000.694032
000000030.582226	-00000022.219288	000000000.791833
000000004.079715	-00000002.991371	-00000000.105969
000000004.483723	-00000003.287601	-00000000.038816
000000005.514324	-00000004.080385	000000000.047891
000000027.836885	-00000020.598211	000000000.241761
000000026.682196	-00000019.743786	000000000.695288
000000030.057653	-00000022.241493	000000000.783247
000000004.053455	-00000003.026859	-00000000.105969
000000004.414801	-00000003.296688	-00000000.038467
000000005.446562	-00000004.104279	000000000.047612
000000027.592184	-00000020.792202	000000000.241203
000000005.589222	-00000004.211781	000000000.146597
000000027.786419	-00000020.938570	000000000.728796
000000004.066678	-00000003.092374	-00000000.107016
000000004.489342	-00000003.413775	-00000000.039374
000000005.410538	-00000004.151652	000000000.047612
000000027.584225	-00000021.166119	000000000.242738
000000024.231628	-00000018.593582	000000000.639791
000000003.936770	-00000003.048173	-00000000.104293
000000003.945445	-00000003.054890	-00000000.034836
000000003.750840	-00000002.930477	000000000.033231
000000005.689299	-00000004.444967	000000000.050405
000000003.750109	-00000002.929906	000000000.099686
000000024.076326	-00000018.810488	000000000.640000
000000003.839357	-00000003.026705	-00000000.102408
000000003.847959	-00000003.033486	-00000000.034208
000000003.576432	-00000002.844823	000000000.031904
000000023.606110	-00000018.777147	000000000.631833
000000003.882973	-00000003.116415	-00000000.104293
000000004.055300	-00000003.254723	-00000000.036303
000000004.911443	-00000003.977208	000000000.044122
000000023.632433	-00000019.137167	000000000.212300
000000022.804232	-00000018.466503	000000000.614660
000000003.824661	-00000003.124879	-00000000.103456
000000004.359725	-00000003.562044	-00000000.039304
000000004.675931	-00000003.854540	000000000.042306
000000022.731506	-00000018.738407	000000000.205668
000000024.035521	-00000019.813353	000000000.217466
000000022.426207	-00000018.486738	000000000.608796
000000003.735752	-00000003.106992	-00000000.101780
000000004.182398	-00000003.478463	-00000000.037978
000000007.465272	-00000006.208801	-00000000.067788
000000004.795321	-00000004.023753	000000000.043703
000000007.261924	-00000006.093478	000000000.066182
000000025.516319	-00000021.410734	000000000.232546
000000022.049583	-00000018.501797	000000000.602932
000000003.769542	-00000003.191153	-00000000.103456
000000004.304526	-00000003.644050	-00000000.039374
000000004.934914	-00000004.214815	000000000.045308
000000007.581063	-00000006.474839	000000000.069603
000000005.466120	-00000004.668508	000000000.150576
000000021.948107	-00000018.745453	000000000.604608
000000003.847586	-00000003.315292	-00000000.106387
000000004.416496	-00000003.805496	-00000000.040701
000000004.709273	-00000004.093709	000000000.043563
000000007.877439	-00000006.847754	000000000.218639
000000021.964779	-00000019.093691	000000000.609634
000000003.818509	-00000003.348742	-00000000.106387
000000004.443265	-00000003.896639	-00000000.041259
000000004.643412	-00000004.108144	000000000.043284
000000020.783014	-00000018.387259	000000000.193730
000000007.630185	-00000006.750617	000000000.213403
000000020.427032	-00000018.072311	000000000.571309
000000003.475865	-00000003.102328	-00000000.097592
000000004.409091	-00000003.935265	-00000000.041259
000000005.714660	-00000005.100529	-00000000.053476
000000004.845186	-00000004.362625	000000000.045518
000000005.691241	-00000005.124416	000000000.160419
000000019.986212	-00000017.995665	000000000.563351
000000003.544867	-00000003.219931	-00000000.100314
000000003.501146	-00000003.180218	-00000000.033021
000000005.072345	-00000004.647947	000000000.048031
000000007.468438	-00000006.843562	000000000.070720
000000019.692198	-00000018.044575	000000000.186469
000000005.292490	-00000004.849674	000000000.150367
000000003.399168	-00000003.142158	-00000000.096963
000000003.818384	-00000003.529678	-00000000.036303
000000005.068158	-00000004.726133	000000000.048380
000000019.490101	-00000018.174812	000000000.186051
000000005.235344	-00000004.882037	000000000.149948
000000019.530172	-00000018.212181	000000000.559372
000000003.437157	-00000003.233354	-00000000.098848
000000003.911257	-00000003.679343	-00000000.037489
000000005.208061	-00000004.942266	000000000.050125
000000007.231806	-00000006.862728	000000000.069603
000000019.323502	-00000018.337318	000000000.185981
000000005.301324	-00000005.030768	000000000.153089
000000019.160189	-00000018.182339	000000000.553299
000000003.322145	-00000003.180262	-00000000.096335
000000003.727307	-00000003.568120	-00000000.036023
000000004.459798	-00000004.306777	000000000.043284
000000019.076427	-00000018.421892	000000000.185143
000000022.414082	-00000021.645027	000000000.217536
000000004.437353	-00000004.285102	000000000.129215
000000007.163053	-00000006.917280	000000000.208586
000000018.835379	-00000018.189114	000000000.548482
000000003.344397	-00000003.257967	-00000000.097801
000000003.939565	-00000003.837754	-00000000.038397
000000004.379251	-00000004.303478	000000000.042865
000000007.210786	-00000007.086020	000000000.070581
000000004.763468	-00000004.681047	000000000.139895
000000007.252166	-00000007.126684	000000000.212984
000000003.180933	-00000003.153294	-00000000.093822
000000003.721281	-00000003.688947	-00000000.036582
000000004.178899	-00000004.178899	000000000.041259
000000005.677929	-00000005.677929	000000000.056060
000000007.198172	-00000007.198172	000000000.071069
000000005.196095	-00000005.196095	000000000.153927
000000007.281603	-00000007.281603	000000000.215707
000000003.125140	-00000003.152532	-00000000.092984
000000003.766387	-00000003.799399	-00000000.037350
000000003.974059	-00000004.044032	000000000.039584
000000006.006646	-00000006.112407	000000000.059829
000000007.170127	-00000007.296374	000000000.071418
000000005.073470	-00000005.162801	000000000.151623
000000007.049601	-00000007.173726	000000000.210681
000000003.048676	-00000003.129553	-00000000.091518
000000003.293491	-00000003.380863	-00000000.032952
000000003.883046	-00000004.021012	000000000.039025
000000020.936493	-00000021.680372	000000000.210415
000000004.736531	-00000004.904821	000000000.142827
000000006.785324	-00000007.026409	000000000.204607
000000018.133553	-00000018.777843	000000000.546807
000000002.979768	-00000003.112706	-00000000.090262
000000003.823229	-00000003.993797	-00000000.115812
000000003.319182	-00000003.467263	-00000000.033510
000000004.350295	-00000004.584254	000000000.044122
000000005.726970	-00000006.034967	000000000.058084
000000018.103283	-00000019.076881	000000000.183607
000000004.707313	-00000004.960473	000000000.143246
000000018.037815	-00000019.007893	000000000.548901
000000002.973042	-00000003.160437	-00000000.090890
000000003.233985	-00000003.437827	-00000000.032952
000000004.964827	-00000005.324125	000000000.050824
000000020.220758	-00000021.684109	000000000.206994
000000004.929767	-00000005.286528	000000000.151414
000000017.693977	-00000018.974466	000000000.543456
000000002.986068	-00000003.230310	-00000000.092147
000000003.326043	-00000003.598093	-00000000.034208
000000004.310161	-00000004.703715	000000000.044540
000000019.686218	-00000021.483738	000000000.203434
000000004.978008	-00000005.432542	000000000.154346
000000017.419651	-00000019.010214	000000000.540105
000000002.843488	-00000003.130436	-00000000.088586
000000003.039024	-00000003.345704	-00000000.031555
000000004.215420	-00000004.681698	000000000.043982
000000019.531446	-00000021.691870	000000000.203783
000000004.656127	-00000005.171154	000000000.145759
000000017.219645	-00000019.124352	000000000.539058
000000002.962523	-00000003.319227	-00000000.093194
000000003.515770	-00000003.939087	-00000000.036861
000000016.790382	-00000018.978075	000000000.176905
000000019.076366	-00000021.561911	000000000.200990
000000017.052099	-00000019.273891	000000000.539058
000000020.629463	-00000023.317366	000000000.652147
000000002.860933	-00000003.262269	-00000000.090890
000000003.481261	-00000003.969618	-00000000.036861
000000004.126511	-00000004.747007	000000000.043912
000000005.202421	-00000005.984701	000000000.055361
000000016.670053	-00000019.176702	000000000.177394
000000016.752073	-00000019.271055	000000000.534869
000000020.366165	-00000023.428593	000000000.650262
000000002.956353	-00000003.431017	-00000000.094869
000000003.550926	-00000004.121053	-00000000.037978
000000004.052457	-00000004.744817	000000000.043563
000000007.169732	-00000008.394677	000000000.077073
000000016.437130	-00000019.245405	000000000.176696
000000005.168473	-00000006.051504	000000000.166702
000000016.148232	-00000018.907150	000000000.520838
000000002.790643	-00000003.296441	-00000000.090471
000000003.411452	-00000004.029769	-00000000.036861
000000004.499403	-00000005.362180	000000000.048869
000000016.429251	-00000019.579618	000000000.178441
000000017.914055	-00000021.349138	000000000.194568
000000004.125792	-00000004.916927	000000000.134450
000000015.924784	-00000018.978418	000000000.518953
000000017.695265	-00000021.466072	000000000.194219
000000002.899880	-00000003.517836	000000000.095497
000000005.704370	-00000006.919955	000000000.187854
000000015.090825	-00000018.306635	000000000.496964
000000003.146525	-00000003.885635	000000000.034906
000000017.488388	-00000021.596361	000000000.194009
000000002.881655	-00000003.558548	000000000.095916
000000005.624890	-00000006.946161	000000000.187225
000000003.791022	-00000004.765968	000000000.042516
000000002.831820	-00000003.560086	000000000.095288
000000003.914758	-00000004.921525	000000000.131728
000000003.712348	-00000004.751589	000000000.042097
000000016.942591	-00000021.685528	000000000.192124
000000003.982456	-00000005.097311	000000000.135497
000000014.495647	-00000018.553583	000000000.493194
000000003.847279	-00000005.013871	000000000.044122
000000016.600519	-00000021.634218	000000000.190379
000000003.889132	-00000005.068416	000000000.133822
000000005.069870	-00000006.607184	000000000.174450
000000014.144513	-00000018.433487	000000000.486702
000000003.598766	-00000004.775724	000000000.041748
000000016.134268	-00000021.410896	000000000.187168
000000005.036087	-00000006.683113	000000000.175288
000000014.049299	-00000018.644049	000000000.489006
000000003.497473	-00000004.726563	000000000.041050
000000015.869486	-00000021.446379	000000000.186260
000000003.484897	-00000004.709568	000000000.122723
000000013.921747	-00000018.814161	000000000.490262
000000003.714712	-00000005.112863	000000000.044122
000000003.796260	-00000005.225103	000000000.135288
000000003.803512	-00000005.332327	000000000.045727
000000013.239704	-00000018.561380	000000000.159173
000000003.971137	-00000005.567329	000000000.143246
000000004.789749	-00000006.714980	000000000.172775
000000013.440325	-00000018.842640	000000000.484817
000000003.705214	-00000005.291593	000000000.045099
000000014.935567	-00000021.330200	000000000.181792
000000003.675818	-00000005.249613	000000000.134241
000000012.948516	-00000018.492397	000000000.472880
000000003.766510	-00000005.480306	000000000.046425
000000005.454359	-00000007.936142	000000000.067230
000000005.464621	-00000007.951073	000000000.202094
000000012.797974	-00000018.621168	000000000.473299
000000002.521899	-00000003.738868	000000000.031485
000000005.066164	-00000007.510898	000000000.063250
000000014.493927	-00000021.488131	000000000.180954
000000004.668237	-00000006.920946	000000000.174869
000000013.177286	-00000019.536129	000000000.493613
000000015.670740	-00000023.232828	000000000.587016
000000002.461579	-00000003.719040	000000000.031136
000000014.278262	-00000021.572102	000000000.180605
000000005.049116	-00000007.628382	000000000.191623
000000014.788667	-00000022.343239	000000000.561257
000000002.047793	-00000003.153324	000000000.026250
000000005.217515	-00000008.034268	000000000.066880
000000013.964204	-00000021.502989	000000000.179000
000000014.544118	-00000022.395977	000000000.559372
000000002.251230	-00000003.533724	000000000.029251
000000013.690061	-00000021.489090	000000000.177883
000000014.181599	-00000022.260651	000000000.552880
000000014.783242	-00000023.205042	000000000.576335
000000002.278597	-00000003.646518	000000000.030019
000000013.311248	-00000021.302450	000000000.175369
000000013.981502	-00000022.375080	000000000.552670
000000013.020347	-00000021.247274	000000000.173973
000000011.513343	-00000018.788069	000000000.461571
000000013.613326	-00000022.214930	000000000.545759
000000002.698734	-00000004.491447	000000000.036582
000000012.793234	-00000021.291517	000000000.173415
000000004.376863	-00000007.284324	000000000.178011
000000011.256264	-00000018.733568	000000000.457801
000000002.273716	-00000003.860005	000000000.031276
000000001.867332	-00000003.170100	000000000.077068
000000010.828493	-00000018.383133	000000000.446911
000000001.839955	-00000003.186896	000000000.025691
000000002.799932	-00000004.849624	000000000.039095
000000003.059329	-00000005.298913	000000000.128168
000000010.772636	-00000018.658754	000000000.451309
