000000003.708148	000000004.154628	-00000000.116649
000000003.848702	000000004.312107	-00000000.040352
000000003.737540	000000004.114710	-00000000.116440
000000003.866015	000000004.256151	-00000000.040142
000000003.980314	000000004.381985	-00000000.041329
000000003.841170	000000004.155354	-00000000.118534
000000004.052341	000000004.383799	-00000000.041678
000000003.870435	000000004.114394	-00000000.118325
000000004.069888	000000004.326418	-00000000.041469
000000003.947674	000000004.123794	-00000000.119581
000000004.308022	000000004.500218	-00000000.043493
000000003.927699	000000004.031896	-00000000.117906
000000004.402950	000000004.519755	-00000000.044052
000000004.082390	000000004.118172	-00000000.121466
000000004.442225	000000004.481161	-00000000.044052
000000004.047169	000000004.012004	-00000000.119372
000000004.481161	000000004.442225	-00000000.044052
000000004.182286	000000004.074203	-00000000.122304
000000004.519755	000000004.402950	-00000000.044052
000000004.203237	000000004.023724	-00000000.121885
000000004.615793	000000004.418661	-00000000.044610
000000004.303728	000000004.048543	-00000000.123770
000000004.654177	000000004.378212	-00000000.044610
000000004.287503	000000003.963327	-00000000.122304
000000004.831724	000000004.466400	-00000000.045937
000000004.403332	000000003.999705	-00000000.124607
000000004.907526	000000004.457684	-00000000.046286
000000004.460444	000000003.981099	-00000000.125236
000000004.871636	000000004.348102	-00000000.045588
000000004.525083	000000003.968391	-00000000.126073
000000005.029686	000000004.410916	-00000000.046705
000000004.551967	000000003.922226	-00000000.125864
000000005.211920	000000004.490878	-00000000.048031
000000004.685219	000000003.966331	-00000000.128586
000000005.273808	000000004.464608	-00000000.048241
000000004.665846	000000003.880544	-00000000.127120
000000005.427891	000000004.514329	-00000000.049288
000000004.823408	000000003.940890	-00000000.130471
000000005.443848	000000004.447810	-00000000.049078
000000004.865412	000000003.904906	-00000000.130681
000000005.381072	000000004.318767	-00000000.048171
000000004.946412	000000003.899437	-00000000.131937
000000005.340025	000000004.209736	-00000000.047473
000000005.027683	000000003.892848	-00000000.133194
000000005.352838	000000004.144610	-00000000.047263
000000005.109212	000000003.885135	-00000000.134450
000000005.380843	000000004.091688	-00000000.047193
000000005.158943	000000003.852365	-00000000.134869
000000005.392307	000000004.026627	-00000000.046984
000000005.208489	000000003.819023	-00000000.135288
000000005.451433	000000003.997156	-00000000.047193
000000005.257846	000000003.785108	-00000000.135707
000000005.526684	000000003.978643	-00000000.047542
000000005.372323	000000003.796782	-00000000.137801
000000005.585692	000000003.947577	-00000000.047752
000000005.421680	000000003.761153	-00000000.138220
000000005.595279	000000003.881583	-00000000.047542
000000005.503880	000000003.747459	-00000000.139477
000000005.686799	000000003.872004	-00000000.048031
000000005.745090	000000003.875112	000000000.048380
000000005.884876	000000003.969399	000000000.148691
000000005.602876	000000003.743722	-00000000.141152
000000005.737000	000000003.833341	-00000000.048171
000000005.820381	000000003.852426	000000000.048729
000000005.969313	000000003.951002	000000000.149948
000000004.991533	000000003.272593	-00000000.125026
000000005.862223	000000003.843442	-00000000.048939
000000005.811845	000000003.774256	000000000.048380
000000005.961640	000000003.871534	000000000.148901
000000005.078762	000000003.266769	-00000000.126492
000000005.769387	000000003.710994	-00000000.047891
000000005.827693	000000003.712650	000000000.048241
000000006.054223	000000003.856965	000000000.150367
000000005.690500	000000003.590438	-00000000.140942
000000005.818466	000000003.671179	-00000000.048031
000000005.919231	000000003.698746	000000000.048729
000000006.045257	000000003.777496	000000000.149319
000000005.730117	000000003.545904	-00000000.141152
000000005.756744	000000003.562382	-00000000.047263
000000005.917179	000000003.626052	000000000.048450
000000006.086515	000000003.729821	000000000.149529
000000005.111252	000000003.101584	-00000000.125236
000000005.753417	000000003.491259	-00000000.046984
000000005.880024	000000003.533075	000000000.047891
000000006.161681	000000003.702312	000000000.150576
000000005.181084	000000003.082421	-00000000.126283
000000005.818039	000000003.461370	-00000000.047263
000000005.945096	000000003.501930	000000000.048171
000000006.193755	000000003.648401	000000000.150576
000000005.328696	000000003.107604	-00000000.129215
000000005.882576	000000003.430617	-00000000.047542
000000006.036050	000000003.484915	000000000.048659
000000006.407183	000000003.699188	000000000.154974
000000005.850377	000000003.343766	-00000000.141152
000000005.981744	000000003.418848	-00000000.048101
000000006.109748	000000003.456729	000000000.049008
000000006.395711	000000003.618519	000000000.153927
000000005.408288	000000003.028787	-00000000.129843
000000005.976452	000000003.346974	-00000000.047822
000000006.104697	000000003.383889	000000000.048729
000000006.470767	000000003.586804	000000000.154974
000000005.609821	000000003.077653	-00000000.134031
000000006.005432	000000003.294693	-00000000.047822
000000006.283389	000000003.411602	000000000.049916
000000006.493034	000000003.525430	000000000.154764
000000005.750955	000000003.090100	-00000000.136754
000000006.113233	000000003.284759	-00000000.048450
000000006.524824	000000003.469310	000000000.051592
000000006.532379	000000003.473328	000000000.154974
000000005.839637	000000003.072382	-00000000.138220
000000006.141665	000000003.231286	-00000000.048450
000000006.430672	000000003.347596	000000000.050614
000000006.553572	000000003.411574	000000000.154764
000000005.981773	000000003.080816	-00000000.140942
000000006.080729	000000003.131781	-00000000.047752
000000006.450730	000000003.286811	000000000.050544
000000006.716716	000000003.422338	000000000.157906
000000005.883441	000000002.965498	-00000000.138011
000000006.241770	000000003.146111	-00000000.048799
000000006.506014	000000003.243779	000000000.050754
000000006.844747	000000003.412665	000000000.160210
000000006.196031	000000003.055545	-00000000.144712
000000006.206208	000000003.060563	-00000000.048310
000000006.471159	000000003.156195	000000000.050265
000000006.991084	000000003.409780	000000000.162932
000000006.204450	000000002.992671	-00000000.144293
000000006.250693	000000003.014977	-00000000.048450
000000006.570661	000000003.134044	000000000.050824
000000007.056669	000000003.365859	000000000.163770
000000006.311712	000000002.976797	-00000000.146178
000000006.367209	000000003.002971	-00000000.049148
000000006.679326	000000003.114621	000000000.051452
000000007.122017	000000003.321051	000000000.164607
000000006.364687	000000002.934161	-00000000.146806
000000006.729177	000000003.102193	-00000000.051731
000000006.870040	000000003.130858	000000000.052709
000000007.287191	000000003.320965	000000000.167749
000000006.627056	000000002.985271	-00000000.152251
000000006.746875	000000003.039245	-00000000.051661
000000006.878830	000000003.062652	000000000.052569
000000007.224560	000000003.216581	000000000.165655
000000006.634553	000000002.919273	-00000000.151833
000000006.791446	000000002.988308	-00000000.051801
000000006.822761	000000002.966621	000000000.051941
000000007.298197	000000003.173347	000000000.166702
000000006.871051	000000002.952036	-00000000.156649
000000006.872391	000000002.952612	-00000000.052220
000000007.032485	000000002.985113	000000000.053337
000000007.454454	000000003.164228	000000000.169634
000000006.905770	000000002.895830	-00000000.156859
000000006.842565	000000002.869325	-00000000.051801
000000007.076745	000000002.931284	000000000.053476
000000007.564913	000000003.133490	000000000.171518
000000007.125099	000000002.914955	-00000000.161257
000000007.144999	000000002.923096	-00000000.053895
000000007.333846	000000002.963066	000000000.055222
000000007.786636	000000003.146005	000000000.175916
000000007.335986	000000002.926762	-00000000.165445
000000007.337417	000000002.927332	-00000000.055152
000000007.480375	000000002.946598	000000000.056129
000000007.934721	000000003.125570	000000000.178639
000000007.547608	000000002.935104	-00000000.169634
000000007.511801	000000002.921180	-00000000.056269
000000007.627166	000000002.927795	000000000.057037
000000008.064366	000000003.095620	000000000.180943
000000007.657077	000000002.901007	-00000000.171518
000000007.761433	000000002.940544	-00000000.057944
000000007.830389	000000002.927662	000000000.058363
000000008.231543	000000003.077648	000000000.184084
000000007.794661	000000002.875602	-00000000.174032
000000007.880615	000000002.907312	-00000000.058643
000000007.902622	000000002.876319	000000000.058712
000000008.154743	000000002.968084	000000000.181780
000000007.838277	000000002.814229	-00000000.174450
000000007.952744	000000002.855327	-00000000.058992
000000007.974553	000000002.823937	000000000.059061
000000009.264133	000000003.280602	000000000.205864
000000008.145701	000000002.844606	-00000000.180733
000000008.194493	000000002.861645	-00000000.060597
000000008.443275	000000002.907253	000000000.062343
000000009.018269	000000003.105239	000000000.199791
000000008.208084	000000002.786269	-00000000.181571
000000008.569509	000000002.908956	-00000000.063180
000000008.914024	000000002.982591	000000000.065624
000000010.144837	000000003.394415	000000000.224084
000000008.365015	000000002.758368	-00000000.184503
000000008.936451	000000002.946800	-00000000.065694
000000009.167962	000000002.978851	000000000.067299
000000010.288175	000000003.342830	000000000.226597
000000008.531595	000000002.730985	-00000000.187644
000000009.009445	000000002.883946	-00000000.066043
000000009.279439	000000002.925796	000000000.067928
000000010.355094	000000003.264949	000000000.227435
000000008.650583	000000002.686078	-00000000.189738
000000009.196618	000000002.855626	-00000000.067230
000000009.620192	000000002.941188	000000000.070231
000000010.947288	000000003.346922	000000000.239791
000000008.836445	000000002.659468	-00000000.193299
000000009.594631	000000002.887656	-00000000.069952
000000009.808486	000000002.905406	000000000.071418
000000011.714208	000000003.469906	000000000.255916
000000008.715341	000000002.540290	-00000000.190157
000000009.801870	000000002.856985	-00000000.071279
000000010.035327	000000002.877584	000000000.072884
000000011.551832	000000003.312434	000000000.251728
000000008.563972	000000002.415290	-00000000.186388
000000008.488648	000000002.394046	-00000000.061575
000000008.470105	000000002.348968	000000000.061365
000000008.661138	000000002.401946	000000000.188272
000000012.062008	000000003.345091	000000000.262199
000000008.661890	000000002.361502	-00000000.188063
000000008.547807	000000002.330400	-00000000.061854
000000010.583459	000000002.885382	-00000000.076584
000000008.557894	000000002.293081	000000000.061854
000000008.652798	000000002.318510	000000000.187644
000000008.865867	000000002.334188	-00000000.192042
000000008.616169	000000002.268448	-00000000.062203
000000011.053066	000000002.910029	-00000000.079796
000000008.635667	000000002.233335	000000000.062273
000000011.094702	000000002.869285	000000000.080005
000000008.740456	000000002.260436	000000000.189110
000000012.399252	000000003.206665	000000000.268272
000000008.546741	000000002.170596	-00000000.184712
000000008.645329	000000002.195634	-00000000.062273
000000008.625719	000000002.150633	000000000.062063
000000008.643438	000000002.155051	000000000.186597
000000009.050922	000000002.214747	-00000000.195183
000000011.626681	000000002.845031	-00000000.083566
000000012.232116	000000002.936671	000000000.087824
000000013.328268	000000003.199834	000000000.287121
000000008.797419	000000002.071517	-00000000.189319
000000011.865204	000000002.793885	-00000000.085102
000000012.500863	000000002.886052	000000000.089570
000000013.716122	000000003.166616	000000000.294869
000000009.068694	000000002.052036	-00000000.194765
000000012.474324	000000002.822651	-00000000.089290
000000012.808691	000000002.839618	000000000.091594
000000014.924292	000000003.308636	000000000.320210
000000008.832232	000000001.917665	-00000000.189319
000000013.055490	000000002.834625	-00000000.093270
000000013.664390	000000002.904456	000000000.097528
000000014.874362	000000003.161643	000000000.318534
000000009.083549	000000001.889381	-00000000.194346
000000013.451756	000000002.797969	-00000000.095923
000000014.002783	000000002.848898	000000000.099762
000000015.949677	000000003.244998	000000000.340943
000000008.893771	000000001.769081	-00000000.189948
000000013.338355	000000002.653164	-00000000.094945
000000014.930185	000000002.902134	000000000.106185
000000016.193296	000000003.147658	000000000.345550
000000009.075850	000000001.723104	-00000000.193508
000000014.500615	000000002.753028	-00000000.103043
000000015.269576	000000002.830049	000000000.108419
000000016.406925	000000003.040844	000000000.349529
000000008.923291	000000001.613594	-00000000.189948
000000013.382627	000000002.419973	-00000000.094945
000000016.278477	000000002.870335	000000000.115400
000000017.890032	000000003.154495	000000000.380524
000000020.075825	000000003.539910	000000000.427016
000000009.212929	000000001.583071	-00000000.195812
000000015.975473	000000002.745088	-00000000.113166
000000016.500156	000000002.761179	000000000.116796
000000018.518381	000000003.098914	000000000.393299
000000008.871151	000000001.444759	-00000000.188272
000000013.462303	000000002.192475	-00000000.095224
000000016.660091	000000002.713268	-00000000.117844
000000017.481659	000000002.768823	000000000.123568
000000018.811337	000000002.979423	000000000.398953
000000020.667784	000000003.273455	000000000.438325
000000009.120576	000000001.403791	-00000000.193299
000000018.017391	000000002.773142	-00000000.127268
000000018.464476	000000002.759534	000000000.130340
000000021.773354	000000003.254050	000000000.461152
000000008.865332	000000001.285412	-00000000.187644
000000013.617271	000000001.974410	-00000000.096062
000000018.318001	000000002.655984	-00000000.129223
000000019.775171	000000002.779219	000000000.139416
000000021.949429	000000003.084791	000000000.464293
000000024.068136	000000003.382556	000000000.509110
000000009.203125	000000001.252490	-00000000.194555
000000019.588942	000000002.665938	-00000000.138020
000000020.859493	000000002.746204	000000000.146886
000000023.026213	000000003.031458	000000000.486492
000000025.087965	000000003.302893	000000000.530053
000000008.866579	000000001.127971	-00000000.187225
000000013.719094	000000001.745289	-00000000.096551
000000022.818079	000000002.801708	000000000.160499
000000023.696802	000000002.909601	000000000.500105
000000026.197472	000000003.216645	000000000.552880
000000027.497421	000000003.376259	000000000.580314
000000009.233511	000000001.092858	-00000000.194765
000000024.222691	000000002.759827	000000000.170203
000000027.257633	000000003.105615	000000000.574660
000000033.664764	000000003.835615	000000000.709739
000000008.884914	000000000.973056	-00000000.187225
000000013.677882	000000001.497972	-00000000.096062
000000025.210516	000000002.649732	000000000.176975
000000029.520880	000000003.102769	000000000.621780
000000033.319118	000000003.501980	000000000.701780
000000009.191493	000000000.925535	-00000000.193508
000000027.581755	000000002.655821	000000000.193451
000000033.099613	000000003.187130	000000000.696545
000000008.900543	000000000.817845	-00000000.187225
000000013.771646	000000001.265437	-00000000.096551
000000030.841434	000000002.698276	000000000.216140
000000033.375160	000000002.919948	000000000.701780
000000036.950718	000000003.232769	000000000.776964
000000009.106611	000000000.756701	-00000000.191414
000000034.711815	000000002.731879	000000000.243087
000000037.246628	000000002.931373	000000000.782618
000000041.741741	000000003.285146	000000000.877069
000000008.913461	000000000.662385	-00000000.187225
000000013.671967	000000001.016003	-00000000.095713
000000036.051086	000000002.520937	000000000.252303
000000037.826706	000000002.645101	000000000.264729
000000009.148359	000000000.599615	-00000000.192042
000000043.218182	000000002.643337	000000000.302289
000000054.226749	000000003.316650	000000001.138011
000000008.923663	000000000.506722	-00000000.187225
000000013.567812	000000000.770436	-00000000.094875
000000050.429562	000000002.642901	000000000.352554
000000062.700180	000000003.285977	000000001.315184
000000009.177403	000000000.440822	-00000000.192461
000000075.821121	000000003.310422	000000001.589739
000000008.931148	000000000.350906	-00000000.187225
000000013.549216	000000000.532350	-00000000.094666
000000009.103754	000000000.278145	-00000000.190785
000000008.955903	000000000.195419	-00000000.187644
000000013.546446	000000000.295584	-00000000.094596
000000009.117219	000000000.119351	-00000000.190995
000000008.957950	000000000.039087	-00000000.187644
000000013.479543	000000000.058816	-00000000.094107
000000009.237885	-00000000.040308	-00000000.193508
000000008.997255	-00000000.117781	-00000000.188482
000000013.598504	-00000000.178014	-00000000.094945
000000009.265762	-00000000.202180	-00000000.194136
000000009.073774	-00000000.277229	-00000000.190157
000000013.823213	-00000000.422337	-00000000.096551
000000009.270811	-00000000.364251	-00000000.194346
000000069.428612	-00000003.031319	000000001.455708
000000009.047582	-00000000.434587	-00000000.189738
000000013.703866	-00000000.658244	-00000000.095783
000000039.844349	-00000002.088154	000000000.278552
000000043.609089	-00000002.285455	000000000.304872
000000050.349842	-00000002.638723	000000001.056126
000000056.709717	-00000002.972030	000000001.189529
000000009.322933	-00000000.529395	-00000000.195602
000000033.526531	-00000002.050570	000000000.234501
000000035.353069	-00000002.162287	000000000.247276
000000048.578545	-00000002.971191	000000001.019477
000000009.038619	-00000000.592422	-00000000.189738
000000013.849944	-00000000.907773	-00000000.096900
000000028.669292	-00000002.004752	000000000.200641
000000036.044056	-00000002.520446	000000000.756859
000000065.385956	-00000004.572231	000000001.372985
000000009.332214	-00000000.693503	-00000000.196021
000000026.666889	-00000002.098730	000000000.186749
000000029.328594	-00000002.308210	000000000.205389
000000035.811386	-00000002.818417	000000000.752461
000000009.066757	-00000000.753389	-00000000.190576
000000013.792130	-00000001.146038	-00000000.096621
000000021.116709	-00000001.754663	-00000000.147933
000000025.462116	-00000002.227646	000000000.178441
000000029.670132	-00000002.595800	000000000.623875
000000035.984623	-00000003.148247	000000000.756650
000000039.430698	-00000003.449739	000000000.829110
000000009.368469	-00000000.860841	-00000000.197068
000000022.215866	-00000002.041351	-00000000.155752
000000023.082676	-00000002.222609	000000000.161895
000000027.352821	-00000002.633777	000000000.191845
000000028.690979	-00000002.762627	000000000.603770
000000038.961216	-00000003.751539	000000000.819896
000000009.062175	-00000000.912513	-00000000.190785
000000013.650636	-00000001.374547	-00000000.095783
000000017.043394	-00000001.716180	-00000000.119589
000000020.366508	-00000002.050800	-00000000.142906
000000020.605991	-00000002.165777	000000000.144652
000000022.724272	-00000002.388417	000000000.159522
000000027.040392	-00000002.842060	000000000.189820
000000027.204151	-00000002.859272	000000000.572985
000000009.352018	-00000001.024213	-00000000.197068
000000018.399534	-00000002.015077	-00000000.129223
000000018.867470	-00000002.149677	000000000.132574
000000020.635984	-00000002.351173	000000000.145001
000000029.323809	-00000003.341026	000000000.618220
000000039.197746	-00000004.466019	000000000.826388
000000009.074656	-00000001.074056	-00000000.191414
000000013.704011	-00000001.621977	-00000000.096341
000000018.808292	-00000002.309368	000000000.132295
000000020.336775	-00000002.497042	000000000.143046
000000020.630510	-00000002.533108	000000000.435393
000000029.005760	-00000003.561460	000000000.612147
000000009.421980	-00000001.198627	-00000000.198953
000000013.758773	-00000001.750337	-00000000.096830
000000016.238726	-00000002.065827	-00000000.114283
000000018.529654	-00000002.439475	000000000.130480
000000020.637354	-00000002.716959	000000000.436021
000000023.105511	-00000003.041898	000000000.488168
000000028.696035	-00000003.777905	000000000.606283
000000009.094154	-00000001.237660	-00000000.192251
000000012.524240	-00000001.704474	-00000000.088243
000000014.733817	-00000002.005184	-00000000.103811
000000016.655903	-00000002.340834	000000000.117425
000000018.458147	-00000002.594123	000000000.130131
000000023.171707	-00000003.256571	000000000.163361
000000023.988932	-00000003.371425	000000000.507435
000000028.582769	-00000004.017046	000000000.604608
000000009.439203	-00000001.368619	-00000000.199791
000000013.864678	-00000002.010283	-00000000.097807
000000018.098549	-00000002.704846	000000000.127757
000000018.599308	-00000002.779685	000000000.393927
000000021.506378	-00000003.214150	000000000.455498
000000009.031643	-00000001.390103	-00000000.191414
000000013.441389	-00000002.068828	-00000000.094945
000000014.093969	-00000002.232265	000000000.099623
000000017.718699	-00000002.806366	000000000.125244
000000019.358219	-00000003.066041	000000000.136833
000000018.692841	-00000002.960655	000000000.396440
000000021.319515	-00000003.376679	000000000.452147
000000009.404012	-00000001.531541	-00000000.199581
000000012.791162	-00000002.083173	-00000000.090477
000000014.054227	-00000002.351871	000000000.099483
000000018.265564	-00000003.056607	000000000.129293
000000017.956322	-00000003.004858	000000000.381361
000000021.092022	-00000003.529594	000000000.447958
000000009.055273	-00000001.555981	-00000000.192461
000000012.299439	-00000002.113430	-00000000.087126
000000013.964234	-00000002.462271	000000000.098994
000000020.926655	-00000003.689934	000000000.148352
000000017.771881	-00000003.133662	000000000.378011
000000020.893036	-00000003.684006	000000000.444398
000000009.395528	-00000001.698988	-00000000.200000
000000011.847561	-00000002.142388	-00000000.084054
000000013.234288	-00000002.452830	000000000.093968
000000017.825975	-00000003.303849	000000000.126570
000000017.537420	-00000003.250369	000000000.373613
000000009.154429	-00000001.738023	-00000000.195183
000000011.474741	-00000002.178548	-00000000.081541
000000013.025876	-00000002.531974	000000000.092641
000000014.387498	-00000002.796646	000000000.307016
000000017.645786	-00000003.429993	000000000.376545
000000009.138914	-00000001.817843	-00000000.195183
000000010.670684	-00000002.122531	-00000000.075956
000000012.003785	-00000002.442198	000000000.085520
000000013.963587	-00000002.840924	000000000.099483
000000014.342952	-00000002.918107	000000000.306597
000000017.546602	-00000003.569896	000000000.375079
000000009.103127	-00000001.893453	-00000000.194765
000000010.162245	-00000002.113750	-00000000.072465
000000011.942891	-00000002.538540	000000000.085241
000000023.122845	-00000004.914913	000000000.165037
000000017.465885	-00000003.712489	000000000.374032
000000031.381872	-00000006.670423	000000000.672042
000000009.203498	-00000001.998275	-00000000.197278
000000009.713440	-00000002.108994	-00000000.069394
000000010.006790	-00000002.218452	000000000.071558
000000011.949572	-00000002.649156	000000000.085451
000000017.520670	-00000003.884239	000000000.375916
000000031.068686	-00000006.887762	000000000.666597
000000008.854166	-00000002.003493	-00000000.190157
000000009.119228	-00000002.063471	-00000000.065275
000000010.103971	-00000002.332685	000000000.072396
000000018.005920	-00000004.156994	000000000.129014
000000017.612747	-00000004.066223	000000000.378639
000000031.095072	-00000007.178863	000000000.668482
000000008.631980	-00000002.032562	-00000000.185759
000000008.779668	-00000002.067337	-00000000.062971
000000010.015166	-00000002.404429	000000000.071907
000000031.147900	-00000007.477949	000000000.670995
000000008.322576	-00000002.036521	-00000000.179477
000000008.848710	-00000002.165266	-00000000.063599
000000009.518370	-00000002.373196	000000000.068486
000000010.059760	-00000002.508180	000000000.217173
000000031.498594	-00000007.853481	000000000.680000
000000008.081614	-00000002.052468	-00000000.174660
000000008.567793	-00000002.175942	-00000000.061714
000000009.536022	-00000002.466183	000000000.068765
000000028.002369	-00000007.241905	000000000.605864
000000038.669018	-00000010.000487	000000000.836650
000000007.889364	-00000002.077096	-00000000.170890
000000008.509797	-00000002.240443	-00000000.061435
000000009.031187	-00000002.419899	000000000.065275
000000010.265540	-00000002.750643	000000000.222618
000000015.103767	-00000004.047042	000000000.327539
000000007.610502	-00000002.074861	-00000000.165236
000000008.200493	-00000002.235711	-00000000.059341
000000009.134994	-00000002.533358	000000000.066182
000000009.826875	-00000002.725234	000000000.213613
000000007.322678	-00000002.065209	-00000000.159372
000000008.007432	-00000002.258329	-00000000.058084
000000009.775793	-00000002.803164	000000000.070999
000000009.994928	-00000002.866000	000000000.217801
000000014.867457	-00000004.263175	000000000.323979
000000007.227590	-00000002.106650	-00000000.157696
000000007.776215	-00000002.266560	-00000000.056548
000000009.329088	-00000002.763402	000000000.067928
000000010.017468	-00000002.967309	000000000.218848
000000014.829688	-00000004.392754	000000000.323979
000000006.931296	-00000002.086083	-00000000.151623
000000007.583780	-00000002.282459	-00000000.055292
000000008.711723	-00000002.663441	000000000.063599
000000014.733424	-00000004.504460	000000000.322723
000000006.922376	-00000002.149455	-00000000.151833
000000007.525374	-00000002.336691	-00000000.055012
000000007.934731	-00000002.501811	000000000.058084
000000009.565548	-00000003.016006	000000000.070022
000000014.725031	-00000004.642784	000000000.107791
000000014.893791	-00000004.695994	000000000.327121
000000006.560568	-00000002.100054	-00000000.144293
000000007.466601	-00000002.390078	-00000000.054733
000000008.397624	-00000002.728554	000000000.061645
000000014.969265	-00000004.863809	000000000.109885
000000014.852244	-00000004.825787	000000000.327121
000000006.399568	-00000002.110261	-00000000.141152
000000007.160557	-00000002.361197	-00000000.052639
000000007.965724	-00000002.665294	000000000.058643
000000028.737385	-00000009.615395	000000000.634765
000000006.077958	-00000002.063189	-00000000.134450
000000006.467375	-00000002.195378	-00000000.047682
000000008.301451	-00000002.858419	000000000.061295
000000010.523365	-00000003.623485	000000000.077701
000000018.484436	-00000006.364702	000000000.136484
000000010.067564	-00000003.466540	000000000.223037
000000020.229660	-00000006.965631	000000000.448168
000000006.078600	-00000002.122742	-00000000.134869
000000006.532937	-00000002.281404	-00000000.048310
000000007.295867	-00000002.583602	000000000.054035
000000011.584782	-00000004.102386	000000000.085800
000000020.049496	-00000007.099899	000000000.148491
000000009.942687	-00000003.520890	000000000.220943
000000019.998465	-00000007.081828	000000000.444398
000000006.003386	-00000002.155436	-00000000.133613
000000006.390429	-00000002.294399	-00000000.047403
000000007.470374	-00000002.718994	000000000.055501
000000009.359111	-00000003.406438	000000000.069533
000000020.174707	-00000007.342993	000000000.149888
000000009.949162	-00000003.621199	000000000.221780
000000005.721712	-00000002.110851	-00000000.127749
000000006.163767	-00000002.273934	-00000000.045867
000000007.221567	-00000002.700033	000000000.053826
000000009.591290	-00000003.586036	000000000.071488
000000020.081762	-00000007.508264	000000000.149678
000000009.982736	-00000003.732392	000000000.223246
000000005.553485	-00000002.104027	-00000000.124398
000000005.835101	-00000002.210722	-00000000.043563
000000005.694702	-00000002.185991	000000000.042586
000000007.347099	-00000002.820287	000000000.054943
000000010.353155	-00000003.974204	000000000.077422
000000009.968452	-00000003.826530	000000000.223665
000000004.966512	-00000001.931371	-00000000.111623
000000005.601231	-00000002.178200	-00000000.041957
000000005.647497	-00000002.224608	000000000.042376
000000008.317730	-00000003.276441	000000000.062412
000000009.841659	-00000003.876733	000000000.221571
000000004.893753	-00000001.952409	-00000000.110367
000000005.247646	-00000002.093599	-00000000.039444
000000005.655684	-00000002.285044	000000000.042586
000000007.936501	-00000003.206554	000000000.059760
000000019.674362	-00000007.948958	000000000.148142
000000009.649867	-00000003.898799	000000000.218011
000000015.665970	-00000006.329463	000000000.353927
000000004.848768	-00000001.983683	-00000000.109738
000000005.192156	-00000002.124167	-00000000.039165
000000005.561619	-00000002.303698	000000000.042027
000000009.783646	-00000004.052519	000000000.073932
000000009.633950	-00000003.990513	000000000.218429
000000004.775953	-00000002.002723	-00000000.108482
000000005.035095	-00000002.111390	-00000000.038118
000000005.614943	-00000002.383402	000000000.042586
000000009.278462	-00000003.938474	000000000.070371
000000005.733488	-00000002.433721	000000000.130471
000000009.304263	-00000003.949425	000000000.211728
000000004.739923	-00000002.036432	-00000000.108063
000000004.970539	-00000002.135512	-00000000.037769
000000005.346330	-00000002.324650	000000000.040701
000000005.290276	-00000002.300277	000000000.120838
000000009.251107	-00000004.022496	000000000.211309
000000004.712821	-00000002.073691	-00000000.107853
000000004.924256	-00000002.166724	-00000000.037559
000000005.088325	-00000002.265468	000000000.038886
000000009.482371	-00000004.221824	000000000.072465
000000005.069066	-00000002.256893	000000000.116230
000000009.517056	-00000004.237267	000000000.218220
000000004.685429	-00000002.110632	-00000000.107644
000000004.932512	-00000002.221935	-00000000.037769
000000005.259448	-00000002.396869	000000000.040352
000000006.897338	-00000003.143298	000000000.052918
000000009.299578	-00000004.238062	000000000.071348
000000005.522254	-00000002.516636	000000000.127120
000000009.343253	-00000004.257966	000000000.215079
000000004.675912	-00000002.155625	-00000000.107853
000000004.858448	-00000002.239775	-00000000.037350
000000005.301771	-00000002.472257	000000000.040840
000000006.924023	-00000003.228725	000000000.053337
000000014.926525	-00000006.960353	000000000.114981
000000005.291677	-00000002.467549	000000000.122304
000000009.341985	-00000004.356239	000000000.215916
000000004.665965	-00000002.200612	-00000000.108063
000000004.965338	-00000002.341805	-00000000.038327
000000005.081431	-00000002.423718	000000000.039304
000000005.991852	-00000002.857967	000000000.139058
000000009.312637	-00000004.441900	000000000.216126
000000004.673599	-00000002.254277	-00000000.108691
000000004.854645	-00000002.341603	-00000000.037629
000000005.015149	-00000002.446051	000000000.038955
000000005.400568	-00000002.634033	000000000.125864
000000009.363380	-00000004.566825	000000000.218220
000000004.573048	-00000002.255177	-00000000.106806
000000004.816089	-00000002.375032	-00000000.037489
000000005.038358	-00000002.512033	000000000.039304
000000005.359481	-00000002.672139	000000000.125445
000000014.977916	-00000007.467713	000000000.350576
000000004.571049	-00000002.303998	-00000000.107225
000000004.661236	-00000002.349457	-00000000.036442
000000005.176622	-00000002.637620	000000000.040561
000000005.291418	-00000002.696112	000000000.124398
000000004.239682	-00000002.183580	-00000000.099895
000000004.747236	-00000002.444987	-00000000.037280
000000004.940530	-00000002.571877	000000000.038886
000000005.533733	-00000002.880679	000000000.130681
000000017.594435	-00000009.159083	000000000.415498
000000004.140834	-00000002.178598	-00000000.098011
000000004.708020	-00000002.477009	-00000000.037140
000000005.147459	-00000002.736953	000000000.040701
000000005.270041	-00000002.802130	000000000.125026
000000003.989560	-00000002.143668	-00000000.094869
000000004.333877	-00000002.328676	-00000000.034348
000000005.035500	-00000002.734053	000000000.040003
000000005.192670	-00000002.819390	000000000.123770
000000003.909344	-00000002.144739	-00000000.093403
000000004.129282	-00000002.265402	-00000000.032882
000000004.950227	-00000002.743956	000000000.039514
000000005.185357	-00000002.874290	000000000.124189
000000003.986432	-00000002.232509	-00000000.095707
000000004.283851	-00000002.399072	-00000000.034278
000000005.030533	-00000002.846139	000000000.040352
000000005.490740	-00000003.106511	000000000.132147
000000011.764628	-00000006.656106	000000000.283142
000000003.862637	-00000002.207679	-00000000.093194
000000004.158571	-00000002.376819	-00000000.033440
000000004.988185	-00000002.879930	000000000.040212
000000005.307571	-00000003.064328	000000000.128377
000000011.645487	-00000006.723525	000000000.281676
000000004.085046	-00000002.382328	-00000000.099058
000000004.422730	-00000002.579260	-00000000.035744
000000004.971479	-00000002.928425	000000000.040282
000000005.582132	-00000003.288127	000000000.135707
000000011.267637	-00000006.637146	000000000.273927
000000003.557162	-00000002.116289	-00000000.086702
000000004.477398	-00000002.663772	-00000000.036372
000000004.980021	-00000002.992298	000000000.040561
000000005.201865	-00000003.125596	000000000.127120
000000011.466383	-00000006.889698	000000000.280210
000000004.188149	-00000002.541431	-00000000.102618
000000004.453982	-00000002.702743	-00000000.036372
000000004.876983	-00000002.988619	000000000.039933
000000006.751429	-00000004.137281	000000000.165864
000000004.063792	-00000002.514751	-00000000.100105
000000004.277168	-00000002.646792	-00000000.035116
000000004.901599	-00000003.062859	000000000.040352
000000004.866728	-00000003.041069	000000000.120209
000000006.782897	-00000004.238424	000000000.167539
000000003.804940	-00000002.400739	-00000000.094241
000000004.093223	-00000002.582631	-00000000.033789
000000004.672275	-00000002.976567	000000000.038676
000000004.696660	-00000002.992103	000000000.116649
000000006.745652	-00000004.297454	000000000.167539
000000003.582041	-00000002.304046	-00000000.089215
000000003.759353	-00000002.418097	-00000000.031206
000000004.671281	-00000003.033566	000000000.038886
000000004.779374	-00000003.103761	000000000.119372
000000006.565350	-00000004.263588	000000000.163979
000000003.469826	-00000002.274918	-00000000.086911
000000003.813372	-00000002.500156	-00000000.031835
000000004.519551	-00000002.991426	000000000.037838
000000004.793792	-00000003.172942	000000000.120419
000000006.661286	-00000004.409009	000000000.167330
000000003.441529	-00000002.299556	-00000000.086702
000000003.891183	-00000002.600005	-00000000.032672
000000004.617627	-00000003.114629	000000000.038886
000000004.948269	-00000003.337649	000000000.125026
000000003.222993	-00000002.194458	-00000000.081675
000000003.703032	-00000002.521305	-00000000.031276
000000004.656199	-00000003.200117	000000000.039444
000000004.671771	-00000003.210819	000000000.118744
000000006.467972	-00000004.445314	000000000.164398
000000003.326941	-00000002.307981	-00000000.084817
000000003.574077	-00000002.479425	-00000000.030368
000000004.783731	-00000003.349605	000000000.040771
000000004.799178	-00000003.360421	000000000.122723
000000006.453503	-00000004.518791	000000000.165026
000000003.225027	-00000002.279223	-00000000.082723
000000003.601301	-00000002.545148	-00000000.030787
000000004.607781	-00000003.286699	000000000.039514
000000006.439497	-00000004.593248	000000000.055222
000000004.728974	-00000003.373144	000000000.121675
000000006.462659	-00000004.609770	000000000.166283
000000003.034621	-00000002.184614	-00000000.078325
000000003.229986	-00000002.325257	-00000000.027785
000000003.519138	-00000002.556803	000000000.030368
000000006.172649	-00000004.484692	000000000.053267
000000010.961913	-00000007.964296	000000000.094596
000000006.300860	-00000004.577843	000000000.163141
000000003.039629	-00000002.228749	-00000000.078953
000000003.322471	-00000002.436136	-00000000.028763
000000004.348760	-00000003.217913	000000000.037769
000000006.077010	-00000004.496751	000000000.052778
000000030.537779	-00000022.596767	000000000.265218
000000006.180304	-00000004.573184	000000000.161047
000000003.148237	-00000002.350900	-00000000.082304
000000003.429283	-00000002.560767	-00000000.029880
000000004.967391	-00000003.743198	000000000.043423
000000030.011993	-00000022.615658	000000000.262356
000000006.060314	-00000004.566774	000000000.158953
000000003.262892	-00000002.481161	-00000000.085864
000000003.319247	-00000002.524014	-00000000.029112
000000004.704471	-00000003.609867	000000000.041399
000000010.019809	-00000007.688469	000000000.088173
000000006.266117	-00000004.808161	000000000.165445
000000008.312519	-00000006.378420	000000000.219477
000000013.872706	-00000010.644902	000000000.366283
000000003.162065	-00000002.448332	-00000000.083770
000000003.605457	-00000002.791643	-00000000.031835
000000004.278794	-00000003.342960	000000000.037908
000000029.171448	-00000022.791233	000000000.258446
000000008.209271	-00000006.413785	000000000.218220
000000029.709368	-00000023.211502	000000000.789739
000000002.912887	-00000002.296335	-00000000.077696
000000003.329663	-00000002.624894	-00000000.029601
000000004.773793	-00000003.797247	000000000.042586
000000028.556677	-00000022.715006	000000000.254746
000000008.059096	-00000006.410495	000000000.215707
000000002.955114	-00000002.371730	-00000000.079372
000000003.181851	-00000002.553705	-00000000.028484
000000004.219800	-00000003.417126	000000000.037908
000000008.462914	-00000006.853132	000000000.076026
000000028.038744	-00000022.705328	000000000.251884
000000007.995078	-00000006.474287	000000000.215497
000000002.779460	-00000002.270914	-00000000.075183
000000003.291089	-00000002.688932	-00000000.029670
000000004.189819	-00000003.453820	000000000.037908
000000007.962971	-00000006.564167	000000000.072047
000000007.930561	-00000006.537450	000000000.215288
000000002.636549	-00000002.192795	-00000000.071833
000000003.359757	-00000002.794280	-00000000.030508
000000003.906731	-00000003.278137	000000000.035604
000000007.936027	-00000006.659117	000000000.072326
000000007.888527	-00000006.619260	000000000.215707
000000002.678358	-00000002.267398	-00000000.073508
000000003.167338	-00000002.681349	-00000000.028972
000000003.748710	-00000003.201701	000000000.034418
000000007.672309	-00000006.552771	000000000.070441
000000007.883680	-00000006.733299	000000000.217173
000000002.438824	-00000002.101425	-00000000.067435
000000002.658988	-00000002.291131	-00000000.024504
000000003.539502	-00000003.076842	000000000.032742
000000007.818601	-00000006.796606	000000000.072326
000000007.741622	-00000006.729690	000000000.214869
000000002.412877	-00000002.116036	-00000000.067225
000000002.623857	-00000002.301061	-00000000.024365
000000004.111667	-00000003.637695	000000000.038327
000000007.624184	-00000006.745308	000000000.071069
000000007.742504	-00000006.849989	000000000.216545
000000002.610628	-00000002.330075	-00000000.073298
000000002.685741	-00000002.397115	-00000000.025133
000000003.700771	-00000003.332189	000000000.034767
000000007.877143	-00000007.092612	000000000.074001
000000007.652713	-00000006.890534	000000000.215707
000000002.345977	-00000002.130935	-00000000.066387
000000002.612906	-00000002.373397	-00000000.024644
000000004.463407	-00000004.054273	-00000000.042097
000000004.099162	-00000003.756190	000000000.038816
000000007.607033	-00000006.970562	000000000.216126
000000009.774154	-00000008.956362	000000000.277696
000000002.444758	-00000002.259911	-00000000.069738
000000002.606781	-00000002.409684	-00000000.024783
000000002.530422	-00000002.359657	000000000.024155
000000004.007720	-00000003.737260	000000000.038257
000000009.639008	-00000008.988520	000000000.092013
000000007.757961	-00000007.234416	000000000.222199
000000002.446790	-00000002.301710	-00000000.070367
000000002.709474	-00000002.548819	-00000000.025970
000000003.285866	-00000003.118170	000000000.031625
000000004.714818	-00000004.474195	000000000.045378
000000007.601738	-00000007.213780	000000000.073164
000000007.680030	-00000007.288076	000000000.221780
000000009.551085	-00000009.063642	000000000.275812
000000002.542163	-00000002.433592	-00000000.073717
000000002.889385	-00000002.765985	-00000000.027925
000000003.359235	-00000003.243976	000000000.032602
000000007.049358	-00000006.807486	000000000.068416
000000006.918531	-00000006.681148	000000000.201466
000000009.557929	-00000009.229985	000000000.278325
000000024.358694	-00000023.522919	000000000.709320
000000002.520830	-00000002.455684	-00000000.073717
000000002.779184	-00000002.707361	-00000000.027087
000000003.230946	-00000003.175042	000000000.031625
000000007.039610	-00000006.917806	000000000.068905
000000023.472500	-00000023.066362	000000000.229753
000000023.959957	-00000023.545385	000000000.703665
000000002.676812	-00000002.653553	-00000000.078953
000000002.727045	-00000002.703351	-00000000.026808
000000003.238470	-00000003.238470	000000000.031974
000000006.448657	-00000006.448657	000000000.063669
000000003.973068	-00000003.973068	000000000.117696
000000006.475677	-00000006.475677	000000000.191833
000000023.612188	-00000023.612188	000000000.699477
000000002.505743	-00000002.527705	-00000000.074555
000000003.006070	-00000003.032418	-00000000.029810
000000003.196068	-00000003.252343	000000000.031835
000000022.666853	-00000023.065958	000000000.225774
000000004.001314	-00000004.071767	000000000.119581
000000006.299792	-00000006.410715	000000000.188272
000000023.145954	-00000023.553495	000000000.691728
000000002.462660	-00000002.527991	-00000000.073927
000000002.679450	-00000002.750532	-00000000.026808
000000003.160619	-00000003.272917	000000000.031765
000000003.847563	-00000003.984268	000000000.116021
000000006.222774	-00000006.443871	000000000.187644
000000008.577149	-00000008.881899	000000000.258639
000000002.634087	-00000002.751603	-00000000.079791
000000002.765985	-00000002.889385	-00000000.027925
000000003.276488	-00000003.452698	000000000.033231
000000003.613069	-00000003.807380	000000000.109948
000000006.180068	-00000006.512433	000000000.188063
000000022.345972	-00000023.547741	000000000.680000
000000002.637376	-00000002.803613	-00000000.080628
000000002.733814	-00000002.906129	-00000000.027855
000000003.103017	-00000003.327578	000000000.031765
000000003.750168	-00000004.021563	000000000.115183
000000021.989624	-00000023.580984	000000000.675393
000000002.395641	-00000002.591590	-00000000.073927
000000002.565804	-00000002.775671	-00000000.026389
000000002.945502	-00000003.214451	000000000.030438
000000002.573434	-00000002.808411	000000000.079791
000000021.499321	-00000023.462391	000000000.666597
000000002.614933	-00000002.878817	-00000000.081466
000000002.709572	-00000002.983006	-00000000.028134
000000003.613217	-00000004.012884	000000000.037699
000000009.026352	-00000010.024779	000000000.094177
000000003.739620	-00000004.153269	000000000.117068
000000008.971073	-00000009.963387	000000000.280838
000000021.159958	-00000023.500515	000000000.662409
000000002.576397	-00000002.886609	-00000000.081047
000000002.770000	-00000003.103523	-00000000.029042
000000002.888953	-00000003.265368	000000000.030438
000000003.001011	-00000003.392025	000000000.094869
000000008.777790	-00000009.921487	000000000.277487
000000020.761957	-00000023.467125	000000000.656335
000000002.452229	-00000002.796231	-00000000.077906
000000002.630726	-00000002.999768	-00000000.027855
000000003.057160	-00000003.516861	000000000.032533
000000019.917467	-00000022.912424	000000000.211951
000000002.958178	-00000003.402994	000000000.094450
000000020.425198	-00000023.496502	000000000.652147
000000002.245001	-00000002.605452	-00000000.072042
000000002.591393	-00000003.007460	-00000000.027716
000000002.623706	-00000003.071965	000000000.028204
000000003.460799	-00000004.052075	000000000.111623
000000020.031078	-00000023.453379	000000000.646074
000000002.118822	-00000002.502853	-00000000.068691
000000002.506900	-00000002.961270	-00000000.027087
000000002.763920	-00000003.293911	000000000.030019
000000003.309630	-00000003.944264	000000000.107853
000000009.183420	-00000010.944374	000000000.299267
000000019.709972	-00000023.489429	000000000.642304
000000003.014937	-00000003.657411	000000000.033091
000000018.929226	-00000022.962988	000000000.207762
000000003.236928	-00000003.926708	000000000.106597
000000019.408850	-00000023.544817	000000000.639163
000000003.001785	-00000003.706896	000000000.033301
000000003.196246	-00000003.947036	000000000.106387
000000019.070517	-00000023.550127	000000000.634765
000000002.907073	-00000003.654691	000000000.032602
000000018.702461	-00000023.512217	000000000.629320
000000002.918164	-00000003.735080	000000000.033091
000000018.348843	-00000023.485449	000000000.624294
000000003.068083	-00000003.998403	000000000.035186
000000003.134434	-00000004.084874	000000000.107853
000000018.009300	-00000023.470177	000000000.619686
000000002.690048	-00000003.569813	000000000.031206
000000004.724133	-00000006.269136	000000000.054803
000000017.229544	-00000022.864376	000000000.199873
000000001.756914	-00000002.331504	000000000.061152
000000003.267139	-00000004.335639	000000000.113717
000000017.689482	-00000023.474733	000000000.615707
000000001.790373	-00000002.419550	000000000.021014
000000002.944301	-00000003.978994	000000000.034557
000000001.706767	-00000002.306563	000000000.060105
000000017.335281	-00000023.427288	000000000.610472
000000001.710413	-00000002.354182	000000000.020315
000000002.797790	-00000003.850827	000000000.033231
000000001.739463	-00000002.394165	000000000.061990
000000017.012651	-00000023.415907	000000000.606283
000000001.643349	-00000002.303891	000000000.019757
000000002.903444	-00000004.070478	000000000.034906
000000002.804180	-00000003.931315	000000000.101152
000000016.656713	-00000023.351852	000000000.600838
000000002.747364	-00000003.923643	000000000.033440
000000004.708948	-00000006.725074	000000000.057316
000000002.878722	-00000004.111241	000000000.105131
000000016.394955	-00000023.414421	000000000.598744
000000002.599741	-00000003.782647	000000000.032044
000000003.273748	-00000004.763333	000000000.040352
000000002.621886	-00000003.814867	000000000.096963
000000016.099398	-00000023.424768	000000000.595393
000000002.589000	-00000003.838351	000000000.032323
000000015.821688	-00000023.456617	000000000.592670
000000002.433983	-00000003.677347	000000000.030787
000000015.445328	-00000023.335344	000000000.586178
000000002.396353	-00000003.690061	000000000.030718
000000015.224767	-00000023.444086	000000000.585550
000000002.014824	-00000003.162641	000000000.026180
000000002.320625	-00000003.642652	000000000.090471
000000014.965884	-00000023.491734	000000000.583456
000000001.859971	-00000002.976576	000000000.024504
000000002.336431	-00000003.739072	000000000.092356
000000014.755015	-00000023.612961	000000000.583246
000000002.262364	-00000003.691842	000000000.030229
000000002.329833	-00000003.801941	000000000.093403
000000004.085043	-00000006.666184	000000000.163770
000000001.941646	-00000003.231442	000000000.026319
000000013.761481	-00000022.902952	000000000.186539
000000001.596268	-00000002.656636	000000000.064921
000000004.026714	-00000006.701578	000000000.163770
000000014.005963	-00000023.309837	000000000.569634
000000001.542879	-00000002.619289	000000000.021223
000000001.598395	-00000002.713537	000000000.065969
000000003.963005	-00000006.727848	000000000.163560
000000001.584961	-00000002.745234	000000000.022131
000000001.884587	-00000003.264200	000000000.078953
000000003.969129	-00000006.874733	000000000.166283
