000000003.706862	000000004.302025	-00000000.118953
000000004.164506	000000004.833147	-00000000.044540
000000004.364763	000000004.977058	-00000000.046216
000000003.841295	000000004.303807	-00000000.120838
000000004.321466	000000004.841794	-00000000.045308
000000004.060205	000000004.469937	-00000000.126492
000000004.168572	000000004.589241	-00000000.043284
000000005.029181	000000005.536697	-00000000.052220
000000003.854743	000000004.170037	-00000000.118953
000000004.371370	000000004.728922	-00000000.044959
000000004.048543	000000004.303728	-00000000.123770
000000004.713944	000000005.011070	-00000000.048031
000000003.809402	000000003.979353	-00000000.115393
000000004.951113	000000005.172000	-00000000.049986
000000004.060250	000000004.167963	-00000000.121885
000000004.591349	000000004.713152	-00000000.045937
000000004.209085	000000004.245977	-00000000.125236
000000004.956143	000000004.999583	-00000000.049148
000000003.983266	000000003.948657	-00000000.117487
000000005.503802	000000005.455981	-00000000.054105
000000004.289708	000000004.178848	-00000000.125445
000000004.448127	000000004.333173	-00000000.043354
000000005.887859	000000005.735698	-00000000.057386
000000004.066017	000000003.892365	-00000000.117906
000000004.420760	000000004.231956	-00000000.042725
000000005.793218	000000005.545800	-00000000.055990
000000003.983315	000000003.747129	-00000000.114555
000000004.894534	000000004.604317	-00000000.046914
000000004.397627	000000004.065125	-00000000.125445
000000004.905155	000000004.534278	-00000000.046635
000000004.425534	000000004.019872	-00000000.125236
000000004.877919	000000004.430789	-00000000.046007
000000004.490280	000000004.007729	-00000000.126073
000000004.923859	000000004.394712	-00000000.046076
000000006.796417	000000006.066034	-00000000.063599
000000004.547633	000000003.988168	-00000000.126702
000000004.834212	000000004.239490	-00000000.044890
000000004.559541	000000003.928752	-00000000.126073
000000004.764967	000000004.105759	-00000000.043912
000000004.647067	000000003.934032	-00000000.127539
000000004.999051	000000004.232009	-00000000.045727
000000004.581292	000000003.810221	-00000000.124817
000000005.151114	000000004.284137	-00000000.046774
000000004.745986	000000003.877633	-00000000.128377
000000005.134098	000000004.194734	-00000000.046286
000000004.584715	000000003.679623	-00000000.123141
000000004.983340	000000003.999553	-00000000.044610
000000004.475325	000000003.528061	-00000000.119372
000000005.127995	000000004.042585	-00000000.045588
000000004.703571	000000003.641894	-00000000.124607
000000005.170984	000000004.003803	-00000000.045657
000000005.077379	000000003.860929	-00000000.133613
000000005.189806	000000003.946421	-00000000.045518
000000005.142921	000000003.840402	-00000000.134450
000000005.240072	000000003.912947	-00000000.045657
000000005.071424	000000003.718522	-00000000.131728
000000005.298212	000000003.884810	-00000000.045867
000000005.152364	000000003.709172	-00000000.132984
000000005.356257	000000003.855954	-00000000.046076
000000005.266182	000000003.721770	-00000000.135079
000000005.536695	000000003.912949	-00000000.047333
000000008.296876	000000005.863652	-00000000.070930
000000005.331319	000000003.698467	-00000000.135916
000000005.800686	000000004.024079	-00000000.049288
000000008.355946	000000005.796726	-00000000.070999
000000005.189846	000000003.533640	-00000000.131518
000000005.951301	000000004.052097	-00000000.050265
000000008.340088	000000005.678564	-00000000.070441
000000013.062767	000000008.810947	000000000.330053
000000005.644441	000000003.771495	-00000000.142199
000000005.953177	000000003.977786	-00000000.049986
000000008.031800	000000005.366678	-00000000.067439
000000005.334336	000000003.497344	-00000000.133613
000000006.021113	000000003.947615	-00000000.050265
000000008.688802	000000005.696628	-00000000.072535
000000010.030255	000000006.513724	000000000.083496
000000013.415786	000000008.712314	000000000.335079
000000005.852348	000000003.764357	-00000000.145759
000000006.046923	000000003.889512	-00000000.050195
000000008.788643	000000005.653045	-00000000.072954
000000005.918797	000000003.734482	-00000000.146597
000000006.393547	000000004.034028	-00000000.052778
000000009.116723	000000005.752224	-00000000.075258
000000009.311340	000000005.818371	000000000.076654
000000011.592535	000000007.243820	000000000.095434
000000006.121193	000000003.787909	-00000000.150785
000000006.751632	000000004.178037	-00000000.055431
000000014.645145	000000008.974557	000000000.359791
000000005.983071	000000003.630616	-00000000.146597
000000006.941715	000000004.212336	-00000000.056688
000000009.377181	000000005.634379	000000000.076375
000000011.648620	000000006.999197	000000000.094875
000000014.294415	000000008.588951	000000000.349320
000000006.298068	000000003.746956	-00000000.153508
000000007.150087	000000004.253855	-00000000.058084
000000010.778718	000000006.349150	000000000.087336
000000015.057974	000000008.869824	000000000.366073
000000006.226888	000000003.631414	-00000000.150995
000000005.312459	000000003.098135	-00000000.042935
000000007.584291	000000004.423028	-00000000.061295
000000011.214755	000000006.474842	000000000.090407
000000014.961637	000000008.638105	000000000.361885
000000006.701025	000000003.829951	-00000000.161675
000000007.509737	000000004.292168	-00000000.060388
000000015.593353	000000008.822295	000000000.375288
000000006.734192	000000003.771329	-00000000.161675
000000007.538182	000000004.221585	-00000000.060318
000000009.344205	000000005.233006	-00000000.074769
000000011.299811	000000006.263587	000000000.090198
000000013.774924	000000007.635565	000000000.109955
000000015.827146	000000008.773129	000000000.379058
000000006.854500	000000003.760507	-00000000.163770
000000007.451996	000000004.088305	-00000000.059341
000000011.529799	000000006.260170	000000000.091594
000000015.621942	000000008.482022	000000000.372356
000000019.277020	000000010.466567	000000000.459477
000000006.763757	000000003.634298	-00000000.160838
000000007.540241	000000004.051518	-00000000.059760
000000011.813551	000000006.281376	000000000.093409
000000016.145571	000000008.584752	000000000.383037
000000017.919905	000000009.528182	000000000.425131
000000006.972173	000000003.668238	-00000000.165026
000000008.053191	000000004.236989	-00000000.063529
000000010.750309	000000005.596257	000000000.084613
000000012.666205	000000006.593609	000000000.099692
000000016.228737	000000008.448146	000000000.383246
000000019.820345	000000010.317819	000000000.468063
000000007.003919	000000003.607255	-00000000.165026
000000007.823160	000000004.029192	-00000000.061435
000000011.556073	000000005.888113	000000000.090547
000000017.415356	000000008.873568	000000000.409424
000000020.408482	000000010.398642	000000000.479791
000000007.231544	000000003.644998	-00000000.169634
000000008.081263	000000004.073292	-00000000.063180
000000010.188642	000000005.135498	-00000000.079656
000000012.296099	000000006.130609	000000000.095923
000000013.629518	000000006.795427	000000000.106325
000000015.210547	000000007.583699	000000000.356021
000000007.065807	000000003.484471	-00000000.165026
000000007.964036	000000003.927428	-00000000.061994
000000012.043547	000000005.874030	000000000.093549
000000015.177301	000000007.402464	000000000.353717
000000007.384106	000000003.561670	-00000000.171728
000000008.124101	000000003.918601	-00000000.062971
000000012.058246	000000005.751488	000000000.093270
000000015.286442	000000007.291259	000000000.354765
000000018.832825	000000008.982797	000000000.437068
000000020.285667	000000009.675767	000000000.470786
000000007.677140	000000003.620774	-00000000.177801
000000008.203208	000000003.868884	-00000000.063320
000000010.014457	000000004.669818	000000000.077143
000000013.005200	000000006.064425	000000000.100181
000000017.469782	000000008.146294	000000000.403770
000000019.019228	000000008.868812	000000000.439581
000000007.781080	000000003.587127	-00000000.179477
000000008.173089	000000003.767846	-00000000.062831
000000009.909237	000000004.515900	000000000.076026
000000012.620855	000000005.751655	000000000.096830
000000018.140648	000000008.267170	000000000.417592
000000020.842640	000000009.498538	000000000.479791
000000007.775624	000000003.502663	-00000000.178639
000000008.342419	000000003.757986	-00000000.063879
000000009.244855	000000004.116075	000000000.070650
000000009.252186	000000004.119339	000000000.212147
000000007.915708	000000003.482995	-00000000.181152
000000008.512190	000000003.745453	-00000000.064926
000000009.115355	000000003.963469	000000000.069394
000000009.196095	000000003.998576	000000000.210052
000000007.982544	000000003.429572	-00000000.181990
000000008.562925	000000003.678923	-00000000.065065
000000009.241644	000000003.922845	000000000.070092
000000009.267450	000000003.933800	000000000.210890
000000008.150469	000000003.417775	-00000000.185131
000000008.788361	000000003.685266	-00000000.066531
000000009.146184	000000003.788474	000000000.069114
000000009.301426	000000003.852777	000000000.210890
000000008.189238	000000003.350306	-00000000.185340
000000008.690614	000000003.555424	-00000000.065554
000000009.160354	000000003.701023	000000000.068975
000000017.949842	000000007.252207	000000000.135157
000000021.190775	000000008.561629	000000000.478744
000000038.478958	000000015.546509	000000000.869320
000000008.376025	000000003.341695	-00000000.188901
000000009.129975	000000003.642491	-00000000.068626
000000013.313951	000000005.244505	000000000.099902
000000018.003141	000000007.091626	000000000.135087
000000021.785601	000000008.581576	000000000.490471
000000023.432079	000000009.230142	000000000.527540
000000024.529732	000000009.662519	000000000.552252
000000008.609864	000000003.348193	-00000000.193508
000000009.114815	000000003.544558	-00000000.068277
000000009.391591	000000003.605094	000000000.070231
000000013.247183	000000005.085117	000000000.099064
000000017.018757	000000006.532888	000000000.127268
000000021.542311	000000008.269319	000000000.483351
000000023.390394	000000008.978731	000000000.524817
000000055.190506	000000021.185650	000000001.238325
000000008.778995	000000003.326063	-00000000.196649
000000009.407231	000000003.564081	-00000000.070231
000000016.719191	000000006.251050	000000000.124615
000000023.673880	000000008.851301	000000000.529424
000000008.929623	000000003.294312	-00000000.199372
000000009.747571	000000003.596069	-00000000.072535
000000013.098995	000000004.767644	000000000.097319
000000017.412081	000000006.337479	000000000.129363
000000020.447214	000000007.442177	000000000.151912
000000023.703245	000000008.627275	000000000.528377
000000009.183864	000000003.297344	-00000000.204398
000000010.258568	000000003.683202	-00000000.076096
000000012.451455	000000004.470529	-00000000.092362
000000016.910576	000000005.988349	000000000.125244
000000023.853024	000000008.446798	000000000.530053
000000009.438820	000000003.296183	-00000000.209424
000000010.573539	000000003.692445	-00000000.078190
000000016.394894	000000005.645214	000000000.121055
000000018.021145	000000006.205178	000000000.133063
000000024.757702	000000008.524760	000000000.548482
000000079.056374	000000027.221292	000000001.751415
000000009.950053	000000003.377588	-00000000.220105
000000011.523859	000000003.911823	-00000000.084962
000000013.114997	000000004.388216	000000000.096551
000000016.424564	000000005.495583	000000000.120915
000000018.577208	000000006.215847	000000000.136763
000000024.831150	000000008.308387	000000000.548482
000000027.154032	000000009.085612	000000000.599791
000000009.960158	000000003.284368	-00000000.219686
000000011.168190	000000003.682717	-00000000.082100
000000012.553640	000000004.078925	000000000.092153
000000012.560701	000000004.081219	000000000.276649
000000010.435968	000000003.340580	-00000000.229529
000000012.018942	000000003.847294	-00000000.088104
000000012.483850	000000003.936143	000000000.091385
000000012.576767	000000003.965440	000000000.276231
000000010.340597	000000003.210841	-00000000.226806
000000012.204857	000000003.789709	-00000000.089221
000000012.575101	000000003.844594	000000000.091804
000000012.582211	000000003.846768	000000000.275602
000000010.866052	000000003.270310	-00000000.237696
000000012.151284	000000003.657121	-00000000.088592
000000012.646523	000000003.746071	000000000.092083
000000031.557421	000000009.347734	000000000.689424
000000050.739197	000000015.029635	000000001.108482
000000010.347068	000000003.015895	-00000000.225759
000000012.345940	000000003.598513	-00000000.089779
000000019.936081	000000005.716579	000000000.144791
000000031.541689	000000009.044434	000000000.687330
000000010.594308	000000002.987904	-00000000.230576
000000012.299878	000000003.468924	-00000000.089221
000000019.802122	000000005.491615	000000000.143465
000000023.309652	000000006.464339	000000000.168877
000000030.482580	000000008.453568	000000000.662618
000000031.667585	000000008.782199	000000000.688377
000000010.128045	000000002.761222	-00000000.219895
000000012.503339	000000003.408802	-00000000.090477
000000015.280574	000000004.094418	000000000.110444
000000019.511227	000000005.228017	000000000.141021
000000022.949839	000000006.149391	000000000.165875
000000010.383796	000000002.733825	-00000000.224922
000000012.774365	000000003.363210	-00000000.092222
000000014.938154	000000003.863269	000000000.107721
000000019.817499	000000005.125154	000000000.142906
000000023.660952	000000006.119138	000000000.170622
000000043.169914	000000011.164498	000000000.934032
000000010.097171	000000002.564355	-00000000.218220
000000013.452598	000000003.416524	-00000000.096900
000000019.832361	000000004.944763	000000000.142697
000000023.897800	000000005.958391	000000000.171948
000000010.429926	000000002.552186	-00000000.224922
000000012.867459	000000003.148647	-00000000.277487
000000013.763582	000000003.367927	-00000000.098924
000000019.485819	000000004.678131	000000000.139904
000000023.589119	000000005.663247	000000000.169365
000000010.101460	000000002.378578	-00000000.217382
000000013.186397	000000003.104984	-00000000.283770
000000013.928719	000000003.279778	-00000000.099902
000000017.187468	000000003.968040	000000000.123149
000000017.262051	000000003.985258	000000000.371100
000000010.404620	000000002.354325	-00000000.223456
000000013.193487	000000002.985381	-00000000.283351
000000013.703226	000000003.100724	-00000000.098087
000000015.458799	000000003.497969	-00000000.110653
000000017.123816	000000003.796258	000000000.122451
000000017.257128	000000003.825813	000000000.370262
000000010.151205	000000002.204043	-00000000.217592
000000013.140876	000000002.853164	-00000000.281676
000000015.615772	000000003.390517	-00000000.111561
000000017.332352	000000003.684105	000000000.123708
000000017.505001	000000003.720803	000000000.374869
000000010.463700	000000002.176453	-00000000.223874
000000015.586024	000000003.241898	-00000000.111142
000000019.519625	000000003.971313	000000000.139067
000000021.087465	000000004.290294	000000000.150237
000000010.178319	000000002.024593	-00000000.217382
000000015.692183	000000003.121369	-00000000.111700
000000020.368267	000000003.959190	000000000.144861
000000055.920849	000000010.869912	000000001.193299
000000010.539380	000000002.000964	-00000000.224712
000000016.583357	000000003.148449	-00000000.117844
000000020.333216	000000003.768539	000000000.144372
000000021.292631	000000003.946356	000000000.453613
000000009.985822	000000001.805731	-00000000.212566
000000016.610201	000000003.003614	-00000000.117844
000000020.660763	000000003.643050	000000000.146467
000000021.375486	000000003.769075	000000000.454660
000000010.464310	000000001.798097	-00000000.222409
000000018.330896	000000003.149824	-00000000.129851
000000020.662180	000000003.457663	000000000.146257
000000055.121277	000000009.224138	000000001.170681
000000010.084891	000000001.642429	-00000000.214032
000000015.919863	000000002.592714	-00000000.112608
000000018.683386	000000003.042783	-00000000.132155
000000020.193453	000000003.288713	-00000000.142837
000000021.373055	000000003.385159	000000000.151074
000000010.365638	000000001.595424	-00000000.219686
000000020.102783	000000003.094114	-00000000.141999
000000021.649029	000000003.235469	000000000.152820
000000025.080832	000000003.748355	000000000.177045
000000025.164934	000000003.760925	000000000.532985
000000010.042758	000000001.456131	-00000000.212566
000000015.834036	000000002.295826	-00000000.111700
000000018.981050	000000002.752121	-00000000.133901
000000020.980099	000000003.041970	-00000000.148003
000000025.132391	000000003.532127	000000000.177184
000000025.147293	000000003.534221	000000000.531937
000000010.391904	000000001.414276	-00000000.219686
000000021.996687	000000002.993618	-00000000.154984
000000023.601851	000000003.212071	-00000000.166294
000000025.400200	000000003.344000	000000000.178860
000000028.989141	000000003.816493	000000000.204132
000000029.013227	000000003.819664	000000000.612985
000000010.026970	000000001.275592	-00000000.211728
000000015.802254	000000002.010301	-00000000.111211
000000024.105131	000000003.066560	-00000000.169645
000000029.031267	000000003.564591	000000000.204202
000000029.174458	000000003.582173	000000000.615707
000000010.434860	000000001.235047	-00000000.220105
000000025.104160	000000002.971273	-00000000.176486
000000032.946041	000000003.753727	000000000.231499
000000032.969418	000000003.756391	000000000.695079
000000010.087459	000000001.104756	-00000000.212566
000000015.894573	000000001.740739	-00000000.111630
000000027.773258	000000003.041667	-00000000.195056
000000084.943375	000000008.927908	000000001.789111
000000010.574196	000000001.064766	-00000000.222618
000000029.271261	000000002.947461	-00000000.205389
000000037.346355	000000003.596045	000000000.261937
000000037.448544	000000003.605885	000000000.788063
000000010.095248	000000000.927623	-00000000.212356
000000015.613841	000000001.434711	-00000000.109466
000000041.121914	000000003.597701	000000000.288186
000000041.103939	000000003.596129	000000000.864294
000000010.521424	000000000.874263	-00000000.221152
000000037.483177	000000002.949990	000000000.262495
000000044.979813	000000003.539988	000000000.314994
000000044.961079	000000003.538514	000000000.944713
000000010.030137	000000000.745368	-00000000.210681
000000015.895781	000000001.181260	-00000000.111281
000000049.128834	000000003.435423	000000000.343827
000000049.169121	000000003.438240	000000001.032461
000000010.026283	000000000.657157	-00000000.210471
000000053.289116	000000003.259302	000000000.372729
000000057.000954	000000003.486328	000000001.196231
000000010.041617	000000000.570204	-00000000.210681
000000016.123632	000000000.915566	-00000000.112747
000000061.184540	000000003.206546	000000000.427742
000000061.272453	000000003.211153	000000001.285236
000000010.225964	000000000.491188	-00000000.214450
000000069.751846	000000003.045431	000000000.487432
000000069.768211	000000003.046146	000000001.462828
000000010.010079	000000000.393297	-00000000.209843
000000015.937315	000000000.626179	-00000000.111351
000000010.043110	000000000.306845	-00000000.210471
000000099.953804	000000002.617383	000000002.094451
000000009.895473	000000000.215920	-00000000.207330
000000015.655891	000000000.341613	-00000000.109327
000000010.176896	000000000.133223	-00000000.213194
000000009.947723	000000000.043405	-00000000.208377
000000015.839463	000000000.069113	-00000000.110583
000000010.317638	-00000000.045019	-00000000.216126
000000009.916975	-00000000.129820	-00000000.207749
000000010.005424	-00000000.218319	-00000000.209634
000000009.893212	-00000000.302265	-00000000.207330
000000015.582349	-00000000.476084	-00000000.108838
000000009.980108	-00000000.392120	-00000000.209215
000000009.926375	-00000000.476798	-00000000.208168
000000087.390869	-00000004.579961	000000001.833090
000000010.301142	-00000000.584941	-00000000.216126
000000010.056211	-00000000.659119	-00000000.211100
000000016.763620	-00000001.098746	-00000000.117285
000000053.577389	-00000003.746496	000000001.125027
000000010.063105	-00000000.836179	-00000000.211518
000000016.891375	-00000001.403565	-00000000.118332
000000017.197132	-00000001.580194	-00000000.120566
000000017.326584	-00000001.592089	-00000000.121474
000000041.447289	-00000003.990920	000000000.290700
000000041.648193	-00000004.010265	000000000.876440
000000010.046978	-00000001.011678	-00000000.211518
000000016.824507	-00000001.694139	-00000000.118053
000000030.057266	-00000003.026608	-00000000.210904
000000030.252619	-00000003.179678	000000000.212370
000000053.175365	-00000005.588956	000000001.120001
000000011.081297	-00000001.213599	-00000000.233508
000000028.041645	-00000003.071060	-00000000.196941
000000029.776623	-00000003.392617	000000000.209228
000000052.866299	-00000006.023354	000000001.114556
000000010.067506	-00000001.191568	-00000000.212356
000000016.842030	-00000001.993386	-00000000.118402
000000025.650333	-00000003.035917	-00000000.180326
000000029.696257	-00000003.646242	000000000.208879
000000052.930801	-00000006.499085	000000001.117069
000000009.977382	-00000001.269283	-00000000.210681
000000011.217115	-00000001.426997	-00000000.236859
000000017.131508	-00000002.179403	-00000000.120566
000000023.767859	-00000003.023654	-00000000.167271
000000027.006300	-00000003.555447	000000000.190170
000000030.020220	-00000003.952237	000000000.211393
000000030.083752	-00000003.960601	000000000.635602
000000010.055082	-00000001.368437	-00000000.212566
000000016.576782	-00000002.256001	-00000000.116796
000000019.787109	-00000002.692907	-00000000.139416
000000022.145313	-00000003.013845	-00000000.156031
000000026.706879	-00000003.753407	000000000.188285
000000009.884449	-00000001.433177	-00000000.209215
000000011.220185	-00000001.626850	-00000000.237487
000000016.348642	-00000002.370440	-00000000.115330
000000019.089911	-00000002.767905	-00000000.134669
000000026.287401	-00000003.928679	000000000.185562
000000033.576271	-00000005.018007	000000000.237014
000000033.648827	-00000005.028851	000000000.712671
000000010.069195	-00000001.549797	-00000000.213403
000000017.197071	-00000002.646882	-00000000.121474
000000019.193512	-00000002.954164	-00000000.135576
000000022.736032	-00000003.601034	000000000.160709
000000025.669394	-00000004.065633	000000000.181443
000000033.294163	-00000005.273277	000000000.235338
000000033.583912	-00000005.319169	000000000.712252
000000010.815107	-00000001.761352	-00000000.229529
000000017.785242	-00000002.896511	-00000000.125802
000000021.293386	-00000003.563291	000000000.150725
000000033.641384	-00000005.629637	000000000.238131
000000033.240395	-00000005.562534	000000000.705969
000000010.119441	-00000001.738838	-00000000.215079
000000015.265891	-00000002.623160	-00000000.108140
000000017.089127	-00000002.936449	-00000000.121055
000000019.085108	-00000003.365220	000000000.135297
000000019.229078	-00000003.390605	000000000.409005
000000010.674500	-00000001.930264	-00000000.227225
000000014.514247	-00000002.624603	-00000000.102974
000000016.915247	-00000003.058775	-00000000.120008
000000018.946861	-00000003.511593	000000000.134529
000000019.139774	-00000003.547347	000000000.407749
000000010.087553	-00000001.915182	-00000000.215079
000000013.940631	-00000002.646712	-00000000.099064
000000016.013550	-00000003.040267	-00000000.113795
000000017.501986	-00000003.402041	000000000.124476
000000017.528017	-00000003.407101	000000000.374032
000000019.216045	-00000003.735221	000000000.410053
000000010.452878	-00000002.079207	-00000000.223246
000000014.976227	-00000002.978957	-00000000.106604
000000017.300631	-00000003.441309	-00000000.123149
000000017.471632	-00000003.554644	000000000.124476
000000010.003651	-00000002.080762	-00000000.214032
000000014.303506	-00000002.975133	-00000000.101996
000000016.995815	-00000003.535135	-00000000.121195
000000019.151663	-00000004.070812	000000000.136693
000000010.542011	-00000002.288895	-00000000.225969
000000013.974065	-00000003.034067	-00000000.099832
000000017.494799	-00000003.878503	000000000.125104
000000088.774643	-00000019.680864	000000001.904713
000000010.014569	-00000002.266066	-00000000.215079
000000013.264333	-00000003.001412	-00000000.094945
000000014.410582	-00000003.326945	000000000.103253
000000016.291069	-00000003.761090	000000000.116727
000000010.344752	-00000002.435866	-00000000.222618
000000012.663356	-00000002.981824	-00000000.090826
000000079.191879	-00000019.012289	000000001.705969
000000010.002629	-00000002.447628	-00000000.215707
000000012.238612	-00000002.994769	-00000000.087964
000000078.756981	-00000019.636322	000000000.566669
000000078.741631	-00000019.632494	000000001.699896
000000010.397567	-00000002.640646	-00000000.224712
000000012.056938	-00000003.062072	-00000000.086847
000000013.321387	-00000003.445145	000000000.096062
000000075.857094	-00000019.617979	000000001.641258
000000009.997062	-00000002.632007	-00000000.216545
000000011.526907	-00000003.034781	-00000000.083217
000000013.851039	-00000003.711375	000000000.100111
000000019.520884	-00000005.230605	000000000.141091
000000023.964035	-00000006.421144	000000000.173205
000000023.631020	-00000006.331913	000000000.512461
000000010.176274	-00000002.774371	-00000000.220943
000000011.278089	-00000003.074760	-00000000.081611
000000013.336321	-00000003.698489	000000000.096621
000000023.473467	-00000006.509768	000000000.170064
000000023.411083	-00000006.492468	000000000.508901
000000009.901492	-00000002.792510	-00000000.215497
000000011.010220	-00000003.105203	-00000000.079866
000000013.870668	-00000003.977350	000000000.100740
000000023.646461	-00000006.780514	000000000.171739
000000014.329268	-00000004.108851	000000000.312251
000000023.449640	-00000006.724076	000000000.510995
000000009.847952	-00000002.870416	-00000000.214869
000000010.752296	-00000003.134009	-00000000.078190
000000013.279330	-00000003.933517	000000000.096690
000000018.322599	-00000005.427401	000000000.133412
000000023.806913	-00000007.051929	000000000.173345
000000014.081972	-00000004.171270	000000000.307644
000000009.554466	-00000002.875568	-00000000.209005
000000010.255340	-00000003.086507	-00000000.074769
000000013.215810	-00000004.040478	000000000.096481
000000013.949427	-00000004.264768	000000000.305550
000000009.204373	-00000002.858034	-00000000.201885
000000010.103865	-00000003.137333	-00000000.073862
000000013.027456	-00000004.107541	000000000.095364
000000013.625627	-00000004.296144	000000000.299267
000000008.960079	-00000002.868144	-00000000.197068
000000009.257062	-00000002.963209	-00000000.067858
000000009.196492	-00000002.988122	000000000.067509
000000013.228873	-00000004.298322	000000000.097109
000000013.863363	-00000004.504479	000000000.305340
000000008.697336	-00000002.867951	-00000000.191833
000000009.458773	-00000003.119035	-00000000.069533
000000013.826221	-00000004.626189	000000000.101787
000000013.785602	-00000004.612598	000000000.304503
000000008.586772	-00000002.914816	-00000000.189948
000000008.976679	-00000003.047172	-00000000.066182
000000010.861024	-00000003.686821	-00000000.080075
000000013.605681	-00000004.684812	000000000.100460
000000013.480138	-00000004.641584	000000000.298639
000000008.287283	-00000002.894049	-00000000.183874
000000008.911983	-00000003.112204	-00000000.065903
000000013.328627	-00000004.719914	000000000.098715
000000013.825518	-00000004.895873	000000000.307225
000000008.177026	-00000002.935852	-00000000.181990
000000008.686843	-00000003.118895	-00000000.064437
000000010.702839	-00000003.895515	000000000.079517
000000013.503054	-00000004.914710	000000000.100321
000000013.453446	-00000004.896654	000000000.299895
000000007.954117	-00000002.934429	-00000000.177592
000000008.875073	-00000003.274188	-00000000.066043
000000013.412819	-00000005.014847	000000000.099972
000000013.737967	-00000005.136415	000000000.307225
000000007.685126	-00000002.911634	-00000000.172147
000000008.481469	-00000003.213341	-00000000.063320
000000013.802259	-00000005.229208	-00000000.103043
000000008.822120	-00000003.386495	000000000.065973
000000013.639277	-00000005.235628	000000000.101996
000000013.440609	-00000005.159367	000000000.301571
000000007.454428	-00000002.898868	-00000000.167539
000000008.676783	-00000003.374216	-00000000.064996
000000013.425598	-00000005.288484	000000000.100740
000000013.385773	-00000005.272796	000000000.301361
000000007.066690	-00000002.819324	-00000000.159372
000000007.727507	-00000003.082963	-00000000.058084
000000013.495274	-00000005.384068	-00000000.101438
000000013.629271	-00000005.506583	000000000.102625
000000009.167837	-00000003.704047	000000000.207121
000000013.719312	-00000005.542962	000000000.309948
000000006.912271	-00000002.827885	-00000000.156440
000000007.154254	-00000002.926883	-00000000.053965
000000008.792420	-00000003.597074	-00000000.066322
000000013.506789	-00000005.594696	000000000.102066
000000009.079744	-00000003.760953	000000000.205864
000000013.781260	-00000005.708385	000000000.312461
000000006.868890	-00000002.880365	-00000000.156021
000000007.229879	-00000003.031740	-00000000.054733
000000010.918593	-00000004.578546	-00000000.082658
000000010.686801	-00000004.536278	000000000.081052
000000016.485840	-00000006.997824	000000000.125034
000000046.898579	-00000019.907267	000000000.355695
000000013.648093	-00000005.793272	000000000.310576
000000046.898640	-00000019.907291	000000001.067226
000000006.806749	-00000002.924410	-00000000.155183
000000007.129646	-00000003.063138	-00000000.054175
000000010.777158	-00000004.630232	-00000000.081890
000000010.555104	-00000004.589490	000000000.080354
000000048.336803	-00000021.017441	000000001.104084
000000006.735215	-00000002.963566	-00000000.154136
000000006.928739	-00000003.048718	-00000000.052848
000000010.644814	-00000004.683830	-00000000.081192
000000010.514652	-00000004.681425	000000000.080354
000000042.962994	-00000019.128357	000000000.328329
000000043.027687	-00000019.157162	000000000.986597
000000006.699981	-00000003.018121	-00000000.153927
000000006.920105	-00000003.117280	-00000000.052988
000000010.694708	-00000004.817615	-00000000.081890
000000042.594250	-00000019.411318	000000000.326793
000000042.640530	-00000019.432409	000000000.981571
000000006.464561	-00000002.980204	-00000000.149110
000000006.838151	-00000003.152431	-00000000.052569
000000010.842965	-00000004.998675	-00000000.083356
000000010.648857	-00000004.965643	000000000.082030
000000042.232914	-00000019.693531	000000000.325327
000000042.288105	-00000019.719267	000000000.977383
000000006.302670	-00000002.972532	-00000000.145969
000000006.747071	-00000003.182125	-00000000.052080
000000006.742147	-00000003.215839	000000000.052150
000000042.167759	-00000020.112989	000000000.326164
000000020.357859	-00000009.710200	000000000.472461
000000042.168560	-00000020.113371	000000000.978639
000000006.159425	-00000002.970954	-00000000.143246
000000006.665005	-00000003.214817	-00000000.051661
000000047.967468	-00000023.395298	000000000.372590
000000020.236403	-00000009.869953	000000000.471623
000000006.178098	-00000003.046701	-00000000.144293
000000006.591854	-00000003.250743	-00000000.051312
000000006.837132	-00000003.408868	000000000.053337
000000007.086326	-00000003.533112	000000000.165864
000000006.044142	-00000003.046498	-00000000.141780
000000006.625742	-00000003.339649	-00000000.051801
000000006.798214	-00000003.463863	000000000.053267
000000007.019592	-00000003.576661	000000000.165026
000000005.875114	-00000003.025883	-00000000.138429
000000006.382987	-00000003.287455	-00000000.050125
000000006.599200	-00000003.435326	000000000.051941
000000006.934904	-00000003.610082	000000000.163770
000000005.813094	-00000003.058417	-00000000.137592
000000006.557599	-00000003.450119	-00000000.051731
000000006.621945	-00000003.520951	000000000.052359
000000006.929618	-00000003.684543	000000000.164398
000000005.794990	-00000003.113760	-00000000.137801
000000005.505433	-00000002.958176	-00000000.043633
000000006.564604	-00000003.564289	000000000.052150
000000006.862056	-00000003.725793	000000000.163560
000000005.320564	-00000002.918962	-00000000.127120
000000005.400505	-00000002.962819	-00000000.043005
000000006.437044	-00000003.568112	000000000.051382
000000006.392068	-00000003.543181	000000000.153089
000000033.237003	-00000018.423571	000000000.796021
000000005.748488	-00000003.219308	-00000000.138011
000000006.264369	-00000003.508215	-00000000.050125
000000006.388255	-00000003.614301	000000000.051242
000000006.526236	-00000003.692367	000000000.157068
000000032.474552	-00000018.373217	000000000.781571
000000005.260131	-00000003.006413	-00000000.126911
000000005.382701	-00000003.076467	-00000000.043284
000000006.356472	-00000003.669911	000000000.051242
000000006.407183	-00000003.699188	000000000.154974
000000031.672262	-00000018.285990	000000000.766074
000000005.570517	-00000003.248629	-00000000.135079
000000005.908491	-00000003.445730	-00000000.047752
000000006.384516	-00000003.760767	000000000.051731
000000032.258610	-00000019.001772	000000000.261378
000000006.512488	-00000003.836149	000000000.158325
000000031.709614	-00000018.678391	000000000.770891
000000005.430257	-00000003.230664	-00000000.132356
000000005.843822	-00000003.476708	-00000000.047473
000000032.235546	-00000019.178135	-00000000.261867
000000006.377169	-00000003.831790	000000000.051941
000000031.825848	-00000019.122898	000000000.259214
000000031.434002	-00000018.887453	000000000.768168
000000005.410405	-00000003.283114	-00000000.132566
000000006.257802	-00000003.797328	-00000000.051103
000000007.454650	-00000004.523592	-00000000.060877
000000031.904533	-00000019.360146	-00000000.260541
000000031.640705	-00000019.389450	000000000.259075
000000030.833229	-00000018.894627	000000000.757487
000000005.160506	-00000003.193418	-00000000.127120
000000005.977830	-00000003.699194	-00000000.049078
000000008.375766	-00000005.183081	-00000000.068765
000000010.790707	-00000006.677492	-00000000.088592
000000030.054090	-00000018.779881	000000000.247416
000000032.148720	-00000020.088749	000000000.264660
000000029.844748	-00000018.649067	000000000.737173
000000005.411471	-00000003.414384	-00000000.134031
000000005.903036	-00000003.724539	-00000000.048729
000000007.298453	-00000004.604981	-00000000.060248
000000010.474667	-00000006.673099	000000000.086707
000000029.627621	-00000018.874876	000000000.245252
000000029.309856	-00000018.672438	000000000.727959
000000004.700377	-00000003.023384	-00000000.117068
000000005.727336	-00000003.683946	-00000000.047542
000000010.479091	-00000006.740378	-00000000.086987
000000005.971189	-00000003.877735	000000000.049707
000000010.491513	-00000006.813268	000000000.087336
000000029.260502	-00000019.001993	000000000.243576
000000029.137411	-00000018.922056	000000000.727749
000000005.158754	-00000003.382227	-00000000.129215
000000006.113103	-00000004.007926	-00000000.051033
000000029.378017	-00000019.261072	-00000000.245252
000000005.945461	-00000003.935215	000000000.049776
000000029.218647	-00000019.339401	000000000.244623
000000005.927628	-00000003.923411	000000000.148901
000000028.812775	-00000019.070759	000000000.723770
000000004.646896	-00000003.104957	-00000000.117068
000000006.185983	-00000004.133342	-00000000.051941
000000029.183870	-00000019.500040	-00000000.245042
000000006.283952	-00000004.238579	000000000.052918
000000028.675711	-00000019.342010	000000000.241482
000000005.926319	-00000003.997352	000000000.149738
000000027.451702	-00000018.516407	000000000.693613
000000028.661833	-00000019.332651	000000000.724189
000000004.768377	-00000003.246672	-00000000.120838
000000006.430712	-00000004.378516	-00000000.054314
000000005.702814	-00000003.919436	000000000.048310
000000028.580000	-00000019.642490	000000000.242110
000000027.050131	-00000018.591040	000000000.687540
000000028.574429	-00000019.638660	000000000.726283
000000004.649502	-00000003.225474	-00000000.118534
000000006.867462	-00000004.764128	-00000000.175079
000000005.200898	-00000003.607991	-00000000.044191
000000007.353561	-00000005.101346	-00000000.062482
000000026.523499	-00000018.571953	000000000.226053
000000026.583843	-00000018.614208	000000000.679791
000000004.604848	-00000003.254385	-00000000.118115
000000007.193035	-00000005.083534	-00000000.184503
000000005.210046	-00000003.682097	-00000000.044540
000000008.623525	-00000006.094505	-00000000.073722
000000026.499372	-00000018.727905	-00000000.226542
000000025.985933	-00000018.535587	000000000.222842
000000026.102959	-00000018.619059	000000000.671623
000000004.340969	-00000003.125050	-00000000.112042
000000005.137138	-00000003.698210	-00000000.044191
000000026.025440	-00000018.908590	000000000.224587
000000027.109497	-00000019.696203	000000000.233942
000000025.874777	-00000018.799126	000000000.669948
000000004.079715	-00000002.991371	-00000000.105969
000000005.072413	-00000003.719247	-00000000.043912
000000005.184750	-00000003.836513	000000000.045029
000000025.947866	-00000019.200411	000000000.225355
000000025.798145	-00000019.089622	000000000.672252
000000005.046792	-00000003.768618	-00000000.131937
000000005.312183	-00000003.966795	-00000000.046286
000000007.643775	-00000005.707878	-00000000.066601
000000026.168312	-00000019.540806	-00000000.228008
000000025.883146	-00000019.504349	000000000.226263
000000025.391039	-00000019.133520	000000000.665969
000000005.355918	-00000004.072735	-00000000.140942
000000005.213686	-00000003.964579	-00000000.045727
000000026.752975	-00000020.343435	-00000000.234640
000000025.989620	-00000019.942537	000000000.228706
000000025.405533	-00000019.494352	000000000.670786
000000004.284598	-00000003.317490	-00000000.113508
000000005.408185	-00000004.187464	-00000000.047752
000000025.103783	-00000019.437426	-00000000.221655
000000026.226532	-00000020.306751	-00000000.231568
000000003.884798	-00000003.035137	000000000.034418
000000027.831861	-00000021.744633	000000000.246578
000000025.462921	-00000019.893814	000000000.676859
000000004.129861	-00000003.255720	-00000000.110157
000000004.036430	-00000003.182065	-00000000.035884
000000005.426408	-00000004.277835	-00000000.048241
000000003.873816	-00000003.081372	000000000.034557
000000029.323614	-00000023.325056	000000000.261588
000000025.648268	-00000020.401554	000000000.686493
000000003.703639	-00000002.972484	-00000000.099476
000000003.766750	-00000003.023137	-00000000.033719
000000005.076924	-00000004.074663	-00000000.045448
000000025.275440	-00000020.285685	-00000000.226263
000000028.901354	-00000023.403854	000000000.259633
000000022.765383	-00000018.435043	000000000.613613
000000003.793692	-00000003.099576	-00000000.102618
000000004.150643	-00000003.391218	-00000000.037420
000000026.311756	-00000021.689737	000000000.238061
000000022.549639	-00000018.588488	000000000.612147
000000003.728065	-00000003.100599	-00000000.101571
000000003.751857	-00000003.120386	-00000000.034069
000000003.684584	-00000003.091733	000000000.033580
000000022.447838	-00000018.835972	000000000.613822
000000024.975231	-00000020.956707	000000000.682932
000000003.609298	-00000003.055496	-00000000.099058
000000003.808437	-00000003.224080	-00000000.034836
000000003.915995	-00000003.344576	000000000.035953
000000023.024532	-00000019.664808	000000000.211393
000000022.381443	-00000019.115557	000000000.616545
000000003.794568	-00000003.269609	-00000000.104922
000000006.596944	-00000005.684290	-00000000.182408
000000003.719553	-00000003.204972	-00000000.034278
000000022.587908	-00000019.635368	000000000.208949
000000022.372231	-00000019.447884	000000000.620943
000000003.645623	-00000003.197126	-00000000.101571
000000003.804217	-00000003.336209	-00000000.035325
000000006.879166	-00000006.032867	-00000000.063879
000000022.471943	-00000019.707365	-00000000.208670
000000003.692262	-00000003.266637	000000000.034418
000000003.676566	-00000003.252751	000000000.102827
000000022.553600	-00000019.953739	000000000.630786
000000024.567848	-00000021.735796	000000000.687121
000000003.625044	-00000003.235475	-00000000.101780
000000003.700354	-00000003.302693	-00000000.034627
000000023.965837	-00000021.578936	000000000.225146
000000022.237446	-00000020.022688	000000000.626807
000000024.191490	-00000021.782116	000000000.681885
000000003.404257	-00000003.092209	-00000000.096335
000000003.515950	-00000003.193665	-00000000.033161
000000004.692869	-00000004.262702	-00000000.044261
000000022.265219	-00000020.224300	-00000000.209996
000000003.745278	-00000003.431915	000000000.035465
000000006.561608	-00000006.012606	000000000.062133
000000023.710260	-00000021.726452	000000000.224517
000000023.912031	-00000021.911339	000000000.679372
000000003.340435	-00000003.087866	-00000000.095288
000000003.399830	-00000003.142771	-00000000.032323
000000021.581213	-00000019.949467	-00000000.205179
000000003.737126	-00000003.484927	000000000.035674
000000023.556328	-00000021.966631	000000000.224866
000000020.173624	-00000018.812208	000000000.577801
000000023.749159	-00000022.146448	000000000.680210
000000003.233258	-00000003.041545	-00000000.092984
000000003.386842	-00000003.186023	-00000000.032463
000000022.243908	-00000020.924980	-00000000.213208
000000023.095358	-00000021.916676	000000000.222283
000000024.538818	-00000023.286469	000000000.236176
000000019.863646	-00000018.849895	000000000.573613
000000003.286035	-00000003.145694	-00000000.095288
000000005.705424	-00000005.461755	-00000000.165445
000000007.272610	-00000006.962009	-00000000.210890
000000003.344464	-00000003.201627	-00000000.032323
000000005.735430	-00000005.490480	-00000000.055431
000000022.615492	-00000021.839527	000000000.219491
000000024.075718	-00000023.249649	000000000.233663
000000019.518600	-00000018.848892	000000000.568377
000000003.287105	-00000003.202156	-00000000.096126
000000003.259094	-00000003.174869	-00000000.031765
000000020.908344	-00000020.368008	-00000000.203783
000000019.243029	-00000018.910070	000000000.188354
000000021.853460	-00000021.475336	000000000.213906
000000019.331980	-00000018.997482	000000000.567749
000000003.145431	-00000003.118101	-00000000.092775
000000004.664895	-00000004.624362	-00000000.137592
000000005.850644	-00000005.799809	-00000000.172566
000000003.138943	-00000003.111669	-00000000.030857
000000004.751024	-00000004.709744	-00000000.046705
000000020.736908	-00000020.556730	-00000000.203853
000000019.183338	-00000019.183338	000000000.189402
000000019.123043	-00000019.123043	000000000.566492
000000003.188487	-00000003.216434	-00000000.094869
000000005.659037	-00000005.708638	-00000000.168377
000000003.245429	-00000003.273875	-00000000.032184
000000005.730540	-00000005.780768	-00000000.056827
000000019.303614	-00000019.472809	-00000000.191426
000000019.120338	-00000019.456999	000000000.190449
000000019.011497	-00000019.346241	000000000.568168
000000003.174250	-00000003.258459	-00000000.095288
000000006.355477	-00000006.524079	-00000000.190785
000000018.515297	-00000019.006485	-00000000.555812
000000003.167892	-00000003.251931	-00000000.031695
000000018.916639	-00000019.418472	-00000000.189262
000000018.866461	-00000019.536793	000000000.189611
000000018.855839	-00000019.525791	000000000.568587
000000002.931372	-00000003.062151	-00000000.088796
000000018.217373	-00000019.030117	-00000000.551833
000000018.933165	-00000019.777843	-00000000.191147
000000018.929289	-00000019.947309	000000000.191985
000000020.519350	-00000021.622883	000000000.208111
000000018.801722	-00000019.812881	000000000.572147
000000003.890986	-00000004.136240	-00000000.118953
000000017.975258	-00000019.108263	-00000000.549529
000000018.896887	-00000020.087982	-00000000.192543
000000018.809057	-00000020.170244	000000000.192543
000000021.243731	-00000022.781113	000000000.217466
000000018.955397	-00000020.327173	000000000.582199
000000020.503193	-00000021.986982	000000000.629739
000000003.786877	-00000004.096621	-00000000.116859
000000005.978923	-00000006.467963	-00000000.184503
000000017.590656	-00000019.029465	-00000000.542828
000000018.517233	-00000020.031830	-00000000.190449
000000019.895647	-00000021.712290	000000000.205598
000000017.770880	-00000019.393513	000000000.550995
000000020.384840	-00000022.246151	000000000.632042
000000002.964487	-00000003.263646	-00000000.092356
000000006.097029	-00000006.712306	-00000000.189948
000000017.242426	-00000018.982431	-00000000.537173
000000005.674637	-00000006.247288	-00000000.058922
000000018.334997	-00000020.185257	-00000000.190379
000000019.404314	-00000021.550674	000000000.202457
000000017.192886	-00000019.094633	000000000.538220
000000006.164712	-00000006.906976	-00000000.193927
000000016.776539	-00000018.796524	-00000000.527749
000000018.118198	-00000020.299726	-00000000.189960
000000019.228765	-00000021.734165	000000000.202596
000000016.674488	-00000018.847080	000000000.527121
000000002.696133	-00000003.074351	-00000000.085654
000000006.058059	-00000006.907892	-00000000.192461
000000016.552544	-00000018.874557	-00000000.525864
000000006.092206	-00000006.946830	-00000000.064507
000000017.815090	-00000020.314217	-00000000.188634
000000016.617571	-00000019.116327	000000000.176835
000000016.384760	-00000018.848511	000000000.523142
000000003.680758	-00000004.271729	-00000000.118115
000000016.256680	-00000018.866804	-00000000.521676
000000005.985661	-00000006.946702	-00000000.064018
000000016.736351	-00000019.423492	-00000000.179000
000000016.476095	-00000019.291029	000000000.177115
000000016.336529	-00000019.127619	000000000.526911
000000003.753157	-00000004.433408	-00000000.121675
000000005.943037	-00000007.020199	-00000000.192670
000000016.065580	-00000018.977428	-00000000.520838
000000003.908955	-00000004.617444	-00000000.042237
000000016.495144	-00000019.484850	-00000000.178232
000000016.461390	-00000019.617920	000000000.178790
000000016.342505	-00000019.476238	000000000.532566
000000016.442221	-00000019.946011	000000000.180466
000000016.286390	-00000019.756971	000000000.536335
000000017.431751	-00000021.526419	000000000.193381
000000005.845104	-00000007.218102	000000000.194555
000000016.685917	-00000020.605391	000000000.555393
000000005.689645	-00000007.152864	000000000.063809
000000005.676088	-00000007.135821	000000000.190995
000000005.473097	-00000007.005245	000000000.062063
000000005.558204	-00000007.114176	000000000.189110
000000005.448282	-00000007.100339	000000000.062482
000000005.575032	-00000007.265522	000000000.191833
000000005.470366	-00000007.259420	000000000.063460
000000005.505400	-00000007.305912	000000000.191623
000000005.365171	-00000007.250613	000000000.062971
000000015.741506	-00000021.273424	000000000.554346
000000004.043864	-00000005.565901	000000000.048031
000000015.229145	-00000020.961119	000000000.180884
000000015.957980	-00000021.964275	000000000.189541
000000015.232053	-00000020.965122	000000000.542828
000000003.960298	-00000005.552133	000000000.047612
000000015.858611	-00000022.232952	000000000.190658
000000004.011777	-00000005.624304	000000000.144712
000000014.973045	-00000020.991436	000000000.540105
000000003.928903	-00000005.611055	000000000.047822
000000003.951075	-00000005.642720	000000000.144293
000000015.649468	-00000022.349758	000000000.571519
000000003.902444	-00000005.678091	000000000.048101
000000014.564773	-00000021.191875	000000000.538639
000000003.763277	-00000005.579287	000000000.046984
000000012.598310	-00000018.677761	000000000.157288
000000012.687778	-00000018.810404	000000000.158405
000000003.572459	-00000005.296388	000000000.133822
000000012.338680	-00000018.292847	000000000.462199
000000003.598541	-00000005.436803	000000000.045518
000000003.476440	-00000005.252329	000000000.131937
000000003.730686	-00000005.744753	000000000.047822
000000012.112477	-00000018.651579	000000000.155263
000000003.430474	-00000005.282466	000000000.131937
000000003.444006	-00000005.406007	000000000.044750
000000003.550771	-00000005.573595	000000000.138429
000000003.317214	-00000005.308652	000000000.043703
000000011.705631	-00000018.732925	000000000.154216
000000003.358951	-00000005.375446	000000000.132775
000000011.228220	-00000018.322790	000000000.150027
000000003.458182	-00000005.643240	000000000.138639
000000011.126779	-00000018.157251	000000000.446074
000000003.579427	-00000005.957168	000000000.048520
000000003.156491	-00000005.253284	000000000.128377
000000003.598359	-00000006.108802	000000000.049497
000000011.363506	-00000019.291407	000000000.156310
000000003.237385	-00000005.495988	000000000.133613
000000003.434916	-00000005.949450	000000000.047961
000000003.254286	-00000005.636589	000000000.136335
