000000002.962879	000000003.438591	-00000000.095079
000000003.067896	000000003.560468	-00000000.032812
000000003.045510	000000003.472738	-00000000.096754
000000003.098850	000000003.533561	-00000000.032812
000000003.102328	000000003.475865	-00000000.097592
000000003.169520	000000003.551147	-00000000.033231
000000003.166153	000000003.485663	-00000000.098639
000000003.193665	000000003.515950	-00000000.033161
000000003.223596	000000003.487267	-00000000.099476
000000003.285316	000000003.554034	-00000000.033789
000000003.253905	000000003.459003	-00000000.099476
000000003.357315	000000003.568931	-00000000.034208
000000003.366930	000000003.517141	-00000000.101990
000000003.402161	000000003.553944	-00000000.034348
000000003.397494	000000003.487625	-00000000.101990
000000003.474912	000000003.567097	-00000000.034767
000000003.448916	000000003.479145	-00000000.102618
000000003.512948	000000003.543739	-00000000.034836
000000003.585650	000000003.554495	-00000000.105759
000000003.614756	000000003.583348	-00000000.035535
000000003.595047	000000003.502140	-00000000.105131
000000003.660214	000000003.565623	-00000000.035674
000000003.676026	000000003.519030	-00000000.106597
000000003.734531	000000003.575035	-00000000.036093
000000003.743006	000000003.521068	-00000000.107644
000000003.802004	000000003.576568	-00000000.036442
000000003.788273	000000003.501843	-00000000.108063
000000003.913844	000000003.617920	-00000000.037210
000000003.922296	000000003.562763	-00000000.110995
000000003.960070	000000003.597075	-00000000.037350
000000003.915942	000000003.495112	-00000000.109948
000000004.036072	000000003.602332	-00000000.037769
000000004.044011	000000003.546503	-00000000.112670
000000004.104945	000000003.599941	-00000000.038118
000000004.059658	000000003.498025	-00000000.112251
000000004.280138	000000003.688003	-00000000.039444
000000004.318948	000000003.656260	-00000000.118534
000000004.396112	000000003.721584	-00000000.040212
000000007.189475	000000006.086339	-00000000.065763
000000004.396811	000000003.656789	-00000000.119791
000000004.536057	000000003.772598	-00000000.041189
000000006.919408	000000005.754811	-00000000.062831
000000004.490492	000000003.668886	-00000000.121466
000000004.832092	000000003.947985	-00000000.043563
000000007.255882	000000005.928304	-00000000.065414
000000004.639295	000000003.723428	-00000000.124607
000000004.803971	000000003.855595	-00000000.043005
000000007.346333	000000005.896056	-00000000.065763
000000004.718720	000000003.719939	-00000000.125864
000000004.892405	000000003.856861	-00000000.043493
000000007.421064	000000005.850295	-00000000.065973
000000004.806338	000000003.721465	-00000000.127330
000000004.941689	000000003.826265	-00000000.043633
000000007.456021	000000005.773068	-00000000.065833
000000004.751090	000000003.612813	-00000000.125026
000000005.086329	000000003.867734	-00000000.044610
000000007.633473	000000005.804628	-00000000.066950
000000004.950663	000000003.696835	-00000000.129424
000000005.224048	000000003.900981	-00000000.045518
000000007.563652	000000005.648046	-00000000.065903
000000004.974672	000000003.647580	-00000000.129215
000000005.217569	000000003.825680	-00000000.045169
000000007.499752	000000005.499046	-00000000.064926
000000005.168592	000000003.720854	-00000000.133403
000000005.404951	000000003.891008	-00000000.046495
000000007.685419	000000005.532710	-00000000.066113
000000005.233524	000000003.698689	-00000000.134241
000000005.414202	000000003.826380	-00000000.046286
000000008.060056	000000005.696284	-00000000.068905
000000005.388822	000000003.738359	-00000000.137382
000000005.628144	000000003.904383	-00000000.047822
000000008.051944	000000005.585832	-00000000.068416
000000005.396448	000000003.674310	-00000000.136754
000000005.744658	000000003.911399	-00000000.048520
000000008.704682	000000005.871382	000000000.073303
000000009.100836	000000006.138591	000000000.229948
000000005.511435	000000003.682623	-00000000.138848
000000005.953177	000000003.977786	-00000000.049986
000000008.772265	000000005.806236	000000000.073443
000000005.593527	000000003.667277	-00000000.140105
000000005.778596	000000003.788614	-00000000.048241
000000008.387746	000000005.499247	-00000000.070022
000000008.956783	000000005.816603	000000000.074560
000000010.103765	000000006.561461	000000000.252356
000000005.700994	000000003.667003	-00000000.141990
000000006.021692	000000003.873283	-00000000.049986
000000009.108406	000000005.802694	000000000.075398
000000005.758143	000000003.633118	-00000000.142618
000000005.945322	000000003.751219	-00000000.049078
000000007.445681	000000004.652577	000000000.061295
000000009.023012	000000005.638204	000000000.074281
000000010.623712	000000006.638432	000000000.262409
000000005.755622	000000003.561687	-00000000.141780
000000006.020347	000000003.725504	-00000000.049427
000000008.901346	000000005.454752	000000000.072884
000000010.255012	000000006.284279	000000000.251937
000000005.923240	000000003.594310	-00000000.145131
000000006.215058	000000003.771390	-00000000.050754
000000009.042894	000000005.433519	000000000.073652
000000010.105756	000000006.072151	000000000.082309
000000010.266612	000000006.168803	000000000.250890
000000011.620640	000000006.982385	000000000.283979
000000006.143408	000000003.654944	-00000000.149738
000000006.196169	000000003.686333	-00000000.050335
000000009.865414	000000005.811172	000000000.079935
000000010.259752	000000006.043456	000000000.249424
000000006.149160	000000003.586084	-00000000.149110
000000006.349036	000000003.702648	-00000000.051312
000000006.451732	000000003.724909	000000000.052010
000000007.690118	000000004.439892	000000000.061994
000000010.935502	000000006.313615	000000000.264503
000000006.041338	000000003.452909	-00000000.145759
000000006.407151	000000003.661988	-00000000.051522
000000006.510102	000000003.683239	000000000.052220
000000007.641537	000000004.323373	000000000.061295
000000006.463778	000000003.619889	-00000000.155183
000000006.552286	000000003.669456	-00000000.052429
000000007.678974	000000004.256525	000000000.061295
000000007.799897	000000004.323554	000000000.186806
000000006.574008	000000003.606625	-00000000.157068
000000006.706796	000000003.679474	-00000000.053407
000000007.680674	000000004.170266	000000000.061016
000000007.758253	000000004.212388	000000000.184922
000000006.666881	000000003.582244	-00000000.158534
000000006.729841	000000003.616074	-00000000.053337
000000007.637310	000000004.060830	000000000.060388
000000007.803545	000000004.149219	000000000.185131
000000006.768671	000000003.561170	-00000000.160210
000000006.911585	000000003.636361	-00000000.054524
000000007.574888	000000003.943237	000000000.059620
000000007.830588	000000004.076346	000000000.184922
000000006.986142	000000003.598100	-00000000.164607
000000007.103074	000000003.658323	-00000000.055780
000000007.457543	000000003.799808	000000000.058433
000000007.687700	000000003.917079	000000000.180733
000000007.142265	000000003.599998	-00000000.167539
000000007.224024	000000003.641208	-00000000.056478
000000007.365130	000000003.672118	000000000.057456
000000007.658958	000000003.818616	000000000.179267
000000007.200308	000000003.550799	-00000000.168168
000000007.273460	000000003.586874	-00000000.056618
000000007.450821	000000003.634008	000000000.057875
000000007.718948	000000003.764782	000000000.179895
000000007.312066	000000003.526922	-00000000.170052
000000007.358525	000000003.549331	-00000000.057037
000000007.464199	000000003.560240	000000000.057735
000000007.751507	000000003.697279	000000000.179895
000000007.505332	000000003.539744	-00000000.173822
000000007.479662	000000003.527638	-00000000.057735
000000007.658114	000000003.571037	000000000.058992
000000007.855965	000000003.663297	000000000.181571
000000007.626729	000000003.515970	-00000000.175916
000000007.637298	000000003.520843	-00000000.058712
000000007.743582	000000003.528954	000000000.059411
000000008.005903	000000003.648500	000000000.184293
000000007.748278	000000003.490345	-00000000.178011
000000007.795376	000000003.511561	-00000000.059690
000000007.865434	000000003.501917	000000000.060109
000000008.101371	000000003.606963	000000000.185759
000000014.960592	000000006.660885	000000000.343037
000000007.851650	000000003.454809	-00000000.179686
000000007.917251	000000003.483674	-00000000.060388
000000008.060761	000000003.504919	000000000.061365
000000008.233393	000000003.579981	000000000.188063
000000014.633069	000000006.362639	000000000.334241
000000007.752897	000000003.330907	-00000000.176754
000000008.131104	000000003.493398	-00000000.061784
000000008.265932	000000003.508680	000000000.062692
000000008.411570	000000003.570499	000000000.191414
000000014.596004	000000006.195636	000000000.332147
000000007.864649	000000003.297921	-00000000.178639
000000008.318050	000000003.488048	-00000000.062971
000000008.444054	000000003.497642	000000000.063809
000000014.751121	000000006.110114	000000000.334450
000000007.726569	000000003.161023	-00000000.174869
000000008.588806	000000003.513773	-00000000.064786
000000008.696773	000000003.513724	000000000.065484
000000014.027950	000000005.667660	000000000.105626
000000015.137591	000000006.115984	000000000.341990
000000007.828147	000000003.123114	-00000000.176545
000000008.702733	000000003.472039	-00000000.065414
000000008.764320	000000003.452358	000000000.065763
000000015.422940	000000006.075258	000000000.347225
000000007.780559	000000003.025694	-00000000.174869
000000008.900458	000000003.461199	-00000000.066671
000000009.214214	000000003.537005	000000000.068905
000000011.296048	000000004.336147	000000000.084473
000000012.105883	000000004.647013	000000000.271623
000000015.596706	000000005.987015	000000000.349948
000000007.900159	000000002.993103	-00000000.176963
000000009.510094	000000003.603052	-00000000.070999
000000011.324091	000000004.233904	000000000.084403
000000011.630918	000000004.348622	000000000.260105
000000016.247698	000000006.074766	000000000.363351
000000007.729001	000000002.851379	-00000000.172566
000000009.803861	000000003.616835	-00000000.072954
000000010.759218	000000003.916035	000000000.079935
000000012.034822	000000004.380317	000000000.268272
000000016.140379	000000005.874618	000000000.359791
000000007.922964	000000002.844635	-00000000.176335
000000009.947988	000000003.571692	-00000000.073792
000000011.056914	000000003.915459	000000000.081890
000000012.072590	000000004.275128	000000000.268272
000000007.768148	000000002.712759	-00000000.172356
000000010.299760	000000003.596837	-00000000.076166
000000011.166303	000000003.844866	000000000.082449
000000012.222875	000000004.208673	000000000.270785
000000007.905133	000000002.683431	-00000000.174869
000000010.576952	000000003.590391	-00000000.077981
000000011.303742	000000003.782179	000000000.083217
000000012.192767	000000004.079643	000000000.269320
000000007.776330	000000002.564249	-00000000.171518
000000010.683855	000000003.523007	-00000000.078539
000000011.345828	000000003.686483	000000000.083286
000000012.227904	000000003.973087	000000000.269320
000000019.292706	000000006.268580	000000000.424922
000000007.950761	000000002.545059	-00000000.174869
000000010.514194	000000003.365620	-00000000.077073
000000011.453861	000000003.611389	000000000.083845
000000012.147689	000000003.830152	000000000.266806
000000019.565981	000000006.169130	000000000.429738
000000007.781705	000000002.416284	-00000000.170681
000000010.695963	000000003.321185	-00000000.078190
000000011.838764	000000003.619473	000000000.086428
000000012.123285	000000003.706460	000000000.265550
000000019.666874	000000006.012767	000000000.430786
000000007.936525	000000002.388623	-00000000.173613
000000010.992651	000000003.308412	-00000000.080145
000000011.869899	000000003.516024	000000000.086428
000000019.546045	000000005.789803	000000000.427016
000000007.793895	000000002.271713	-00000000.170052
000000010.752296	000000003.134009	-00000000.078190
000000012.255788	000000003.514291	000000000.089011
000000014.156279	000000004.059247	000000000.308482
000000019.557386	000000005.607990	000000000.426178
000000007.938514	000000002.238893	-00000000.172775
000000010.933225	000000003.083488	-00000000.079307
000000013.182143	000000003.655732	000000000.095504
000000020.145094	000000005.586729	000000000.437906
000000007.832355	000000002.135345	-00000000.170052
000000010.728173	000000002.924836	-00000000.077632
000000013.851039	000000003.711375	000000000.100111
000000013.983538	000000003.746878	000000000.303246
000000020.724220	000000005.553038	000000000.449424
000000023.862791	000000006.394016	000000000.517487
000000008.015053	000000002.110187	-00000000.173613
000000010.946693	000000002.882024	-00000000.079028
000000013.315899	000000003.505784	-00000000.096132
000000014.415367	000000003.728067	000000000.103951
000000017.016302	000000004.400715	000000000.368168
000000020.597664	000000005.326918	000000000.445655
000000022.504496	000000005.820058	000000000.486911
000000007.849049	000000001.993405	-00000000.169634
000000010.700048	000000002.717466	-00000000.077073
000000013.908125	000000003.532214	-00000000.100181
000000014.893677	000000003.713411	000000000.107162
000000016.795408	000000004.187566	000000000.120846
000000016.986153	000000004.235124	000000000.366702
000000007.972970	000000001.950973	-00000000.171937
000000010.956471	000000002.681031	-00000000.078749
000000015.324177	000000003.679009	000000000.110025
000000016.841036	000000004.043175	000000000.120915
000000017.168287	000000004.121741	000000000.369843
000000025.013590	000000006.005232	000000000.538848
000000007.843717	000000001.846950	-00000000.168796
000000010.745845	000000002.530311	-00000000.077073
000000016.261841	000000003.754342	000000000.116517
000000017.242569	000000003.980761	000000000.370681
000000025.464447	000000005.878931	000000000.547435
000000007.966799	000000001.802703	-00000000.171100
000000011.040606	000000002.498234	-00000000.079028
000000016.606390	000000003.681548	000000000.118751
000000017.296171	000000003.834469	000000000.371100
000000020.458675	000000004.535579	000000000.438953
000000025.905214	000000005.743048	000000000.555812
000000007.835675	000000001.701292	-00000000.167958
000000010.710192	000000002.325411	-00000000.076515
000000017.078039	000000003.630049	000000000.121893
000000020.282331	000000004.311143	000000000.434346
000000007.967683	000000001.657280	-00000000.170471
000000010.965042	000000002.280732	-00000000.078190
000000017.687210	000000003.598503	000000000.126012
000000020.701267	000000004.211720	000000000.442513
000000007.844562	000000001.560380	-00000000.167539
000000010.788375	000000002.145941	-00000000.076794
000000016.549831	000000003.216961	000000000.117704
000000019.033287	000000003.699696	000000000.135367
000000020.904072	000000004.063340	000000000.446074
000000007.936458	000000001.506784	-00000000.169215
000000011.003176	000000002.089018	-00000000.078190
000000017.186876	000000003.185399	000000000.122032
000000019.703949	000000003.651911	000000000.139904
000000020.732298	000000003.842504	000000000.441676
000000031.614542	000000005.859409	000000000.673508
000000007.850923	000000001.419678	-00000000.167121
000000010.784823	000000001.950214	-00000000.076515
000000018.297281	000000003.226305	000000000.129712
000000020.227459	000000003.566647	000000000.143395
000000021.277029	000000003.751714	000000000.452566
000000026.387058	000000004.652750	000000000.561257
000000008.050227	000000001.383282	-00000000.171100
000000010.998537	000000001.889894	-00000000.077911
000000017.811884	000000002.980687	000000000.126082
000000021.184898	000000003.545136	000000000.149957
000000025.953344	000000004.343100	000000000.551205
000000007.844900	000000001.277623	-00000000.166492
000000010.777738	000000001.755266	-00000000.076235
000000013.768264	000000002.242304	-00000000.097389
000000018.350801	000000002.906482	000000000.129712
000000022.281706	000000003.529075	000000000.157497
000000025.792763	000000004.085172	000000000.547016
000000007.954566	000000001.224325	-00000000.168586
000000010.990312	000000001.691571	-00000000.077632
000000017.732622	000000002.650158	000000000.125174
000000018.939192	000000002.830481	000000000.133691
000000024.596226	000000003.675931	000000000.173624
000000025.965860	000000003.880624	000000000.549948
000000030.494560	000000004.557443	000000000.645864
000000007.816531	000000001.133343	-00000000.165445
000000010.687975	000000001.549683	-00000000.075398
000000018.685904	000000002.626132	000000000.131736
000000025.865173	000000003.635113	000000000.182351
000000026.275951	000000003.692844	000000000.555812
000000030.493567	000000004.285591	000000000.645027
000000007.905376	000000001.075874	-00000000.167121
000000010.968617	000000001.492763	-00000000.077283
000000027.343384	000000003.599825	000000000.192543
000000030.291910	000000003.988006	000000000.640000
000000007.815285	000000000.994230	-00000000.165026
000000010.673714	000000001.357868	-00000000.075118
000000029.944387	000000003.676708	000000000.210625
000000030.662949	000000003.764937	000000000.647121
000000035.257431	000000004.329068	000000000.744084
000000007.922948	000000000.937743	-00000000.167121
000000010.963208	000000001.297581	-00000000.077073
000000033.952839	000000003.868437	000000000.715812
000000039.863297	000000004.541849	000000000.840419
000000007.771816	000000000.851152	-00000000.163770
000000010.656025	000000001.167024	-00000000.074839
000000018.079967	000000001.900281	000000000.126919
000000035.586132	000000003.740253	000000000.749529
000000007.898317	000000000.795319	-00000000.166283
000000010.854842	000000001.093025	-00000000.076166
000000038.145172	000000003.672962	000000000.802723
000000044.275467	000000004.263243	000000000.931728
000000007.785487	000000000.715386	-00000000.163770
000000010.674769	000000000.980873	-00000000.074839
000000044.320942	000000003.877580	000000000.931938
000000048.932312	000000004.281023	000000001.028901
000000007.910995	000000000.657353	-00000000.166283
000000010.872265	000000000.903416	-00000000.076166
000000007.736964	000000000.574956	-00000000.162513
000000010.610484	000000000.788495	-00000000.074281
000000007.791569	000000000.510686	-00000000.163560
000000010.866419	000000000.712223	-00000000.076026
000000007.745821	000000000.439840	-00000000.162513
000000010.582694	000000000.600929	-00000000.074001
000000064.317604	000000003.370743	000000001.349111
000000007.869199	000000000.377985	-00000000.165026
000000010.807276	000000000.519111	-00000000.075537
000000007.712356	000000000.303019	-00000000.161675
000000010.551602	000000000.414574	-00000000.073722
000000007.844618	000000000.239675	-00000000.164398
000000010.864665	000000000.331946	-00000000.075886
000000007.756452	000000000.169246	-00000000.162513
000000010.597219	000000000.231232	-00000000.074001
000000158.321152	000000002.763506	000000003.316861
000000007.917585	000000000.103647	-00000000.165864
000000010.868804	000000000.142280	-00000000.075886
000000007.758224	000000000.033852	-00000000.162513
000000010.479645	000000000.045726	-00000000.073164
000000007.858202	-00000000.034288	-00000000.164607
000000010.839633	-00000000.047297	-00000000.075677
000000007.747636	-00000000.101422	-00000000.162304
000000010.638829	-00000000.139270	-00000000.074281
000000007.846411	-00000000.171209	-00000000.164398
000000010.907138	-00000000.237995	-00000000.076166
000000007.754680	-00000000.236927	-00000000.162513
000000010.714739	-00000000.327365	-00000000.074839
000000007.882188	-00000000.309692	-00000000.165236
000000010.951283	-00000000.430277	-00000000.076515
000000007.829254	-00000000.376066	-00000000.164189
000000010.627488	-00000000.510475	-00000000.074281
000000013.903631	-00000000.667839	-00000000.097179
000000007.965418	-00000000.452309	-00000000.167121
000000011.011992	-00000000.625306	-00000000.077003
000000042.221821	-00000002.582397	000000000.886074
000000007.801546	-00000000.511340	-00000000.163770
000000010.736701	-00000000.703721	-00000000.075118
000000037.510155	-00000002.622966	000000000.787644
000000007.916430	-00000000.588292	-00000000.166283
000000011.059236	-00000000.821843	-00000000.077422
000000031.984060	-00000002.517200	000000000.672042
000000007.831287	-00000000.650730	-00000000.164607
000000010.762646	-00000000.894307	-00000000.075398
000000029.968924	-00000002.621941	000000000.630157
000000032.150112	-00000002.812770	000000000.676021
000000007.944780	-00000000.730023	-00000000.167121
000000010.993419	-00000001.010153	-00000000.077073
000000021.400497	-00000002.060633	000000000.150097
000000028.402378	-00000002.734838	000000000.597697
000000032.104439	-00000003.091306	000000000.675602
000000007.818738	-00000000.787305	-00000000.164607
000000010.785196	-00000001.086012	-00000000.075677
000000020.695496	-00000002.175184	000000000.145280
000000023.877890	-00000002.509667	000000000.167620
000000026.120361	-00000002.745361	000000000.550157
000000029.222588	-00000003.071418	000000000.615498
000000032.006638	-00000003.364033	000000000.674136
000000007.990460	-00000000.875098	-00000000.168377
000000011.033757	-00000001.208393	-00000000.077492
000000017.953405	-00000002.045532	000000000.126151
000000021.480501	-00000002.447394	000000000.150935
000000023.949764	-00000002.728731	000000000.504922
000000026.184811	-00000002.983382	000000000.552042
000000036.038879	-00000004.106112	000000000.759791
000000007.843520	-00000000.928342	-00000000.165445
000000010.724878	-00000001.269373	-00000000.075398
000000017.637115	-00000002.165565	000000000.124057
000000020.833036	-00000002.557975	000000000.146537
000000021.602991	-00000002.652514	000000000.455916
000000030.236248	-00000003.712544	000000000.638116
000000008.033478	-00000001.021988	-00000000.169634
000000011.070505	-00000001.408346	-00000000.077911
000000017.300291	-00000002.277627	000000000.121823
000000019.183990	-00000002.525620	000000000.135087
000000020.538231	-00000002.703909	000000000.433927
000000030.044102	-00000003.955381	000000000.634765
000000007.865750	-00000001.070482	-00000000.166283
000000010.859626	-00000001.477930	-00000000.076515
000000017.774879	-00000002.498096	000000000.125314
000000019.979227	-00000002.807897	000000000.422618
000000008.004524	-00000001.160601	-00000000.169424
000000011.083825	-00000001.607078	-00000000.078190
000000017.604053	-00000002.630943	000000000.124266
000000019.350796	-00000002.891996	000000000.409843
000000007.905158	-00000001.216720	-00000000.167539
000000010.871712	-00000001.673316	-00000000.076794
000000014.133225	-00000002.175311	-00000000.099832
000000016.711279	-00000002.646807	000000000.118123
000000018.959457	-00000003.002883	000000000.402094
000000007.992918	-00000001.301729	-00000000.169634
000000011.330441	-00000001.845280	-00000000.080145
000000013.570869	-00000002.210156	-00000000.095992
000000016.283178	-00000002.724869	000000000.115261
000000017.680223	-00000002.958655	000000000.375498
000000020.204559	-00000003.381084	000000000.429110
000000007.882720	-00000001.354499	-00000000.167539
000000011.037959	-00000001.896668	-00000000.078190
000000015.382322	-00000002.712318	000000000.109047
000000017.476503	-00000003.081579	000000000.371728
000000020.331820	-00000003.585048	000000000.432461
000000008.037849	-00000001.453480	-00000000.171100
000000011.414595	-00000002.064095	-00000000.080983
000000015.013937	-00000002.782669	000000000.106604
000000017.901144	-00000003.317781	000000000.381361
000000019.631294	-00000003.638445	000000000.418220
000000022.609903	-00000004.190498	000000000.481676
000000007.916814	-00000001.503054	-00000000.168796
000000011.042473	-00000002.096479	-00000000.078469
000000014.596440	-00000002.837260	000000000.103811
000000018.048164	-00000003.508208	000000000.385131
000000019.844149	-00000003.857311	000000000.423456
000000008.109316	-00000001.613043	-00000000.173194
000000011.337602	-00000002.255189	-00000000.080703
000000013.603160	-00000002.705837	-00000000.096830
000000014.100773	-00000002.868835	000000000.100460
000000016.498314	-00000003.356620	000000000.352670
000000019.741152	-00000004.016383	000000000.421990
000000022.660686	-00000004.610369	000000000.484398
000000007.967683	-00000001.657280	-00000000.170471
000000011.200006	-00000002.329605	-00000000.079866
000000013.507890	-00000002.871191	000000000.096411
000000016.468393	-00000003.500465	000000000.352670
000000020.008511	-00000004.252940	000000000.428482
000000008.187401	-00000001.777659	-00000000.175497
000000010.944721	-00000002.376332	-00000000.078190
000000013.208962	-00000002.928357	000000000.094456
000000013.635864	-00000003.022998	000000000.292566
000000021.015043	-00000004.658923	000000000.450890
000000024.489895	-00000005.429279	000000000.525445
000000008.015555	-00000001.813735	-00000000.172147
000000010.455415	-00000002.365819	-00000000.074839
000000012.880858	-00000002.973781	000000000.092292
000000014.047335	-00000003.243083	000000000.301990
000000020.330645	-00000004.693699	000000000.437068
000000008.232983	-00000001.938610	-00000000.177173
000000011.203322	-00000002.638032	-00000000.080354
000000012.552990	-00000003.013706	000000000.090128
000000013.989335	-00000003.358542	000000000.301361
000000016.468334	-00000003.953697	000000000.354765
000000020.454178	-00000004.910614	000000000.440629
000000008.099216	-00000001.981866	-00000000.174660
000000010.684503	-00000002.614481	-00000000.076794
000000012.021671	-00000002.997339	000000000.086498
000000017.442091	-00000004.348802	000000000.376545
000000020.148623	-00000005.023616	000000000.434974
000000008.149444	-00000002.069695	-00000000.176126
000000010.283289	-00000002.611623	-00000000.074071
000000011.414183	-00000002.951908	000000000.082309
000000013.011587	-00000003.365025	000000000.093828
000000017.006622	-00000004.398212	000000000.367958
000000020.287924	-00000005.246814	000000000.438953
000000008.111736	-00000002.135642	-00000000.175707
000000010.028022	-00000002.640158	-00000000.072396
000000010.711857	-00000002.870233	000000000.077422
000000013.387405	-00000003.587144	000000000.096760
000000014.070453	-00000003.770166	000000000.305131
000000017.035194	-00000004.564567	000000000.369424
000000020.347593	-00000005.452121	000000000.441257
000000008.324288	-00000002.269462	-00000000.180733
000000009.695876	-00000002.643399	-00000000.070162
000000010.002240	-00000002.773867	000000000.072465
000000011.457287	-00000003.177387	000000000.083007
000000014.114090	-00000003.914183	000000000.306806
000000017.168129	-00000004.761143	000000000.373194
000000008.150208	-00000002.298596	-00000000.177382
000000009.460705	-00000002.668195	-00000000.068626
000000009.910367	-00000002.841752	000000000.071977
000000012.611446	-00000003.616274	000000000.091594
000000010.302465	-00000002.954185	000000000.224503
000000014.829016	-00000004.252151	000000000.323142
000000017.183588	-00000004.927315	000000000.374450
000000008.216225	-00000002.394811	-00000000.179267
000000009.216254	-00000002.686293	-00000000.067020
000000009.789311	-00000002.899726	000000000.071279
000000014.590036	-00000004.321765	000000000.318744
000000017.130352	-00000005.074241	000000000.374241
000000008.204586	-00000002.469300	-00000000.179477
000000008.991376	-00000002.706097	-00000000.065554
000000009.371558	-00000002.865173	000000000.068416
000000013.435755	-00000004.107722	000000000.098087
000000009.312366	-00000002.847076	000000000.203979
000000014.331864	-00000004.381691	000000000.313927
000000016.808151	-00000005.138767	000000000.368168
000000008.125438	-00000002.523015	-00000000.178220
000000008.738219	-00000002.713289	-00000000.063879
000000009.384346	-00000002.958873	000000000.068696
000000013.892608	-00000004.380322	000000000.305131
000000017.077324	-00000005.384459	000000000.375079
000000007.960282	-00000002.548106	-00000000.175079
000000008.399926	-00000002.688838	-00000000.061575
000000009.148941	-00000002.972671	000000000.067160
000000012.151836	-00000003.948371	000000000.267644
000000014.196160	-00000004.612612	000000000.312670
000000007.624411	-00000002.514154	-00000000.168168
000000008.281175	-00000002.730722	-00000000.060877
000000009.075236	-00000003.036531	000000000.066811
000000009.462194	-00000003.166006	000000000.209005
000000007.668452	-00000002.603089	-00000000.169634
000000008.077117	-00000002.741812	-00000000.059550
000000008.821473	-00000003.037477	000000000.065135
000000009.273503	-00000003.193123	000000000.205445
000000007.484984	-00000002.613873	-00000000.166073
000000007.986798	-00000002.789115	-00000000.059061
000000008.898318	-00000003.151060	000000000.065903
000000009.462045	-00000003.350686	000000000.210262
000000007.433660	-00000002.668957	-00000000.165445
000000007.698632	-00000002.764091	-00000000.057107
000000008.372458	-00000003.047325	000000000.062203
000000008.774804	-00000003.193768	000000000.195602
000000007.194349	-00000002.654136	-00000000.160628
000000007.589783	-00000002.800019	-00000000.056478
000000008.589075	-00000003.211323	000000000.064018
000000013.525216	-00000005.056871	000000000.100809
000000013.644320	-00000005.101402	000000000.305131
000000007.189613	-00000002.723901	-00000000.161047
000000007.583761	-00000002.873230	-00000000.056618
000000008.868798	-00000003.404413	000000000.066322
000000013.685955	-00000005.253546	000000000.102345
000000012.161885	-00000004.668510	000000000.272880
000000013.823295	-00000005.306265	000000000.310157
000000016.856764	-00000006.470706	000000000.378220
000000007.146933	-00000002.779290	-00000000.160628
000000007.549080	-00000002.935677	-00000000.056548
000000008.894575	-00000003.503666	000000000.066741
000000014.139245	-00000005.569597	000000000.318325
000000016.725239	-00000006.588247	000000000.376545
000000006.797395	-00000002.711886	-00000000.153299
000000007.393144	-00000002.949565	-00000000.055571
000000008.659686	-00000003.498740	000000000.065205
000000013.351122	-00000005.394203	000000000.100530
000000014.127183	-00000005.707752	000000000.319162
000000016.611490	-00000006.711478	000000000.375288
000000006.606910	-00000002.702958	-00000000.149529
000000006.941385	-00000002.839795	-00000000.052359
000000008.952174	-00000003.708112	000000000.067648
000000013.091054	-00000005.422492	000000000.098924
000000013.993705	-00000005.796382	000000000.317278
000000006.389451	-00000002.679319	-00000000.145131
000000006.409141	-00000002.687576	-00000000.048520
000000006.839184	-00000002.903061	000000000.051871
000000009.131186	-00000003.875958	000000000.069254
000000013.558705	-00000005.755329	000000000.102834
000000014.568396	-00000006.183917	000000000.331519
000000044.818756	-00000019.024433	000000001.019896
000000006.228038	-00000002.675776	-00000000.141990
000000006.844828	-00000002.940770	-00000000.052010
000000006.703546	-00000002.914785	000000000.051033
000000009.069504	-00000003.943532	000000000.069045
000000015.577434	-00000006.773261	000000000.355812
000000040.882740	-00000017.776321	000000000.933823
000000006.076335	-00000002.673651	-00000000.139058
000000006.663305	-00000002.931925	-00000000.050824
000000006.723531	-00000002.993509	000000000.051382
000000008.998204	-00000004.006258	000000000.068765
000000014.835616	-00000006.605242	000000000.113376
000000015.590800	-00000006.941472	000000000.357487
000000040.406387	-00000017.990084	000000000.926493
000000006.052772	-00000002.726575	-00000000.139058
000000006.746875	-00000003.039245	-00000000.051661
000000007.416003	-00000003.379668	000000000.056897
000000008.844608	-00000004.030720	000000000.067858
000000015.420462	-00000007.027509	000000000.354974
000000005.865318	-00000002.703949	-00000000.135288
000000006.247873	-00000002.880309	-00000000.048031
000000008.608987	-00000003.968797	-00000000.066182
000000008.700343	-00000004.057036	000000000.067020
000000012.733315	-00000005.937642	000000000.098087
000000014.382754	-00000006.706789	000000000.110793
000000014.778638	-00000006.891392	000000000.341571
000000005.913839	-00000002.789148	-00000000.136963
000000006.430520	-00000003.032830	-00000000.049637
000000006.525533	-00000003.112520	000000000.050475
000000014.531269	-00000006.931060	000000000.112398
000000015.187179	-00000007.243913	000000000.352461
000000005.817235	-00000002.805901	-00000000.135288
000000006.268707	-00000003.023665	-00000000.048590
000000006.498123	-00000003.169346	000000000.050475
000000008.412507	-00000004.103054	000000000.065345
000000013.301827	-00000006.487735	000000000.103323
000000014.763947	-00000007.200859	000000000.344084
000000036.833488	-00000017.964893	000000000.858430
000000005.774594	-00000002.847714	-00000000.134869
000000006.502169	-00000003.206515	-00000000.050614
000000006.667099	-00000003.324093	000000000.052010
000000013.459485	-00000006.710651	000000000.104998
000000014.736336	-00000007.347266	000000000.344922
000000036.174263	-00000018.035822	000000000.846702
000000005.535255	-00000002.789998	-00000000.129843
000000006.286418	-00000003.168616	-00000000.049148
000000006.682386	-00000003.404846	000000000.052359
000000011.012572	-00000005.611186	000000000.086288
000000013.266764	-00000006.759754	000000000.103951
000000014.760740	-00000007.520973	000000000.347016
000000035.204857	-00000017.937769	000000000.827644
000000005.590692	-00000002.879395	-00000000.131728
000000006.080729	-00000003.131781	-00000000.047752
000000013.065351	-00000006.801391	000000000.102834
000000034.654667	-00000018.040079	000000000.272758
000000034.576969	-00000017.999630	000000000.816545
000000005.538808	-00000002.914108	-00000000.131100
000000005.690331	-00000002.993828	-00000000.044890
000000007.116385	-00000003.783849	000000000.056269
000000010.983600	-00000005.840084	000000000.086847
000000014.594769	-00000007.760176	000000000.115400
000000033.756512	-00000017.948656	000000000.800838
000000005.566009	-00000002.990724	-00000000.132356
000000005.972294	-00000003.209029	-00000000.047333
000000014.341946	-00000007.787041	000000000.113934
000000033.007568	-00000017.921646	000000000.262216
000000008.566587	-00000004.651278	000000000.204189
000000032.965988	-00000017.899071	000000000.785760
000000005.416983	-00000002.971859	-00000000.129424
000000005.812557	-00000003.188878	-00000000.046286
000000012.944057	-00000007.175008	000000000.103323
000000008.368275	-00000004.638610	000000000.200419
000000012.993999	-00000007.202691	000000000.311204
000000005.172767	-00000002.896888	-00000000.124189
000000005.732159	-00000003.210163	-00000000.045867
000000012.764306	-00000007.148355	-00000000.102136
000000008.155034	-00000004.613896	000000000.065414
000000012.776510	-00000007.228602	000000000.102485
000000008.275268	-00000004.681921	000000000.199162
000000004.947648	-00000002.827814	-00000000.119372
000000005.209066	-00000002.977226	-00000000.041888
000000008.117461	-00000004.639512	-00000000.065275
000000012.796939	-00000007.314053	-00000000.102904
000000008.452202	-00000004.879881	000000000.068137
000000012.730263	-00000007.349821	000000000.102625
000000008.286045	-00000004.783950	000000000.200419
000000005.173240	-00000003.016944	-00000000.125445
000000005.606155	-00000003.269413	-00000000.045308
000000008.081884	-00000004.760594	000000000.065484
000000030.363073	-00000017.885218	000000000.246020
000000008.088923	-00000004.764740	000000000.196649
000000004.966280	-00000002.954626	-00000000.121047
000000005.396941	-00000003.210842	-00000000.043842
000000005.451451	-00000003.275562	000000000.044401
000000007.834319	-00000004.707334	000000000.063809
000000008.158443	-00000004.902087	000000000.199372
000000005.128346	-00000003.111957	-00000000.125655
000000005.548243	-00000003.366756	-00000000.045308
000000007.835572	-00000004.801645	000000000.064158
000000007.714701	-00000004.727575	000000000.189529
000000004.573892	-00000002.830410	-00000000.112670
000000005.306068	-00000003.283495	-00000000.043563
000000008.061142	-00000004.988386	-00000000.066182
000000007.861215	-00000004.912232	000000000.064716
000000007.783374	-00000004.863592	000000000.192251
000000004.692760	-00000002.960911	-00000000.116230
000000005.065786	-00000003.196273	-00000000.041818
000000007.860217	-00000005.007510	000000000.065065
000000028.101118	-00000017.902386	000000000.232616
000000007.673179	-00000004.888354	000000000.190576
000000008.887396	-00000005.661896	000000000.220733
000000004.784462	-00000003.077470	-00000000.119162
000000005.239545	-00000003.370189	-00000000.043493
000000007.358912	-00000004.733411	-00000000.061086
000000007.740740	-00000005.026896	000000000.064437
000000007.730847	-00000005.020471	000000000.193089
000000004.707259	-00000003.086214	-00000000.117906
000000004.950694	-00000003.245817	-00000000.041329
000000008.105173	-00000005.364697	000000000.067858
000000027.150661	-00000017.970631	000000000.227310
000000007.736763	-00000005.120852	000000000.194346
000000004.746650	-00000003.171610	-00000000.119581
000000005.121728	-00000003.422229	-00000000.043005
000000005.454934	-00000003.679399	000000000.045937
000000007.958567	-00000005.368121	000000000.067020
000000007.625473	-00000005.143446	000000000.192670
000000004.751849	-00000003.235419	-00000000.120419
000000005.132998	-00000003.494933	-00000000.043354
000000008.158242	-00000005.554749	-00000000.068905
000000007.664187	-00000005.267450	000000000.064926
000000007.423748	-00000005.102201	000000000.188691
000000004.904156	-00000003.402134	-00000000.125026
000000004.929761	-00000003.419897	-00000000.041888
000000008.183404	-00000005.677030	-00000000.069533
000000007.626120	-00000005.339867	000000000.064996
000000007.649202	-00000005.356029	000000000.195602
000000004.694659	-00000003.317857	-00000000.120419
000000005.161049	-00000003.647469	-00000000.044122
000000008.109054	-00000005.730912	-00000000.069324
000000005.128803	-00000003.658340	000000000.043982
000000007.709486	-00000005.499123	000000000.066113
000000025.131134	-00000017.925863	000000000.215512
000000007.618450	-00000005.434187	000000000.196021
000000008.611453	-00000006.142490	000000000.221571
000000004.730439	-00000003.405428	-00000000.122094
000000005.080329	-00000003.657314	-00000000.043703
000000007.928885	-00000005.707981	-00000000.068207
000000005.023873	-00000003.650058	000000000.043354
000000007.782554	-00000005.654356	000000000.067160
000000024.722956	-00000017.962278	000000000.213347
000000007.878097	-00000005.723773	000000000.203979
000000024.596811	-00000017.870628	000000000.636859
000000004.232905	-00000003.103695	-00000000.109948
000000004.846614	-00000003.553684	-00000000.041957
000000004.975753	-00000003.681863	000000000.043214
000000007.893682	-00000005.841017	000000000.068556
000000008.253799	-00000006.107491	000000000.215079
000000024.239006	-00000017.935921	000000000.631623
000000004.077487	-00000003.044804	-00000000.106597
000000004.871504	-00000003.637725	-00000000.042446
000000004.999337	-00000003.767270	000000000.043703
000000007.898313	-00000005.951806	000000000.069045
000000023.982441	-00000018.072065	000000000.209647
000000005.102161	-00000003.844754	000000000.133822
000000007.872819	-00000005.932594	000000000.206492
000000023.714273	-00000017.869987	000000000.621990
000000004.233802	-00000003.219458	-00000000.111414
000000004.783855	-00000003.637728	-00000000.041957
000000004.942471	-00000003.792491	000000000.043493
000000023.419220	-00000017.970200	000000000.206087
000000007.447954	-00000005.715016	000000000.196649
000000023.398790	-00000017.954523	000000000.617801
000000004.094873	-00000003.170590	-00000000.108482
000000004.783556	-00000003.703824	-00000000.042237
000000004.901307	-00000003.829321	000000000.043423
000000007.753837	-00000006.057961	000000000.068696
000000022.977833	-00000017.952251	000000000.203574
000000004.900352	-00000003.828574	000000000.130262
000000007.342649	-00000005.736706	000000000.195183
000000023.619381	-00000018.453484	000000000.627854
000000004.648057	-00000003.664232	-00000000.123979
000000004.790317	-00000003.776381	-00000000.042586
000000007.664506	-00000006.042210	-00000000.068137
000000004.945963	-00000003.934197	000000000.044122
000000007.606766	-00000006.050695	000000000.067858
000000022.569870	-00000017.952885	000000000.201340
000000005.930869	-00000004.717626	000000000.158744
000000023.582636	-00000018.758476	000000000.631205
000000003.633465	-00000002.916164	-00000000.097592
000000003.992911	-00000003.204650	-00000000.035744
000000007.634883	-00000006.127641	-00000000.068347
000000005.097953	-00000004.128241	000000000.045797
000000005.967172	-00000004.832120	000000000.160838
000000003.724012	-00000003.042645	-00000000.100733
000000003.778944	-00000003.087527	-00000000.034069
000000004.753091	-00000003.918146	000000000.043005
000000006.180562	-00000005.094862	000000000.055920
000000006.102212	-00000005.030275	000000000.165655
000000003.720378	-00000003.094206	-00000000.101361
000000003.813363	-00000003.171540	-00000000.034627
000000005.201315	-00000004.364421	000000000.047403
000000006.012130	-00000005.044776	000000000.164398
000000004.387624	-00000003.714398	-00000000.120419
000000004.258733	-00000003.605284	-00000000.038955
000000006.105711	-00000005.168866	-00000000.055850
000000005.908210	-00000005.046088	000000000.054244
000000021.556984	-00000018.411404	000000000.197919
000000005.716999	-00000004.882778	000000000.157487
000000003.786994	-00000003.263083	-00000000.104712
000000006.816589	-00000005.873549	-00000000.188482
000000004.174081	-00000003.596619	-00000000.038467
000000005.977042	-00000005.150149	-00000000.055082
000000003.962129	-00000003.444226	000000000.036652
000000005.863951	-00000005.097455	000000000.054244
000000005.674171	-00000004.932482	000000000.157487
000000003.698241	-00000003.243270	-00000000.103037
000000004.074872	-00000003.573567	-00000000.037838
000000005.766471	-00000005.057059	-00000000.053546
000000020.321735	-00000017.821684	-00000000.188703
000000005.886649	-00000005.208067	000000000.054873
000000020.490931	-00000018.128843	000000000.191007
000000004.050961	-00000003.583988	000000000.113298
000000005.436226	-00000004.809566	000000000.152042
000000003.908483	-00000003.488455	-00000000.109738
000000003.998770	-00000003.569039	-00000000.037420
000000005.573451	-00000005.018357	000000000.052359
000000020.465710	-00000018.427408	000000000.192264
000000004.420742	-00000003.980454	000000000.124607
000000003.811287	-00000003.461930	-00000000.107853
000000003.915658	-00000003.556734	-00000000.036931
000000003.848494	-00000003.526495	000000000.036442
000000005.713760	-00000005.235696	000000000.054105
000000004.297384	-00000003.937827	000000000.122094
000000003.780931	-00000003.495057	-00000000.107853
000000005.520894	-00000005.103462	-00000000.157487
000000003.752297	-00000003.468587	-00000000.035674
000000005.617430	-00000005.192699	-00000000.053407
000000003.729813	-00000003.478107	000000000.035604
000000019.746069	-00000018.413507	000000000.188494
000000003.751022	-00000003.497884	000000000.107435
000000005.125665	-00000004.779760	000000000.146806
000000005.959225	-00000005.557067	000000000.170681
000000003.677467	-00000003.459415	-00000000.105759
000000003.649050	-00000003.432683	-00000000.034976
000000003.706573	-00000003.517406	000000000.035674
000000005.469190	-00000005.190067	000000000.052639
000000003.829137	-00000003.633715	000000000.110576
000000003.690470	-00000003.532857	-00000000.107016
000000005.662092	-00000005.420273	-00000000.164189
000000003.662296	-00000003.505886	-00000000.035395
000000005.764324	-00000005.518140	-00000000.055710
000000003.675737	-00000003.549618	000000000.035674
000000003.696596	-00000003.569761	000000000.107644
000000003.530594	-00000003.439352	-00000000.103246
000000003.688865	-00000003.593533	-00000000.035953
000000005.522553	-00000005.379833	-00000000.053826
000000003.730209	-00000003.665666	000000000.036512
000000005.841379	-00000005.740307	000000000.057177
000000018.822220	-00000018.496544	000000000.184235
000000003.715220	-00000003.650936	000000000.109110
000000006.139740	-00000006.033505	000000000.180314
000000003.614051	-00000003.582649	-00000000.106597
000000003.636060	-00000003.604467	-00000000.035744
000000003.627369	-00000003.627369	000000000.035814
000000003.534759	-00000003.534759	000000000.104712
000000003.547456	-00000003.578549	-00000000.105550
000000003.541108	-00000003.572145	-00000000.035116
000000005.709420	-00000005.759463	-00000000.056618
000000003.532497	-00000003.594695	000000000.035186
000000003.545823	-00000003.608256	000000000.105969
000000003.495164	-00000003.587886	-00000000.104922
000000003.628422	-00000003.724679	-00000000.036303
000000003.528779	-00000003.654157	000000000.035465
000000003.458640	-00000003.581527	000000000.104293
000000003.546684	-00000003.704915	-00000000.107435
000000003.630355	-00000003.792318	-00000000.036652
000000003.462339	-00000003.648544	000000000.035116
000000003.599305	-00000003.792876	000000000.109529
000000003.582721	-00000003.808545	-00000000.109529
000000003.535458	-00000003.758302	-00000000.036023
000000003.519026	-00000003.773693	000000000.036023
000000003.477429	-00000003.729086	000000000.106806
000000003.508630	-00000003.795615	-00000000.108272
000000003.645071	-00000003.943216	-00000000.037489
000000003.425159	-00000003.737905	000000000.035395
000000003.546071	-00000003.869857	000000000.109948
000000002.897265	-00000003.189640	-00000000.090262
000000003.550010	-00000003.908257	-00000000.036861
000000003.352263	-00000003.723065	000000000.034976
000000003.518855	-00000003.908085	000000000.110157
000000005.365251	-00000005.958714	000000000.167958
000000003.381937	-00000003.789140	-00000000.106387
000000003.455842	-00000003.871943	-00000000.036233
000000003.332898	-00000003.767156	000000000.035116
000000003.603863	-00000004.073426	000000000.113927
000000003.197126	-00000003.645623	-00000000.101571
000000003.507634	-00000003.999691	-00000000.037140
000000006.514178	-00000007.427996	-00000000.068975
000000003.358940	-00000003.864019	000000000.035744
000000003.535383	-00000004.066992	000000000.112880
000000005.437537	-00000006.255170	000000000.173613
000000006.434528	-00000007.402078	000000000.205445
000000003.080350	-00000003.574922	-00000000.098848
000000003.629256	-00000004.211958	-00000000.038816
000000005.385137	-00000006.249759	-00000000.057595
000000015.515721	-00000018.006882	-00000000.165945
000000003.467968	-00000004.060469	000000000.037280
000000003.512743	-00000004.112894	000000000.113298
000000002.887541	-00000003.410901	-00000000.093613
000000015.209389	-00000017.966055	-00000000.164339
000000004.917205	-00000005.860097	000000000.053407
000000006.633406	-00000007.905386	000000000.072047
000000015.477948	-00000018.445900	000000000.168109
000000003.476718	-00000004.143392	000000000.113298
000000003.555591	-00000004.313276	000000000.039025
000000015.271866	-00000018.526255	000000000.167620
000000003.580335	-00000004.343294	000000000.117906
000000015.008925	-00000018.534479	000000000.166503
000000003.498254	-00000004.319984	000000000.116440
000000004.838412	-00000005.974942	000000000.161047
000000015.622599	-00000019.292301	000000000.520000
000000014.771912	-00000018.570839	000000000.165665
000000003.373289	-00000004.240806	000000000.113508
000000014.461535	-00000018.509922	000000000.163990
000000003.366930	-00000004.309474	000000000.114555
000000015.117330	-00000019.349298	000000000.514346
000000013.891597	-00000018.103882	000000000.159312
000000014.826177	-00000019.321850	000000000.510157
000000013.781228	-00000018.288307	000000000.159871
000000014.590814	-00000019.362663	000000000.507854
000000013.573525	-00000018.343567	000000000.159312
000000014.343980	-00000019.384775	000000000.505131
000000013.295379	-00000018.299519	000000000.157916
000000014.062616	-00000019.355532	000000000.501152
000000012.995815	-00000018.219461	000000000.156241
000000013.765447	-00000019.298445	000000000.496545
000000012.744557	-00000018.201115	000000000.155124
000000013.499028	-00000019.278610	000000000.492985
000000012.534265	-00000018.237467	000000000.154495
000000013.120754	-00000019.090816	000000000.485236
000000012.296352	-00000018.230091	000000000.153518
000000012.746801	-00000018.897911	000000000.477487
000000012.131279	-00000018.328363	000000000.153448
000000012.746948	-00000019.258537	000000000.483770
000000011.921858	-00000018.358051	000000000.152820
000000012.562067	-00000019.343887	000000000.483142
000000011.696728	-00000018.360186	000000000.151982
000000012.339065	-00000019.368452	000000000.481047
000000011.498968	-00000018.402195	000000000.151493
000000012.037125	-00000019.263426	000000000.475812
000000011.296144	-00000018.433632	000000000.150935
000000011.743192	-00000019.163147	000000000.470786
000000011.031847	-00000018.360077	000000000.149539
000000011.575517	-00000019.264894	000000000.470786
000000010.810304	-00000018.352253	000000000.148701
000000011.386663	-00000019.330719	000000000.469948
000000010.559743	-00000018.290012	000000000.147444
000000006.618548	-00000011.463661	000000000.277278
000000011.207541	-00000019.412031	000000000.469529
