000000003.087478	000000003.583195	-00000000.033021
000000003.112036	000000003.548597	-00000000.032952
000000003.089013	000000003.460947	-00000000.097173
000000003.335986	000000003.737657	-00000000.034976
000000003.233375	000000003.559668	-00000000.100733
000000003.576904	000000003.937865	-00000000.037140
000000003.277889	000000003.546000	-00000000.101152
000000003.502526	000000003.789012	-00000000.036023
000000003.356660	000000003.568235	-00000000.102618
000000003.377870	000000003.590781	-00000000.034418
000000003.422239	000000003.574917	-00000000.103665
000000003.609610	000000003.770648	-00000000.036442
000000003.432376	000000003.523433	-00000000.103037
000000003.719132	000000003.817796	-00000000.037210
000000003.512263	000000003.543048	-00000000.104503
000000003.548148	000000003.579247	-00000000.035186
000000003.493346	000000003.462993	-00000000.103037
000000003.586349	000000003.555188	-00000000.035255
000000003.595047	000000003.502140	-00000000.105131
000000003.739005	000000003.642377	-00000000.036442
000000003.647138	000000003.491375	-00000000.105759
000000003.850106	000000003.685675	-00000000.037210
000000003.713877	000000003.493667	-00000000.106806
000000003.933107	000000003.699898	-00000000.037699
000000003.795615	000000003.508630	-00000000.108272
000000004.060705	000000003.753677	-00000000.038606
000000003.922296	000000003.562763	-00000000.110995
000000004.011885	000000003.644139	-00000000.037838
000000003.908483	000000003.488455	-00000000.109738
000000003.983850	000000003.555722	-00000000.037280
000000003.983877	000000003.493767	-00000000.110995
000000004.044800	000000003.547194	-00000000.037559
000000004.067232	000000003.504551	-00000000.112461
000000004.219534	000000003.635783	-00000000.038886
000000004.196858	000000003.552902	-00000000.115183
000000004.304526	000000003.644050	-00000000.039374
000000004.227703	000000003.516143	-00000000.115183
000000004.443798	000000003.695868	-00000000.040352
000000004.413070	000000003.605629	-00000000.119372
000000004.568805	000000003.732871	-00000000.041189
000000004.405381	000000003.535692	-00000000.118325
000000004.686992	000000003.761708	-00000000.041957
000000004.545988	000000003.583768	-00000000.121257
000000004.758904	000000003.751618	-00000000.042306
000000004.561278	000000003.531719	-00000000.120838
000000004.862622	000000003.765045	-00000000.042935
000000004.727215	000000003.594658	-00000000.124398
000000004.966931	000000003.776942	-00000000.043563
000000004.718350	000000003.523359	-00000000.123351
000000005.200010	000000003.883032	-00000000.045308
000000005.014985	000000003.677139	-00000000.130262
000000005.338533	000000003.914374	-00000000.046216
000000005.071225	000000003.650759	-00000000.130890
000000005.461760	000000003.931905	-00000000.046984
000000005.102890	000000003.606366	-00000000.130890
000000005.512196	000000003.895635	-00000000.047124
000000005.183455	000000003.595891	-00000000.132147
000000005.570631	000000003.864484	-00000000.047333
000000005.313806	000000003.618042	-00000000.134660
000000005.653736	000000003.849492	-00000000.047752
000000005.395054	000000003.604860	-00000000.135916
000000005.662170	000000003.783341	-00000000.047542
000000005.745333	000000003.802753	000000000.048101
000000005.518278	000000003.617942	-00000000.138220
000000005.770234	000000003.783131	-00000000.048171
000000006.021508	000000003.910413	000000000.050125
000000008.217169	000000005.336292	000000000.205236
000000005.709403	000000003.672411	-00000000.142199
000000005.861899	000000003.770500	-00000000.048659
000000006.106005	000000003.889954	000000000.050544
000000008.263424	000000005.264381	000000000.205236
000000005.791965	000000003.654458	-00000000.143456
000000005.987607	000000003.777899	-00000000.049427
000000006.156679	000000003.847120	000000000.050684
000000008.132584	000000005.081802	000000000.066950
000000008.495579	000000005.308627	000000000.209843
000000005.849140	000000003.619558	-00000000.144084
000000005.960824	000000003.688670	-00000000.048939
000000007.179055	000000004.399331	000000000.058782
000000009.001905	000000005.516375	000000000.221152
000000005.889051	000000003.573564	-00000000.144293
000000006.078275	000000003.688388	-00000000.049637
000000007.165744	000000004.305613	000000000.058363
000000008.912584	000000005.355221	000000000.217801
000000005.962973	000000003.547596	-00000000.145340
000000006.282108	000000003.737461	-00000000.051033
000000006.892865	000000004.060208	000000000.055850
000000009.036508	000000005.322910	000000000.219686
000000006.010977	000000003.505498	-00000000.145759
000000006.409503	000000003.737912	-00000000.051801
000000007.101235	000000004.099900	000000000.057246
000000007.480819	000000004.319053	000000000.180943
000000006.232300	000000003.562053	-00000000.150367
000000006.520014	000000003.726495	-00000000.052429
000000007.058413	000000003.993458	000000000.056618
000000007.439909	000000004.209298	000000000.179058
000000006.350378	000000003.556383	-00000000.152461
000000006.622084	000000003.708545	-00000000.052988
000000007.311642	000000004.052909	000000000.058363
000000007.520080	000000004.168448	000000000.180105
000000006.433763	000000003.529683	-00000000.153717
000000006.671728	000000003.660235	-00000000.053127
000000007.188549	000000003.903064	000000000.057107
000000007.547383	000000004.097895	000000000.179895
000000006.490741	000000003.487601	-00000000.154346
000000006.756268	000000003.630273	-00000000.053546
000000007.345945	000000003.905908	000000000.058084
000000007.468099	000000003.970858	000000000.177173
000000010.063395	000000005.350802	000000000.238744
000000006.512081	000000003.426171	-00000000.154136
000000006.929284	000000003.645673	-00000000.054663
000000007.344271	000000003.823185	000000000.057805
000000007.653225	000000003.984017	000000000.180733
000000010.189519	000000005.304328	000000000.240628
000000006.719495	000000003.460768	-00000000.158325
000000007.014174	000000003.612537	-00000000.055082
000000007.600100	000000003.872444	000000000.059550
000000009.095181	000000004.634226	000000000.213822
000000010.618468	000000005.410380	000000000.249634
000000006.883358	000000003.469498	-00000000.161466
000000007.188305	000000003.623204	-00000000.056199
000000007.749943	000000003.863979	000000000.060458
000000010.897910	000000005.433497	000000000.255079
000000035.127415	000000017.513884	000000000.822199
000000007.029940	000000003.466783	-00000000.164189
000000007.246555	000000003.573606	-00000000.056409
000000007.684502	000000003.747982	000000000.059690
000000010.246002	000000004.997309	000000000.079586
000000010.971869	000000005.351338	000000000.255707
000000007.113955	000000003.431365	-00000000.165445
000000007.430579	000000003.584086	-00000000.057595
000000007.671788	000000003.659255	000000000.059341
000000011.496414	000000005.483509	000000000.266806
000000007.279267	000000003.433125	-00000000.168586
000000007.615327	000000003.591621	-00000000.058782
000000007.902812	000000003.685142	000000000.060877
000000011.419200	000000005.324861	000000000.087964
000000011.525707	000000005.374526	000000000.266388
000000035.546658	000000016.575678	000000000.821571
000000007.445141	000000003.432257	-00000000.171728
000000007.746272	000000003.571080	-00000000.059550
000000007.998364	000000003.645065	000000000.061365
000000011.265046	000000005.133777	000000000.086428
000000011.599462	000000005.286179	000000000.267016
000000007.556849	000000003.404113	-00000000.173613
000000007.868315	000000003.544417	-00000000.060248
000000008.020734	000000003.571061	000000000.061295
000000011.409904	000000005.080017	000000000.087196
000000011.773019	000000005.241685	000000000.269948
000000007.696081	000000003.386357	-00000000.176126
000000007.990474	000000003.515893	-00000000.060946
000000008.124954	000000003.532830	000000000.061854
000000011.325417	000000004.924431	000000000.086219
000000012.139213	000000005.278280	000000000.277278
000000007.808012	000000003.354587	-00000000.178011
000000008.057603	000000003.461819	-00000000.061226
000000008.569692	000000003.637618	000000000.064996
000000011.229885	000000004.766804	000000000.085171
000000012.396482	000000005.261994	000000000.282094
000000007.966069	000000003.340450	-00000000.180943
000000008.308828	000000003.484181	-00000000.062901
000000008.582632	000000003.555043	000000000.064856
000000011.095523	000000004.595916	000000000.083845
000000012.635900	000000005.233961	000000000.286492
000000008.152224	000000003.335163	-00000000.184503
000000008.588806	000000003.513773	-00000000.064786
000000011.218652	000000004.532629	000000000.084473
000000012.810870	000000005.175928	000000000.289424
000000008.366739	000000003.337990	-00000000.188691
000000008.814188	000000003.516504	-00000000.066252
000000010.662474	000000004.253896	-00000000.080145
000000011.155435	000000004.394243	000000000.083705
000000013.143917	000000005.177526	000000000.295916
000000008.591228	000000003.340946	-00000000.193089
000000008.835218	000000003.435829	-00000000.066182
000000010.745789	000000004.178809	-00000000.080494
000000011.109336	000000004.264474	000000000.083077
000000011.601860	000000004.453537	000000000.260314
000000013.384607	000000005.137869	000000000.300314
000000008.676151	000000003.287100	-00000000.194346
000000008.995781	000000003.408197	-00000000.067160
000000010.725739	000000004.063619	-00000000.080075
000000011.127395	000000004.160362	000000000.082937
000000011.986774	000000004.481671	000000000.268063
000000013.728602	000000005.132914	000000000.307016
000000008.910863	000000003.287391	-00000000.198953
000000009.334776	000000003.443781	-00000000.069464
000000011.041120	000000004.018639	000000000.082030
000000011.752976	000000004.277734	000000000.261990
000000013.848031	000000005.040271	000000000.308691
000000009.052128	000000003.250046	-00000000.201466
000000009.787992	000000003.514248	-00000000.072605
000000011.132325	000000003.942163	000000000.082449
000000011.591948	000000004.104924	000000000.257592
000000009.372748	000000003.273110	-00000000.207958
000000009.997660	000000003.491339	-00000000.073932
000000011.109572	000000003.825333	000000000.082030
000000011.608421	000000003.997100	000000000.257173
000000009.656569	000000003.277963	-00000000.213613
000000010.349694	000000003.513248	-00000000.076305
000000011.246844	000000003.763141	000000000.082798
000000011.747153	000000003.930542	000000000.259477
000000009.931674	000000003.274975	-00000000.219058
000000010.427442	000000003.438455	-00000000.076654
000000011.374359	000000003.695753	000000000.083496
000000011.809531	000000003.837149	000000000.260105
000000015.403737	000000005.004978	000000000.339267
000000010.197922	000000003.264380	-00000000.224293
000000010.618954	000000003.399154	-00000000.077841
000000011.444324	000000003.608382	000000000.083775
000000011.985593	000000003.779043	000000000.263246
000000040.285706	000000012.702034	000000000.884817
000000010.159184	000000003.154510	-00000000.222827
000000010.896512	000000003.383457	-00000000.079656
000000011.599694	000000003.546382	000000000.084683
000000011.817334	000000003.612922	000000000.258848
000000039.649261	000000012.121996	000000000.868482
000000040.844379	000000012.487380	000000000.894660
000000010.329929	000000003.108956	-00000000.225969
000000011.050104	000000003.325704	-00000000.080564
000000011.678140	000000003.459223	000000000.085032
000000016.727736	000000004.954981	000000000.365445
000000010.155100	000000002.959942	-00000000.221571
000000011.472316	000000003.343875	-00000000.083426
000000011.948192	000000003.426089	000000000.086777
000000014.505086	000000004.159266	000000000.105347
000000014.867457	000000004.263175	000000000.323979
000000017.029821	000000004.883223	000000000.371100
000000040.296864	000000011.554939	000000000.878116
000000010.565440	000000002.979762	-00000000.229948
000000011.674297	000000003.292492	-00000000.084683
000000012.353441	000000003.425912	000000000.089500
000000014.444468	000000004.005805	000000000.104649
000000016.676785	000000004.624882	000000000.362513
000000040.637020	000000011.269643	000000000.883351
000000042.968491	000000011.916217	000000000.934032
000000010.128045	000000002.761222	-00000000.219895
000000012.088490	000000003.295701	-00000000.087475
000000012.720933	000000003.408564	000000000.091943
000000014.678852	000000003.933187	000000000.318325
000000016.600624	000000004.448124	000000000.360000
000000010.490148	000000002.761825	-00000000.227225
000000012.493929	000000003.289377	-00000000.090198
000000013.882899	000000003.590362	000000000.100111
000000016.348427	000000004.227991	000000000.353717
000000010.184383	000000002.586504	-00000000.220105
000000012.919533	000000003.281143	-00000000.093060
000000014.253297	000000003.553746	000000000.102555
000000015.841455	000000003.949718	000000000.341990
000000010.546461	000000002.580703	-00000000.227435
000000013.307062	000000003.256217	-00000000.095643
000000014.264319	000000003.424560	000000000.102415
000000016.147522	000000003.876677	000000000.347854
000000010.227973	000000002.408368	-00000000.220105
000000013.889784	000000003.270610	-00000000.099623
000000014.702887	000000003.394429	000000000.105347
000000016.034613	000000003.701882	000000000.344712
000000022.308180	000000005.150249	000000000.479581
000000010.823926	000000002.449204	-00000000.232461
000000014.249404	000000003.224311	-00000000.101996
000000015.639881	000000003.467278	000000000.111840
000000016.242002	000000003.600765	000000000.348482
000000010.229366	000000002.221013	-00000000.219267
000000015.068537	000000003.271700	-00000000.107651
000000015.982542	000000003.397194	000000000.114074
000000016.663980	000000003.542038	000000000.356859
000000042.334724	000000008.998524	000000000.906597
000000010.630101	000000002.211064	-00000000.227435
000000015.634975	000000003.252079	-00000000.111491
000000016.521128	000000003.361262	000000000.117704
000000017.634777	000000003.587836	000000000.376964
000000042.421432	000000008.630738	000000000.906807
000000010.295987	000000002.047999	-00000000.219895
000000016.231600	000000003.228666	-00000000.115540
000000017.374378	000000003.377237	000000000.123568
000000020.432995	000000003.971772	000000000.436021
000000025.997601	000000005.053421	000000000.554765
000000010.892985	000000002.068098	-00000000.232251
000000016.986155	000000003.224922	-00000000.120706
000000017.668659	000000003.274693	000000000.125453
000000019.851433	000000003.679246	000000000.140952
000000020.309591	000000003.764160	000000000.432670
000000010.340000	000000001.869776	-00000000.220105
000000015.901710	000000002.875498	-00000000.112817
000000017.663101	000000003.194009	-00000000.125314
000000018.641956	000000003.287080	000000000.132155
000000028.572853	000000005.038165	000000000.607749
000000050.292950	000000008.868004	000000001.069739
000000010.966833	000000001.884447	-00000000.233089
000000018.045092	000000003.100714	-00000000.127827
000000019.113749	000000003.198545	000000000.135297
000000022.275305	000000003.727608	000000000.473089
000000010.361189	000000001.687427	-00000000.219895
000000016.255434	000000002.647365	-00000000.114981
000000019.097914	000000003.110293	-00000000.135087
000000020.721195	000000003.281915	000000000.146467
000000022.425482	000000003.551847	000000000.475602
000000024.370802	000000003.859956	000000000.516859
000000010.869593	000000001.672990	-00000000.230367
000000016.841270	000000002.592119	-00000000.118961
000000020.073133	000000003.089550	-00000000.141789
000000021.589689	000000003.226601	000000000.152401
000000024.472775	000000003.657481	000000000.518325
000000010.201069	000000001.479084	-00000000.215916
000000017.071070	000000002.475187	-00000000.120427
000000021.613461	000000003.133802	-00000000.152471
000000023.092489	000000003.245438	000000000.162803
000000061.947483	000000008.706151	000000001.310367
000000011.441992	000000001.557187	-00000000.241885
000000011.511336	000000001.566624	-00000000.243351
000000017.111837	000000002.328819	-00000000.120566
000000019.549307	000000002.660544	-00000000.137740
000000022.908262	000000003.117678	-00000000.161407
000000024.131180	000000003.176930	000000000.169924
000000028.880085	000000003.802135	000000000.203364
000000028.904192	000000003.805309	000000000.610681
000000010.225328	000000001.300826	-00000000.215916
000000016.833914	000000002.141544	-00000000.118472
000000024.154732	000000003.072870	-00000000.169994
000000026.073553	000000003.201430	000000000.183398
000000028.386129	000000003.485378	000000000.199664
000000010.881643	000000001.287927	-00000000.229529
000000018.053545	000000002.136778	-00000000.126919
000000026.126993	000000003.092334	-00000000.183677
000000028.196880	000000003.212629	000000000.198128
000000032.638039	000000003.718635	000000000.229334
000000032.661480	000000003.721305	000000000.688587
000000010.246473	000000001.122171	-00000000.215916
000000016.729561	000000001.832185	-00000000.117495
000000019.184818	000000002.101079	-00000000.134738
000000028.111229	000000003.078680	-00000000.197430
000000029.039333	000000003.052157	000000000.203853
000000032.539963	000000003.420088	000000000.228427
000000037.415653	000000003.932544	000000000.788063
000000010.484668	000000001.055751	-00000000.220733
000000017.341879	000000001.746235	-00000000.121683
000000030.107014	000000003.031617	-00000000.211253
000000032.299820	000000003.110119	000000000.226542
000000037.276680	000000003.589336	000000000.261448
000000037.488350	000000003.609717	000000000.788901
000000046.017029	000000004.430936	000000000.968378
000000010.174894	000000000.934941	-00000000.214032
000000017.027849	000000001.564640	-00000000.119380
000000032.731308	000000003.007585	-00000000.229474
000000037.286659	000000003.262160	000000000.261309
000000042.237629	000000003.695313	000000000.296005
000000053.135330	000000004.648739	000000001.117278
000000010.332118	000000000.858533	-00000000.217173
000000041.949261	000000003.301478	000000000.293771
000000042.578968	000000003.351038	000000000.894660
000000057.798557	000000004.548845	000000001.214451
000000010.109900	000000000.751295	-00000000.212356
000000041.487679	000000002.901101	000000000.290351
000000042.565018	000000002.976436	000000000.297890
000000010.425339	000000000.683313	-00000000.218848
000000010.051599	000000000.570771	-00000000.210890
000000016.802523	000000000.954116	-00000000.117495
000000052.067276	000000002.728730	000000000.364003
000000090.336189	000000004.734319	000000001.894870
000000010.335814	000000000.496465	-00000000.216754
000000090.543861	000000003.953230	000000001.898430
000000010.010079	000000000.393297	-00000000.209843
000000010.232979	000000000.312646	-00000000.214450
000000017.751284	000000000.542351	-00000000.123987
000000017.981171	000000000.549374	-00000000.125593
000000010.025414	000000000.218755	-00000000.210052
000000010.126911	000000000.132569	-00000000.212147
000000017.848036	000000000.233644	-00000000.124615
000000010.017708	000000000.043711	-00000000.209843
000000017.869394	000000000.077970	-00000000.124755
000000010.047701	-00000000.043842	-00000000.210471
000000017.799397	-00000000.077665	-00000000.124266
000000009.936968	-00000000.130082	-00000000.208168
000000017.708050	-00000000.231811	-00000000.123638
000000010.405240	-00000000.227043	-00000000.218011
000000017.485411	-00000000.381533	-00000000.122102
000000010.013130	-00000000.305929	-00000000.209843
000000016.621838	-00000000.507843	-00000000.116098
000000010.020069	-00000000.393690	-00000000.210052
000000017.356186	-00000000.681926	-00000000.121264
000000009.926375	-00000000.476798	-00000000.208168
000000016.770256	-00000000.805533	-00000000.117215
000000072.244987	-00000003.786199	000000001.515393
000000010.111489	-00000000.574172	-00000000.212147
000000011.199498	-00000000.635954	-00000000.234974
000000065.782616	-00000004.023437	000000001.380524
000000071.929779	-00000004.399414	000000001.509530
000000010.036260	-00000000.657811	-00000000.210681
000000045.637444	-00000003.191281	000000000.319393
000000055.432453	-00000003.876215	000000001.163980
000000010.099929	-00000000.750554	-00000000.212147
000000039.397213	-00000003.100628	000000000.275899
000000052.805096	-00000004.155851	000000001.109529
000000010.063105	-00000000.836179	-00000000.211518
000000016.901339	-00000001.404393	-00000000.118402
000000034.059067	-00000002.979782	000000000.238689
000000043.821537	-00000003.833888	000000000.307106
000000043.852833	-00000003.836626	000000000.922095
000000052.448109	-00000004.588615	000000001.102828
000000010.045468	-00000000.923049	-00000000.211309
000000011.469157	-00000001.053867	-00000000.241257
000000017.266836	-00000001.586599	-00000000.121055
000000030.438475	-00000002.930892	000000000.213487
000000036.420658	-00000003.506911	000000000.255444
000000043.457939	-00000004.184524	000000000.304802
000000043.419613	-00000004.180833	000000000.913718
000000010.017136	-00000001.008672	-00000000.210890
000000015.431586	-00000001.553879	-00000000.108279
000000029.198452	-00000003.068881	000000000.204970
000000034.359894	-00000003.611370	000000000.241203
000000043.371529	-00000004.558531	000000000.913508
000000010.465117	-00000001.146117	-00000000.220524
000000026.023762	-00000002.850065	-00000000.182769
000000025.941530	-00000002.955664	000000000.182281
000000029.667334	-00000003.380166	000000000.208460
000000033.899845	-00000003.862399	000000000.238201
000000033.962769	-00000003.869569	000000000.716021
000000009.998006	-00000001.183342	-00000000.210890
000000015.868847	-00000001.878202	-00000000.111561
000000017.596743	-00000002.082712	-00000000.123708
000000024.279932	-00000002.873719	-00000000.170692
000000024.564919	-00000003.016193	000000000.172786
000000036.107948	-00000004.433499	000000000.253978
000000036.090984	-00000004.431416	000000000.761676
000000040.824394	-00000005.012605	000000000.861571
000000010.483192	-00000001.333631	-00000000.221361
000000017.270386	-00000002.197071	-00000000.121544
000000021.436705	-00000002.727093	-00000000.150865
000000022.795717	-00000002.899981	-00000000.160429
000000023.427271	-00000003.084259	000000000.164967
000000025.271313	-00000003.327032	000000000.177952
000000025.335772	-00000003.335518	000000000.535288
000000035.961731	-00000004.734451	000000000.759791
000000010.045177	-00000001.367089	-00000000.212356
000000015.853468	-00000002.157562	-00000000.111700
000000019.014254	-00000002.587726	-00000000.133970
000000020.688774	-00000002.815619	-00000000.145769
000000023.171707	-00000003.256571	000000000.163361
000000025.404705	-00000003.570399	000000000.537382
000000031.463818	-00000004.421951	000000000.665550
000000010.497898	-00000001.522123	-00000000.222199
000000019.357109	-00000002.806647	-00000000.136553
000000023.033619	-00000003.442397	000000000.162594
000000025.595106	-00000003.825214	000000000.180675
000000023.236776	-00000003.472759	000000000.492147
000000028.032452	-00000004.189478	000000000.593718
000000009.990143	-00000001.537630	-00000000.211728
000000015.418064	-00000002.373067	-00000000.108908
000000018.531326	-00000002.852244	-00000000.130899
000000022.736032	-00000003.601034	000000000.160709
000000023.077215	-00000003.655072	000000000.489424
000000010.331586	-00000001.682606	-00000000.219267
000000015.228983	-00000002.480197	-00000000.107721
000000017.123970	-00000002.788815	-00000000.121125
000000020.672041	-00000003.459313	000000000.146327
000000024.173271	-00000004.045218	000000000.171111
000000027.575872	-00000004.614618	000000000.195196
000000027.481752	-00000004.598868	000000000.583665
000000009.922373	-00000001.704975	-00000000.210890
000000015.374300	-00000002.641788	-00000000.108908
000000021.419046	-00000003.776756	000000000.151842
000000027.465618	-00000004.842929	000000000.194707
000000027.361807	-00000004.824625	000000000.581990
000000010.280970	-00000001.859102	-00000000.218848
000000015.478582	-00000002.798984	-00000000.109815
000000016.272470	-00000003.015924	000000000.115540
000000027.333820	-00000005.066024	000000000.194079
000000027.318663	-00000005.063215	000000000.581990
000000009.851816	-00000001.870426	-00000000.210052
000000014.687275	-00000002.788466	-00000000.104370
000000015.411171	-00000002.995628	000000000.109606
000000024.638243	-00000004.789189	000000000.175230
000000027.367098	-00000005.319625	000000000.194638
000000027.381392	-00000005.322403	000000000.584293
000000010.237152	-00000002.036296	-00000000.218639
000000013.652199	-00000002.715591	-00000000.097179
000000016.070374	-00000003.269554	000000000.114493
000000018.392738	-00000003.742045	000000000.131038
000000018.281385	-00000003.719390	000000000.390786
000000009.856826	-00000002.050223	-00000000.210890
000000013.246162	-00000002.755206	-00000000.094456
000000013.234015	-00000002.812977	000000000.094456
000000018.202885	-00000003.869142	000000000.129921
000000018.218893	-00000003.872545	000000000.390157
000000010.004652	-00000002.172223	-00000000.214450
000000012.830731	-00000002.785825	-00000000.091664
000000013.160149	-00000002.917535	000000000.094107
000000018.129375	-00000004.019186	000000000.129642
000000024.309177	-00000005.389215	000000000.173833
000000018.184404	-00000004.031385	000000000.390157
000000009.595263	-00000002.171186	-00000000.206073
000000012.406053	-00000002.807203	-00000000.088802
000000013.241366	-00000003.057010	000000000.094875
000000018.005920	-00000004.156994	000000000.129014
000000024.154047	-00000005.576401	000000000.173065
000000018.168016	-00000004.194417	000000000.390576
000000024.344168	-00000005.620294	000000000.523351
000000010.023607	-00000002.360246	-00000000.215707
000000011.991740	-00000002.823680	-00000000.086009
000000013.311419	-00000003.195789	000000000.095573
000000018.124533	-00000004.351315	000000000.130131
000000024.055845	-00000005.775298	000000000.172716
000000018.276545	-00000004.387810	000000000.393717
000000024.119205	-00000005.790509	000000000.519581
000000009.614177	-00000002.352574	-00000000.207330
000000011.111882	-00000002.719060	-00000000.079866
000000011.449211	-00000002.854609	000000000.082379
000000013.438269	-00000003.350537	000000000.096690
000000017.853006	-00000004.451254	000000000.128455
000000018.208456	-00000004.539878	000000000.393089
000000009.728944	-00000002.470837	-00000000.210262
000000010.826045	-00000002.749465	-00000000.077981
000000011.278645	-00000002.916856	000000000.081332
000000018.123281	-00000004.686999	000000000.130689
000000020.863073	-00000005.395557	000000000.150446
000000018.187506	-00000004.703609	000000000.393508
000000009.513645	-00000002.504734	-00000000.206073
000000010.511533	-00000002.767456	-00000000.075886
000000011.156172	-00000002.989287	000000000.080634
000000020.593037	-00000005.517888	000000000.148840
000000018.097479	-00000004.849205	000000000.392461
000000020.753193	-00000005.560802	000000000.450053
000000009.790443	-00000002.669181	-00000000.212566
000000010.265087	-00000002.798584	-00000000.074281
000000011.226021	-00000003.113251	000000000.081332
000000020.553736	-00000005.700056	000000000.148910
000000020.713511	-00000005.744365	000000000.450262
000000009.478106	-00000002.673102	-00000000.206283
000000009.980417	-00000002.814769	-00000000.072396
000000010.592846	-00000003.037450	000000000.076933
000000020.628172	-00000005.915033	000000000.149818
000000011.801704	-00000003.384084	000000000.257173
000000020.777922	-00000005.957973	000000000.452775
000000009.262449	-00000002.699758	-00000000.202094
000000009.725068	-00000002.834599	-00000000.070720
000000010.585112	-00000003.135453	000000000.077073
000000020.801826	-00000006.161781	000000000.454451
000000009.008770	-00000002.711332	-00000000.197068
000000009.336093	-00000002.809845	-00000000.068067
000000010.538222	-00000003.221858	000000000.076933
000000011.176750	-00000003.417076	000000000.244817
000000008.831997	-00000002.742408	-00000000.193717
000000009.129768	-00000002.834868	-00000000.066741
000000010.338040	-00000003.259572	000000000.075677
000000011.089295	-00000003.496442	000000000.243560
000000008.731554	-00000002.794992	-00000000.192042
000000009.333252	-00000002.987597	-00000000.068416
000000010.118995	-00000003.287861	000000000.074281
000000026.281437	-00000008.539356	000000000.578848
000000058.172878	-00000018.901514	000000001.281257
000000008.459963	-00000002.789678	-00000000.186597
000000009.154877	-00000003.018826	-00000000.067299
000000010.042503	-00000003.360174	000000000.073932
000000057.958313	-00000019.392580	000000001.280210
000000008.198616	-00000002.783055	-00000000.181361
000000008.399065	-00000002.851099	-00000000.061924
000000010.296447	-00000003.545351	000000000.076026
000000056.387814	-00000019.415882	000000001.249215
000000008.013557	-00000002.798460	-00000000.177801
000000008.496594	-00000002.967144	-00000000.062831
000000010.274542	-00000003.638406	000000000.076096
000000055.905228	-00000019.797079	000000001.242304
000000007.875916	-00000002.827743	-00000000.175288
000000008.046859	-00000002.889117	-00000000.059690
000000010.305626	-00000003.700098	-00000000.076445
000000010.345764	-00000003.765550	000000000.076864
000000012.807698	-00000004.661621	000000000.095155
000000011.640239	-00000004.236701	000000000.259477
000000007.700861	-00000002.840998	-00000000.171937
000000007.974432	-00000002.941923	-00000000.059341
000000010.303143	-00000003.852187	000000000.076794
000000012.925761	-00000004.832744	000000000.096341
000000012.548655	-00000004.691750	000000000.280628
000000007.647728	-00000002.897465	-00000000.171309
000000007.976509	-00000003.022029	-00000000.059550
000000008.121952	-00000003.117725	000000000.060737
000000010.605215	-00000004.070961	000000000.079307
000000012.911102	-00000004.956108	000000000.096551
000000012.339227	-00000004.736585	000000000.276859
000000007.389201	-00000002.873503	-00000000.166073
000000007.968473	-00000003.098770	-00000000.059690
000000008.187475	-00000003.225132	000000000.061435
000000012.774322	-00000005.031939	000000000.095853
000000012.232307	-00000004.818434	000000000.275393
000000007.215268	-00000002.878600	-00000000.162723
000000007.727507	-00000003.082963	-00000000.058084
000000008.084846	-00000003.266490	000000000.060877
000000010.393477	-00000004.199238	000000000.078260
000000012.507405	-00000005.053320	000000000.094177
000000012.328841	-00000004.981175	000000000.278534
000000007.217633	-00000002.952811	-00000000.163351
000000007.700309	-00000003.150280	-00000000.058084
000000012.278060	-00000005.085739	000000000.092781
000000012.275666	-00000005.084747	000000000.278325
000000006.924211	-00000002.903563	-00000000.157278
000000007.405093	-00000003.105213	-00000000.056060
000000007.952969	-00000003.375835	000000000.060318
000000012.417308	-00000005.270834	000000000.094177
000000015.013068	-00000006.372669	000000000.113864
000000012.276842	-00000005.211210	000000000.279372
000000006.742448	-00000002.896785	-00000000.153717
000000007.184772	-00000003.086822	-00000000.054593
000000006.914464	-00000003.006495	000000000.052639
000000007.959888	-00000003.461058	000000000.060597
000000012.416691	-00000005.398931	000000000.094526
000000010.259651	-00000004.461023	000000000.234346
000000012.652654	-00000005.501530	000000000.289005
000000006.634553	-00000002.919273	-00000000.151833
000000007.066032	-00000003.109128	-00000000.053895
000000007.381268	-00000003.286352	000000000.056409
000000010.240595	-00000004.559407	000000000.078260
000000010.247732	-00000004.562584	000000000.234974
000000006.517669	-00000002.935996	-00000000.149738
000000006.983927	-00000003.146030	-00000000.053476
000000007.215817	-00000003.288437	000000000.055361
000000010.264112	-00000004.677626	000000000.078749
000000010.071062	-00000004.589647	000000000.231833
000000006.401005	-00000002.950904	-00000000.147644
000000006.901720	-00000003.181736	-00000000.053058
000000006.815269	-00000003.178012	000000000.052499
000000010.295405	-00000004.800827	000000000.079307
000000040.447533	-00000018.860994	000000000.311574
000000009.912832	-00000004.622429	000000000.229110
000000006.167031	-00000002.908561	-00000000.142827
000000006.303898	-00000002.973112	-00000000.048659
000000006.543584	-00000003.121129	000000000.050614
000000010.144812	-00000004.838827	000000000.078469
000000016.534960	-00000007.886771	000000000.127897
000000010.043571	-00000004.790538	000000000.233089
000000005.997334	-00000002.892771	-00000000.139477
000000006.196653	-00000002.988911	-00000000.048031
000000006.938521	-00000003.384143	000000000.053895
000000010.210052	-00000004.979775	000000000.079307
000000016.501457	-00000008.048299	000000000.128176
000000006.892239	-00000003.361569	000000000.160628
000000010.252991	-00000005.000718	000000000.238953
000000005.909095	-00000002.914043	-00000000.138011
000000006.502169	-00000003.206515	-00000000.050614
000000006.237540	-00000003.109923	000000000.048659
000000006.746325	-00000003.363594	000000000.157906
000000005.937008	-00000002.992498	-00000000.139267
000000006.286418	-00000003.168616	-00000000.049148
000000006.860583	-00000003.495641	000000000.053756
000000006.868154	-00000003.499499	000000000.161466
000000005.555139	-00000002.861084	-00000000.130890
000000005.982940	-00000003.081416	-00000000.046984
000000006.891906	-00000003.587699	000000000.054244
000000009.011810	-00000004.691251	000000000.070930
000000006.908299	-00000003.596233	000000000.163141
000000005.724614	-00000003.011865	-00000000.135497
000000005.938122	-00000003.124197	-00000000.046844
000000006.825018	-00000003.628927	000000000.053965
000000006.717758	-00000003.571895	000000000.159372
000000005.372255	-00000002.886617	-00000000.127749
000000006.007529	-00000003.227962	-00000000.047612
000000006.731575	-00000003.654947	000000000.053476
000000008.840685	-00000004.800100	000000000.070231
000000006.800552	-00000003.692399	000000000.162094
000000008.777457	-00000004.765770	000000000.209215
000000005.338095	-00000002.928579	-00000000.127539
000000005.891460	-00000003.232166	-00000000.046914
000000006.463282	-00000003.582656	000000000.051592
000000006.619419	-00000003.669204	000000000.158534
000000008.892932	-00000004.929432	000000000.212984
000000005.198936	-00000002.911544	-00000000.124817
000000005.514040	-00000003.088011	-00000000.044122
000000006.318629	-00000003.574908	000000000.050684
000000006.561043	-00000003.712059	000000000.157906
000000008.753859	-00000004.952695	000000000.210681
000000005.138610	-00000002.936957	-00000000.123979
000000005.209066	-00000002.977226	-00000000.041888
000000008.855412	-00000005.061285	-00000000.071209
000000005.542428	-00000003.199922	000000000.044680
000000008.573442	-00000004.949879	000000000.069114
000000005.740489	-00000003.314273	000000000.138848
000000008.667013	-00000005.003902	000000000.209634
000000005.121421	-00000002.986724	-00000000.124189
000000005.398840	-00000003.148511	-00000000.043633
000000006.358668	-00000003.745542	000000000.051522
000000006.348814	-00000003.739737	000000000.154346
000000004.906135	-00000002.918843	-00000000.119581
000000004.950060	-00000002.944977	-00000000.040212
000000006.368598	-00000003.826640	000000000.051871
000000009.162895	-00000005.505623	000000000.074630
000000006.341647	-00000003.810446	000000000.154974
000000008.578363	-00000005.154400	000000000.209634
000000005.034327	-00000003.054904	-00000000.123351
000000005.206286	-00000003.159252	-00000000.042516
000000005.729602	-00000003.511105	000000000.046914
000000006.163237	-00000003.776836	000000000.151414
000000004.726922	-00000002.925108	-00000000.116440
000000005.442122	-00000003.367687	-00000000.044680
000000006.097317	-00000003.810027	000000000.050195
000000008.709242	-00000005.442139	000000000.071698
000000006.443752	-00000004.026503	000000000.159162
000000008.911031	-00000005.568230	000000000.220105
000000004.946423	-00000003.120960	-00000000.122513
000000005.184186	-00000003.270977	-00000000.042795
000000008.042676	-00000005.074551	-00000000.066392
000000006.350583	-00000004.045768	000000000.052569
000000006.484258	-00000004.130928	000000000.161047
000000008.516386	-00000005.425536	000000000.211518
000000004.389261	-00000002.823267	-00000000.109319
000000004.634012	-00000002.980697	-00000000.038467
000000008.813873	-00000005.669274	-00000000.073164
000000006.373741	-00000004.139156	000000000.053058
000000008.981943	-00000005.832942	000000000.074769
000000006.188032	-00000004.018555	000000000.154555
000000008.586102	-00000005.575881	000000000.214450
000000004.331012	-00000002.839536	-00000000.108482
000000004.599462	-00000003.015539	-00000000.038397
000000007.183523	-00000004.709724	-00000000.059969
000000008.972393	-00000005.938697	000000000.075118
000000006.119380	-00000004.050329	000000000.153717
000000008.620488	-00000005.705777	000000000.216545
000000004.439074	-00000002.966094	-00000000.111833
000000004.556343	-00000003.044451	-00000000.038257
000000008.563929	-00000005.722234	-00000000.071907
000000005.164778	-00000003.483687	000000000.043493
000000008.911937	-00000006.011177	000000000.075049
000000011.714016	-00000007.901203	000000000.098645
000000007.849264	-00000005.294395	000000000.198325
000000004.239476	-00000002.886556	-00000000.107435
000000004.686650	-00000003.191026	-00000000.039584
000000008.538464	-00000005.813633	-00000000.072116
000000005.595680	-00000003.845805	000000000.047403
000000009.081650	-00000006.241645	000000000.076933
000000011.611655	-00000007.980470	000000000.098366
000000008.643188	-00000005.940298	000000000.219686
000000004.296271	-00000002.980429	-00000000.109529
000000004.264244	-00000002.958211	-00000000.036233
000000008.569569	-00000005.944921	-00000000.072815
000000005.201488	-00000003.642122	000000000.044331
000000007.798138	-00000005.460315	000000000.066462
000000005.225044	-00000003.658615	000000000.133613
000000008.640159	-00000006.049904	000000000.220943
000000004.482378	-00000003.167832	-00000000.114974
000000004.638411	-00000003.278105	-00000000.039654
000000008.345874	-00000005.898280	-00000000.071348
000000008.295634	-00000005.917219	000000000.071139
000000008.464944	-00000006.037986	000000000.217801
000000004.316627	-00000003.107527	-00000000.111414
000000004.609628	-00000003.318457	-00000000.039654
000000008.423933	-00000006.064364	-00000000.072465
000000027.771385	-00000019.992537	-00000000.238899
000000008.308402	-00000006.036407	000000000.071698
000000008.387666	-00000006.093996	000000000.217173
000000004.378034	-00000003.210107	-00000000.113717
000000004.515980	-00000003.311253	-00000000.039095
000000006.507849	-00000004.771752	-00000000.056339
000000008.257792	-00000006.054863	-00000000.071488
000000008.279524	-00000006.126525	000000000.071907
000000008.430609	-00000006.238322	000000000.219686
000000004.117541	-00000003.074714	-00000000.107644
000000004.382751	-00000003.272756	-00000000.038187
000000006.514035	-00000004.864261	-00000000.056758
000000005.238921	-00000003.947810	000000000.045797
000000006.317053	-00000004.760241	000000000.055222
000000008.081994	-00000006.090219	000000000.070650
000000008.431742	-00000006.353773	000000000.221152
000000004.233802	-00000003.219458	-00000000.111414
000000004.584860	-00000003.486408	-00000000.040212
000000027.219292	-00000020.886097	000000000.239527
000000008.360110	-00000006.414938	000000000.220733
000000003.691710	-00000002.858428	-00000000.097801
000000005.944682	-00000004.602864	-00000000.157487
000000004.451474	-00000003.446699	-00000000.039304
000000006.523030	-00000005.050670	-00000000.057595
000000006.847646	-00000005.349967	000000000.060667
000000023.253632	-00000018.167728	000000000.206017
000000026.563194	-00000020.753443	000000000.235338
000000023.383030	-00000018.268826	000000000.621571
000000004.114158	-00000003.243341	-00000000.109738
000000006.241900	-00000004.920717	-00000000.166492
000000004.381962	-00000003.454460	-00000000.038955
000000006.423736	-00000005.064065	-00000000.057107
000000025.490767	-00000020.095299	-00000000.226612
000000023.102030	-00000018.376184	000000000.206087
000000025.856745	-00000020.567383	000000000.230661
000000023.160122	-00000018.422392	000000000.619896
000000003.882973	-00000003.116415	-00000000.104293
000000006.151939	-00000004.937453	-00000000.165236
000000003.891529	-00000003.123282	-00000000.034836
000000006.363702	-00000005.107411	-00000000.056967
000000006.061591	-00000004.908579	000000000.054454
000000006.978601	-00000005.651159	000000000.062692
000000008.066579	-00000006.532187	000000000.072465
000000022.703224	-00000018.384708	000000000.611938
000000004.080154	-00000003.333626	-00000000.110367
000000005.977000	-00000004.883414	-00000000.161675
000000004.530087	-00000003.701236	-00000000.040840
000000006.264684	-00000005.118462	-00000000.056478
000000024.710266	-00000020.189135	-00000000.222772
000000022.561752	-00000018.598475	000000000.204132
000000024.976879	-00000020.589350	000000000.225983
000000022.233343	-00000018.327753	000000000.603561
000000003.635824	-00000003.023883	-00000000.099058
000000003.782610	-00000003.145963	-00000000.034348
000000006.373543	-00000005.300820	-00000000.057875
000000008.088019	-00000006.726735	-00000000.073443
000000006.074584	-00000005.097181	000000000.055361
000000022.245390	-00000018.666098	000000000.202736
000000022.041924	-00000018.495371	000000000.602723
000000003.822956	-00000003.236371	-00000000.104922
000000005.692465	-00000004.819028	-00000000.156230
000000004.151884	-00000003.514829	-00000000.037978
000000006.166768	-00000005.220554	-00000000.056409
000000008.097699	-00000006.855208	-00000000.074071
000000022.195709	-00000018.956926	000000000.203783
000000022.107756	-00000018.881807	000000000.609006
000000003.590070	-00000003.093402	-00000000.099267
000000005.680491	-00000004.894624	-00000000.157068
000000006.014919	-00000005.182786	-00000000.055431
000000022.991537	-00000019.810776	-00000000.211881
000000022.112452	-00000019.222061	000000000.204551
000000023.629381	-00000020.540707	000000000.218583
000000021.323416	-00000018.536161	000000000.591833
000000003.510322	-00000003.078470	-00000000.097801
000000005.637562	-00000004.944009	-00000000.157068
000000006.014572	-00000005.274638	-00000000.055850
000000022.126106	-00000019.404074	-00000000.205458
000000021.262335	-00000018.811325	000000000.198198
000000021.138382	-00000018.701662	000000000.591205
000000003.386358	-00000003.022440	-00000000.095079
000000005.392812	-00000004.813269	-00000000.151414
000000004.170359	-00000003.722188	-00000000.039025
000000021.754503	-00000019.416636	-00000000.203574
000000005.922720	-00000005.332841	000000000.055641
000000020.785254	-00000018.715126	000000000.195266
000000020.966948	-00000018.878723	000000000.590995
000000003.470862	-00000003.152709	-00000000.098220
000000003.878648	-00000003.523116	-00000000.036582
000000005.107381	-00000004.639218	-00000000.048171
000000005.912820	-00000005.418102	000000000.055990
000000020.613771	-00000018.889042	000000000.195196
000000005.837956	-00000005.349501	000000000.165864
000000020.712950	-00000018.979921	000000000.588482
000000003.340435	-00000003.087866	-00000000.095288
000000004.699550	-00000004.344219	-00000000.044680
000000005.967700	-00000005.564971	000000000.056967
000000020.652925	-00000019.259165	000000000.197151
000000021.376947	-00000019.934326	000000000.204062
000000005.915354	-00000005.516157	000000000.169424
000000020.290615	-00000018.921305	000000000.581152
000000003.349771	-00000003.151150	-00000000.096335
000000003.131919	-00000002.946215	-00000000.030019
000000005.040205	-00000004.741351	-00000000.048310
000000005.790408	-00000005.447072	-00000000.055501
000000003.220584	-00000003.056220	000000000.030997
000000005.730318	-00000005.437869	000000000.055152
000000005.750957	-00000005.457455	000000000.166073
000000003.271591	-00000003.131867	-00000000.094869
000000004.961552	-00000004.749653	-00000000.143874
000000003.344464	-00000003.201627	-00000000.032323
000000003.208177	-00000003.098101	000000000.031136
000000005.423690	-00000005.237597	000000000.052639
000000005.631195	-00000005.437982	000000000.163979
000000003.165360	-00000003.083557	-00000000.092565
000000003.165977	-00000003.084159	-00000000.030857
000000005.049806	-00000004.919303	-00000000.049218
000000005.534689	-00000005.438923	000000000.054175
000000005.326812	-00000005.234644	000000000.156440
000000003.010525	-00000002.984368	-00000000.088796
000000004.494487	-00000004.455436	-00000000.132566
000000003.273875	-00000003.245429	-00000000.032184
000000005.056396	-00000005.012463	-00000000.049707
000000005.345597	-00000005.345597	000000000.052778
000000020.788433	-00000020.788433	000000000.205249
000000005.351624	-00000005.351624	000000000.158534
000000003.104024	-00000003.131231	-00000000.092356
000000003.182069	-00000003.209960	-00000000.031555
000000004.808303	-00000004.850448	-00000000.047682
000000003.798836	-00000003.865723	000000000.037838
000000005.130531	-00000005.220866	000000000.051103
000000003.917224	-00000003.986196	000000000.117068
000000005.283697	-00000005.376729	000000000.157906
000000002.971936	-00000003.050777	-00000000.089215
000000003.049270	-00000003.130163	-00000000.030508
000000005.184457	-00000005.321994	-00000000.051871
000000003.862206	-00000003.999432	000000000.038816
000000005.480721	-00000005.675453	000000000.055082
000000005.146289	-00000005.329139	000000000.155183
000000003.048904	-00000003.184926	-00000000.092356
000000003.471311	-00000003.626179	-00000000.035046
000000005.469735	-00000005.713759	-00000000.055222
000000004.852782	-00000005.113765	000000000.049218
000000004.941302	-00000005.207046	000000000.150367
000000002.897688	-00000003.080333	-00000000.088586
000000004.233502	-00000004.500345	-00000000.129424
000000003.158617	-00000003.357708	-00000000.032184
000000005.529292	-00000005.877810	-00000000.056339
000000004.071431	-00000004.366075	000000000.041678
000000004.295648	-00000004.606518	000000000.131937
000000003.020001	-00000003.267018	-00000000.093194
000000003.258164	-00000003.524662	-00000000.033510
000000005.633909	-00000006.094728	-00000000.057944
000000004.769551	-00000005.205051	000000000.049288
000000004.903709	-00000005.351460	000000000.152042
000000002.782988	-00000003.063831	-00000000.086702
000000003.173494	-00000003.493744	-00000000.032952
000000004.719900	-00000005.196205	-00000000.049008
000000004.730638	-00000005.253906	000000000.049358
000000004.836753	-00000005.371759	000000000.151414
000000002.802747	-00000003.140213	-00000000.088168
000000003.029688	-00000003.394479	-00000000.031765
000000004.641082	-00000005.199893	-00000000.048659
000000004.624975	-00000005.227583	000000000.048729
000000004.749944	-00000005.368835	000000000.150157
000000002.649989	-00000003.021733	-00000000.084189
000000002.795558	-00000003.187723	-00000000.029601
000000004.707614	-00000005.368005	-00000000.049846
000000002.466722	-00000002.837639	000000000.026250
000000004.657906	-00000005.358307	000000000.049567
000000004.617642	-00000005.311990	000000000.147435
000000002.616993	-00000003.037169	-00000000.083979
000000002.741524	-00000003.181695	-00000000.029321
000000004.526543	-00000005.299900	000000000.048659
000000004.642535	-00000005.435710	000000000.149738
000000002.629148	-00000003.105675	-00000000.085236
000000002.661966	-00000003.144441	-00000000.028763
000000004.942728	-00000005.838586	-00000000.053407
000000002.988890	-00000003.562020	000000000.032463
000000004.544398	-00000005.415802	000000000.049358
000000004.575644	-00000005.453040	000000000.149110
000000004.586012	-00000005.563278	000000000.050335
000000002.931678	-00000003.556409	000000000.096545
000000004.566040	-00000005.539049	000000000.150367
000000003.001785	-00000003.706896	000000000.033301
000000004.606513	-00000005.688570	000000000.051103
000000002.749527	-00000003.395383	000000000.091518
000000004.479778	-00000005.532065	000000000.149110
000000004.538021	-00000005.705074	000000000.050893
000000004.337976	-00000005.453582	000000000.145969
000000004.802042	-00000006.146334	000000000.054454
000000016.542421	-00000021.173334	000000000.187586
000000004.370238	-00000005.593649	000000000.148691
000000004.553424	-00000005.934138	000000000.052220
000000004.223878	-00000005.504665	000000000.145340
000000004.284819	-00000005.686146	000000000.049707
000000002.990365	-00000003.968348	000000000.104084
000000004.374236	-00000005.804807	000000000.152251
000000004.098229	-00000005.538439	000000000.048101
000000002.741532	-00000003.704967	000000000.096545
000000004.186634	-00000005.657911	000000000.147435
000000002.609703	-00000003.591948	000000000.030997
000000004.120275	-00000005.671071	000000000.048939
000000002.356502	-00000003.243447	000000000.083979
000000004.278138	-00000005.888352	000000000.152461
000000002.572451	-00000003.606444	000000000.030927
000000003.594464	-00000005.039252	000000000.043214
000000002.351331	-00000003.296445	000000000.084817
000000002.277043	-00000003.251954	000000000.027716
000000004.227155	-00000006.037004	000000000.051452
000000002.190581	-00000003.128474	000000000.080000
000000002.186275	-00000003.181050	000000000.026948
000000002.151872	-00000003.130993	000000000.079581
000000002.398879	-00000003.556484	000000000.029950
000000002.308960	-00000003.423174	000000000.086492
000000004.165073	-00000006.174975	000000000.156021
000000012.523173	-00000018.566368	000000000.469110
000000002.483656	-00000003.752395	000000000.031416
000000002.019646	-00000003.051353	000000000.076649
000000001.949760	-00000003.002367	000000000.024993
000000002.031058	-00000003.127555	000000000.078115
000000004.230917	-00000006.515041	000000000.162723
000000002.106163	-00000003.306014	000000000.027367
000000002.073522	-00000003.254777	000000000.080838
000000001.944756	-00000003.112261	000000000.025621
000000002.060934	-00000003.298184	000000000.081466
000000004.100676	-00000006.562452	000000000.162094
000000002.241464	-00000003.657737	000000000.029950
000000004.028366	-00000006.573696	000000000.053826
000000001.979835	-00000003.230798	000000000.079372
000000001.967397	-00000003.274299	000000000.026668
000000002.039104	-00000003.393638	000000000.082932
000000001.959050	-00000003.325807	000000000.026948
000000003.227865	-00000005.479828	000000000.044401
000000001.968817	-00000003.342388	000000000.081257
000000001.964952	-00000003.403397	000000000.027436
000000003.184922	-00000005.516447	000000000.044471
000000001.949572	-00000003.376758	000000000.081675
