000000003.211500	000000003.727129	-00000000.034348
000000003.758179	000000004.285382	-00000000.039793
000000003.255447	000000003.647420	-00000000.102408
000000003.722188	000000004.170359	-00000000.039025
000000003.273708	000000003.604072	-00000000.101990
000000003.704651	000000004.078503	-00000000.038467
000000003.440765	000000003.722199	-00000000.106178
000000003.597556	000000003.891815	-00000000.037001
000000003.500517	000000003.721159	-00000000.107016
000000003.816376	000000004.056928	-00000000.038886
000000003.643475	000000003.806023	-00000000.110367
000000003.865464	000000004.037916	-00000000.039025
000000003.704455	000000003.802729	-00000000.111204
000000003.858687	000000003.961053	-00000000.038606
000000003.758614	000000003.791558	-00000000.111833
000000003.963506	000000003.998246	-00000000.039304
000000003.827060	000000003.793807	-00000000.112880
000000004.005348	000000003.970546	-00000000.039374
000000003.824214	000000003.725384	-00000000.111833
000000004.168776	000000004.061042	-00000000.040631
000000003.972131	000000003.802488	-00000000.115183
000000004.240173	000000004.059083	-00000000.040980
000000004.005162	000000003.767680	-00000000.115183
000000004.137046	000000003.891744	-00000000.039654
000000003.986497	000000003.685080	-00000000.113717
000000004.214908	000000003.896221	-00000000.040072
000000003.951898	000000003.589651	-00000000.111833
000000004.145121	000000003.765162	-00000000.039095
000000003.886106	000000003.468483	-00000000.109110
000000004.147978	000000003.702212	-00000000.038816
000000003.961327	000000003.473990	-00000000.110367
000000004.112463	000000003.606534	-00000000.038187
000000003.930900	000000003.387080	-00000000.108691
000000004.211958	000000003.629256	-00000000.038816
000000004.036614	000000003.417246	-00000000.110785
000000004.266366	000000003.611745	-00000000.039025
000000004.073968	000000003.388283	-00000000.110995
000000004.451486	000000003.702262	-00000000.040421
000000004.234999	000000003.460139	-00000000.114555
000000004.452649	000000003.637967	-00000000.040142
000000004.288424	000000003.441824	-00000000.115183
000000004.562213	000000003.661563	-00000000.040840
000000004.381107	000000003.453787	-00000000.116859
000000004.586139	000000003.615421	-00000000.040771
000000004.403175	000000003.409302	-00000000.116649
000000004.720302	000000003.654848	-00000000.041678
000000004.369092	000000003.322335	-00000000.114974
000000004.736096	000000003.601411	-00000000.041538
000000004.421951	000000003.302027	-00000000.115602
000000004.663184	000000003.482164	-00000000.040631
000000004.587664	000000003.363814	-00000000.119162
000000004.709522	000000003.453164	-00000000.040771
000000004.681755	000000003.370381	-00000000.120838
000000004.723246	000000003.400250	-00000000.040631
000000004.653836	000000003.289006	-00000000.119372
000000004.736406	000000003.347361	-00000000.040491
000000004.772722	000000003.310955	-00000000.121675
000000004.847599	000000003.362899	-00000000.041189
000000004.859282	000000003.308567	-00000000.123141
000000004.893292	000000003.331724	-00000000.041329
000000005.115037	000000003.450136	000000000.043074
000000005.337831	000000003.600413	000000000.134869
000000004.896282	000000003.271591	-00000000.123351
000000004.938809	000000003.300007	-00000000.041469
000000005.253353	000000003.477118	000000000.043982
000000004.941367	000000003.239702	-00000000.123770
000000005.051045	000000003.311610	-00000000.042167
000000005.275109	000000003.425696	000000000.043912
000000005.693324	000000003.697288	000000000.142199
000000005.070353	000000003.261361	-00000000.126283
000000005.256366	000000003.381008	-00000000.043633
000000005.481911	000000003.492362	000000000.045378
000000005.708508	000000003.636721	000000000.141780
000000005.183175	000000003.270340	-00000000.128377
000000005.361784	000000003.383034	-00000000.044261
000000005.520659	000000003.449691	000000000.045448
000000005.782420	000000003.613257	000000000.142827
000000012.327915	000000007.703336	000000000.304503
000000005.228519	000000003.235506	-00000000.128796
000000005.433618	000000003.362425	-00000000.044610
000000005.610236	000000003.437957	000000000.045937
000000005.256555	000000003.189756	-00000000.128796
000000005.471303	000000003.320068	-00000000.044680
000000005.631452	000000003.383718	000000000.045867
000000009.488610	000000005.701333	000000000.077283
000000011.706337	000000007.033877	000000000.286073
000000005.344336	000000003.179545	-00000000.130262
000000005.491473	000000003.267083	-00000000.044610
000000009.494923	000000005.592937	000000000.076933
000000011.103965	000000006.540735	000000000.269948
000000005.466879	000000003.188190	-00000000.132566
000000005.701175	000000003.324827	-00000000.046076
000000007.973007	000000004.649720	-00000000.064437
000000008.279001	000000004.779884	000000000.066741
000000009.456767	000000005.459867	000000000.076235
000000009.454924	000000005.458803	000000000.228691
000000011.532928	000000006.658539	000000000.278953
000000005.485813	000000003.135401	-00000000.132356
000000005.808109	000000003.319607	-00000000.046705
000000007.995916	000000004.570043	-00000000.064297
000000011.668910	000000006.601952	000000000.280838
000000005.704873	000000003.194882	-00000000.136963
000000005.845581	000000003.273682	-00000000.046774
000000008.157640	000000004.568498	-00000000.065275
000000009.148299	000000005.070985	000000000.073024
000000010.810036	000000005.992101	000000000.086288
000000011.883475	000000006.587118	000000000.284607
000000005.758832	000000003.159403	-00000000.137592
000000005.970364	000000003.275454	-00000000.047542
000000007.504599	000000004.117164	-00000000.059760
000000009.069171	000000004.924158	000000000.072047
000000012.283169	000000006.669216	000000000.292775
000000005.935901	000000003.189475	-00000000.141152
000000006.122041	000000003.289491	-00000000.048520
000000009.102968	000000004.840134	000000000.071977
000000009.683811	000000005.148973	000000000.229738
000000012.641036	000000006.721358	000000000.299895
000000006.299730	000000003.314448	-00000000.149110
000000006.619546	000000003.482712	-00000000.052220
000000009.162599	000000004.769747	000000000.072116
000000009.684034	000000005.041189	000000000.228691
000000012.779023	000000006.652338	000000000.301780
000000006.381743	000000003.286814	-00000000.150367
000000006.898605	000000003.553015	-00000000.054175
000000009.070226	000000004.621511	000000000.071069
000000012.480264	000000006.359012	000000000.293403
000000006.544100	000000003.298498	-00000000.153508
000000007.643714	000000003.852749	-00000000.059760
000000009.396582	000000004.684963	000000000.073303
000000012.687387	000000006.325697	000000000.296964
000000006.653337	000000003.281062	-00000000.155393
000000007.677044	000000003.785899	-00000000.059760
000000009.446095	000000004.607169	000000000.073373
000000012.867908	000000006.276098	000000000.299895
000000006.780770	000000003.270655	-00000000.157696
000000008.043039	000000003.879502	-00000000.062343
000000009.269325	000000004.421241	000000000.071698
000000009.989428	000000004.764712	000000000.231833
000000013.138760	000000006.266867	000000000.304922
000000007.197884	000000003.394742	-00000000.166702
000000008.031366	000000003.787838	-00000000.061994
000000009.099109	000000004.242984	000000000.070092
000000010.121238	000000004.719611	000000000.233927
000000013.618818	000000006.350559	000000000.314765
000000007.263552	000000003.348543	-00000000.167539
000000008.136765	000000003.751100	-00000000.062552
000000008.981099	000000004.092923	000000000.068905
000000011.026312	000000005.024980	000000000.253822
000000013.737402	000000006.260495	000000000.316231
000000007.256034	000000003.268605	-00000000.166702
000000007.804493	000000003.515668	-00000000.059760
000000009.190043	000000004.091671	000000000.070231
000000009.827594	000000004.375526	000000000.225340
000000013.736711	000000006.115977	000000000.314974
000000007.403246	000000003.257506	-00000000.169424
000000007.853181	000000003.455482	-00000000.059899
000000009.252911	000000004.023280	000000000.070441
000000013.817064	000000006.007831	000000000.315602
000000007.422205	000000003.188831	-00000000.169215
000000007.864662	000000003.378925	-00000000.059760
000000009.370511	000000003.977546	000000000.071069
000000009.985288	000000004.238503	000000000.227225
000000014.237087	000000006.043285	000000000.323979
000000007.578830	000000003.178067	-00000000.172147
000000007.930736	000000003.325633	-00000000.060039
000000009.552682	000000003.956850	000000000.072186
000000010.105025	000000004.185638	000000000.229110
000000014.483254	000000005.999160	000000000.328377
000000015.914952	000000006.592189	000000000.360838
000000007.735821	000000003.164808	-00000000.175079
000000007.913178	000000003.237367	-00000000.059690
000000009.698107	000000003.918289	000000000.073024
000000009.974311	000000004.029883	000000000.225340
000000015.740129	000000006.359425	000000000.355602
000000008.088157	000000003.226847	-00000000.182408
000000008.879204	000000003.542443	-00000000.066741
000000009.545852	000000003.760211	000000000.071628
000000009.999795	000000003.939024	000000000.225131
000000008.143962	000000003.167014	-00000000.183037
000000008.639503	000000003.359719	-00000000.064716
000000009.727671	000000003.734103	000000000.072745
000000009.912450	000000003.805033	000000000.222409
000000008.348927	000000003.163125	-00000000.187016
000000009.220208	000000003.493224	-00000000.068835
000000009.750520	000000003.645570	000000000.072675
000000010.038924	000000003.753400	000000000.224503
000000008.910863	000000003.287391	-00000000.198953
000000009.325395	000000003.440320	-00000000.069394
000000009.913516	000000003.608225	000000000.073652
000000010.127665	000000003.686168	000000000.225759
000000016.835598	000000006.127657	000000000.375288
000000009.136815	000000003.280452	-00000000.203351
000000009.627995	000000003.456804	-00000000.071418
000000009.972904	000000003.531590	000000000.073862
000000010.366782	000000003.671070	000000000.230367
000000015.060107	000000005.333064	000000000.334660
000000016.624548	000000005.887062	000000000.369424
000000009.250044	000000003.230260	-00000000.205236
000000009.742761	000000003.402324	-00000000.072047
000000010.060073	000000003.463961	000000000.074281
000000010.559126	000000003.635799	000000000.233927
000000013.612481	000000004.687153	000000000.301571
000000009.353618	000000003.175125	-00000000.206911
000000009.686859	000000003.288245	-00000000.071418
000000010.194231	000000003.410942	000000000.075049
000000011.967553	000000004.004287	000000000.088104
000000014.638906	000000004.898109	000000000.323351
000000009.248040	000000003.049546	-00000000.203979
000000009.848140	000000003.247430	-00000000.072396
000000010.195078	000000003.312582	000000000.074839
000000012.068613	000000003.921330	000000000.088592
000000012.284955	000000003.991624	000000000.270576
000000014.624042	000000004.751639	000000000.322094
000000019.397297	000000006.302564	000000000.427225
000000009.664697	000000003.093694	-00000000.212566
000000009.914199	000000003.173560	-00000000.072675
000000010.500168	000000003.310690	000000000.076864
000000012.350333	000000003.894045	000000000.090407
000000014.769835	000000004.656911	000000000.324398
000000019.422955	000000006.124034	000000000.426597
000000009.108892	000000002.828386	-00000000.199791
000000010.342614	000000003.211467	-00000000.075607
000000011.341497	000000003.467444	000000000.082798
000000014.771667	000000004.516152	000000000.323560
000000016.875076	000000005.159229	000000000.369634
000000019.590387	000000005.989382	000000000.429110
000000009.353421	000000002.815060	-00000000.204607
000000010.504302	000000003.161436	-00000000.076584
000000012.176714	000000003.606907	000000000.088662
000000014.791344	000000004.381396	000000000.323142
000000016.814011	000000004.980537	000000000.367330
000000022.048018	000000006.530921	000000000.481676
000000009.003293	000000002.624221	-00000000.196440
000000010.915501	000000003.181578	-00000000.079377
000000012.313462	000000003.530829	000000000.089430
000000014.857846	000000004.260419	000000000.323770
000000022.402096	000000006.423697	000000000.488168
000000009.295279	000000002.621540	-00000000.202304
000000011.231579	000000003.167633	-00000000.081471
000000012.411258	000000003.441947	000000000.089919
000000014.010845	000000003.885551	000000000.101508
000000015.029339	000000004.168005	000000000.326702
000000022.611446	000000006.270709	000000000.491519
000000009.009137	000000002.456173	-00000000.195602
000000011.789414	000000003.214163	-00000000.085311
000000013.039680	000000003.493972	000000000.094247
000000014.949252	000000004.005640	000000000.324189
000000018.445137	000000004.942359	000000000.400000
000000009.349283	000000002.461461	-00000000.202513
000000012.010418	000000003.162079	-00000000.086707
000000013.437562	000000003.475190	000000000.096900
000000014.790051	000000003.824967	000000000.320000
000000009.021562	000000002.291185	-00000000.194974
000000012.434930	000000003.158070	-00000000.089570
000000013.515890	000000003.369890	000000000.097249
000000014.900474	000000003.715105	000000000.321676
000000009.216014	000000002.255144	-00000000.198744
000000012.763124	000000003.123116	-00000000.091734
000000014.021233	000000003.366200	000000000.100670
000000014.708731	000000003.531254	000000000.316859
000000009.069904	000000002.135679	-00000000.195183
000000013.276570	000000003.126217	-00000000.095224
000000014.118278	000000003.259461	000000000.101158
000000014.933817	000000003.447743	000000000.321047
000000018.635611	000000004.302370	000000000.400628
000000027.714750	000000006.398454	000000000.595812
000000009.351481	000000002.116024	-00000000.200838
000000013.703226	000000003.100724	-00000000.098087
000000014.400015	000000003.192406	000000000.102974
000000015.187835	000000003.367062	000000000.325864
000000022.410839	000000004.968363	000000000.480838
000000026.627514	000000005.903178	000000000.571309
000000009.086256	000000001.972820	-00000000.194765
000000013.759079	000000002.987389	-00000000.098296
000000014.906606	000000003.168497	000000000.106394
000000017.143167	000000003.643893	000000000.367121
000000019.431532	000000004.130300	000000000.416126
000000022.688047	000000004.822494	000000000.485864
000000009.338045	000000001.942316	-00000000.199791
000000014.616793	000000003.040297	-00000000.104230
000000015.237458	000000003.100096	000000000.108559
000000019.065151	000000003.878849	000000000.407539
000000009.099691	000000001.810041	-00000000.194346
000000013.573738	000000002.699984	-00000000.096621
000000015.960869	000000003.102479	000000000.113515
000000019.019762	000000003.697067	000000000.405864
000000025.153585	000000004.889362	000000000.536754
000000009.380343	000000001.780914	-00000000.200000
000000013.704849	000000002.601947	-00000000.097389
000000015.944781	000000003.027211	-00000000.113306
000000016.832914	000000003.119796	000000000.119519
000000020.516029	000000003.802422	000000000.437068
000000022.246178	000000004.123085	000000000.473927
000000024.929876	000000004.620480	000000000.531100
000000009.080703	000000001.642059	-00000000.193299
000000013.540071	000000002.448444	-00000000.096062
000000016.738125	000000003.026746	-00000000.118751
000000017.076151	000000003.010986	000000000.121055
000000019.016174	000000003.353065	000000000.134808
000000022.468384	000000003.961782	000000000.477906
000000025.422159	000000004.482613	000000000.540733
000000009.321316	000000001.601695	-00000000.198115
000000013.698895	000000002.353901	-00000000.097040
000000017.512905	000000003.009267	-00000000.124057
000000017.910509	000000002.997191	000000000.126780
000000021.368122	000000003.575797	000000000.453822
000000024.602430	000000004.117035	000000000.522513
000000026.347771	000000004.409105	000000000.559581
000000009.058640	000000001.475293	-00000000.192251
000000013.541261	000000002.205334	-00000000.095783
000000018.367556	000000002.991346	-00000000.129921
000000019.229822	000000003.045705	000000000.135925
000000021.175522	000000003.353873	000000000.149678
000000021.309639	000000003.375115	000000000.451937
000000022.869844	000000003.622228	000000000.485026
000000025.210154	000000003.992896	000000000.534660
000000009.308324	000000001.432688	-00000000.197278
000000014.152991	000000002.178354	-00000000.099972
000000019.420830	000000002.989152	-00000000.137182
000000020.205103	000000003.019673	000000000.142627
000000021.318504	000000003.186072	000000000.451519
000000022.781929	000000003.404782	000000000.482513
000000024.986950	000000003.734325	000000000.529215
000000009.003853	000000001.305497	-00000000.190576
000000013.379761	000000001.939973	-00000000.094387
000000021.607122	000000003.036683	000000000.152331
000000025.048286	000000003.520307	000000000.529843
000000026.820478	000000003.769372	000000000.567330
000000034.245861	000000004.812942	000000000.724398
000000009.282377	000000001.263276	-00000000.196230
000000013.693433	000000001.863594	-00000000.096481
000000023.119930	000000003.043797	000000000.162803
000000025.504282	000000003.357702	000000000.538848
000000035.495853	000000004.673118	000000000.749948
000000009.025266	000000001.148159	-00000000.190576
000000013.451260	000000001.711216	-00000000.094666
000000024.465666	000000003.004006	000000000.172088
000000027.427958	000000003.367730	000000000.578848
000000061.117512	000000007.504287	000000001.289844
000000009.273226	000000001.097558	-00000000.195602
000000013.674220	000000001.618451	-00000000.096132
000000025.891851	000000002.950004	000000000.181932
000000027.823845	000000003.170127	000000000.586597
000000029.244341	000000003.331972	000000000.616545
000000061.071400	000000006.958207	000000001.287540
000000009.043929	000000000.990471	-00000000.190576
000000013.280269	000000001.454426	-00000000.093270
000000028.154228	000000002.959129	000000000.197639
000000032.821964	000000003.449728	000000000.691309
000000061.487747	000000006.462623	000000001.295079
000000009.300916	000000000.936553	-00000000.195812
000000013.779979	000000001.387571	-00000000.096690
000000030.727133	000000002.958686	000000000.215512
000000035.856258	000000003.452565	000000000.754555
000000009.059837	000000000.832482	-00000000.190576
000000013.303629	000000001.222432	-00000000.093270
000000033.401592	000000002.922261	000000000.234082
000000037.857056	000000003.312063	000000000.796021
000000009.256063	000000000.769120	-00000000.194555
000000013.772200	000000001.144382	-00000000.096481
000000035.908089	000000002.826028	000000000.251465
000000062.831886	000000004.944977	000000001.320210
000000009.033106	000000000.671276	-00000000.189738
000000013.322937	000000000.990065	-00000000.093270
000000063.241665	000000004.422288	000000001.327959
000000009.238148	000000000.605500	-00000000.193927
000000061.062473	000000003.734741	000000001.281467
000000008.923663	000000000.506722	-00000000.187225
000000013.338187	000000000.757397	-00000000.093270
000000065.186226	000000003.416265	000000001.367331
000000009.297239	000000000.446578	-00000000.194974
000000008.951129	000000000.351691	-00000000.187644
000000013.149533	000000000.516647	-00000000.091873
000000088.676483	000000003.096651	000000001.858640
000000009.243658	000000000.282419	-00000000.193717
000000008.955903	000000000.195419	-00000000.187644
000000013.196537	000000000.287949	-00000000.092153
000000009.087228	000000000.118958	-00000000.190367
000000008.957950	000000000.039087	-00000000.187644
000000013.159554	000000000.057420	-00000000.091873
000000009.097918	-00000000.039697	-00000000.190576
000000013.519543	-00000000.058991	-00000000.094387
000000217.843903	-00000001.901095	000000004.563353
000000008.937273	-00000000.116995	-00000000.187225
000000013.118556	-00000000.171731	-00000000.091594
000000009.165807	-00000000.199999	-00000000.192042
000000008.953856	-00000000.273565	-00000000.187644
000000012.993620	-00000000.396991	-00000000.090756
000000009.120960	-00000000.358364	-00000000.191204
000000013.339383	-00000000.524106	-00000000.093200
000000008.927746	-00000000.428830	-00000000.187225
000000013.224430	-00000000.635215	-00000000.092432
000000073.213448	-00000003.836954	000000001.535708
000000009.163226	-00000000.520326	-00000000.192251
000000066.541031	-00000004.069824	000000001.396441
000000008.998713	-00000000.589807	-00000000.188901
000000013.251244	-00000000.868532	-00000000.092711
000000039.672157	-00000002.774147	000000000.277645
000000039.774132	-00000002.781278	000000000.835184
000000009.152749	-00000000.680167	-00000000.192251
000000039.785999	-00000003.131226	000000000.278622
000000039.788212	-00000003.131400	000000000.836021
000000008.997012	-00000000.747594	-00000000.189110
000000013.154344	-00000001.093042	-00000000.092153
000000035.523438	-00000003.107898	000000000.248952
000000039.121944	-00000003.422727	000000000.822618
000000044.480297	-00000003.891522	000000000.935288
000000009.258955	-00000000.850778	-00000000.194765
000000031.881762	-00000003.069865	000000000.223610
000000034.101440	-00000003.283595	000000000.239178
000000035.537800	-00000003.421901	000000000.747854
000000040.155426	-00000003.866528	000000000.845027
000000044.365032	-00000004.271867	000000000.933613
000000009.052228	-00000000.911511	-00000000.190576
000000013.292455	-00000001.338480	-00000000.093270
000000027.875771	-00000002.929862	000000000.195685
000000030.421684	-00000003.197448	000000000.213557
000000031.698404	-00000003.331636	000000000.667644
000000038.240921	-00000004.019283	000000000.805445
000000009.322204	-00000001.020947	-00000000.196440
000000026.925142	-00000003.067732	000000000.189192
000000041.184452	-00000004.692376	000000000.868273
000000009.034942	-00000001.069356	-00000000.190576
000000013.346515	-00000001.579664	-00000000.093828
000000024.296938	-00000002.983289	000000000.170901
000000025.765869	-00000003.163651	000000000.181234
000000029.888935	-00000003.669900	000000000.630786
000000033.530781	-00000004.117062	000000000.707644
000000009.342637	-00000001.188534	-00000000.197278
000000022.911734	-00000003.016387	000000000.161337
000000026.609732	-00000003.503238	000000000.187377
000000027.992262	-00000003.685251	000000000.591414
000000009.064434	-00000001.233615	-00000000.191623
000000013.237645	-00000001.801564	-00000000.093270
000000022.003220	-00000003.092351	000000000.155124
000000025.964195	-00000003.649030	000000000.183049
000000026.731375	-00000003.756850	000000000.565445
000000033.325111	-00000004.683539	000000000.704922
000000009.330366	-00000001.352839	-00000000.197487
000000013.300591	-00000001.928494	-00000000.093828
000000018.199245	-00000002.638765	-00000000.128385
000000020.927065	-00000003.127571	000000000.147723
000000025.777988	-00000003.852546	000000000.545969
000000030.761536	-00000004.597342	000000000.651519
000000009.071169	-00000001.396186	-00000000.192251
000000013.204187	-00000002.032319	-00000000.093270
000000018.857477	-00000002.902443	-00000000.133202
000000018.577965	-00000002.942461	000000000.131317
000000021.254536	-00000003.366388	000000000.150237
000000022.834799	-00000003.616677	000000000.161407
000000025.654514	-00000004.063276	000000000.544084
000000009.265863	-00000001.509042	-00000000.196649
000000013.659697	-00000002.224623	-00000000.096621
000000017.666803	-00000002.877222	-00000000.124965
000000018.305014	-00000003.063209	000000000.129572
000000025.154629	-00000004.209441	000000000.534241
000000009.055273	-00000001.555981	-00000000.192461
000000013.166708	-00000002.262454	-00000000.093270
000000017.059559	-00000002.931368	-00000000.120846
000000017.420826	-00000003.071762	000000000.123498
000000019.390392	-00000003.419050	000000000.137461
000000024.870789	-00000004.385391	000000000.529006
000000009.247953	-00000001.672302	-00000000.196859
000000013.441669	-00000002.430650	-00000000.095364
000000016.187077	-00000002.927100	-00000000.114842
000000016.577274	-00000003.072416	000000000.117704
000000024.934738	-00000004.621380	000000000.177045
000000024.752930	-00000004.587684	000000000.527330
000000009.026738	-00000001.713780	-00000000.192461
000000012.928732	-00000002.454597	-00000000.091873
000000016.333878	-00000003.174984	000000000.116168
000000025.207573	-00000004.899856	000000000.179279
000000024.957304	-00000004.851209	000000000.532566
000000009.178137	-00000001.825645	-00000000.196021
000000013.299125	-00000002.645360	-00000000.094666
000000016.119370	-00000003.279523	000000000.114842
000000024.727875	-00000005.030943	000000000.528587
000000008.956301	-00000001.862913	-00000000.191623
000000013.001407	-00000002.704297	-00000000.092711
000000015.640199	-00000003.324427	000000000.111630
000000013.984443	-00000002.972485	000000000.299477
000000024.780825	-00000005.267327	000000000.530681
000000009.105796	-00000001.977062	-00000000.195183
000000012.781871	-00000002.775216	-00000000.091315
000000014.419541	-00000003.196735	000000000.103113
000000016.027266	-00000003.553159	000000000.343875
000000008.971181	-00000002.029971	-00000000.192670
000000012.484077	-00000002.824858	-00000000.089360
000000013.787000	-00000003.182980	000000000.098785
000000016.209961	-00000003.742364	000000000.348482
000000009.118564	-00000002.147137	-00000000.196230
000000012.040408	-00000002.835140	-00000000.086358
000000012.018199	-00000002.885314	000000000.086288
000000013.505889	-00000003.242477	000000000.096970
000000016.072884	-00000003.858758	000000000.115400
000000015.982256	-00000003.837000	000000000.344293
000000008.885830	-00000002.174349	-00000000.191623
000000011.966642	-00000002.928219	-00000000.086009
000000011.973158	-00000002.985244	000000000.086149
000000013.671134	-00000003.408597	000000000.098366
000000016.300570	-00000004.064188	000000000.117285
000000015.977265	-00000003.983580	000000000.344922
000000009.070011	-00000002.303489	-00000000.196021
000000011.233112	-00000002.852847	-00000000.080913
000000011.820795	-00000003.057065	000000000.085241
000000013.408519	-00000003.467679	000000000.096690
000000016.603327	-00000004.293912	000000000.119729
000000016.329069	-00000004.222984	000000000.353299
000000008.894871	-00000002.341824	-00000000.192670
000000011.004715	-00000002.897300	-00000000.079447
000000011.996507	-00000003.214454	000000000.086707
000000016.594202	-00000004.446403	000000000.119938
000000018.767481	-00000005.028731	000000000.135646
000000015.982566	-00000004.282516	000000000.346597
000000008.941617	-00000002.437765	-00000000.194136
000000010.853593	-00000002.959029	-00000000.078539
000000011.544011	-00000003.201438	000000000.083635
000000018.732519	-00000005.194988	000000000.135716
000000016.744223	-00000004.643584	000000000.363979
000000018.478378	-00000005.124508	000000000.401676
000000008.843023	-00000002.493990	-00000000.192461
000000010.529003	-00000002.969486	-00000000.076375
000000011.275325	-00000003.233147	000000000.081890
000000018.590349	-00000005.330697	000000000.135018
000000018.163860	-00000005.208404	000000000.395812
000000009.032087	-00000002.632613	-00000000.197068
000000010.253083	-00000002.988501	-00000000.074560
000000010.642640	-00000003.152494	000000000.077492
000000018.591061	-00000005.506923	000000000.135367
000000018.194407	-00000005.389429	000000000.397487
000000008.807724	-00000002.650824	-00000000.192670
000000009.652084	-00000002.904948	-00000000.070371
000000010.528659	-00000003.218934	000000000.076864
000000011.004654	-00000003.364460	000000000.241047
000000018.051073	-00000005.518767	000000000.395393
000000019.819849	-00000006.059536	000000000.434136
000000009.166182	-00000002.846175	-00000000.201047
000000009.483117	-00000002.944586	-00000000.069324
000000010.099616	-00000003.184397	000000000.073932
000000010.574402	-00000003.334096	000000000.232251
000000014.216801	-00000004.482540	000000000.312251
000000019.756681	-00000006.229258	000000000.433927
000000008.426855	-00000002.697458	-00000000.185340
000000008.799923	-00000002.816877	-00000000.064507
000000009.453271	-00000003.071554	000000000.069394
000000009.670123	-00000003.142014	000000000.212984
000000014.167634	-00000004.603343	000000000.312042
000000008.355519	-00000002.755237	-00000000.184293
000000008.708529	-00000002.871642	-00000000.064018
000000009.312311	-00000003.115856	000000000.068556
000000009.926771	-00000003.321451	000000000.219267
000000013.927819	-00000004.660183	000000000.307644
000000008.227017	-00000002.792696	-00000000.181990
000000008.550570	-00000002.902528	-00000000.063041
000000009.511685	-00000003.275136	000000000.070231
000000009.831236	-00000003.385166	000000000.217801
000000013.744825	-00000004.732723	000000000.304503
000000008.060752	-00000002.814941	-00000000.178848
000000008.458832	-00000002.953956	-00000000.062552
000000009.190531	-00000003.254538	000000000.068067
000000009.169889	-00000003.247228	000000000.203770
000000013.495666	-00000004.779066	000000000.299895
000000007.875916	-00000002.827743	-00000000.175288
000000008.178620	-00000002.936424	-00000000.060667
000000009.152383	-00000003.331195	000000000.067997
000000009.159994	-00000003.333965	000000000.204189
000000013.669529	-00000004.975302	000000000.304712
000000007.532024	-00000002.778710	-00000000.168168
000000008.040104	-00000002.966151	-00000000.059829
000000008.738938	-00000003.267355	000000000.065135
000000013.485121	-00000005.041880	000000000.301571
000000007.320503	-00000002.773490	-00000000.163979
000000007.321930	-00000002.774031	-00000000.054663
000000007.683179	-00000002.949296	000000000.057456
000000013.449944	-00000005.162950	000000000.301780
000000007.156250	-00000002.782914	-00000000.160838
000000007.269485	-00000002.826948	-00000000.054454
000000008.457290	-00000003.331415	000000000.063460
000000013.434902	-00000005.292149	000000000.100809
000000013.813671	-00000005.441350	000000000.310995
000000006.983116	-00000002.785981	-00000000.157487
000000007.346704	-00000002.931038	-00000000.055222
000000008.288821	-00000003.348901	000000000.062412
000000008.685807	-00000003.509294	000000000.196230
000000013.487567	-00000005.449331	000000000.304712
000000006.782724	-00000002.774886	-00000000.153508
000000007.219040	-00000002.953387	-00000000.054454
000000008.019079	-00000003.321611	000000000.060597
000000008.202251	-00000003.397484	000000000.185969
000000013.467209	-00000005.578301	000000000.305340
000000006.629171	-00000002.779842	-00000000.150576
000000006.999335	-00000002.935065	-00000000.052988
000000008.137065	-00000003.453979	000000000.061714
000000015.988780	-00000006.786835	000000000.121264
000000008.227509	-00000003.492370	000000000.187225
000000013.316784	-00000005.652639	000000000.303037
000000015.589932	-00000006.617534	000000000.354765
000000006.512801	-00000002.798120	-00000000.148482
000000006.945892	-00000002.984191	-00000000.052778
000000007.932376	-00000003.449095	000000000.060388
000000008.251731	-00000003.587955	000000000.188482
000000013.542007	-00000005.888232	000000000.309320
000000015.522422	-00000006.749341	000000000.354555
000000006.396624	-00000002.814582	-00000000.146388
000000006.727376	-00000002.960116	-00000000.051312
000000007.956787	-00000003.542590	000000000.060807
000000015.694328	-00000006.987566	000000000.119938
000000009.352654	-00000004.164070	000000000.214450
000000015.042793	-00000006.697483	000000000.344922
000000006.326241	-00000002.849764	-00000000.145340
000000006.746875	-00000003.039245	-00000000.051661
000000007.843675	-00000003.574569	000000000.060178
000000015.787444	-00000007.194753	000000000.121125
000000009.252276	-00000004.216506	000000000.212984
000000015.211215	-00000006.932150	000000000.350157
000000006.201258	-00000002.858819	-00000000.143037
000000006.574796	-00000003.031023	-00000000.050544
000000007.359040	-00000003.431577	000000000.056688
000000008.707707	-00000004.060471	000000000.201257
000000014.053751	-00000006.553372	000000000.324817
000000015.938457	-00000007.432225	000000000.368377
000000006.185117	-00000002.917090	-00000000.143246
000000006.502874	-00000003.066955	-00000000.050195
000000007.364916	-00000003.512885	000000000.056967
000000006.984478	-00000003.331425	000000000.162094
000000009.023873	-00000004.304167	000000000.209424
000000006.060370	-00000002.923175	-00000000.140942
000000006.331755	-00000003.054076	-00000000.049078
000000006.938521	-00000003.384143	000000000.053895
000000009.095574	-00000004.436208	000000000.070650
000000007.036014	-00000003.431693	000000000.163979
000000008.824222	-00000004.303860	000000000.205655
000000005.980829	-00000002.949419	-00000000.139686
000000006.322799	-00000003.118059	-00000000.049218
000000006.837132	-00000003.408868	000000000.053337
000000006.961062	-00000003.470658	000000000.162932
000000008.661065	-00000004.318248	000000000.202723
000000005.910224	-00000002.978998	-00000000.138639
000000006.277489	-00000003.164115	-00000000.049078
000000006.673476	-00000003.400306	000000000.052290
000000008.241610	-00000004.199310	000000000.064577
000000008.631959	-00000004.398203	000000000.202932
000000005.688462	-00000002.929750	-00000000.134031
000000006.134069	-00000003.159253	-00000000.048171
000000006.563720	-00000003.416857	000000000.051661
000000008.515097	-00000004.432679	000000000.067020
000000006.917167	-00000003.600849	000000000.163351
000000008.655327	-00000004.505678	000000000.204398
000000005.680375	-00000002.988590	-00000000.134450
000000006.079717	-00000003.198694	-00000000.047961
000000006.613116	-00000003.516256	000000000.052290
000000006.585344	-00000003.501490	000000000.156230
000000005.645271	-00000003.033314	-00000000.134241
000000005.875398	-00000003.156965	-00000000.046565
000000006.406421	-00000003.478403	000000000.050893
000000006.457889	-00000003.506348	000000000.153927
000000005.487106	-00000003.010329	-00000000.131100
000000005.803790	-00000003.184068	-00000000.046216
000000006.349585	-00000003.519632	000000000.050684
000000006.488255	-00000003.596498	000000000.155393
000000005.582750	-00000003.126490	-00000000.134031
000000005.836856	-00000003.268796	-00000000.046705
000000006.396958	-00000003.619225	000000000.051312
000000006.421816	-00000003.633289	000000000.154555
000000005.459773	-00000003.120517	-00000000.131728
000000005.764699	-00000003.294797	-00000000.046356
000000006.252551	-00000003.609912	000000000.050405
000000006.554375	-00000003.784170	000000000.158534
000000005.397788	-00000003.147897	-00000000.130890
000000005.917129	-00000003.450768	-00000000.047822
000000005.919248	-00000003.486704	000000000.047961
000000007.246125	-00000004.268293	000000000.058712
000000010.787334	-00000006.354226	000000000.087405
000000008.433499	-00000004.967711	000000000.205026
000000010.707702	-00000006.307318	000000000.260314
000000005.129531	-00000003.051750	-00000000.125026
000000005.568818	-00000003.313098	-00000000.045239
000000005.674309	-00000003.409469	000000000.046216
000000007.174315	-00000004.310763	000000000.058433
000000011.142903	-00000006.695332	000000000.090756
000000008.269850	-00000004.969027	000000000.202094
000000008.346978	-00000005.015370	000000000.203979
000000010.763660	-00000006.467460	000000000.263037
000000005.017232	-00000003.044531	-00000000.122932
000000005.437107	-00000003.299318	-00000000.044401
000000010.964685	-00000006.719168	000000000.089779
000000013.028024	-00000007.983583	000000000.106674
000000010.971072	-00000006.723082	000000000.269529
000000012.889091	-00000007.898446	000000000.316649
000000004.896955	-00000003.030328	-00000000.120628
000000005.101989	-00000003.157207	-00000000.041888
000000005.401935	-00000003.375503	000000000.044471
000000011.049797	-00000006.904680	000000000.090966
000000005.951992	-00000003.719217	000000000.147016
000000010.700020	-00000006.686114	000000000.264293
000000004.861868	-00000003.067611	-00000000.120419
000000005.184186	-00000003.270977	-00000000.042795
000000006.985542	-00000004.407548	-00000000.057665
000000007.050581	-00000004.491715	000000000.058363
000000010.879484	-00000006.930996	000000000.090058
000000010.674994	-00000006.800721	000000000.265131
000000004.666743	-00000003.001750	-00000000.116230
000000005.483441	-00000003.527068	-00000000.045518
000000011.045022	-00000007.172721	000000000.091943
000000010.665550	-00000006.926289	000000000.266388
000000004.581843	-00000003.003988	-00000000.114764
000000004.749990	-00000003.114229	-00000000.039654
000000010.840252	-00000007.175006	000000000.090756
000000028.384783	-00000018.787477	000000000.237642
000000010.688071	-00000007.074280	000000000.268482
000000004.829779	-00000003.227155	-00000000.121675
000000005.321276	-00000003.555563	-00000000.044680
000000028.743204	-00000019.205595	-00000000.241342
000000028.518198	-00000019.235767	000000000.240155
000000010.609354	-00000007.156099	000000000.268063
000000004.586567	-00000003.122882	-00000000.116230
000000004.951152	-00000003.371119	-00000000.041818
000000028.500120	-00000019.405041	-00000000.240714
000000028.415178	-00000019.529211	000000000.240714
000000010.530023	-00000007.237084	000000000.267644
000000028.401400	-00000019.519741	000000000.721885
000000004.518067	-00000003.134295	-00000000.115183
000000005.094087	-00000003.533894	-00000000.043284
000000012.893139	-00000009.027873	000000000.109885
000000028.948128	-00000020.269697	000000000.246718
000000005.577202	-00000003.905199	000000000.142618
000000028.434723	-00000019.910208	000000000.727121
000000004.637506	-00000003.277466	-00000000.118953
000000005.152883	-00000003.641697	-00000000.044052
000000005.495146	-00000003.919649	000000000.047124
000000028.591040	-00000020.393789	000000000.245182
000000005.616165	-00000004.005972	000000000.144503
000000028.544769	-00000020.360786	000000000.734451
000000004.608729	-00000003.317810	-00000000.118953
000000005.064098	-00000003.645629	-00000000.043563
000000005.436461	-00000003.949821	000000000.046914
000000027.975128	-00000020.325119	000000000.241412
000000005.653789	-00000004.107718	000000000.146388
000000028.107174	-00000020.421059	000000000.727749
000000004.700541	-00000003.446579	-00000000.122094
000000005.088542	-00000003.731073	-00000000.044052
000000005.369633	-00000003.973319	000000000.046635
000000027.507313	-00000020.354340	000000000.238899
000000028.064524	-00000020.766655	000000000.731309
000000004.421951	-00000003.302027	-00000000.115602
000000004.518961	-00000003.374468	-00000000.039374
000000005.710105	-00000004.302873	000000000.049916
000000026.897388	-00000020.268637	000000000.235129
000000027.738514	-00000020.902470	000000000.727540
000000004.122386	-00000003.134735	-00000000.108482
000000004.553020	-00000003.462197	-00000000.039933
000000005.402605	-00000004.145564	000000000.047542
000000026.433889	-00000020.283436	000000000.232616
000000027.531254	-00000021.125475	000000000.726911
000000004.134399	-00000003.201194	-00000000.109529
000000004.332873	-00000003.354869	-00000000.038257
000000025.135410	-00000019.461914	-00000000.221934
000000025.885521	-00000020.223986	000000000.229334
000000027.014963	-00000021.106403	000000000.718116
000000004.302593	-00000003.391891	-00000000.114764
000000004.586139	-00000003.615421	-00000000.040771
000000024.752586	-00000019.513367	-00000000.220049
000000025.301107	-00000020.125408	000000000.225704
000000022.784552	-00000018.123652	000000000.609843
000000004.085698	-00000003.279119	-00000000.109738
000000004.180079	-00000003.354868	-00000000.037420
000000009.514359	-00000007.636080	-00000000.085171
000000024.495575	-00000019.659777	-00000000.219281
000000005.976107	-00000004.839356	000000000.053686
000000025.031261	-00000020.269915	000000000.224866
000000006.037100	-00000004.888747	000000000.162723
000000008.663277	-00000007.015383	000000000.233508
000000022.400204	-00000018.139328	000000000.603770
000000004.219514	-00000003.447488	-00000000.114136
000000004.894042	-00000003.998600	-00000000.044122
000000007.503682	-00000006.130765	-00000000.067648
000000023.966869	-00000019.581753	-00000000.216070
000000005.933649	-00000004.891322	000000000.053686
000000024.544779	-00000020.233154	000000000.222074
000000022.117624	-00000018.232363	000000000.600419
000000003.558957	-00000002.959953	-00000000.096963
000000004.366915	-00000003.631925	-00000000.039654
000000023.918087	-00000019.892464	-00000000.217187
000000022.643721	-00000019.000338	000000000.206366
000000024.145132	-00000020.260172	000000000.220049
000000008.531864	-00000007.159084	000000000.233299
000000021.773867	-00000018.270445	000000000.595393
000000003.784803	-00000003.204072	-00000000.103874
000000004.029769	-00000003.411452	-00000000.036861
000000004.455871	-00000003.805673	000000000.040910
000000008.729247	-00000007.455482	000000000.080145
000000021.929573	-00000018.729626	000000000.201340
000000008.727546	-00000007.454028	000000000.240419
000000020.146339	-00000017.206598	000000000.554974
000000003.680959	-00000003.171717	-00000000.101780
000000003.871063	-00000003.335521	-00000000.035674
000000022.309746	-00000019.223307	-00000000.205598
000000004.407397	-00000003.831291	000000000.040771
000000008.120478	-00000007.059023	000000000.075118
000000020.006863	-00000017.391701	000000000.185073
000000008.360348	-00000007.267540	000000000.232042
000000020.236872	-00000017.591644	000000000.561676
000000021.338507	-00000018.549280	000000000.592252
000000003.600523	-00000003.157574	-00000000.100314
000000003.879399	-00000003.402141	-00000000.036023
000000008.021935	-00000007.035048	-00000000.074490
000000008.238312	-00000007.288643	000000000.076794
000000019.929226	-00000017.631889	000000000.185771
000000008.596126	-00000007.605209	000000000.240419
000000019.580896	-00000017.323713	000000000.547644
000000003.259556	-00000002.909265	-00000000.091518
000000003.342256	-00000002.983077	-00000000.031276
000000003.871690	-00000003.486085	000000000.036372
000000019.878639	-00000017.898808	000000000.186749
000000019.421545	-00000017.487238	000000000.547435
000000003.374654	-00000003.065320	-00000000.095497
000000003.626981	-00000003.294517	-00000000.034208
000000021.872911	-00000019.867954	-00000000.206296
000000004.445674	-00000004.073710	000000000.042097
000000019.670080	-00000018.024307	000000000.186260
000000022.619118	-00000020.726603	000000000.214185
000000019.157635	-00000017.554739	000000000.544293
000000003.267018	-00000003.020001	-00000000.093194
000000003.612779	-00000003.339618	-00000000.034348
000000021.434353	-00000019.813711	-00000000.203783
000000003.503099	-00000003.266692	000000000.033440
000000022.298431	-00000020.793623	000000000.212859
000000018.952530	-00000017.673521	000000000.542828
000000003.393464	-00000003.192252	-00000000.097592
000000004.064211	-00000003.823228	-00000000.038955
000000021.238779	-00000019.979448	-00000000.203574
000000019.142162	-00000018.165234	000000000.184235
000000020.070620	-00000019.046307	000000000.193171
000000021.847744	-00000020.732735	000000000.210276
000000018.674294	-00000017.721243	000000000.539267
000000003.286035	-00000003.145694	-00000000.095288
000000003.474486	-00000003.326097	-00000000.033580
000000019.171074	-00000018.352310	-00000000.185283
000000008.265013	-00000007.981430	000000000.080215
000000008.256209	-00000007.972929	000000000.240419
000000018.490170	-00000017.855749	000000000.538430
000000003.566401	-00000003.474234	-00000000.104293
000000008.151318	-00000007.940662	-00000000.079447
000000008.130857	-00000007.990170	000000000.079586
000000008.157795	-00000008.016644	000000000.239581
000000003.706354	-00000003.674151	-00000000.109319
000000008.037535	-00000007.967699	-00000000.237068
000000004.360432	-00000004.322545	-00000000.042865
000000008.081713	-00000008.011493	-00000000.079447
000000008.032537	-00000008.032537	000000000.079307
000000008.080458	-00000008.080458	000000000.239372
000000003.139217	-00000003.166732	-00000000.093403
000000003.942386	-00000003.976941	-00000000.039095
000000008.018533	-00000008.088815	-00000000.079517
000000008.053251	-00000008.195047	000000000.080215
000000008.044673	-00000008.186319	000000000.240419
000000003.034723	-00000003.115230	-00000000.091100
000000004.074997	-00000004.183102	-00000000.040771
000000018.839884	-00000019.339682	-00000000.188494
000000004.056706	-00000004.200842	000000000.040771
000000017.602215	-00000018.227627	000000000.176905
000000017.682123	-00000018.310373	000000000.533194
000000003.242485	-00000003.387144	-00000000.098220
000000003.941528	-00000004.117374	-00000000.039793
000000004.019893	-00000004.236083	000000000.040771
000000017.593914	-00000018.540117	000000000.178441
000000004.246216	-00000004.474578	000000000.129215
000000017.246382	-00000018.173895	000000000.524817
000000003.178552	-00000003.378900	-00000000.097173
000000003.288798	-00000003.496096	-00000000.033510
000000004.112350	-00000004.409956	000000000.042097
000000004.138822	-00000004.438344	000000000.127120
000000016.739388	-00000017.950794	000000000.514136
000000003.013214	-00000003.259677	-00000000.092984
000000003.285316	-00000003.554034	-00000000.033789
000000003.958862	-00000004.320340	000000000.040910
000000004.025635	-00000004.393209	000000000.124817
000000019.830978	-00000021.641716	000000000.614869
000000003.051876	-00000003.359853	-00000000.095079
000000003.281070	-00000003.612176	-00000000.034069
000000003.914319	-00000004.347291	000000000.040840
000000004.020593	-00000004.465321	000000000.125864
000000016.624249	-00000018.463099	000000000.520419
000000019.474121	-00000021.628202	000000000.609634
000000003.148930	-00000003.528077	-00000000.099058
000000003.169520	-00000003.551147	-00000000.033231
000000003.803346	-00000004.298901	000000000.040072
000000003.961599	-00000004.477773	000000000.125236
000000016.429373	-00000018.570028	000000000.519372
000000003.019141	-00000003.442671	-00000000.095916
000000003.158190	-00000003.601225	-00000000.033440
000000004.041225	-00000004.648898	000000000.043005
000000016.033691	-00000018.444653	000000000.170622
000000004.086351	-00000004.700809	000000000.130471
000000016.391319	-00000018.856056	000000000.523351
000000002.956353	-00000003.431017	-00000000.094869
000000003.244137	-00000003.765006	-00000000.034697
000000003.981019	-00000004.661175	000000000.042795
000000004.181528	-00000004.895940	000000000.134869
000000002.803563	-00000003.311702	-00000000.090890
000000003.043170	-00000003.594737	-00000000.032882
000000003.933764	-00000004.688077	000000000.042725
000000003.971556	-00000004.733116	000000000.129424
000000003.797294	-00000004.606486	000000000.041678
000000003.955539	-00000004.798452	000000000.130262
000000003.958329	-00000004.888129	000000000.043912
000000003.989016	-00000004.926025	000000000.132775
000000003.946647	-00000004.961615	000000000.044261
000000003.995667	-00000005.023242	000000000.134450
000000003.946294	-00000005.051026	000000000.044750
000000003.945524	-00000005.050041	000000000.134241
000000003.573342	-00000004.656870	000000000.040980
000000003.651767	-00000004.759076	000000000.125655
000000003.520532	-00000004.671904	000000000.040840
000000003.495778	-00000004.639055	000000000.121675
000000003.366615	-00000004.549719	000000000.039514
000000003.294595	-00000004.452390	000000000.116021
000000002.386350	-00000003.284529	000000000.028344
000000003.614791	-00000004.975333	000000000.042935
000000003.284999	-00000004.521413	000000000.117068
000000002.322755	-00000003.256383	000000000.027925
000000003.251857	-00000004.558936	000000000.039095
000000003.315087	-00000004.647580	000000000.119581
000000002.322928	-00000003.317485	000000000.028274
000000002.816192	-00000004.021938	000000000.034278
000000003.211950	-00000004.587140	000000000.039095
000000003.176917	-00000004.537107	000000000.116021
000000002.293890	-00000003.337630	000000000.028274
000000003.171798	-00000004.614994	000000000.039095
000000003.239133	-00000004.712968	000000000.119791
000000003.355076	-00000004.974104	000000000.041888
000000003.281742	-00000004.865383	000000000.122932
000000002.124906	-00000003.210382	000000000.026878
000000003.554388	-00000005.370094	000000000.044959
000000003.294341	-00000004.977206	000000000.125026
000000002.167611	-00000003.337827	000000000.027785
000000012.439253	-00000019.154770	000000000.159452
000000003.218111	-00000004.955456	000000000.123770
000000002.111536	-00000003.314448	000000000.027436
000000003.159245	-00000004.959021	000000000.041050
000000003.368130	-00000005.286905	000000000.131309
000000002.093130	-00000003.349708	000000000.027576
000000003.121148	-00000004.994882	000000000.041120
000000002.982791	-00000004.773464	000000000.117906
000000002.905021	-00000004.740564	000000000.038816
000000002.852216	-00000004.654394	000000000.114346
000000002.750236	-00000004.577162	000000000.037280
000000012.443017	-00000020.708656	000000000.168667
000000002.873282	-00000004.781944	000000000.116859
000000002.233114	-00000003.791076	000000000.030718
000000002.598027	-00000004.410573	000000000.107225
000000002.419941	-00000004.191461	000000000.033789
000000002.584433	-00000004.476369	000000000.108272
