000000004.235482	000000004.915518	-00000000.135916
000000004.608372	000000005.348279	-00000000.049288
000000004.251848	000000004.848303	-00000000.135079
000000004.687835	000000005.345451	-00000000.049637
000000004.293995	000000004.811015	-00000000.135079
000000004.694352	000000005.259576	-00000000.049218
000000004.382870	000000004.825164	-00000000.136545
000000004.814029	000000005.299832	-00000000.049986
000000004.418024	000000004.779391	-00000000.136335
000000004.832943	000000005.228249	-00000000.049707
000000004.425312	000000004.704245	-00000000.135288
000000004.940049	000000005.251427	-00000000.050335
000000004.549158	000000004.752112	-00000000.137801
000000005.006433	000000005.229787	-00000000.050544
000000004.597431	000000004.719395	-00000000.138011
000000005.093746	000000005.228877	-00000000.050963
000000004.659555	000000004.700396	-00000000.138639
000000005.174382	000000005.219735	-00000000.051312
000000004.750098	000000004.708826	-00000000.140105
000000005.205532	000000005.160302	-00000000.051173
000000004.848300	000000004.723005	-00000000.141780
000000005.357808	000000005.219346	-00000000.052220
000000004.896554	000000004.687430	-00000000.141990
000000005.403151	000000005.172391	-00000000.052220
000000004.842605	000000004.555468	-00000000.139267
000000005.499067	000000005.173006	-00000000.052709
000000004.962932	000000004.587687	-00000000.141571
000000005.588058	000000005.165548	-00000000.053127
000000004.980576	000000004.524036	-00000000.140942
000000005.647727	000000005.130034	-00000000.053267
000000004.646918	000000004.147533	-00000000.130471
000000005.707200	000000005.093871	-00000000.053407
000000004.434882	000000003.889287	-00000000.123560
000000004.653775	000000004.081251	-00000000.043214
000000004.377766	000000003.772124	-00000000.121047
000000004.499826	000000003.877299	-00000000.041469
000000006.060372	000000005.221951	-00000000.055850
000000004.769157	000000004.037389	-00000000.130890
000000005.617254	000000004.755357	-00000000.051382
000000004.773461	000000003.970045	-00000000.130052
000000005.481709	000000004.559089	-00000000.049776
000000004.784697	000000003.909261	-00000000.129424
000000005.513541	000000004.504752	-00000000.049707
000000004.826426	000000003.873617	-00000000.129634
000000005.287488	000000004.243658	-00000000.047333
000000004.938560	000000003.893247	-00000000.131728
000000005.285054	000000004.166401	-00000000.046984
000000005.185786	000000004.015265	-00000000.137382
000000005.202610	000000004.028292	-00000000.045937
000000005.300210	000000004.030374	-00000000.139477
000000005.253485	000000003.994843	-00000000.046076
000000005.359212	000000004.001914	-00000000.140105
000000005.336220	000000003.984745	-00000000.046495
000000005.474558	000000004.014112	-00000000.142199
000000005.515947	000000004.044459	-00000000.047752
000000007.080411	000000005.191572	-00000000.061295
000000005.606746	000000004.036280	-00000000.144712
000000005.551031	000000003.996171	-00000000.047752
000000006.963135	000000005.012740	-00000000.059899
000000005.658085	000000003.998739	-00000000.145131
000000006.075665	000000004.293856	-00000000.051941
000000005.742052	000000003.983403	-00000000.146388
000000006.926315	000000004.804956	-00000000.058852
000000006.338553	000000004.315767	-00000000.160628
000000006.901856	000000004.699307	-00000000.058294
000000008.116080	000000005.474365	000000000.068347
000000011.910657	000000008.033839	000000000.300943
000000006.375973	000000004.260289	-00000000.160628
000000007.067319	000000004.722232	-00000000.059341
000000006.546684	000000004.292194	-00000000.163979
000000007.150073	000000004.687793	-00000000.059690
000000008.445207	000000005.484381	000000000.070301
000000012.258675	000000007.960876	000000000.306178
000000006.642751	000000004.272761	-00000000.165445
000000007.384142	000000004.749640	-00000000.061295
000000008.442142	000000005.378238	000000000.069882
000000012.403567	000000007.901944	000000000.308063
000000006.662874	000000004.203960	-00000000.165026
000000007.577537	000000004.781070	-00000000.062552
000000008.378511	000000005.235475	000000000.068975
000000012.633145	000000007.894065	000000000.312042
000000006.911848	000000004.277181	-00000000.170262
000000007.865566	000000004.867360	-00000000.064577
000000008.645561	000000005.298007	000000000.070790
000000012.522536	000000007.673820	000000000.307644
000000007.008739	000000004.253008	-00000000.171728
000000007.924840	000000004.808911	-00000000.064716
000000008.742893	000000005.253260	000000000.071209
000000012.709003	000000007.636340	000000000.310576
000000013.857355	000000008.326339	000000000.338639
000000007.105732	000000004.227467	-00000000.173194
000000007.940722	000000004.724233	-00000000.064507
000000008.624698	000000005.080335	000000000.069882
000000012.826845	000000007.555589	000000000.311833
000000007.220081	000000004.210627	-00000000.175079
000000007.869349	000000004.589269	-00000000.063599
000000008.789944	000000005.074876	000000000.070860
000000012.366541	000000007.139826	000000000.099692
000000012.658514	000000007.308397	000000000.306178
000000014.121776	000000008.153212	000000000.341571
000000007.299951	000000004.172266	-00000000.176126
000000008.334506	000000004.763563	-00000000.067020
000000008.868708	000000005.017673	000000000.071139
000000012.428376	000000007.031637	000000000.099692
000000014.157582	000000008.009974	000000000.340733
000000007.362251	000000004.123059	-00000000.176754
000000008.515354	000000004.768827	-00000000.068137
000000010.862512	000000006.021189	000000000.086707
000000012.489264	000000006.922913	000000000.099692
000000013.667308	000000007.575912	000000000.327330
000000007.441778	000000004.082699	-00000000.177801
000000008.819656	000000004.838629	-00000000.070231
000000012.347079	000000006.703918	000000000.098087
000000014.374295	000000007.804605	000000000.342618
000000007.538771	000000004.050728	-00000000.179267
000000008.879162	000000004.770946	-00000000.070371
000000011.990136	000000006.375268	000000000.094806
000000012.508623	000000006.650953	000000000.296754
000000014.494820	000000007.707033	000000000.343875
000000007.830423	000000004.119785	-00000000.185340
000000008.973557	000000004.721216	-00000000.070790
000000012.160623	000000006.330419	000000000.095713
000000014.863041	000000007.737210	000000000.350995
000000007.937182	000000004.087917	-00000000.187016
000000009.023304	000000004.647307	-00000000.070860
000000009.292972	000000004.735006	000000000.072815
000000010.469071	000000005.334259	000000000.082030
000000012.580706	000000006.410190	000000000.098575
000000012.916761	000000006.581419	000000000.303665
000000014.493497	000000007.384806	000000000.340733
000000008.204677	000000004.135497	-00000000.192461
000000009.233177	000000004.653904	-00000000.072186
000000012.564572	000000006.264464	000000000.098017
000000015.657916	000000007.806749	000000000.366492
000000008.321154	000000004.103539	-00000000.194346
000000009.354155	000000004.612959	-00000000.072815
000000012.645723	000000006.167732	000000000.098226
000000013.622729	000000006.644249	000000000.317487
000000015.473839	000000007.547095	000000000.360628
000000016.875650	000000008.230804	000000000.393299
000000008.518737	000000004.108951	-00000000.198115
000000009.303986	000000004.487710	-00000000.072116
000000009.449838	000000004.507341	000000000.073094
000000012.735168	000000006.074363	000000000.098506
000000013.562881	000000006.469162	000000000.314765
000000016.892691	000000008.057400	000000000.392042
000000008.463843	000000003.991808	-00000000.196021
000000009.378971	000000004.423410	-00000000.072396
000000009.470685	000000004.416253	000000000.072954
000000012.842069	000000005.988355	000000000.098924
000000013.772857	000000006.422389	000000000.318325
000000016.998606	000000007.926580	000000000.392880
000000008.689024	000000004.005695	-00000000.200419
000000009.326404	000000004.299531	-00000000.071698
000000009.372373	000000004.271236	000000000.071907
000000012.802843	000000005.834591	000000000.098226
000000013.136958	000000005.986857	000000000.302409
000000016.839689	000000007.674289	000000000.387644
000000008.495758	000000003.827060	-00000000.195183
000000008.862111	000000003.992090	-00000000.067858
000000009.354477	000000004.164882	000000000.071488
000000009.352654	000000004.164070	000000000.214450
000000008.785064	000000003.865520	-00000000.201047
000000009.216962	000000004.055560	-00000000.070301
000000009.307933	000000004.047204	000000000.070860
000000009.388636	000000004.082295	000000000.214450
000000008.983807	000000003.859748	-00000000.204817
000000009.252002	000000003.974974	-00000000.070301
000000009.361306	000000003.973639	000000000.070999
000000009.460714	000000004.015835	000000000.215288
000000009.127787	000000003.827599	-00000000.207330
000000009.378555	000000003.932755	-00000000.070999
000000009.404864	000000003.895622	000000000.071069
000000013.414404	000000005.556428	000000000.101368
000000013.513393	000000005.597431	000000000.306388
000000009.271882	000000003.793227	-00000000.209843
000000009.764215	000000003.994646	-00000000.073652
000000013.040548	000000005.335029	-00000000.098366
000000009.716650	000000003.925781	000000000.073164
000000013.592184	000000005.491599	000000000.102345
000000013.821280	000000005.584159	000000000.312251
000000009.341775	000000003.726990	-00000000.210681
000000010.123777	000000004.038978	-00000000.076096
000000012.928714	000000005.158034	-00000000.097179
000000013.946619	000000005.493720	000000000.104649
000000013.888088	000000005.470664	000000000.312670
000000009.588258	000000003.728669	-00000000.215497
000000010.130678	000000003.939605	-00000000.075886
000000013.075751	000000005.084882	-00000000.097947
000000013.471237	000000005.171124	000000000.100740
000000014.019303	000000005.381506	000000000.314555
000000009.732622	000000003.687361	-00000000.218011
000000010.473259	000000003.967963	-00000000.078190
000000012.932605	000000004.899725	-00000000.096551
000000013.768745	000000005.147923	000000000.102625
000000014.758717	000000005.518058	000000000.330053
000000009.923887	000000003.661115	-00000000.221571
000000010.460578	000000003.859111	-00000000.077841
000000013.108393	000000004.771065	000000000.097389
000000014.931353	000000005.434568	000000000.110932
000000014.975415	000000005.450605	000000000.333822
000000010.058965	000000003.611537	-00000000.223874
000000010.380919	000000003.727130	-00000000.077003
000000012.940855	000000004.646242	-00000000.095992
000000013.074119	000000004.629788	000000000.096830
000000015.176159	000000005.374160	000000000.112398
000000015.569022	000000005.513280	000000000.345969
000000017.237133	000000006.103989	000000000.383037
000000010.231681	000000003.573063	-00000000.227016
000000012.272859	000000004.285874	-00000000.090756
000000013.218027	000000004.551332	000000000.097598
000000015.676316	000000005.397789	000000000.115749
000000015.937947	000000005.487875	000000000.353089
000000020.031145	000000006.897276	000000000.443770
000000010.669562	000000003.621828	-00000000.236021
000000011.116689	000000003.773607	-00000000.081960
000000012.915812	000000004.384327	-00000000.095224
000000016.073694	000000005.378183	000000000.118332
000000016.506693	000000005.523062	000000000.364608
000000010.643792	000000003.509796	-00000000.234765
000000011.063725	000000003.648269	-00000000.081332
000000012.953581	000000004.271451	-00000000.095224
000000016.158056	000000005.250071	000000000.118612
000000016.753941	000000005.443686	000000000.369005
000000010.826365	000000003.465547	-00000000.238115
000000012.457033	000000003.987528	-00000000.091315
000000016.746861	000000005.280265	000000000.122591
000000017.220350	000000005.429555	000000000.378220
000000011.285860	000000003.504353	-00000000.247539
000000012.300357	000000003.819362	-00000000.089919
000000013.502694	000000004.128188	000000000.098575
000000017.327820	000000005.297647	000000000.126500
000000013.566988	000000004.147844	000000000.297173
000000017.639954	000000005.393075	000000000.386388
000000011.813839	000000003.555562	-00000000.258429
000000012.457700	000000003.749342	-00000000.090826
000000013.432737	000000003.978958	000000000.097807
000000013.564323	000000004.017936	000000000.296335
000000011.566064	000000003.371200	-00000000.252356
000000012.518745	000000003.648881	-00000000.091036
000000013.649583	000000003.913955	000000000.099134
000000013.646922	000000003.913192	000000000.297382
000000012.210878	000000003.443824	-00000000.265759
000000013.387426	000000003.775645	-00000000.097109
000000016.659693	000000004.698520	-00000000.120846
000000017.614737	000000004.884999	000000000.127617
000000019.152771	000000005.311533	000000000.416335
000000011.806407	000000003.218796	-00000000.256335
000000013.439160	000000003.663936	-00000000.097249
000000016.719357	000000004.558220	-00000000.120985
000000018.014078	000000004.826858	000000000.130201
000000019.903366	000000005.333091	000000000.431623
000000012.849222	000000003.382918	-00000000.278325
000000013.538313	000000003.564340	-00000000.097738
000000016.845530	000000004.435058	-00000000.121614
000000018.123281	000000004.686999	000000000.130689
000000020.152412	000000005.211768	000000000.436021
000000011.860785	000000003.012255	-00000000.256335
000000015.739926	000000003.997432	-00000000.113376
000000018.260521	000000004.552859	000000000.131387
000000020.885885	000000005.207436	000000000.450890
000000011.944887	000000002.922895	-00000000.257592
000000014.285308	000000003.495593	-00000000.308063
000000016.201591	000000003.964504	-00000000.116447
000000017.443892	000000004.187908	000000000.125244
000000021.892969	000000005.256037	000000000.471623
000000011.814233	000000002.781883	-00000000.254241
000000014.500170	000000003.414337	-00000000.312042
000000016.352373	000000003.850472	-00000000.117285
000000017.616182	000000004.067016	000000000.126221
000000017.651714	000000004.075219	000000000.379477
000000012.208609	000000002.762526	-00000000.262199
000000015.124242	000000003.422266	-00000000.324817
000000016.824245	000000003.806938	-00000000.120427
000000017.514324	000000003.882832	000000000.125244
000000017.588997	000000003.899387	000000000.377382
000000011.753511	000000002.551938	-00000000.251937
000000015.661580	000000003.400462	-00000000.335707
000000016.798193	000000003.647245	-00000000.120008
000000017.831196	000000003.790138	000000000.127268
000000019.709194	000000004.189318	000000000.140672
000000021.450254	000000004.559392	000000000.153099
000000024.712370	000000005.252776	000000000.529215
000000015.994095	000000003.326777	-00000000.342199
000000017.632179	000000003.667499	-00000000.125732
000000019.864349	000000004.131791	-00000000.141650
000000021.646009	000000004.403930	000000000.154216
000000024.850285	000000005.055848	000000000.177045
000000025.639006	000000005.216315	000000000.548063
000000011.649174	000000002.317165	-00000000.248796
000000016.502996	000000003.282650	-00000000.352461
000000017.761589	000000003.533000	-00000000.126431
000000020.242914	000000004.026566	-00000000.144093
000000019.347399	000000003.760753	000000000.137601
000000021.683617	000000004.214868	000000000.154216
000000021.757902	000000004.229308	000000000.464293
000000026.743475	000000005.198405	000000000.570681
000000012.435094	000000002.360876	-00000000.265131
000000018.351727	000000003.484184	-00000000.130410
000000019.261494	000000003.569907	000000000.136763
000000021.640913	000000004.010906	000000000.153658
000000021.666185	000000004.015590	000000000.461571
000000011.953472	000000002.161540	-00000000.254450
000000019.237526	000000003.478711	-00000000.136484
000000021.431885	000000003.875516	-00000000.152052
000000021.753874	000000003.835795	000000000.154216
000000021.818554	000000003.847200	000000000.464084
000000029.941435	000000005.279483	000000000.636859
000000013.883439	000000002.385611	-00000000.295079
000000019.799339	000000003.402149	-00000000.140254
000000025.830191	000000004.322492	000000000.182839
000000030.337406	000000005.076741	000000000.214744
000000030.361074	000000005.080701	000000000.644817
000000011.920301	000000001.941344	-00000000.252984
000000015.808214	000000002.574531	-00000000.335498
000000020.746159	000000003.378726	-00000000.146746
000000026.034830	000000004.123512	000000000.184026
000000031.713900	000000005.022988	000000000.224168
000000031.075735	000000004.921913	000000000.659058
000000021.703890	000000003.340548	-00000000.153308
000000026.188501	000000003.913898	000000000.184864
000000026.311941	000000003.932346	000000000.557278
000000011.705009	000000001.697145	-00000000.247749
000000022.801014	000000003.305990	-00000000.160848
000000025.403732	000000003.683366	-00000000.179209
000000026.449415	000000003.717223	000000000.186469
000000028.944830	000000004.067931	000000000.204062
000000035.513123	000000004.991044	000000000.751205
000000022.710093	000000003.090708	-00000000.160010
000000024.711594	000000003.363100	-00000000.174113
000000029.058540	000000003.825629	000000000.204621
000000037.703728	000000004.963790	000000000.265497
000000037.854973	000000004.983702	000000000.799791
000000011.653502	000000001.482513	-00000000.246073
000000021.139111	000000002.689234	-00000000.148771
000000026.108934	000000003.321476	-00000000.183747
000000029.580866	000000003.763161	-00000000.208181
000000029.378651	000000003.607245	000000000.206645
000000038.790119	000000004.762828	000000000.818639
000000011.924137	000000001.411315	-00000000.251518
000000020.506363	000000002.427088	-00000000.144163
000000028.500370	000000003.373241	-00000000.200362
000000033.015587	000000003.761651	000000000.231987
000000034.972878	000000003.984656	000000000.245740
000000035.005795	000000003.988406	000000000.738011
000000011.677600	000000001.278905	-00000000.246073
000000029.065498	000000003.183190	-00000000.204132
000000035.085876	000000003.687674	000000000.246299
000000039.053925	000000004.104733	000000000.274154
000000035.128754	000000003.692181	000000000.739896
000000021.759432	000000002.191060	-00000000.152680
000000031.838217	000000003.205940	-00000000.223400
000000038.909088	000000003.746519	000000000.272897
000000038.921410	000000003.747705	000000000.819058
000000011.409422	000000001.048379	-00000000.240000
000000043.223835	000000003.781595	000000000.302917
000000043.285126	000000003.786958	000000000.910158
000000043.334942	000000003.410534	000000000.303475
000000047.412235	000000003.731424	000000000.332029
000000047.452824	000000003.734618	000000000.997069
000000011.425981	000000000.849097	-00000000.240000
000000051.542877	000000003.604229	000000000.360722
000000051.562752	000000003.605619	000000001.082723
000000020.635220	000000001.352504	-00000000.144372
000000059.716953	000000003.652445	000000000.417689
000000059.775162	000000003.656006	000000001.254451
000000011.319279	000000000.642755	-00000000.237487
000000069.243279	000000003.628886	000000000.484081
000000069.339607	000000003.633935	000000001.454451
000000081.464500	000000003.556817	000000001.708064
000000011.168931	000000000.438828	-00000000.234136
000000102.704857	000000003.586533	000000002.152671
000000011.094925	000000000.242092	-00000000.232461
000000011.187439	000000000.048815	-00000000.234346
000000010.986649	-00000000.143823	-00000000.230157
000000011.222300	-00000000.342872	-00000000.235183
000000011.334443	-00000000.544432	-00000000.237696
000000065.126709	-00000003.983320	000000000.455527
000000065.173882	-00000003.986206	000000001.367749
000000011.313238	-00000000.741509	-00000000.237487
000000044.200989	-00000003.090834	000000000.309340
000000055.682667	-00000003.893712	000000000.389694
000000055.671814	-00000003.892952	000000001.169006
000000021.121244	-00000001.569580	-00000000.147863
000000035.130512	-00000002.764831	000000000.246020
000000039.985382	-00000003.146918	000000000.280018
000000050.113815	-00000003.944043	000000000.350948
000000050.303383	-00000003.958962	000000001.056964
000000011.298574	-00000000.938839	-00000000.237487
000000033.244617	-00000002.762414	-00000000.232895
000000035.224586	-00000003.081752	000000000.246857
000000049.908138	-00000004.366396	000000000.349761
000000044.500217	-00000003.893265	000000000.935707
000000050.097603	-00000004.382972	000000001.053404
000000021.240002	-00000001.951682	-00000000.148910
000000031.416880	-00000002.886806	-00000000.220259
000000032.658154	-00000003.144623	000000000.229055
000000041.140656	-00000003.961395	000000000.865760
000000011.360048	-00000001.143897	-00000000.239162
000000020.048126	-00000002.018740	-00000000.140672
000000024.973101	-00000002.514659	-00000000.175230
000000029.470251	-00000002.967498	-00000000.206785
000000032.132221	-00000003.377233	000000000.225565
000000033.150089	-00000003.484215	000000000.698220
000000011.379449	-00000001.246252	-00000000.239791
000000019.174881	-00000002.099991	-00000000.134669
000000020.407480	-00000002.234982	-00000000.143325
000000024.830921	-00000002.719428	-00000000.174392
000000032.518814	-00000003.705051	000000000.228497
000000040.787113	-00000004.647105	000000000.859896
000000011.179499	-00000001.323181	-00000000.235812
000000019.314711	-00000002.286047	-00000000.135786
000000021.896626	-00000002.591636	-00000000.153937
000000023.326609	-00000002.760886	-00000000.163990
000000030.748329	-00000003.775420	000000000.216279
000000032.743301	-00000004.020372	000000000.230312
000000034.920036	-00000004.287642	000000000.736964
000000035.068890	-00000004.305918	000000000.740105
000000018.341724	-00000002.333362	-00000000.129083
000000022.250130	-00000002.830574	-00000000.156590
000000033.143196	-00000004.363384	000000000.233384
000000034.455063	-00000004.536095	000000000.727959
000000011.124983	-00000001.514044	-00000000.235183
000000018.508924	-00000002.518954	-00000000.130410
000000021.689526	-00000002.951815	-00000000.152820
000000027.882286	-00000003.794613	-00000000.196453
000000033.866344	-00000004.759604	000000000.238759
000000034.018150	-00000004.780939	000000000.719582
000000012.209620	-00000001.770311	-00000000.258429
000000017.496611	-00000002.536888	-00000000.123429
000000028.453293	-00000004.252373	000000000.200851
000000033.892750	-00000005.065305	000000000.239248
000000033.816925	-00000005.053973	000000000.716231
000000011.215444	-00000001.726222	-00000000.237696
000000015.405177	-00000002.371083	-00000000.326492
000000017.305788	-00000002.663616	-00000000.122242
000000028.395348	-00000004.497381	000000000.200711
000000033.906517	-00000005.370265	000000000.239667
000000033.771534	-00000005.348886	000000000.716231
000000012.127525	-00000001.975093	-00000000.257382
000000014.752359	-00000002.402574	-00000000.313089
000000015.110546	-00000002.460909	-00000000.106883
000000017.893806	-00000002.914191	-00000000.126570
000000028.828424	-00000004.824224	000000000.204062
000000033.848495	-00000005.664296	000000000.239597
000000033.713707	-00000005.641740	000000000.716021
000000011.183608	-00000001.921695	-00000000.237696
000000014.553471	-00000002.500744	-00000000.309320
000000015.167338	-00000002.606225	-00000000.107442
000000017.847986	-00000003.066845	-00000000.126431
000000025.791487	-00000004.547735	000000000.182839
000000029.366251	-00000005.178062	000000000.208181
000000033.797779	-00000005.959460	000000000.239597
000000027.174734	-00000004.791639	000000000.578011
000000033.810883	-00000005.961771	000000000.719163
000000011.628810	-00000002.102831	-00000000.247539
000000014.799611	-00000002.676206	-00000000.104998
000000017.879583	-00000003.233155	-00000000.126850
000000026.743883	-00000004.956686	000000000.189890
000000026.620703	-00000004.933856	000000000.567121
000000011.148367	-00000002.116584	-00000000.237696
000000014.539911	-00000002.760489	-00000000.103323
000000026.778137	-00000005.205142	000000000.190449
000000026.498121	-00000005.150713	000000000.565445
000000012.168876	-00000002.420540	-00000000.259895
000000013.649537	-00000002.715062	-00000000.291518
000000014.044502	-00000002.793625	-00000000.099972
000000017.173132	-00000003.415948	-00000000.122242
000000026.584709	-00000005.408720	000000000.189402
000000026.373787	-00000005.365808	000000000.563770
000000012.284327	-00000002.555144	-00000000.262827
000000014.019589	-00000002.916079	-00000000.099972
000000016.966444	-00000003.529026	-00000000.120985
000000017.792072	-00000003.781821	000000000.126989
000000026.536497	-00000005.640507	000000000.189402
000000017.808161	-00000003.785241	000000000.381361
000000026.384634	-00000005.608227	000000000.565026
000000011.499488	-00000002.496783	-00000000.246492
000000013.641814	-00000002.961928	-00000000.097458
000000016.456171	-00000003.572985	-00000000.117564
000000017.748629	-00000003.934776	000000000.126919
000000017.423061	-00000003.862600	000000000.373822
000000011.535769	-00000002.610278	-00000000.247749
000000012.171975	-00000002.754237	-00000000.087126
000000017.663019	-00000003.996733	-00000000.126431
000000017.557720	-00000004.053519	000000000.125802
000000017.262051	-00000003.985258	000000000.371100
000000011.512551	-00000002.710846	-00000000.247749
000000012.011208	-00000002.828264	-00000000.086149
000000014.921540	-00000003.513556	-00000000.107023
000000017.502232	-00000004.201914	000000000.125663
000000017.158566	-00000004.119407	000000000.369634
000000010.925201	-00000002.673380	-00000000.235602
000000011.578115	-00000002.833147	-00000000.083217
000000014.035551	-00000003.434477	-00000000.100879
000000015.019812	-00000003.744859	000000000.108070
000000017.571629	-00000004.381099	000000000.126431
000000017.209270	-00000004.290753	000000000.371519
000000010.358806	-00000002.630801	-00000000.223874
000000011.048963	-00000002.806079	-00000000.079586
000000011.956332	-00000003.092118	000000000.086219
000000017.658583	-00000004.566820	000000000.127338
000000024.445131	-00000006.321941	000000000.176277
000000017.287325	-00000004.470806	000000000.374032
000000009.968058	-00000002.624371	-00000000.215916
000000010.356810	-00000002.726720	-00000000.074769
000000011.957870	-00000003.204102	000000000.086428
000000017.569763	-00000004.707804	000000000.126989
000000024.688461	-00000006.615253	000000000.178441
000000017.093138	-00000004.580092	000000000.370681
000000009.713277	-00000002.648143	-00000000.210890
000000010.072134	-00000002.745979	-00000000.072884
000000010.985119	-00000003.046443	000000000.079586
000000012.787065	-00000003.546167	000000000.092641
000000017.672552	-00000004.901032	000000000.128036
000000017.235567	-00000004.779846	000000000.374660
000000009.641686	-00000002.719237	-00000000.209843
000000010.076661	-00000002.841912	-00000000.073094
000000010.285250	-00000002.949248	000000000.074699
000000012.870981	-00000003.690694	000000000.093479
000000017.802134	-00000005.104680	000000000.129293
000000017.231642	-00000004.941094	000000000.375498
000000009.540802	-00000002.780890	-00000000.208168
000000010.022676	-00000002.921344	-00000000.072884
000000011.332973	-00000003.356979	000000000.082518
000000012.838284	-00000003.802873	000000000.093479
000000020.508654	-00000006.074940	000000000.149329
000000017.302900	-00000005.125352	000000000.378011
000000020.332106	-00000006.022644	000000000.444189
000000009.228964	-00000002.777603	-00000000.201885
000000010.015952	-00000003.014460	-00000000.073024
000000010.968549	-00000003.353422	000000000.080075
000000012.775920	-00000003.905991	000000000.093270
000000020.531363	-00000006.277067	000000000.149888
000000020.403069	-00000006.237844	000000000.446911
000000008.803353	-00000002.733514	-00000000.193089
000000009.874665	-00000003.066165	-00000000.072186
000000010.357113	-00000003.265585	000000000.075816
000000010.583937	-00000003.337102	000000000.232461
000000008.436376	-00000002.700505	-00000000.185550
000000008.838017	-00000002.829072	-00000000.064786
000000010.309201	-00000003.349663	000000000.075677
000000010.535395	-00000003.423157	000000000.232042
000000008.412489	-00000002.774023	-00000000.185550
000000008.907961	-00000002.937405	-00000000.065484
000000010.336475	-00000003.458536	000000000.076096
000000010.467197	-00000003.502275	000000000.231204
000000008.075542	-00000002.741277	-00000000.178639
000000008.938802	-00000003.034314	-00000000.065903
000000010.201897	-00000003.512795	000000000.075328
000000010.549673	-00000003.632544	000000000.233717
000000008.060752	-00000002.814941	-00000000.178848
000000008.468272	-00000002.957253	-00000000.062622
000000008.860614	-00000003.137708	000000000.065624
000000011.921800	-00000004.221731	000000000.264922
000000007.828867	-00000002.810850	-00000000.174241
000000008.282147	-00000002.973595	-00000000.061435
000000008.973846	-00000003.266213	000000000.066671
000000012.016032	-00000004.373478	000000000.267854
000000007.241249	-00000002.671438	-00000000.161675
000000008.434134	-00000003.111516	-00000000.062762
000000008.898169	-00000003.326889	000000000.066322
000000011.902493	-00000004.450160	000000000.266178
000000007.124167	-00000002.699106	-00000000.159581
000000007.854944	-00000002.975972	-00000000.058643
000000009.466275	-00000003.633763	000000000.070790
000000011.977545	-00000004.597749	000000000.089570
000000013.359211	-00000005.128120	000000000.099902
000000009.035077	-00000003.468241	000000000.202723
000000011.676530	-00000004.482200	000000000.261990
000000007.072389	-00000002.750301	-00000000.158953
000000008.591228	-00000003.340946	-00000000.193089
000000007.437242	-00000002.892185	-00000000.055710
000000009.655366	-00000003.754766	-00000000.072326
000000011.769495	-00000004.636127	000000000.088313
000000011.618366	-00000004.576596	000000000.261571
000000007.140979	-00000002.848962	-00000000.161047
000000007.207386	-00000002.875456	-00000000.054175
000000009.919445	-00000003.957457	-00000000.074560
000000011.719318	-00000004.734912	000000000.088243
000000010.539768	-00000004.258343	000000000.238115
000000006.921525	-00000002.831671	-00000000.156649
000000006.996916	-00000002.862514	-00000000.052778
000000009.319965	-00000003.812899	-00000000.070301
000000010.624355	-00000004.400752	000000000.080284
000000009.984948	-00000004.135901	000000000.226388
000000006.859671	-00000002.876498	-00000000.155812
000000007.082331	-00000002.969868	-00000000.053616
000000009.848866	-00000004.129972	-00000000.074560
000000010.198945	-00000004.329195	000000000.077352
000000009.966881	-00000004.230690	000000000.226806
000000006.705705	-00000002.880998	-00000000.152880
000000006.955080	-00000002.988138	-00000000.052848
000000009.518445	-00000004.089447	-00000000.072326
000000007.189576	-00000003.126117	000000000.054733
000000010.014052	-00000004.354234	000000000.076235
000000009.856234	-00000004.285613	000000000.225131
000000006.780971	-00000002.983698	-00000000.155183
000000007.038574	-00000003.097047	-00000000.053686
000000008.969834	-00000003.946821	-00000000.068416
000000009.957402	-00000004.433321	000000000.076096
000000007.251960	-00000003.228781	000000000.166283
000000009.836727	-00000004.379593	000000000.225550
000000012.841633	-00000005.717463	000000000.294450
000000006.754675	-00000003.042759	-00000000.155183
000000006.910988	-00000003.113173	-00000000.052918
000000009.691794	-00000004.365835	-00000000.074211
000000009.809143	-00000004.470284	000000000.075258
000000009.816329	-00000004.473559	000000000.225969
000000006.319290	-00000002.913233	-00000000.145759
000000006.356847	-00000002.930547	-00000000.048869
000000009.598839	-00000004.425126	-00000000.073792
000000009.806011	-00000004.572618	000000000.075537
000000012.688000	-00000005.916512	000000000.097738
000000009.695366	-00000004.521024	000000000.224084
000000013.002665	-00000006.063242	000000000.300524
000000006.248414	-00000002.946944	-00000000.144712
000000006.674716	-00000003.148001	-00000000.051522
000000009.152863	-00000004.316771	-00000000.070650
000000010.527601	-00000004.965139	-00000000.081262
000000010.009427	-00000004.774252	000000000.077422
000000009.583353	-00000004.571025	000000000.222409
000000006.087385	-00000002.936206	-00000000.141571
000000007.466607	-00000003.601463	-00000000.057875
000000009.880419	-00000004.765749	-00000000.076584
000000009.823580	-00000004.791280	000000000.076305
000000009.534113	-00000004.650098	000000000.222199
000000006.043596	-00000002.980372	-00000000.141152
000000005.990964	-00000002.954416	-00000000.046635
000000007.560453	-00000003.728403	-00000000.058852
000000009.766706	-00000004.816407	-00000000.076026
000000009.745598	-00000004.858976	000000000.076026
000000009.537908	-00000004.755425	000000000.223246
000000005.856657	-00000002.951998	-00000000.137382
000000006.206052	-00000003.128108	-00000000.048520
000000007.840164	-00000003.951768	-00000000.061295
000000009.818653	-00000005.002853	000000000.076933
000000015.948627	-00000008.126232	000000000.124965
000000009.950360	-00000005.069962	000000000.233927
000000013.121647	-00000006.685813	000000000.308482
000000005.901779	-00000003.039616	-00000000.139058
000000006.916385	-00000003.562172	-00000000.054314
000000009.698940	-00000004.995283	-00000000.076166
000000009.854450	-00000005.129902	000000000.077562
000000009.728375	-00000005.064271	000000000.229738
000000005.813094	-00000003.058417	-00000000.137592
000000007.619557	-00000004.008843	-00000000.060109
000000011.805448	-00000006.211146	-00000000.093130
000000036.009270	-00000018.945393	-00000000.284067
000000010.003552	-00000005.318983	000000000.079098
000000009.966292	-00000005.299171	000000000.236440
000000005.477939	-00000002.943403	-00000000.130262
000000008.031961	-00000004.315729	-00000000.190995
000000007.769267	-00000004.174578	-00000000.061575
000000034.450798	-00000018.511082	-00000000.273037
000000010.035847	-00000005.449020	000000000.079726
000000009.928455	-00000005.390712	000000000.236649
000000005.320564	-00000002.918962	-00000000.127120
000000007.118848	-00000003.905534	-00000000.056688
000000010.143481	-00000005.564904	-00000000.080773
000000034.454521	-00000018.902397	-00000000.274364
000000009.524377	-00000005.279449	000000000.076026
000000009.618707	-00000005.331736	000000000.230367
000000005.373396	-00000003.009247	-00000000.129005
000000007.981587	-00000004.469903	-00000000.191623
000000008.305960	-00000004.651561	-00000000.066462
000000009.902589	-00000005.545716	-00000000.079237
000000009.408317	-00000005.322969	000000000.075467
000000009.519603	-00000005.385932	000000000.229110
000000005.529213	-00000003.160206	-00000000.133403
000000008.063798	-00000004.608840	-00000000.194555
000000005.400065	-00000003.086391	-00000000.043423
000000008.430005	-00000004.818145	-00000000.067788
000000033.346703	-00000019.059212	-00000000.268150
000000009.387486	-00000005.419868	000000000.075677
000000034.363052	-00000019.839518	000000000.277016
000000009.376998	-00000005.413812	000000000.226806
000000005.380515	-00000003.137824	-00000000.130471
000000007.998922	-00000004.664834	-00000000.064646
000000010.184372	-00000005.939351	-00000000.082309
000000033.292538	-00000019.610804	000000000.269756
000000033.174061	-00000019.541016	000000000.806493
000000004.631185	-00000002.755265	-00000000.112880
000000006.796414	-00000004.043441	-00000000.165655
000000010.087218	-00000006.001264	-00000000.245864
000000007.975097	-00000004.744684	-00000000.064786
000000010.166530	-00000006.048450	-00000000.082588
000000013.535321	-00000008.052670	-00000000.109955
000000033.454422	-00000020.101446	000000000.272479
000000031.056932	-00000018.660887	000000000.758953
000000004.624059	-00000002.805948	-00000000.113298
000000006.495905	-00000003.941812	-00000000.159162
000000008.931870	-00000005.419991	-00000000.218848
000000004.599314	-00000002.790932	-00000000.037559
000000011.865888	-00000007.200397	-00000000.096900
000000030.989799	-00000018.805073	-00000000.253071
000000033.004894	-00000020.225426	000000000.270245
000000030.458151	-00000018.664780	000000000.748273
000000004.599396	-00000002.846193	-00000000.113298
000000006.512269	-00000004.029914	-00000000.160419
000000009.011757	-00000005.576644	-00000000.221990
000000004.685327	-00000002.899368	-00000000.038467
000000008.426785	-00000005.214653	-00000000.069184
000000012.635926	-00000007.819348	-00000000.103742
000000032.691456	-00000020.427889	000000000.269128
000000030.302593	-00000018.935162	000000000.748482
000000004.523652	-00000002.854212	-00000000.112042
000000004.642932	-00000002.929472	-00000000.038327
000000030.217119	-00000019.065582	-00000000.249440
000000030.572195	-00000019.476637	000000000.253071
000000030.296410	-00000019.300941	000000000.752461
000000004.481755	-00000002.882761	-00000000.111623
000000004.608781	-00000002.964468	-00000000.038257
000000029.603853	-00000019.041838	-00000000.245740
000000031.466154	-00000020.434359	000000000.261937
000000030.361601	-00000019.717054	000000000.758325
000000004.314290	-00000002.828573	-00000000.108063
000000004.390395	-00000002.878469	-00000000.036652
000000009.826123	-00000006.442288	-00000000.082030
000000029.177313	-00000019.129484	-00000000.243576
000000029.710629	-00000019.665035	000000000.248742
000000031.028135	-00000020.537075	000000000.259773
000000028.596010	-00000018.927286	000000000.718325
000000029.579781	-00000019.578428	000000000.743037
000000004.247878	-00000002.838341	-00000000.107016
000000004.140618	-00000002.766672	-00000000.034767
000000009.894247	-00000006.611125	-00000000.083077
000000011.357598	-00000007.588904	-00000000.095364
000000004.310890	-00000002.907732	000000000.036303
000000029.264313	-00000019.739029	000000000.246438
000000030.574162	-00000020.622532	000000000.257469
000000005.263234	-00000003.550096	000000000.132984
000000027.741802	-00000018.712082	000000000.700943
000000003.966761	-00000002.700871	-00000000.100524
000000004.182442	-00000002.847723	-00000000.035325
000000004.334798	-00000002.979224	000000000.036721
000000029.832642	-00000020.503407	000000000.252722
000000005.429801	-00000003.731799	000000000.138011
000000004.033401	-00000002.798070	-00000000.102827
000000004.173865	-00000002.895513	-00000000.035465
000000004.333209	-00000003.034145	000000000.036931
000000005.561907	-00000003.894489	000000000.047403
000000027.907829	-00000019.541273	000000000.237852
000000005.421597	-00000003.796243	000000000.138639
000000003.943514	-00000002.787000	-00000000.101152
000000004.287264	-00000003.029938	-00000000.036652
000000007.341428	-00000005.188409	-00000000.062762
000000008.917508	-00000006.302272	-00000000.076235
000000007.448975	-00000005.313303	000000000.063879
000000005.412681	-00000003.860828	000000000.139267
000000004.008296	-00000002.885560	-00000000.103456
000000010.961960	-00000007.891482	-00000000.282932
000000003.976616	-00000002.862754	-00000000.034208
000000007.336450	-00000005.281488	-00000000.063111
000000004.570835	-00000003.320906	000000000.039444
000000004.804507	-00000003.490679	000000000.124398
000000003.886211	-00000002.849488	-00000000.100942
000000004.007932	-00000002.938737	-00000000.034697
000000007.540073	-00000005.528611	-00000000.065275
000000005.401786	-00000003.997112	000000000.046914
000000005.304292	-00000003.924969	000000000.138220
000000003.829153	-00000002.859365	-00000000.100105
000000003.934060	-00000002.937702	-00000000.034278
000000005.752862	-00000004.295866	-00000000.050125
000000004.184748	-00000003.153434	000000000.036582
000000005.333715	-00000004.019243	000000000.139895
000000006.954590	-00000005.240659	000000000.182408
000000003.843846	-00000002.922929	-00000000.101152
000000004.107270	-00000003.123241	-00000000.036023
000000006.940969	-00000005.278035	-00000000.060877
000000004.902804	-00000003.762054	000000000.043144
000000004.830462	-00000003.706544	000000000.127539
000000003.660090	-00000002.833944	-00000000.096963
000000003.913818	-00000003.030401	-00000000.034557
000000004.341834	-00000003.392212	000000000.038467
000000004.742785	-00000003.705469	000000000.126073
000000003.627368	-00000002.859587	-00000000.096754
000000003.777282	-00000002.977769	-00000000.033580
000000004.265110	-00000003.392622	000000000.038048
000000004.725916	-00000003.759164	000000000.126492
000000003.805002	-00000003.053837	-00000000.102199
000000003.868133	-00000003.104505	-00000000.034627
000000003.971119	-00000003.215749	000000000.035674
000000004.677392	-00000003.787678	000000000.126073
000000003.708527	-00000003.029994	-00000000.100314
000000003.840894	-00000003.138142	-00000000.034627
000000004.452165	-00000003.670082	000000000.040282
000000004.559301	-00000003.758398	000000000.123770
000000003.751125	-00000003.119778	-00000000.102199
000000003.813363	-00000003.171540	-00000000.034627
000000004.006315	-00000003.361697	000000000.036512
000000004.488036	-00000003.765909	000000000.122723
000000003.662713	-00000003.100715	-00000000.100524
000000003.793173	-00000003.211158	-00000000.034697
000000003.954015	-00000003.377048	000000000.036303
000000004.462604	-00000003.811424	000000000.122932
000000003.688532	-00000003.178243	-00000000.101990
000000003.939242	-00000003.394268	-00000000.036303
000000004.694179	-00000004.080587	000000000.043423
000000004.572537	-00000003.974846	000000000.126911
000000003.480255	-00000003.052102	-00000000.096963
000000004.765619	-00000004.179336	-00000000.132775
000000004.480856	-00000003.929605	-00000000.041608
000000004.516093	-00000003.995502	000000000.042097
000000004.125841	-00000003.650236	000000000.115393
000000003.550454	-00000003.168902	-00000000.099686
000000004.953700	-00000004.421346	-00000000.046356
000000004.064903	-00000003.660055	000000000.038187
000000004.056681	-00000003.652652	000000000.114346
000000003.285848	-00000002.984654	-00000000.092984
000000005.365405	-00000004.873590	-00000000.151833
000000003.967473	-00000003.603798	-00000000.037420
000000004.106535	-00000003.762946	000000000.038886
000000004.805994	-00000004.403882	000000000.136545
000000003.230310	-00000002.986068	-00000000.092147
000000003.759640	-00000003.475375	-00000000.035744
000000004.878010	-00000004.548818	000000000.046565
000000004.540710	-00000004.234281	000000000.130052
000000002.949256	-00000002.774383	-00000000.084817
000000005.119325	-00000004.815780	-00000000.147225
000000003.561647	-00000003.350463	-00000000.034138
000000004.909101	-00000004.618021	-00000000.047054
000000004.758340	-00000004.515496	000000000.045797
000000021.354502	-00000020.264666	000000000.205528
000000004.518091	-00000004.287508	000000000.130471
000000002.903266	-00000002.779273	-00000000.084189
000000002.838821	-00000002.717580	-00000000.027436
000000004.940849	-00000004.729834	-00000000.047752
000000020.471296	-00000019.597002	-00000000.197849
000000003.481520	-00000003.362065	000000000.033789
000000004.689981	-00000004.529062	000000000.045518
000000020.838766	-00000020.123762	000000000.202247
000000004.689067	-00000004.528179	000000000.136545
000000004.826816	-00000004.702076	-00000000.141152
000000004.935200	-00000004.807659	-00000000.048101
000000004.493369	-00000004.415621	000000000.043982
000000020.633833	-00000020.276812	000000000.201968
000000004.948873	-00000004.863244	000000000.145340
000000019.082396	-00000018.752218	000000000.560419
000000002.882720	-00000002.857673	-00000000.085026
000000005.204517	-00000005.159296	-00000000.153508
000000007.157098	-00000007.094912	-00000000.211100
000000004.474059	-00000004.435185	-00000000.043982
000000004.475877	-00000004.475877	000000000.044191
000000004.828480	-00000004.828480	000000000.143037
000000002.822480	-00000002.847219	-00000000.083979
000000004.314664	-00000004.352482	-00000000.128377
000000004.322545	-00000004.360432	-00000000.042865
000000018.853056	-00000019.018301	-00000000.186958
000000004.303478	-00000004.379251	000000000.042865
000000004.519873	-00000004.599456	000000000.135079
000000018.142561	-00000018.462004	000000000.542199
000000018.233660	-00000018.554707	000000000.544922
000000003.892817	-00000003.996088	-00000000.116859
000000004.298285	-00000004.412313	-00000000.043005
000000002.910548	-00000003.013960	000000000.029251
000000004.188688	-00000004.337513	000000000.042097
000000004.333717	-00000004.487696	000000000.130681
000000018.105772	-00000018.749075	000000000.545969
000000002.820755	-00000002.946599	-00000000.085445
000000002.772900	-00000002.896609	-00000000.027995
000000004.225042	-00000004.413537	-00000000.042656
000000004.350295	-00000004.584254	000000000.044122
000000004.487088	-00000004.728404	000000000.136545
000000018.230513	-00000019.210953	000000000.554765
000000002.719580	-00000002.890999	-00000000.083141
000000002.733814	-00000002.906129	-00000000.027855
000000004.282290	-00000004.552207	-00000000.043633
000000018.033577	-00000019.170256	-00000000.183747
000000004.228287	-00000004.534282	000000000.043284
000000004.466110	-00000004.789316	000000000.137173
000000018.512194	-00000019.851898	000000000.568587
000000002.714607	-00000002.936646	-00000000.083770
000000002.735501	-00000002.959248	-00000000.028134
000000004.222038	-00000004.567375	-00000000.043423
000000004.107488	-00000004.482537	000000000.042446
000000004.356601	-00000004.754396	000000000.135079
000000002.655267	-00000002.923220	-00000000.082723
000000002.743190	-00000003.020016	-00000000.028484
000000004.188743	-00000004.611446	-00000000.043493
000000004.088288	-00000004.540504	000000000.042656
000000004.147700	-00000004.606487	000000000.129843
000000002.696229	-00000003.020870	-00000000.084817
000000002.743366	-00000003.073681	-00000000.028763
000000004.254880	-00000004.767190	-00000000.044610
000000004.147901	-00000004.688349	000000000.043703
000000004.140467	-00000004.679946	000000000.130890
000000002.656581	-00000003.029250	-00000000.084398
000000002.775778	-00000003.165169	-00000000.029391
000000004.298830	-00000004.901876	-00000000.045518
000000004.178994	-00000004.807383	000000000.044471
000000017.877172	-00000020.565334	000000000.190239
000000004.217534	-00000004.851718	000000000.134660
000000002.558257	-00000002.969003	-00000000.082094
000000002.630558	-00000003.052913	-00000000.028134
000000016.618858	-00000019.287134	-00000000.177743
000000004.312230	-00000005.048973	000000000.046356
000000017.372313	-00000020.340364	000000000.186749
000000004.291910	-00000005.025181	000000000.138429
000000002.667907	-00000003.151459	-00000000.086492
000000006.698836	-00000007.912985	-00000000.217173
000000002.681349	-00000003.167338	-00000000.028972
000000016.217318	-00000019.156668	-00000000.175230
000000002.693214	-00000003.209648	000000000.029251
000000004.165162	-00000004.963847	000000000.045239
000000017.097734	-00000020.376286	000000000.185702
000000004.228615	-00000005.039467	000000000.137801
000000015.780716	-00000019.143539	000000000.173205
000000016.970154	-00000020.586443	000000000.186260
000000004.216274	-00000005.114749	000000000.138848
000000015.879390	-00000019.263239	000000000.522932
000000020.127460	-00000024.416561	000000000.662828
000000015.531249	-00000019.179495	000000000.172298
000000016.519258	-00000020.399584	000000000.183258
000000015.408676	-00000019.028130	000000000.512880
000000006.324594	-00000007.951105	000000000.070930
000000006.348257	-00000007.980852	000000000.213613
000000006.236499	-00000007.982355	000000000.070720
000000002.739093	-00000003.505879	000000000.093194
000000006.266059	-00000008.020190	000000000.213194
000000006.178778	-00000008.052340	000000000.070860
000000006.201918	-00000008.082498	000000000.213403
000000015.580611	-00000020.676168	000000000.180745
000000016.450014	-00000021.829906	000000000.572566
000000015.352002	-00000020.747040	000000000.180186
000000015.997224	-00000021.619007	000000000.563351
000000017.073616	-00000023.073668	000000000.601257
000000015.146857	-00000020.847860	000000000.179907
000000016.912750	-00000023.278402	000000000.602723
000000019.915672	-00000027.411572	000000000.709739
000000002.671168	-00000003.744840	000000000.032114
000000016.331591	-00000022.896046	000000000.589110
000000014.654520	-00000020.928823	000000000.178371
000000013.590780	-00000019.409647	000000000.496335
000000013.434828	-00000019.547796	000000000.165595
000000013.358593	-00000019.436872	000000000.494032
000000013.151896	-00000019.498489	000000000.164199
000000013.076653	-00000019.386936	000000000.489843
000000013.400703	-00000020.246256	000000000.169505
000000012.901456	-00000019.491974	000000000.489634
000000013.621091	-00000020.974640	000000000.174601
000000012.866998	-00000019.813438	000000000.494869
000000014.805488	-00000022.798452	000000000.569424
000000013.432163	-00000021.084272	000000000.174532
000000012.849388	-00000020.169498	000000000.500943
000000017.512125	-00000027.488529	000000000.682723
000000013.231761	-00000021.175245	000000000.174322
000000018.341782	-00000029.352985	000000000.725027
000000011.865653	-00000019.362986	000000000.158544
000000012.910625	-00000021.068224	000000000.172507
000000011.868564	-00000019.367735	000000000.475812
000000012.690228	-00000021.120087	000000000.172018
000000011.817532	-00000019.667675	000000000.480629
000000011.505614	-00000019.532658	000000000.158265
000000012.393785	-00000021.040472	000000000.170482
000000011.625154	-00000019.735594	000000000.479791
000000011.582459	-00000020.061407	000000000.485236
