000000003.400132	000000003.946048	-00000000.109110
000000003.453015	000000004.007421	-00000000.036931
000000003.441030	000000003.923743	-00000000.109319
000000003.573567	000000004.074872	-00000000.037838
000000003.468483	000000003.886106	-00000000.109110
000000003.469159	000000003.886864	-00000000.036372
000000003.495540	000000003.848290	-00000000.108901
000000003.529840	000000003.886050	-00000000.036652
000000003.719012	000000004.023205	-00000000.114764
000000003.550041	000000003.840413	-00000000.036512
000000004.873671	000000005.272307	-00000000.050125
000000003.890986	000000004.136240	-00000000.118953
000000003.508051	000000003.729168	-00000000.035744
000000004.960604	000000005.273277	-00000000.050544
000000004.424713	000000004.622116	-00000000.134031
000000004.702174	000000004.911955	-00000000.047473
000000004.534643	000000004.654942	-00000000.136126
000000005.086769	000000005.221714	-00000000.050893
000000004.596208	000000004.636494	-00000000.136754
000000005.174382	000000005.219735	-00000000.051312
000000004.359582	000000004.321702	-00000000.128586
000000005.248142	000000005.202542	-00000000.051592
000000004.397129	000000004.283494	-00000000.128586
000000004.204590	000000004.095930	-00000000.040980
000000005.279016	000000005.142591	-00000000.051452
000000004.730446	000000004.528417	-00000000.137173
000000005.424821	000000005.193137	-00000000.052429
000000004.667834	000000004.391059	-00000000.134241
000000005.499067	000000005.173006	-00000000.052709
000000004.713316	000000004.356945	-00000000.134450
000000005.566029	000000005.145184	-00000000.052918
000000005.010178	000000004.550925	-00000000.141780
000000005.610717	000000005.096416	-00000000.052918
000000005.004947	000000004.467086	-00000000.140524
000000005.766883	000000005.147140	-00000000.053965
000000004.915954	000000004.311176	-00000000.136963
000000005.052240	000000004.430696	-00000000.046914
000000005.241200	000000004.516107	-00000000.144922
000000005.992193	000000005.163204	-00000000.055222
000000005.257518	000000004.450818	-00000000.144293
000000006.067550	000000005.136560	-00000000.055501
000000005.365339	000000004.462306	-00000000.146178
000000006.158273	000000005.121782	-00000000.055920
000000005.435044	000000004.440617	-00000000.147016
000000006.233709	000000005.093154	-00000000.056199
000000005.481386	000000004.399277	-00000000.147225
000000006.270118	000000005.032302	-00000000.056129
000000005.668745	000000004.468878	-00000000.151204
000000006.329501	000000004.989776	-00000000.056269
000000005.794483	000000004.486568	-00000000.153508
000000006.459776	000000005.001693	-00000000.057037
000000005.905040	000000004.490296	-00000000.155393
000000006.542977	000000004.975396	-00000000.057386
000000005.935988	000000004.432613	-00000000.155183
000000006.762417	000000005.049736	-00000000.058922
000000006.047008	000000004.433850	-00000000.157068
000000006.765906	000000004.960967	-00000000.058573
000000006.036786	000000004.345864	-00000000.155812
000000006.898211	000000004.966001	-00000000.059341
000000006.025493	000000004.258398	-00000000.154555
000000006.859622	000000004.847901	-00000000.058643
000000006.152786	000000004.268339	-00000000.156859
000000007.090641	000000004.918952	-00000000.060248
000000006.264176	000000004.265126	-00000000.158744
000000007.075436	000000004.817493	-00000000.059760
000000007.908826	000000005.334570	000000000.066601
000000005.918765	000000003.954792	-00000000.149110
000000006.551821	000000004.377787	-00000000.055012
000000008.512107	000000005.634041	000000000.213822
000000005.869441	000000003.848174	-00000000.147016
000000006.021113	000000003.947615	-00000000.050265
000000007.702008	000000005.049658	-00000000.064297
000000008.394888	000000005.451704	000000000.069882
000000008.879574	000000005.766462	000000000.221780
000000005.877573	000000003.780582	-00000000.146388
000000005.971231	000000003.840825	-00000000.049567
000000007.939214	000000005.106674	-00000000.065903
000000008.501179	000000005.415848	000000000.070371
000000009.022309	000000005.747845	000000000.224084
000000006.138638	000000003.873192	-00000000.152042
000000006.858685	000000004.327508	-00000000.056618
000000006.911423	000000004.318737	000000000.056897
000000006.901598	000000004.312597	000000000.170471
000000006.078685	000000003.761605	-00000000.149738
000000006.751632	000000004.178037	-00000000.055431
000000006.769798	000000004.148538	000000000.055431
000000006.811100	000000004.173848	000000000.167330
000000006.102732	000000003.703229	-00000000.149529
000000006.693797	000000004.061895	-00000000.054663
000000006.762885	000000004.063551	000000000.055082
000000006.821555	000000004.098804	000000000.166702
000000006.272291	000000003.731621	-00000000.152880
000000006.746176	000000004.013553	-00000000.054803
000000006.772240	000000003.989154	000000000.054873
000000006.848449	000000004.034045	000000000.166492
000000006.390981	000000003.727110	-00000000.154974
000000006.884601	000000004.014981	-00000000.055641
000000006.902054	000000003.984903	000000000.055641
000000006.961317	000000004.019118	000000000.168377
000000006.900667	000000003.944056	-00000000.166492
000000007.093011	000000004.053990	-00000000.057037
000000008.464732	000000004.837993	-00000000.068067
000000009.338689	000000005.283576	000000000.074909
000000013.896532	000000007.862280	000000000.334450
000000006.873761	000000003.849491	-00000000.165026
000000007.189192	000000004.026141	-00000000.057526
000000009.655566	000000005.352168	000000000.077073
000000010.361971	000000005.743734	000000000.248168
000000014.183220	000000007.861887	000000000.339686
000000007.205113	000000003.952861	-00000000.172147
000000008.214729	000000004.506755	-00000000.065414
000000009.860088	000000005.353591	000000000.078330
000000014.075562	000000007.642407	000000000.335498
000000007.256948	000000003.899299	-00000000.172566
000000008.315406	000000004.468029	-00000000.065903
000000010.135991	000000005.389402	000000000.080145
000000014.406544	000000007.660095	000000000.341780
000000007.680008	000000004.040648	-00000000.181780
000000008.628419	000000004.539631	-00000000.068067
000000010.093937	000000005.254571	000000000.079447
000000015.164559	000000007.894170	000000000.358115
000000007.910517	000000004.074184	-00000000.186388
000000008.667706	000000004.464162	-00000000.068067
000000010.255236	000000005.225304	000000000.080354
000000010.591744	000000005.396763	000000000.249005
000000014.671659	000000007.475584	000000000.344922
000000008.008265	000000004.036498	-00000000.187854
000000009.063515	000000004.568388	-00000000.070860
000000010.157258	000000005.064222	000000000.079237
000000014.235283	000000007.097450	000000000.333194
000000015.801074	000000007.878125	000000000.369843
000000008.150785	000000004.019523	-00000000.190367
000000009.112005	000000004.493544	-00000000.070930
000000010.317904	000000005.032378	000000000.080145
000000013.984895	000000006.820889	000000000.108628
000000014.359578	000000007.003634	000000000.334660
000000015.914151	000000007.761850	000000000.370890
000000008.284606	000000003.996020	-00000000.192670
000000009.204912	000000004.439922	-00000000.071348
000000010.433632	000000004.976587	000000000.080703
000000012.446348	000000005.936604	000000000.096272
000000013.773116	000000006.569439	000000000.106534
000000016.134686	000000007.695850	000000000.374450
000000008.409588	000000003.966219	-00000000.194765
000000009.297572	000000004.385020	-00000000.071767
000000010.567291	000000004.927609	000000000.081401
000000012.968948	000000006.047520	000000000.099902
000000014.008446	000000006.532246	000000000.323770
000000016.491184	000000007.689966	000000000.381152
000000008.462038	000000003.901053	-00000000.195183
000000009.753220	000000004.496296	-00000000.074979
000000010.518896	000000004.793737	000000000.080703
000000013.785577	000000006.282449	000000000.105766
000000014.337845	000000006.534132	000000000.330053
000000016.312027	000000007.433819	000000000.375498
000000008.513990	000000003.835273	-00000000.195602
000000009.919729	000000004.468512	-00000000.075956
000000010.861791	000000004.835981	000000000.083007
000000011.985424	000000005.336255	000000000.091594
000000014.040852	000000006.251390	000000000.107302
000000014.741389	000000006.563290	000000000.338011
000000016.969952	000000007.555510	000000000.389110
000000008.821668	000000003.881627	-00000000.201885
000000010.333614	000000004.546899	-00000000.078818
000000010.848557	000000004.717086	000000000.082588
000000014.149893	000000006.152548	000000000.107721
000000014.385516	000000006.255001	000000000.328587
000000015.504085	000000006.741368	000000000.354136
000000018.447203	000000008.021072	000000000.421362
000000008.855206	000000003.804496	-00000000.201885
000000010.290211	000000004.421023	-00000000.078190
000000010.926126	000000004.637866	000000000.082868
000000014.184634	000000006.021020	000000000.107581
000000014.853689	000000006.305017	000000000.338011
000000018.461277	000000007.836347	000000000.420105
000000009.256867	000000003.881727	-00000000.210262
000000010.475947	000000004.392930	-00000000.079307
000000010.966183	000000004.542342	000000000.082868
000000014.273591	000000005.912315	000000000.107860
000000015.277617	000000006.328196	000000000.346388
000000018.325750	000000007.590774	000000000.415498
000000009.253375	000000003.785656	-00000000.209424
000000010.467608	000000004.282412	-00000000.078958
000000011.051763	000000004.465202	000000000.083217
000000014.287555	000000005.772547	000000000.107581
000000014.655562	000000005.921231	000000000.331100
000000018.483992	000000007.468018	000000000.417592
000000009.546068	000000003.808495	-00000000.215288
000000010.681049	000000004.261307	-00000000.080284
000000010.913531	000000004.298954	000000000.081890
000000014.430425	000000005.684296	000000000.108279
000000014.753186	000000005.811434	000000000.332147
000000009.578939	000000003.725046	-00000000.215288
000000010.689870	000000004.157063	-00000000.080075
000000010.847940	000000004.164134	000000000.081122
000000010.892494	000000004.181237	000000000.244398
000000009.826116	000000003.722782	-00000000.220105
000000010.332993	000000003.914821	-00000000.077143
000000010.818300	000000004.044797	000000000.080634
000000010.928567	000000004.086024	000000000.244398
000000009.839468	000000003.629972	-00000000.219686
000000010.779555	000000003.976788	-00000000.080215
000000010.881375	000000003.960497	000000000.080843
000000010.963808	000000003.990500	000000000.244398
000000010.181291	000000003.655457	-00000000.226597
000000010.870318	000000003.902843	-00000000.080634
000000010.840113	000000003.838685	000000000.080284
000000015.195011	000000005.380836	000000000.112538
000000015.437080	000000005.466557	000000000.343037
000000010.203364	000000003.563174	-00000000.226388
000000011.253267	000000003.929817	-00000000.083217
000000011.364857	000000003.913234	000000000.083915
000000015.042833	000000005.179663	000000000.111072
000000015.597635	000000005.370697	000000000.345550
000000010.555955	000000003.583264	-00000000.233508
000000011.353415	000000003.853965	-00000000.083705
000000013.029441	000000004.422899	-00000000.096062
000000015.068496	000000005.041848	000000000.110932
000000016.373959	000000005.478650	000000000.361676
000000010.463389	000000003.450308	-00000000.230785
000000011.700007	000000003.858084	-00000000.086009
000000014.607872	000000004.746385	000000000.107232
000000016.481407	000000005.355134	000000000.120985
000000016.506721	000000005.363358	000000000.363560
000000011.035847	000000003.532602	-00000000.242723
000000011.980847	000000003.835099	-00000000.087824
000000014.515219	000000004.576631	000000000.106255
000000016.594271	000000005.232153	000000000.121474
000000017.306166	000000005.456613	000000000.380105
000000019.508768	000000006.151091	000000000.428482
000000010.846647	000000003.367973	-00000000.237906
000000011.927908	000000003.703714	-00000000.087196
000000014.334500	000000004.450981	-00000000.104789
000000014.688483	000000004.490720	000000000.107232
000000017.346945	000000005.303493	000000000.126640
000000017.869417	000000005.463229	000000000.391414
000000011.124538	000000003.348106	-00000000.243351
000000012.879021	000000003.876145	-00000000.093898
000000014.535353	000000004.305568	000000000.105836
000000017.843201	000000005.285397	000000000.129921
000000018.251925	000000005.406466	000000000.398744
000000010.778995	000000003.141790	-00000000.235183
000000012.825953	000000003.738425	-00000000.093270
000000014.851131	000000004.258493	000000000.107860
000000017.907867	000000005.134999	000000000.130061
000000019.028807	000000005.456422	000000000.414660
000000011.094675	000000003.129022	-00000000.241466
000000012.781094	000000003.604641	-00000000.092711
000000014.878091	000000004.126060	000000000.107791
000000018.154356	000000005.034648	000000000.131527
000000019.200943	000000005.324893	000000000.417382
000000010.841831	000000002.955822	-00000000.235393
000000013.661056	000000003.724431	-00000000.098855
000000015.068076	000000004.037479	000000000.108908
000000015.065139	000000004.036692	000000000.326702
000000010.983232	000000002.891644	-00000000.237906
000000013.148941	000000003.461827	-00000000.284817
000000013.896111	000000003.658541	-00000000.100321
000000014.967197	000000003.870780	000000000.107930
000000015.090112	000000003.902568	000000000.326492
000000010.843315	000000002.753851	-00000000.234346
000000014.072890	000000003.574059	-00000000.101368
000000018.036949	000000004.580801	-00000000.129921
000000015.175056	000000003.783566	000000000.109187
000000018.910603	000000004.714943	000000000.136065
000000021.147806	000000005.272740	000000000.456545
000000011.032025	000000002.699519	-00000000.237906
000000012.508142	000000003.060723	-00000000.269738
000000013.867723	000000003.393410	-00000000.299058
000000014.870885	000000003.638882	-00000000.106883
000000018.192793	000000004.451748	-00000000.130759
000000019.544159	000000004.692138	000000000.140323
000000021.669373	000000005.202356	000000000.466807
000000010.811872	000000002.545858	-00000000.232670
000000015.048077	000000003.543352	-00000000.107930
000000018.240683	000000004.295111	-00000000.130829
000000019.438210	000000004.487664	000000000.139276
000000022.434822	000000005.179487	000000000.482304
000000011.165220	000000002.526431	-00000000.239791
000000015.010153	000000003.396451	-00000000.107442
000000017.253386	000000003.904043	-00000000.123498
000000018.998257	000000004.211812	000000000.135855
000000021.204632	000000004.700953	000000000.151633
000000023.513813	000000005.212887	000000000.504503
000000010.864427	000000002.358898	-00000000.232880
000000015.642039	000000003.396219	-00000000.335288
000000017.062038	000000003.704532	-00000000.121893
000000019.171227	000000004.074970	000000000.136833
000000019.245724	000000004.090805	000000000.412147
000000011.119517	000000002.312863	-00000000.237906
000000017.504906	000000003.641026	-00000000.124825
000000018.990477	000000003.863656	000000000.135297
000000019.104342	000000003.886822	000000000.408377
000000010.894135	000000002.166978	-00000000.232670
000000017.575245	000000003.495933	-00000000.125104
000000019.268871	000000003.745489	000000000.137042
000000023.165838	000000004.502983	000000000.164758
000000026.821987	000000005.213666	000000000.572356
000000010.981387	000000002.084882	-00000000.234136
000000012.150246	000000002.306796	-00000000.259058
000000012.533318	000000002.379525	-00000000.267225
000000018.086472	000000003.433824	-00000000.128525
000000022.171858	000000004.109311	000000000.157427
000000027.603743	000000005.116051	000000000.588063
000000010.861426	000000001.964066	-00000000.231204
000000018.735680	000000003.387963	-00000000.132923
000000020.897110	000000003.684724	000000000.148142
000000023.053787	000000004.065005	000000000.163431
000000023.246212	000000004.098935	000000000.494451
000000011.085074	000000001.904764	-00000000.235602
000000012.533524	000000002.153653	-00000000.266388
000000018.853228	000000003.239577	-00000000.133552
000000020.928471	000000003.502225	000000000.148142
000000023.167284	000000003.876874	000000000.163990
000000023.221931	000000003.886019	000000000.493194
000000010.726297	000000001.746889	-00000000.227644
000000019.976320	000000003.253350	-00000000.141301
000000023.575546	000000003.734000	000000000.166643
000000027.694107	000000004.386316	000000000.195755
000000031.816339	000000005.039213	000000000.674765
000000010.889356	000000001.676032	-00000000.230785
000000019.341763	000000002.976982	-00000000.136623
000000027.345621	000000004.086831	000000000.193032
000000032.679806	000000004.884029	000000000.692147
000000010.685891	000000001.549380	-00000000.226178
000000019.367006	000000002.808082	-00000000.136623
000000022.622881	000000003.280161	-00000000.159592
000000024.384415	000000003.535572	-00000000.172018
000000027.528780	000000003.868918	000000000.194079
000000027.770927	000000003.902949	000000000.587435
000000010.827789	000000001.473597	-00000000.228901
000000019.470039	000000002.649756	-00000000.137182
000000022.967712	000000003.125768	-00000000.161826
000000025.474541	000000003.466933	-00000000.179488
000000027.769693	000000003.655950	000000000.195545
000000030.486187	000000004.013583	000000000.214674
000000037.042168	000000004.876694	000000000.782618
000000038.628136	000000005.085490	000000000.816126
000000010.651796	000000001.355080	-00000000.224922
000000019.393223	000000002.467130	-00000000.136484
000000024.313450	000000003.093061	-00000000.171111
000000026.039495	000000003.312642	-00000000.183258
000000030.569675	000000003.753484	000000000.215023
000000040.129761	000000004.927315	000000000.846911
000000010.663216	000000001.262075	-00000000.224922
000000018.967146	000000002.244910	-00000000.133342
000000027.725796	000000003.281564	-00000000.194917
000000030.879461	000000003.518270	000000000.216978
000000010.673823	000000001.168974	-00000000.224922
000000019.025774	000000002.083661	-00000000.133621
000000020.655989	000000002.262199	-00000000.145071
000000030.109234	000000003.297497	-00000000.211462
000000036.398613	000000003.825648	000000000.255514
000000036.461117	000000003.832218	000000000.767959
000000010.653776	000000001.072779	-00000000.224293
000000018.505964	000000001.863453	-00000000.129851
000000036.500286	000000003.514578	000000000.256003
000000040.372288	000000003.887409	000000000.283160
000000040.473885	000000003.897192	000000000.851728
000000010.573129	000000000.971534	-00000000.222409
000000033.368607	000000003.066144	-00000000.233942
000000040.474407	000000003.541052	000000000.283649
000000044.738014	000000003.914069	000000000.313528
000000044.818932	000000003.921148	000000000.942409
000000010.680840	000000000.887509	-00000000.224503
000000044.780434	000000003.524297	000000000.313598
000000048.977772	000000003.854634	000000001.029111
000000010.548593	000000000.783896	-00000000.221571
000000018.418762	000000001.368750	-00000000.128944
000000049.068977	000000003.431237	000000000.343408
000000053.099041	000000003.713047	000000000.371612
000000053.068741	000000003.710928	000000001.114346
000000010.295646	000000000.674812	-00000000.216126
000000057.401333	000000003.510816	000000000.401492
000000057.539829	000000003.519287	000000001.207540
000000010.480813	000000000.595144	-00000000.219895
000000010.575484	000000000.507977	-00000000.221780
000000078.987411	000000003.448665	000000001.656127
000000010.369722	000000000.407428	-00000000.217382
000000095.510811	000000003.335311	000000002.001886
000000010.822575	000000000.330660	-00000000.226806
000000010.395245	000000000.226825	-00000000.217801
000000010.726727	000000000.140421	-00000000.224712
000000010.387623	000000000.045325	-00000000.217592
000000010.587577	-00000000.046197	-00000000.221780
000000010.386831	-00000000.135971	-00000000.217592
000000010.695107	-00000000.233368	-00000000.224084
000000017.695358	-00000000.386114	-00000000.123568
000000010.372884	-00000000.316920	-00000000.217382
000000010.819277	-00000000.425091	-00000000.226806
000000010.495594	-00000000.504140	-00000000.220105
000000017.739115	-00000000.852071	-00000000.123987
000000010.790247	-00000000.612715	-00000000.226388
000000066.610886	-00000004.074096	000000001.397907
000000010.475221	-00000000.686582	-00000000.219895
000000045.597542	-00000003.188491	000000000.319113
000000057.197750	-00000003.999656	000000001.201048
000000010.777910	-00000000.800937	-00000000.226388
000000018.059761	-00000001.342072	-00000000.126431
000000036.605915	-00000002.880948	000000000.256352
000000041.500660	-00000003.266173	000000000.290630
000000051.778500	-00000004.075056	000000001.087959
000000010.461643	-00000000.869295	-00000000.219895
000000017.838087	-00000001.482231	-00000000.124965
000000033.939526	-00000002.969324	000000000.237852
000000051.501930	-00000004.505835	000000001.082932
000000010.652776	-00000000.978853	-00000000.224084
000000018.163038	-00000001.668949	-00000000.127338
000000031.645910	-00000002.907851	-00000000.221864
000000033.006535	-00000003.178168	000000000.231499
000000042.533905	-00000004.095549	000000000.895079
000000051.838818	-00000004.991510	000000001.090891
000000010.444879	-00000001.051744	-00000000.219895
000000017.899048	-00000001.802339	-00000000.125593
000000021.848976	-00000002.200076	-00000000.153308
000000033.405178	-00000003.511025	000000000.234501
000000034.661430	-00000003.643063	000000000.730053
000000011.121051	-00000001.217953	-00000000.234346
000000018.290190	-00000002.003102	-00000000.128455
000000019.870701	-00000002.176196	-00000000.139555
000000026.401493	-00000002.891434	-00000000.185422
000000027.769657	-00000003.163953	000000000.195126
000000033.979332	-00000003.871456	000000000.238759
000000042.376480	-00000004.828190	000000000.893404
000000010.424932	-00000001.233872	-00000000.219895
000000017.547092	-00000002.076835	-00000000.123359
000000019.354433	-00000002.290748	-00000000.136065
000000025.163742	-00000002.978325	-00000000.176905
000000030.242144	-00000003.713268	000000000.212719
000000032.266888	-00000003.961876	000000000.226961
000000036.150528	-00000004.438726	000000000.762932
000000010.989004	-00000001.397978	-00000000.232042
000000017.726698	-00000002.255121	-00000000.124755
000000019.928894	-00000002.535275	-00000000.140254
000000023.202429	-00000002.951722	-00000000.163292
000000029.613737	-00000003.898722	000000000.208530
000000031.338808	-00000004.125833	000000000.220678
000000034.263500	-00000004.510875	000000000.241272
000000035.634628	-00000004.691388	000000000.752880
000000010.411716	-00000001.416973	-00000000.220105
000000017.438816	-00000002.373319	-00000000.122870
000000019.668209	-00000002.676726	-00000000.138578
000000029.756830	-00000004.182050	000000000.209787
000000035.450733	-00000004.982275	000000000.249929
000000035.404217	-00000004.975739	000000000.748901
000000010.923355	-00000001.583811	-00000000.231204
000000017.071070	-00000002.475187	-00000000.120427
000000029.659863	-00000004.432696	000000000.209368
000000035.287228	-00000005.273711	000000000.249091
000000035.230907	-00000005.265295	000000000.746178
000000010.385402	-00000001.598466	-00000000.220105
000000014.696577	-00000002.262020	-00000000.103811
000000016.396519	-00000002.523665	-00000000.115819
000000019.430714	-00000002.990673	-00000000.137252
000000028.829920	-00000004.566211	000000000.203783
000000030.015116	-00000004.753927	000000000.212160
000000035.348507	-00000005.598653	000000000.249859
000000035.232990	-00000005.580358	000000000.747226
000000010.864447	-00000001.769387	-00000000.230576
000000013.143908	-00000002.140621	-00000000.278953
000000014.064356	-00000002.290526	-00000000.099483
000000015.959342	-00000002.599144	-00000000.112887
000000017.745762	-00000002.890081	-00000000.125523
000000019.212376	-00000003.215049	000000000.135995
000000035.229263	-00000005.895357	000000000.249371
000000028.872110	-00000004.831534	000000000.613194
000000035.330864	-00000005.912359	000000000.750367
000000010.346069	-00000001.777780	-00000000.219895
000000015.758657	-00000002.707833	-00000000.111630
000000018.005671	-00000003.093940	-00000000.127548
000000015.392170	-00000002.714055	000000000.109117
000000028.598122	-00000005.042620	000000000.202736
000000028.228247	-00000004.977401	000000000.600419
000000010.428544	-00000001.885788	-00000000.221990
000000013.547269	-00000002.449745	-00000000.288377
000000015.330980	-00000002.772293	-00000000.108768
000000019.379480	-00000003.591774	000000000.137601
000000027.550131	-00000005.106115	000000000.195615
000000044.501030	-00000008.247779	000000000.315972
000000028.026449	-00000005.194396	000000000.597068
000000010.323289	-00000001.959938	-00000000.220105
000000013.073547	-00000002.482090	-00000000.278744
000000015.129367	-00000002.872400	-00000000.107511
000000018.351727	-00000003.484184	-00000000.130410
000000019.160896	-00000003.724501	000000000.136274
000000028.201462	-00000005.481809	000000000.200572
000000019.628239	-00000003.815343	000000000.418848
000000027.950611	-00000005.433048	000000000.596440
000000010.423461	-00000002.073355	-00000000.222618
000000013.639731	-00000002.713111	-00000000.291309
000000013.867967	-00000002.758510	-00000000.098715
000000017.879280	-00000003.556410	-00000000.127268
000000019.068869	-00000003.879605	000000000.135855
000000027.956572	-00000005.687829	000000000.199175
000000019.094543	-00000003.884829	000000000.408168
000000010.287512	-00000002.139806	-00000000.220105
000000013.549660	-00000002.818333	-00000000.096621
000000016.598759	-00000003.528175	000000000.118472
000000019.200569	-00000004.081207	000000000.137042
000000018.883886	-00000004.013894	000000000.404398
000000010.444309	-00000002.267682	-00000000.223874
000000012.320181	-00000002.674973	-00000000.264084
000000012.928452	-00000002.807042	-00000000.092362
000000016.391611	-00000003.633933	000000000.117215
000000019.095884	-00000004.233456	000000000.136553
000000018.682207	-00000004.141746	000000000.400838
000000010.248600	-00000002.319021	-00000000.220105
000000012.093949	-00000002.736581	-00000000.086568
000000013.787000	-00000003.182980	000000000.098785
000000015.852615	-00000003.659865	000000000.113585
000000019.145905	-00000004.420180	000000000.137182
000000018.801218	-00000004.340603	000000000.404189
000000010.500459	-00000002.472530	-00000000.225969
000000011.582931	-00000002.727418	-00000000.083077
000000013.330867	-00000003.200458	000000000.095713
000000019.223286	-00000004.615102	000000000.138020
000000026.088049	-00000006.263186	000000000.187307
000000018.782066	-00000004.509175	000000000.404608
000000010.060897	-00000002.461886	-00000000.216963
000000011.403277	-00000002.790364	-00000000.081960
000000012.467997	-00000003.108621	000000000.089709
000000026.546644	-00000006.618822	000000000.191007
000000018.606192	-00000004.639044	000000000.401676
000000010.601060	-00000002.692326	-00000000.229110
000000011.378493	-00000002.889769	-00000000.081960
000000012.111232	-00000003.132178	000000000.087336
000000018.729549	-00000004.843791	000000000.405236
000000010.267776	-00000002.703280	-00000000.222409
000000011.198119	-00000002.948219	-00000000.080843
000000012.064119	-00000003.232571	000000000.087196
000000014.266377	-00000003.822664	000000000.103113
000000019.298727	-00000005.171078	000000000.139486
000000018.821766	-00000005.043277	000000000.408168
000000009.829026	-00000002.679700	-00000000.213403
000000010.390507	-00000002.832777	-00000000.075188
000000011.794549	-00000003.270918	000000000.085451
000000012.100545	-00000003.355778	000000000.263037
000000009.478106	-00000002.673102	-00000000.206283
000000010.240274	-00000002.888056	-00000000.074281
000000011.755943	-00000003.370963	000000000.085381
000000012.032357	-00000003.450223	000000000.262199
000000009.195260	-00000002.680174	-00000000.200628
000000010.003476	-00000002.915747	-00000000.072745
000000011.620612	-00000003.442182	000000000.084613
000000011.925101	-00000003.532376	000000000.260524
000000009.047065	-00000002.722857	-00000000.197906
000000009.766990	-00000002.939530	-00000000.071209
000000010.997236	-00000003.362193	000000000.080284
000000010.622215	-00000003.247537	000000000.232670
000000012.161529	-00000003.718153	000000000.266388
000000022.124039	-00000006.763997	000000000.484608
000000008.927479	-00000002.772056	-00000000.195812
000000008.900569	-00000002.763700	-00000000.065065
000000010.347577	-00000003.262578	000000000.075747
000000013.444460	-00000004.239022	000000000.295288
000000008.531595	-00000002.730985	-00000000.187644
000000008.914207	-00000002.853460	-00000000.065345
000000010.489898	-00000003.408374	000000000.077003
000000013.502041	-00000004.387079	000000000.297382
000000008.516933	-00000002.808463	-00000000.187854
000000008.850980	-00000002.918615	-00000000.065065
000000011.348628	-00000003.742216	-00000000.083426
000000011.739961	-00000003.928136	000000000.086428
000000013.427936	-00000004.492924	000000000.098855
000000013.377912	-00000004.476187	000000000.295498
000000008.387960	-00000002.847329	-00000000.185550
000000008.588447	-00000002.915385	-00000000.063320
000000011.979428	-00000004.124848	000000000.088453
000000013.473311	-00000004.639233	000000000.099483
000000015.014469	-00000005.169896	000000000.110862
000000013.187091	-00000004.540679	000000000.292147
000000008.183456	-00000002.857791	-00000000.181571
000000008.628764	-00000003.013299	-00000000.063809
000000010.885081	-00000003.801240	-00000000.080494
000000011.669618	-00000004.132428	000000000.086428
000000013.168381	-00000004.663168	000000000.097528
000000014.742554	-00000005.220612	000000000.109187
000000011.714464	-00000004.148309	000000000.260314
000000013.307178	-00000004.712319	000000000.295707
000000007.951193	-00000002.854770	-00000000.176963
000000008.432732	-00000003.027660	-00000000.062552
000000011.547949	-00000004.146137	-00000000.085660
000000011.774061	-00000004.285408	000000000.087475
000000013.399691	-00000004.877089	000000000.099553
000000011.630843	-00000004.233281	000000000.259267
000000007.757141	-00000002.861760	-00000000.173194
000000008.359081	-00000003.083828	-00000000.062203
000000011.286166	-00000004.163687	-00000000.083985
000000011.783049	-00000004.405501	000000000.087824
000000011.443624	-00000004.278596	000000000.255916
000000007.442044	-00000002.819538	-00000000.166702
000000007.770784	-00000002.944087	-00000000.058014
000000010.258183	-00000003.886478	-00000000.076584
000000011.015981	-00000004.228639	000000000.082379
000000013.331203	-00000005.117370	000000000.099692
000000011.480521	-00000004.406959	000000000.257592
000000007.417156	-00000002.884374	-00000000.166702
000000007.903234	-00000003.073400	-00000000.059201
000000011.369426	-00000004.478536	000000000.085311
000000011.348604	-00000004.470334	000000000.255498
000000007.298842	-00000002.911943	-00000000.164607
000000007.755371	-00000003.094079	-00000000.058294
000000011.061852	-00000004.413231	-00000000.083147
000000011.366998	-00000004.592565	000000000.085590
000000011.160845	-00000004.509274	000000000.252147
000000014.275499	-00000005.767676	000000000.322513
000000007.226886	-00000002.956597	-00000000.163560
000000007.394888	-00000003.025329	-00000000.055780
000000009.310711	-00000003.809112	-00000000.070231
000000018.195683	-00000007.444050	-00000000.137252
000000011.529736	-00000004.775773	000000000.087126
000000015.687092	-00000006.497806	000000000.118542
000000011.158017	-00000004.621802	000000000.252984
000000007.173150	-00000003.007951	-00000000.162932
000000007.008556	-00000002.938932	-00000000.053058
000000011.232135	-00000004.710025	-00000000.085032
000000011.340343	-00000004.813690	000000000.086009
000000010.960808	-00000004.652587	000000000.249424
000000006.494430	-00000002.790227	-00000000.148063
000000007.515529	-00000003.228926	-00000000.057107
000000009.178500	-00000003.943395	-00000000.069743
000000010.997663	-00000004.724969	-00000000.083566
000000011.252053	-00000004.892532	000000000.085660
000000011.414894	-00000004.963337	000000000.260733
000000006.250206	-00000002.750157	-00000000.143037
000000006.919586	-00000003.044691	-00000000.052778
000000009.198656	-00000004.047506	-00000000.070162
000000011.340433	-00000004.989910	-00000000.086498
000000011.419040	-00000005.084084	000000000.087266
000000014.725995	-00000006.556435	000000000.112538
000000011.499015	-00000005.119691	000000000.263665
000000014.586122	-00000006.494160	000000000.334450
000000006.198622	-00000002.792276	-00000000.142408
000000006.683053	-00000003.010496	-00000000.051173
000000017.468935	-00000007.869181	-00000000.133761
000000011.037561	-00000005.030107	000000000.084683
000000017.452633	-00000007.953623	000000000.133901
000000011.435704	-00000005.211551	000000000.263246
000000014.610772	-00000006.658513	000000000.336335
000000005.901636	-00000002.720691	-00000000.136126
000000006.111655	-00000002.817511	-00000000.046984
000000009.744139	-00000004.492109	-00000000.074909
000000017.435925	-00000008.038072	-00000000.134040
000000009.679132	-00000004.513453	000000000.074560
000000011.645772	-00000005.430512	000000000.089709
000000017.409748	-00000008.118299	000000000.134110
000000011.444157	-00000005.336498	000000000.264503
000000017.524149	-00000008.171644	000000000.405026
000000005.687775	-00000002.682529	-00000000.131728
000000006.104923	-00000002.879269	-00000000.047124
000000009.614124	-00000004.534315	-00000000.074211
000000010.609000	-00000005.003529	-00000000.081890
000000011.363272	-00000005.420002	000000000.087894
000000041.472782	-00000019.781504	000000000.320789
000000011.451295	-00000005.461987	000000000.265759
000000005.556089	-00000002.679939	-00000000.129215
000000005.962477	-00000002.875957	-00000000.046216
000000009.808365	-00000004.730994	-00000000.076026
000000005.985822	-00000002.919481	000000000.046495
000000010.857167	-00000005.295394	000000000.084334
000000011.016799	-00000005.373251	000000000.256754
000000005.586292	-00000002.754854	-00000000.130471
000000005.659129	-00000002.790774	-00000000.044052
000000009.486073	-00000004.729582	000000000.074001
000000011.284847	-00000005.626417	000000000.088034
000000010.906857	-00000005.437958	000000000.255288
000000005.508472	-00000002.776498	-00000000.129215
000000005.705996	-00000002.876059	-00000000.044610
000000005.737942	-00000002.923628	000000000.044959
000000038.018322	-00000019.371302	000000000.297890
000000011.001517	-00000005.605553	000000000.258639
000000005.555139	-00000002.861084	-00000000.130890
000000005.574002	-00000002.870800	-00000000.043773
000000005.694471	-00000002.964354	000000000.044820
000000037.210812	-00000019.370722	000000000.878744
000000005.353001	-00000002.816350	-00000000.126702
000000005.584136	-00000002.937956	-00000000.044052
000000005.712532	-00000003.037407	000000000.045169
000000009.915259	-00000005.272037	000000000.078400
000000036.879822	-00000019.609350	000000000.291607
000000006.841343	-00000003.637607	000000000.162304
000000036.245880	-00000019.272276	000000000.859896
000000005.354641	-00000002.877152	-00000000.127330
000000005.470198	-00000002.939244	-00000000.043354
000000005.756112	-00000003.125314	000000000.045727
000000006.774194	-00000003.678087	000000000.161466
000000005.189084	-00000002.846829	-00000000.123979
000000005.400505	-00000002.962819	-00000000.043005
000000005.509970	-00000003.054226	000000000.043982
000000036.103420	-00000020.012453	000000000.288186
000000006.007319	-00000003.329911	000000000.143874
000000005.068090	-00000002.838267	-00000000.121675
000000005.243573	-00000002.936542	-00000000.041957
000000005.239414	-00000002.964318	000000000.042027
000000034.735050	-00000019.652145	000000000.278622
000000035.779449	-00000020.243040	000000000.287000
000000007.144053	-00000004.041911	000000000.171937
000000005.043129	-00000002.882385	-00000000.121675
000000005.217748	-00000002.982189	-00000000.041957
000000005.481807	-00000003.164923	000000000.044191
000000006.424499	-00000003.709186	000000000.155393
000000005.121421	-00000002.986724	-00000000.124189
000000005.061953	-00000002.952044	-00000000.040910
000000010.823595	-00000006.312134	-00000000.087475
000000005.712462	-00000003.364897	000000000.046286
000000006.262670	-00000003.688995	000000000.152251
000000004.811620	-00000002.862613	-00000000.117278
000000005.199282	-00000003.093248	-00000000.042237
000000006.728988	-00000004.003327	-00000000.054663
000000008.971984	-00000005.337770	-00000000.072884
000000005.322879	-00000003.198308	000000000.043354
000000005.878878	-00000003.532386	000000000.143665
000000004.624059	-00000002.805948	-00000000.113298
000000005.402912	-00000003.278567	-00000000.044122
000000006.309383	-00000003.866395	000000000.051661
000000006.171761	-00000003.782060	000000000.151623
000000004.556889	-00000002.819888	-00000000.112251
000000004.829883	-00000002.988822	-00000000.039654
000000004.358861	-00000002.723719	000000000.035884
000000006.131238	-00000003.831223	000000000.050475
000000006.002863	-00000003.751005	000000000.148272
000000004.557473	-00000002.875551	-00000000.112880
000000004.744418	-00000002.993505	-00000000.039165
000000006.106005	-00000003.889954	000000000.050544
000000005.767532	-00000003.674323	000000000.143246
000000004.591066	-00000002.953073	-00000000.114346
000000004.692883	-00000003.018564	-00000000.038955
000000006.694508	-00000004.306052	-00000000.055571
000000005.577024	-00000003.621761	000000000.046425
000000005.584321	-00000003.626500	000000000.139477
000000004.489872	-00000002.943689	-00000000.112461
000000004.515835	-00000002.960711	-00000000.037699
000000005.511851	-00000003.648215	000000000.046146
000000005.969313	-00000003.951002	000000000.149948
000000004.231252	-00000002.827232	-00000000.106597
000000006.026833	-00000004.027001	-00000000.151833
000000004.514770	-00000003.016673	-00000000.037908
000000006.684853	-00000004.466676	-00000000.056129
000000004.518145	-00000003.047527	000000000.038048
000000005.951184	-00000004.014124	000000000.150367
000000004.148571	-00000002.824661	-00000000.105131
000000004.281631	-00000002.915258	-00000000.036163
000000006.529900	-00000004.446051	-00000000.055152
000000004.202941	-00000002.888601	000000000.035604
000000006.279688	-00000004.315910	000000000.053197
000000006.187830	-00000004.252778	000000000.157278
000000004.263412	-00000002.957634	-00000000.108691
000000006.990682	-00000004.849609	-00000000.178220
000000004.223162	-00000002.929712	-00000000.035884
000000006.605880	-00000004.582662	-00000000.056129
000000004.226721	-00000002.959582	000000000.036023
000000006.479335	-00000004.536879	000000000.055222
000000006.297898	-00000004.409835	000000000.161047
000000004.180288	-00000002.954335	-00000000.107225
000000004.221934	-00000002.983768	-00000000.036093
000000006.630968	-00000004.686305	-00000000.056688
000000004.290284	-00000003.060230	000000000.036791
000000006.512765	-00000004.645511	000000000.055850
000000006.503356	-00000004.638799	000000000.167330
000000004.267943	-00000003.072479	-00000000.110157
000000006.945550	-00000005.000081	-00000000.179267
000000004.244429	-00000003.055551	-00000000.036512
000000006.622282	-00000004.767361	-00000000.056967
000000006.391078	-00000004.643390	000000000.055152
000000006.236153	-00000004.530830	000000000.161466
000000008.654583	-00000006.287923	000000000.224084
000000004.023276	-00000002.949988	-00000000.104503
000000004.185346	-00000003.068822	-00000000.036233
000000006.556235	-00000004.807230	-00000000.056758
000000008.459397	-00000006.202687	-00000000.073233
000000006.044856	-00000004.472959	000000000.052499
000000008.464406	-00000006.263331	000000000.073513
000000006.413371	-00000004.745645	000000000.167121
000000004.053455	-00000003.026859	-00000000.105969
000000004.262567	-00000003.183009	-00000000.037140
000000005.873047	-00000004.385612	-00000000.051173
000000005.781980	-00000004.357035	000000000.050544
000000005.860699	-00000004.416354	000000000.153717
000000008.288018	-00000006.245470	000000000.217382
000000004.074636	-00000003.098425	-00000000.107225
000000004.027672	-00000003.062713	-00000000.035325
000000006.009669	-00000004.569859	-00000000.052709
000000004.133270	-00000003.171570	000000000.036372
000000005.759605	-00000004.419500	000000000.050684
000000005.940913	-00000004.558623	000000000.156859
000000004.055348	-00000003.139986	-00000000.107435
000000005.984208	-00000004.633469	-00000000.158534
000000004.056139	-00000003.140598	-00000000.035814
000000006.096068	-00000004.720080	-00000000.053826
000000006.004496	-00000004.691226	000000000.053197
000000006.153014	-00000004.807261	000000000.163560
000000003.910021	-00000003.082412	-00000000.104293
000000005.331132	-00000004.202726	-00000000.142199
000000004.154225	-00000003.274927	-00000000.036931
000000006.784973	-00000005.348842	-00000000.060318
000000023.880905	-00000018.826189	-00000000.212300
000000005.673771	-00000004.513121	000000000.050614
000000005.946517	-00000004.730073	000000000.159162
000000003.859581	-00000003.097641	-00000000.103665
000000005.723097	-00000004.593271	-00000000.153717
000000004.016307	-00000003.223427	-00000000.035953
000000005.919179	-00000004.750643	-00000000.052988
000000004.623906	-00000003.744365	000000000.041538
000000005.726309	-00000004.637074	000000000.154346
000000006.271205	-00000005.123789	-00000000.169634
000000005.714879	-00000004.669251	-00000000.051522
000000008.084462	-00000006.605282	-00000000.072884
000000023.084082	-00000018.860485	-00000000.208111
000000005.756179	-00000004.745028	000000000.052080
000000005.685626	-00000004.686868	000000000.154346
000000004.927195	-00000004.097905	-00000000.134241
000000006.333867	-00000005.267822	-00000000.172566
000000005.912250	-00000004.917166	-00000000.053686
000000005.729873	-00000004.807934	000000000.052220
000000005.813002	-00000004.877688	000000000.158953
000000003.380378	-00000002.861701	-00000000.092775
000000005.082013	-00000004.302242	-00000000.139477
000000006.302918	-00000005.335814	-00000000.172984
000000006.044654	-00000005.117177	-00000000.055292
000000005.991853	-00000005.117526	000000000.055012
000000005.945071	-00000005.077570	000000000.163770
000000004.839778	-00000004.170220	-00000000.133822
000000006.225819	-00000005.364509	-00000000.172147
000000021.487406	-00000018.514732	-00000000.594136
000000005.977042	-00000005.150149	-00000000.055082
000000022.324896	-00000019.236361	-00000000.205738
000000005.916779	-00000005.143378	000000000.054733
000000005.817535	-00000005.057106	000000000.161466
000000005.599978	-00000004.911049	-00000000.156021
000000021.039381	-00000018.451042	-00000000.586178
000000021.750196	-00000019.074409	-00000000.201968
000000005.721882	-00000005.062294	000000000.053337
000000022.131102	-00000019.579945	000000000.206296
000000005.773182	-00000005.107680	000000000.161466
000000023.736691	-00000021.000450	000000000.663875
000000004.191923	-00000003.741434	-00000000.117696
000000008.585238	-00000007.662617	-00000000.241047
000000004.200201	-00000003.748822	-00000000.039304
000000007.341026	-00000006.552116	-00000000.068696
000000021.321800	-00000019.030434	-00000000.199524
000000004.161510	-00000003.747040	000000000.039095
000000022.271507	-00000020.053354	000000000.209228
000000005.654092	-00000005.090967	000000000.159372
000000020.855499	-00000018.778378	000000000.587854
000000023.091875	-00000020.792019	000000000.650890
000000004.107310	-00000003.730818	-00000000.116230
000000005.905645	-00000005.364310	-00000000.167121
000000007.246559	-00000006.582311	-00000000.068347
000000021.058693	-00000019.128370	-00000000.198617
000000021.903975	-00000020.071295	000000000.207413
000000020.653980	-00000018.925886	000000000.586807
000000004.735341	-00000004.377305	-00000000.135079
000000007.613254	-00000007.037620	-00000000.217173
000000020.174757	-00000018.649353	-00000000.575498
000000007.394447	-00000006.835357	-00000000.070301
000000020.641304	-00000019.080624	-00000000.196243
000000007.174405	-00000006.690241	000000000.068486
000000021.559782	-00000020.104822	000000000.205808
000000020.107817	-00000018.750841	000000000.575917
000000022.484194	-00000020.966850	000000000.643979
000000008.367146	-00000007.871026	-00000000.240628
000000019.741806	-00000018.571238	-00000000.567749
000000003.729168	-00000003.508051	-00000000.035744
000000020.248219	-00000019.047623	-00000000.194079
000000020.513088	-00000019.466194	000000000.197430
000000019.762117	-00000018.753548	000000000.570681
000000003.603806	-00000003.449893	-00000000.104503
000000007.720377	-00000007.390653	-00000000.223874
000000003.171100	-00000003.035668	-00000000.030648
000000020.016216	-00000019.161360	-00000000.193451
000000020.342434	-00000019.644461	000000000.197430
000000019.669628	-00000018.994740	000000000.572775
000000003.108069	-00000003.027746	-00000000.090890
000000002.929604	-00000002.853894	-00000000.028553
000000019.654846	-00000019.146904	-00000000.191566
000000020.369936	-00000020.017481	000000000.199385
000000019.638611	-00000019.298809	000000000.576754
000000003.046027	-00000003.019561	-00000000.089843
000000003.181553	-00000003.153909	-00000000.031276
000000019.572231	-00000019.402172	-00000000.192404
000000020.102556	-00000020.102556	000000000.198477
000000020.013802	-00000020.013802	000000000.592880
000000021.010605	-00000021.010605	000000000.622409
000000022.212423	-00000022.212423	000000000.658011
000000003.019561	-00000003.046027	-00000000.089843
000000003.104629	-00000003.131841	-00000000.030787
000000007.800293	-00000007.868662	-00000000.077352
000000007.807939	-00000007.945416	000000000.077771
000000007.848462	-00000007.986653	000000000.234555
000000002.916124	-00000002.993485	-00000000.087539
000000007.694941	-00000007.899077	-00000000.230995
000000003.000426	-00000003.080024	-00000000.030019
000000007.773197	-00000007.979409	-00000000.077771
000000003.160619	-00000003.272917	000000000.031765
000000007.710520	-00000007.984478	000000000.077492
000000007.743742	-00000008.018880	000000000.233508
000000002.841496	-00000002.968265	-00000000.086073
000000002.828220	-00000002.954397	-00000000.028553
000000007.668083	-00000008.080474	000000000.077771
000000007.707880	-00000008.122411	000000000.234555
000000002.726430	-00000002.898281	-00000000.083351
000000002.795478	-00000002.971681	-00000000.028484
000000002.905242	-00000003.115491	000000000.029740
000000019.000011	-00000020.375017	000000000.194498
000000019.719067	-00000021.146111	000000000.605655
000000002.660316	-00000002.877913	-00000000.082094
000000002.674410	-00000002.893160	-00000000.027506
000000018.645836	-00000020.348358	000000000.192683
000000017.480440	-00000019.076551	000000000.541990
000000019.398695	-00000021.169960	000000000.601466
000000002.588044	-00000002.849215	-00000000.080628
000000002.642337	-00000002.908986	-00000000.027436
000000017.434046	-00000019.193388	-00000000.181024
000000017.637854	-00000019.588821	000000000.184026
000000017.380199	-00000019.302668	000000000.544084
000000019.273424	-00000021.405306	000000000.603351
000000002.536453	-00000002.841855	-00000000.079791
000000002.690096	-00000003.013998	-00000000.028204
000000017.052814	-00000019.106064	-00000000.178790
000000017.280710	-00000019.532290	000000000.182071
000000016.893105	-00000019.094183	000000000.534032
000000002.518149	-00000002.871398	-00000000.080000
000000002.630726	-00000002.999768	-00000000.027855
000000016.885435	-00000019.254148	-00000000.178790
000000017.700041	-00000020.361568	000000000.188354
000000016.896374	-00000019.437056	000000000.539477
000000002.492995	-00000002.893264	-00000000.080000
000000002.637085	-00000003.060488	-00000000.028204
000000016.736351	-00000019.423492	-00000000.179000
000000017.443750	-00000020.424007	000000000.187517
000000018.472746	-00000021.628805	000000000.595812
000000002.390134	-00000002.823341	-00000000.077487
000000002.603816	-00000003.075752	-00000000.028134
000000002.436106	-00000002.903238	000000000.026459
000000017.264854	-00000020.575453	000000000.187517
000000018.309002	-00000021.819820	000000000.596650
000000016.925629	-00000020.532431	000000000.185771
000000004.515165	-00000005.477333	000000000.148691
000000017.768127	-00000021.554462	000000000.585131
000000002.378773	-00000002.937540	000000000.026389
000000004.688323	-00000005.789596	000000000.052010
000000016.613653	-00000020.516153	000000000.184305
000000004.542696	-00000005.609763	000000000.151204
000000004.494446	-00000005.650293	000000000.050405
000000004.344199	-00000005.461407	000000000.146178
000000004.327995	-00000005.539581	000000000.049078
000000004.339462	-00000005.554257	000000000.147644
000000004.273401	-00000005.569205	000000000.049008
000000004.242136	-00000005.528460	000000000.145969
000000004.266765	-00000005.662188	000000000.049497
000000014.786235	-00000019.621996	000000000.171530
000000004.085428	-00000005.421546	000000000.142199
000000004.116074	-00000005.562554	000000000.048310
000000004.032014	-00000005.448955	000000000.141990
000000004.032109	-00000005.549721	000000000.047891
000000003.890285	-00000005.354518	000000000.138639
000000003.879001	-00000005.438159	000000000.046635
000000003.796964	-00000005.323148	000000000.136963
000000004.032144	-00000005.758499	000000000.049078
000000003.859323	-00000005.511684	000000000.140942
000000002.271234	-00000003.304666	000000000.027995
000000003.919436	-00000005.702814	000000000.048310
000000003.782764	-00000005.503955	000000000.139895
000000002.605775	-00000003.863221	000000000.032533
000000003.880704	-00000005.753381	000000000.048450
000000003.678682	-00000005.453871	000000000.137801
000000002.340156	-00000003.535589	000000000.029601
000000003.670292	-00000005.545206	000000000.046425
000000002.367290	-00000003.576586	000000000.089843
000000003.675094	-00000005.552462	000000000.139477
000000002.380014	-00000003.664901	000000000.030508
000000004.068354	-00000006.264716	000000000.052150
000000002.526571	-00000003.890578	000000000.097173
000000003.691843	-00000005.684939	000000000.141990
000000002.068553	-00000003.246978	000000000.026878
000000003.782497	-00000005.937331	000000000.049148
000000003.566887	-00000005.598891	000000000.139058
000000001.997747	-00000003.197063	000000000.026319
000000003.968998	-00000006.351725	000000000.052290
000000003.443720	-00000005.511104	000000000.136126
000000001.907073	-00000003.112061	000000000.025482
000000003.448406	-00000005.627288	000000000.046076
000000003.400720	-00000005.549470	000000000.136335
000000001.982848	-00000003.300014	000000000.026878
000000003.630930	-00000006.042882	000000000.049218
000000001.992760	-00000003.316510	000000000.081047
000000003.413954	-00000005.681773	000000000.138848
000000001.893072	-00000003.213799	000000000.026040
000000003.507004	-00000005.953712	000000000.048241
000000003.536767	-00000006.004238	000000000.145969
000000001.894954	-00000003.282156	000000000.026459
000000003.279920	-00000005.680988	000000000.045797
000000001.914580	-00000003.316150	000000000.080209
000000003.439246	-00000005.956948	000000000.144084
