000000003.295391	000000003.692174	-00000000.103665
000000003.202813	000000003.588449	-00000000.033580
000000004.754279	000000005.326720	-00000000.049846
000000003.374541	000000003.715080	-00000000.105131
000000003.535776	000000003.824981	-00000000.109110
000000004.499462	000000004.867491	-00000000.138848
000000003.488951	000000003.774326	-00000000.035884
000000004.832943	000000005.228249	-00000000.049707
000000004.651372	000000004.944554	-00000000.142199
000000004.892087	000000005.200442	-00000000.049846
000000003.581252	000000003.741024	-00000000.108482
000000004.874098	000000005.091549	-00000000.147644
000000004.743664	000000004.955296	-00000000.047891
000000007.454329	000000007.786893	-00000000.075258
000000003.648644	000000003.745438	-00000000.109529
000000004.827651	000000004.955722	-00000000.144922
000000005.526366	000000005.672973	-00000000.055292
000000007.703419	000000007.907781	-00000000.077073
000000004.434320	000000004.473187	-00000000.131937
000000005.554541	000000005.603226	-00000000.055082
000000007.772133	000000007.840255	-00000000.077073
000000005.012809	000000004.969254	-00000000.147853
000000005.539311	000000005.491181	-00000000.054454
000000007.783442	000000007.715813	-00000000.076515
000000004.955722	000000004.827651	-00000000.144922
000000005.536879	000000005.393789	-00000000.053965
000000004.773779	000000004.569899	-00000000.138429
000000005.475385	000000005.241541	-00000000.052918
000000005.221274	000000004.911685	-00000000.150157
000000005.622887	000000005.289484	-00000000.053895
000000005.168497	000000004.777709	-00000000.147435
000000005.632116	000000005.206275	-00000000.053546
000000005.187791	000000004.712258	-00000000.146806
000000005.470078	000000004.968669	-00000000.051592
000000005.415189	000000004.833241	-00000000.152042
000000005.826566	000000005.200409	-00000000.054524
000000005.006155	000000004.390280	-00000000.139477
000000005.886762	000000005.162552	-00000000.054663
000000005.074572	000000004.372531	-00000000.140314
000000005.878561	000000005.065292	-00000000.054175
000000005.059122	000000004.282863	-00000000.138848
000000005.975965	000000005.059027	-00000000.054663
000000005.057870	000000004.206586	-00000000.137801
000000005.966067	000000004.961926	-00000000.054175
000000005.016964	000000004.099031	-00000000.135707
000000006.047859	000000004.941308	-00000000.054524
000000005.161703	000000004.142704	-00000000.138639
000000006.121944	000000004.913380	-00000000.054803
000000005.017075	000000003.955143	-00000000.133822
000000005.465672	000000004.308789	-00000000.048590
000000005.209502	000000004.033627	-00000000.138011
000000006.206762	000000004.805789	-00000000.054803
000000005.268377	000000004.006167	-00000000.138639
000000005.508200	000000004.188532	-00000000.048310
000000005.279105	000000003.942095	-00000000.138011
000000006.313726	000000004.714683	-00000000.055012
000000005.377806	000000003.943170	-00000000.139686
000000005.903031	000000004.328281	-00000000.051103
000000005.322758	000000003.831837	-00000000.137382
000000005.924346	000000004.264919	-00000000.050963
000000005.437640	000000003.842944	-00000000.139477
000000006.010335	000000004.247685	-00000000.051382
000000005.470968	000000003.795346	-00000000.139477
000000006.326527	000000004.388868	-00000000.053756
000000005.603050	000000003.814981	-00000000.141990
000000006.273664	000000004.271585	-00000000.052988
000000006.980326	000000004.708290	000000000.058782
000000007.584030	000000005.115493	000000000.191623
000000005.744195	000000003.838148	-00000000.144712
000000006.202612	000000004.144453	-00000000.052080
000000005.802553	000000003.804321	-00000000.145340
000000006.154916	000000004.035340	-00000000.051382
000000007.212391	000000004.683782	000000000.060039
000000007.588304	000000004.927902	000000000.189529
000000020.886702	000000013.563983	000000000.521676
000000005.961659	000000003.834668	-00000000.148482
000000006.265588	000000004.030161	-00000000.052010
000000006.104815	000000003.851852	-00000000.151204
000000006.342804	000000004.002011	-00000000.052359
000000007.081029	000000004.424718	000000000.058294
000000008.709242	000000005.442139	000000000.071698
000000008.792330	000000005.494058	000000000.217173
000000006.138196	000000003.798431	-00000000.151204
000000006.471023	000000004.004390	-00000000.053127
000000007.162003	000000004.388881	000000000.058643
000000007.348146	000000004.502950	000000000.180524
000000008.942233	000000005.479808	000000000.219686
000000006.154016	000000003.734348	-00000000.150785
000000006.462976	000000003.921830	-00000000.052778
000000007.045744	000000004.233510	000000000.057386
000000006.975812	000000004.191491	000000000.170471
000000008.946863	000000005.375818	000000000.218639
000000006.280883	000000003.736733	-00000000.153089
000000006.574299	000000003.911297	-00000000.053407
000000006.772240	000000003.989154	000000000.054873
000000006.908751	000000004.069565	000000000.167958
000000006.321889	000000003.686817	-00000000.153299
000000006.685924	000000003.899116	-00000000.054035
000000006.884734	000000003.974903	000000000.055501
000000006.961317	000000004.019118	000000000.168377
000000006.293061	000000003.596781	-00000000.151833
000000006.658923	000000003.805888	-00000000.053546
000000006.936566	000000003.924520	000000000.055641
000000006.978722	000000003.948371	000000000.167958
000000006.315485	000000003.536842	-00000000.151623
000000006.674432	000000003.737861	-00000000.053407
000000006.953057	000000003.854142	000000000.055501
000000007.109099	000000003.940638	000000000.170262
000000006.468824	000000003.548919	-00000000.154555
000000006.812001	000000003.737192	-00000000.054244
000000007.223701	000000003.922150	000000000.057386
000000007.441949	000000004.040648	000000000.177382
000000010.086607	000000005.476581	000000000.240419
000000006.517162	000000003.501797	-00000000.154974
000000006.923633	000000003.720202	-00000000.054873
000000007.566676	000000004.023273	000000000.059829
000000010.083015	000000005.361235	000000000.079726
000000010.054567	000000005.346108	000000000.238534
000000031.991005	000000017.009918	000000000.758953
000000006.839454	000000003.598411	-00000000.161885
000000006.982382	000000003.673609	-00000000.055082
000000007.512799	000000003.910916	000000000.059131
000000010.154046	000000005.285862	000000000.239791
000000006.835042	000000003.520278	-00000000.161047
000000007.147523	000000003.681216	-00000000.056129
000000007.466453	000000003.804348	000000000.058503
000000007.892586	000000004.021473	000000000.185550
000000010.297777	000000005.246979	000000000.242094
000000006.785151	000000003.419998	-00000000.159162
000000007.232954	000000003.645709	-00000000.056548
000000007.732045	000000003.855055	000000000.060318
000000010.685255	000000005.327472	000000000.083356
000000010.817384	000000005.393349	000000000.253194
000000007.119608	000000003.511002	-00000000.166283
000000007.264493	000000003.582451	-00000000.056548
000000008.052999	000000003.927710	000000000.062552
000000010.434744	000000005.089365	000000000.081052
000000011.025784	000000005.377635	000000000.256963
000000007.267040	000000003.505204	-00000000.169005
000000007.511641	000000003.623185	-00000000.058224
000000008.077941	000000003.852980	000000000.062482
000000010.704400	000000005.105737	000000000.082798
000000011.216675	000000005.350080	000000000.260314
000000007.505332	000000003.539744	-00000000.173822
000000007.714814	000000003.638543	-00000000.059550
000000010.268217	000000004.788148	000000000.079098
000000011.398851	000000005.315372	000000000.263456
000000007.708445	000000003.553642	-00000000.177801
000000008.009627	000000003.692489	-00000000.061575
000000010.846474	000000004.943023	000000000.083217
000000011.544875	000000005.261303	000000000.265759
000000007.848549	000000003.535514	-00000000.180314
000000008.005075	000000003.606024	-00000000.061295
000000010.047373	000000004.526011	-00000000.076933
000000010.770438	000000004.795308	000000000.082309
000000011.919154	000000005.306749	000000000.273299
000000008.016370	000000003.527287	-00000000.183456
000000008.219296	000000003.616577	-00000000.062692
000000009.949860	000000004.326322	000000000.075747
000000011.628038	000000005.056015	000000000.088522
000000012.533462	000000005.449704	000000000.286283
000000030.522236	000000013.271445	000000000.697173
000000008.010102	000000003.441411	-00000000.182618
000000008.746679	000000003.757870	-00000000.066462
000000010.125307	000000004.297938	000000000.076794
000000012.067524	000000005.122360	000000000.091524
000000012.626557	000000005.359655	000000000.287330
000000008.519268	000000003.572426	-00000000.193508
000000009.074237	000000003.805143	-00000000.068696
000000009.912986	000000004.106093	000000000.074909
000000011.215625	000000004.645664	000000000.084753
000000012.915521	000000005.349784	000000000.097598
000000012.885293	000000005.337263	000000000.292147
000000008.707426	000000003.562302	-00000000.197068
000000009.033055	000000003.695521	-00000000.068137
000000010.551095	000000004.262919	000000000.079447
000000013.200202	000000005.333228	000000000.298220
000000008.923902	000000003.560276	-00000000.201257
000000009.399323	000000003.749950	-00000000.070650
000000010.532070	000000004.148693	000000000.079028
000000013.534607	000000005.331423	000000000.304712
000000009.029175	000000003.511254	-00000000.202932
000000009.310532	000000003.620668	-00000000.069743
000000010.717241	000000004.113964	000000000.080145
000000011.013833	000000004.227815	000000000.247121
000000009.199713	000000003.485459	-00000000.206073
000000009.594254	000000003.634938	-00000000.071628
000000010.659070	000000003.985263	000000000.079447
000000011.031578	000000004.124538	000000000.246702
000000009.351716	000000003.450030	-00000000.208796
000000009.381684	000000003.461086	-00000000.069813
000000010.646458	000000003.874994	000000000.079098
000000011.255048	000000004.096502	000000000.250890
000000014.768728	000000005.375378	000000000.329215
000000009.569661	000000003.435859	-00000000.212984
000000009.985634	000000003.585209	-00000000.074071
000000010.972080	000000003.885417	000000000.081262
000000011.224398	000000003.974768	000000000.249424
000000015.192049	000000005.379786	000000000.337592
000000009.703106	000000003.388476	-00000000.215288
000000010.120388	000000003.534198	-00000000.074839
000000011.015022	000000003.792776	000000000.081332
000000011.513891	000000003.964550	000000000.255079
000000015.436932	000000005.315362	000000000.341990
000000009.893250	000000003.358306	-00000000.218848
000000010.330756	000000003.506819	-00000000.076166
000000011.180464	000000003.740931	000000000.082309
000000053.890896	000000018.031641	000000001.190367
000000009.627837	000000003.174785	-00000000.212356
000000010.617378	000000003.501086	-00000000.078050
000000011.336317	000000003.683393	000000000.083217
000000016.624062	000000005.401485	000000000.122032
000000016.734924	000000005.437506	000000000.368587
000000041.808784	000000013.584497	000000000.920838
000000010.178878	000000003.258285	-00000000.223874
000000010.942760	000000003.502805	-00000000.080215
000000011.539694	000000003.638452	000000000.084473
000000017.137875	000000005.403551	000000000.125453
000000017.353842	000000005.471645	000000000.381152
000000009.777259	000000003.035920	-00000000.214450
000000011.383560	000000003.534689	-00000000.083217
000000011.953518	000000003.654557	000000000.087266
000000014.851050	000000004.540422	000000000.108419
000000017.566891	000000005.370738	000000000.128246
000000017.573027	000000005.372613	000000000.384922
000000010.301208	000000003.100312	-00000000.225340
000000011.595906	000000003.489972	-00000000.084543
000000014.947636	000000004.427691	000000000.108838
000000018.293835	000000005.418880	000000000.133202
000000035.727375	000000010.582931	000000000.780524
000000009.847952	000000002.870416	-00000000.214869
000000011.673922	000000003.402638	-00000000.084892
000000013.178576	000000003.778896	000000000.095713
000000015.004930	000000004.302594	000000000.108977
000000018.734533	000000005.372041	000000000.136065
000000018.702049	000000005.362726	000000000.407539
000000045.976673	000000013.183599	000000001.001885
000000009.920737	000000002.797937	-00000000.215916
000000011.758624	000000003.316275	-00000000.255916
000000012.588608	000000003.550354	-00000000.091315
000000014.839547	000000004.115371	000000000.107511
000000015.058241	000000004.176020	000000000.327330
000000009.906193	000000002.700738	-00000000.215079
000000012.657701	000000003.450885	-00000000.091594
000000014.816941	000000003.970187	000000000.107093
000000015.065139	000000004.036692	000000000.326702
000000010.122750	000000002.665098	-00000000.219267
000000012.597845	000000003.316736	-00000000.272880
000000013.286887	000000003.498145	-00000000.095923
000000014.657398	000000003.790661	000000000.105696
000000015.167546	000000003.922594	000000000.328168
000000009.864607	000000002.505291	-00000000.213194
000000012.984845	000000003.297731	-00000000.280628
000000013.481673	000000003.423909	-00000000.097109
000000014.854866	000000003.703734	000000000.106883
000000018.823278	000000004.693171	000000000.135436
000000018.780806	000000004.682581	000000000.405445
000000010.167722	000000002.488026	-00000000.219267
000000013.236489	000000003.238948	-00000000.285445
000000014.054977	000000003.439231	-00000000.101019
000000014.954685	000000003.590302	000000000.107372
000000044.028976	000000010.570422	000000000.948482
000000009.828975	000000002.314416	-00000000.211518
000000013.196129	000000003.107276	-00000000.283979
000000014.444596	000000003.401251	-00000000.103602
000000015.004933	000000003.464162	000000000.107511
000000019.058214	000000004.399935	000000000.136553
000000019.035017	000000004.394580	000000000.409215
000000024.081144	000000005.559570	000000000.517697
000000057.114788	000000013.185988	000000001.227854
000000010.180340	000000002.303576	-00000000.218639
000000014.746817	000000003.336864	-00000000.105557
000000017.807205	000000003.947762	000000000.127338
000000024.372765	000000005.403312	000000000.522932
000000009.916720	000000002.153131	-00000000.212566
000000015.205346	000000003.301404	-00000000.108628
000000017.792072	000000003.781821	000000000.126989
000000019.138149	000000004.067939	000000000.409843
000000010.356030	000000002.154057	-00000000.221571
000000016.271339	000000003.384444	-00000000.116029
000000017.951782	000000003.652332	000000000.127897
000000019.084745	000000003.882836	000000000.407958
000000009.874341	000000001.964129	-00000000.210890
000000016.849482	000000003.351570	-00000000.119938
000000018.650461	000000003.625283	000000000.132644
000000026.949570	000000005.238466	000000000.575079
000000011.374280	000000002.159475	-00000000.242513
000000017.418421	000000003.306990	-00000000.123778
000000018.887865	000000003.500659	000000000.134110
000000025.760651	000000004.774455	000000000.182909
000000029.009489	000000005.376591	000000000.618011
000000009.897279	000000001.789720	-00000000.210681
000000015.832829	000000002.863042	-00000000.112328
000000017.338375	000000003.135289	-00000000.123010
000000019.380545	000000003.417313	000000000.137391
000000021.241785	000000003.745500	000000000.150586
000000023.556028	000000004.153563	000000000.166992
000000030.738955	000000005.420107	000000000.653822
000000009.853399	000000001.693124	-00000000.209424
000000017.788853	000000003.056684	-00000000.126012
000000021.253937	000000003.556689	000000000.150446
000000023.561789	000000003.942891	000000000.166782
000000023.774132	000000003.978425	000000000.504922
000000009.857931	000000001.605466	-00000000.209215
000000016.215956	000000002.640936	-00000000.114702
000000018.861042	000000003.071716	-00000000.133412
000000021.442190	000000003.396109	000000000.151563
000000023.516285	000000003.724614	000000000.166224
000000023.827692	000000003.773936	000000000.505341
000000010.355757	000000001.593903	-00000000.219477
000000017.197071	000000002.646882	-00000000.121474
000000018.442377	000000002.838553	-00000000.130270
000000019.687681	000000003.030224	-00000000.139067
000000023.280867	000000003.479349	000000000.164339
000000027.755587	000000004.148100	000000000.587854
000000062.848064	000000009.392706	000000001.331100
000000009.795400	000000001.420265	-00000000.207330
000000015.715281	000000002.278607	-00000000.110862
000000022.355680	000000003.241419	-00000000.157707
000000023.676733	000000003.327548	000000000.166922
000000027.736732	000000003.898144	000000000.195545
000000027.840231	000000003.912689	000000000.588901
000000010.233399	000000001.392705	-00000000.216335
000000017.468538	000000002.377364	-00000000.123080
000000023.482950	000000003.195889	-00000000.165456
000000024.022123	000000003.162573	000000000.169156
000000025.975224	000000003.419703	000000000.182909
000000027.789522	000000003.658560	000000000.195685
000000031.639978	000000004.165483	000000000.668482
000000009.749269	000000001.240264	-00000000.205864
000000016.347843	000000002.079708	-00000000.115051
000000025.186392	000000003.204114	-00000000.177254
000000026.321684	000000003.231896	000000000.185143
000000009.630651	000000001.139863	-00000000.203141
000000017.715910	000000002.096816	-00000000.124546
000000026.693029	000000003.159328	-00000000.187656
000000026.865530	000000003.060941	000000000.188773
000000035.877007	000000004.087668	000000000.252093
000000045.048599	000000005.132640	000000000.949739
000000009.719739	000000001.064484	-00000000.204817
000000016.312067	000000001.786462	-00000000.114562
000000018.449236	000000002.020520	-00000000.129572
000000031.177502	000000003.276887	000000000.218863
000000035.662685	000000003.748299	000000000.250348
000000035.745220	000000003.756974	000000000.752880
000000009.708763	000000000.977621	-00000000.204398
000000032.618340	000000003.140789	000000000.228776
000000035.644272	000000003.432153	000000000.249999
000000040.314655	000000003.881860	000000000.848377
000000009.627322	000000000.884627	-00000000.202513
000000016.778904	000000001.541765	-00000000.117634
000000035.463665	000000003.102669	000000000.248533
000000009.943542	000000000.826245	-00000000.209005
000000038.220879	000000003.008049	000000000.267662
000000040.294415	000000003.171239	000000000.282183
000000044.512562	000000003.503215	000000000.935288
000000009.631324	000000000.715731	-00000000.202304
000000016.334558	000000001.213867	-00000000.114353
000000042.375488	000000002.963183	000000000.296564
000000052.959034	000000003.703256	000000001.112042
000000009.976400	000000000.653888	-00000000.209424
000000048.278603	000000002.952846	000000000.337684
000000056.802467	000000003.474188	000000000.397304
000000056.781414	000000003.472900	000000001.191624
000000009.642348	000000000.547532	-00000000.202304
000000015.045396	000000000.854339	-00000000.105208
000000066.457176	000000003.482873	000000000.464603
000000066.544060	000000003.487427	000000001.395812
000000009.866458	000000000.473920	-00000000.206911
000000009.550535	000000000.375242	-00000000.200210
000000015.028038	000000000.590453	-00000000.104998
000000009.913198	000000000.302876	-00000000.207749
000000009.545633	000000000.208286	-00000000.200000
000000015.076044	000000000.328960	-00000000.105277
000000009.836999	000000000.128773	-00000000.206073
000000009.547814	000000000.041660	-00000000.200000
000000015.059490	000000000.065710	-00000000.105138
000000009.817753	-00000000.042838	-00000000.205655
000000269.363190	-00000002.350697	000000001.880612
000000009.497103	-00000000.124324	-00000000.198953
000000015.258321	-00000000.199742	-00000000.106534
000000009.825505	-00000000.214393	-00000000.205864
000000009.553446	-00000000.291884	-00000000.200210
000000015.122575	-00000000.462036	-00000000.105626
000000016.321985	-00000000.498682	-00000000.114004
000000091.092255	-00000003.181012	000000000.636342
000000009.630456	-00000000.378382	-00000000.201885
000000102.100311	-00000004.457796	000000002.140734
000000009.526924	-00000000.457611	-00000000.199791
000000015.222078	-00000000.731169	-00000000.106394
000000009.871928	-00000000.560569	-00000000.207121
000000009.527463	-00000000.624463	-00000000.200000
000000058.155205	-00000004.066608	000000001.221153
000000009.790849	-00000000.727586	-00000000.205655
000000037.373520	-00000002.941360	000000000.261727
000000047.202885	-00000003.714947	000000000.330563
000000047.183716	-00000003.713439	000000000.991414
000000009.505150	-00000000.789817	-00000000.199791
000000015.346734	-00000001.275215	-00000000.107511
000000033.869793	-00000002.963223	000000000.237363
000000035.374008	-00000003.094825	000000000.247905
000000051.910442	-00000004.541575	000000000.363793
000000051.970039	-00000004.546789	000000001.092775
000000009.806528	-00000000.901093	-00000000.206283
000000032.100746	-00000003.090950	000000000.225146
000000034.419964	-00000003.314265	000000000.241412
000000042.193817	-00000004.062802	000000000.295936
000000042.424435	-00000004.085009	000000000.892775
000000009.499866	-00000000.956586	-00000000.200000
000000015.371889	-00000001.547868	-00000000.107860
000000028.731037	-00000003.019754	000000000.201689
000000031.167557	-00000003.275842	000000000.218793
000000034.847198	-00000003.662588	000000000.244623
000000035.327614	-00000003.713082	000000000.744084
000000009.699862	-00000001.062308	-00000000.204398
000000025.596327	-00000002.803254	-00000000.179767
000000026.030949	-00000002.965852	000000000.182909
000000042.354939	-00000004.825736	000000000.297611
000000031.121778	-00000003.545879	000000000.656126
000000042.376480	-00000004.828190	000000000.893404
000000009.471795	-00000001.121061	-00000000.199791
000000015.253160	-00000001.805330	-00000000.107232
000000023.197514	-00000002.745607	-00000000.163082
000000022.947109	-00000002.817551	000000000.161407
000000026.043776	-00000003.197774	000000000.183188
000000030.887285	-00000003.792482	000000000.217257
000000026.386015	-00000003.239795	000000000.556859
000000009.669927	-00000001.230170	-00000000.204189
000000022.051733	-00000002.805335	-00000000.155193
000000022.386280	-00000002.947210	000000000.157637
000000026.099018	-00000003.436001	000000000.551414
000000009.351722	-00000001.272714	-00000000.197696
000000014.941894	-00000002.033503	-00000000.105277
000000019.846561	-00000002.700998	-00000000.139835
000000020.735708	-00000002.914214	000000000.146188
000000022.290392	-00000003.132710	000000000.157148
000000023.706440	-00000003.331723	000000000.167131
000000025.939335	-00000003.645536	000000000.548691
000000009.607408	-00000001.393008	-00000000.203351
000000018.407068	-00000002.668898	-00000000.129851
000000020.036974	-00000002.994546	000000000.141440
000000023.330317	-00000003.486739	000000000.164688
000000025.886757	-00000003.868802	000000000.548273
000000009.397257	-00000001.446376	-00000000.199162
000000014.864594	-00000002.287880	-00000000.104998
000000017.928440	-00000002.759451	-00000000.126640
000000019.259453	-00000003.050398	000000000.136135
000000023.358259	-00000003.699585	000000000.165107
000000025.861885	-00000004.096120	000000000.548482
000000009.591501	-00000001.562075	-00000000.203560
000000016.827877	-00000002.740594	-00000000.119030
000000018.669931	-00000003.124275	000000000.132155
000000019.455147	-00000003.255675	000000000.413194
000000025.677246	-00000004.296897	000000000.545341
000000009.360729	-00000001.608467	-00000000.198953
000000014.901244	-00000002.560502	-00000000.105557
000000017.913218	-00000003.158583	000000000.126989
000000019.485071	-00000003.435744	000000000.414450
000000026.259062	-00000004.630181	000000000.558534
000000032.570297	-00000005.743022	000000000.692775
000000009.533262	-00000001.723895	-00000000.202932
000000015.035775	-00000002.718911	-00000000.106674
000000017.216373	-00000003.190866	000000000.122242
000000029.024979	-00000005.379462	000000000.206087
000000026.021049	-00000004.822716	000000000.554346
000000029.255249	-00000005.422140	000000000.623246
000000009.213364	-00000001.749212	-00000000.196440
000000012.788699	-00000002.428010	-00000000.272670
000000014.363074	-00000002.726915	-00000000.102066
000000016.638176	-00000003.234134	000000000.118332
000000028.760975	-00000005.590567	000000000.204551
000000028.873138	-00000005.612370	000000000.616126
000000009.452697	-00000001.880258	-00000000.201885
000000012.610132	-00000002.508311	-00000000.269320
000000013.750275	-00000002.735100	-00000000.097877
000000016.893490	-00000003.437019	000000000.120357
000000028.671898	-00000005.833364	000000000.204272
000000028.676105	-00000005.834220	000000000.612985
000000009.230374	-00000001.919921	-00000000.197487
000000012.734589	-00000002.648798	-00000000.272461
000000013.295114	-00000002.765388	-00000000.094806
000000016.129261	-00000003.428380	000000000.115121
000000026.878841	-00000005.713274	000000000.191845
000000028.438293	-00000006.044746	000000000.609006
000000009.437982	-00000002.049187	-00000000.202304
000000012.447193	-00000002.702551	-00000000.266806
000000012.899137	-00000002.800677	-00000000.092153
000000014.136421	-00000003.133969	000000000.101089
000000028.624302	-00000006.345855	000000000.204691
000000028.462547	-00000006.309995	000000000.610681
000000009.195461	-00000002.080720	-00000000.197487
000000012.484077	-00000002.824858	-00000000.089360
000000015.229033	-00000003.515899	000000000.109117
000000028.431425	-00000006.563912	000000000.203713
000000015.956680	-00000003.683890	000000000.343037
000000028.513557	-00000006.582873	000000000.612985
000000009.361855	-00000002.204424	-00000000.201466
000000012.001473	-00000002.825972	-00000000.086079
000000014.011509	-00000003.363866	000000000.100600
000000015.936754	-00000003.826076	000000000.114423
000000015.768380	-00000003.785653	000000000.339686
000000009.118902	-00000002.231381	-00000000.196649
000000011.733526	-00000002.871176	-00000000.084334
000000014.195081	-00000003.539231	000000000.102136
000000023.965721	-00000005.975326	000000000.172437
000000015.763847	-00000003.930369	000000000.340314
000000009.195984	-00000002.335482	-00000000.198744
000000011.514183	-00000002.924230	-00000000.082937
000000013.437562	-00000003.475190	000000000.096900
000000013.679593	-00000003.537783	000000000.098645
000000015.577116	-00000004.028516	000000000.112328
000000015.709590	-00000004.062776	000000000.339895
000000009.039897	-00000002.380006	-00000000.195812
000000011.062736	-00000002.912575	-00000000.079866
000000013.474337	-00000003.610438	000000000.097389
000000015.976025	-00000004.280763	000000000.115470
000000015.586623	-00000004.176423	000000000.338011
000000009.259928	-00000002.524546	-00000000.201047
000000010.805354	-00000002.945878	-00000000.078190
000000013.731400	-00000003.808054	000000000.099483
000000016.824577	-00000004.665868	000000000.121893
000000019.252867	-00000005.339293	000000000.139486
000000015.511048	-00000004.301594	000000000.337173
000000009.064340	-00000002.556408	-00000000.197278
000000010.163280	-00000002.866341	-00000000.073722
000000013.274701	-00000003.806459	000000000.096411
000000016.783218	-00000004.812510	000000000.121893
000000019.224766	-00000005.512613	000000000.139625
000000015.520971	-00000004.450567	000000000.338220
000000009.176064	-00000002.674579	-00000000.200210
000000010.301084	-00000003.002492	-00000000.074909
000000013.480678	-00000003.993159	000000000.098157
000000019.358099	-00000005.734130	000000000.140952
000000015.874572	-00000004.702262	000000000.346806
000000009.018344	-00000002.714213	-00000000.197278
000000010.111708	-00000003.043278	-00000000.073722
000000012.001332	-00000003.669176	000000000.087615
000000016.371540	-00000005.005282	000000000.119519
000000019.010874	-00000005.812208	000000000.138787
000000015.632154	-00000004.779229	000000000.342409
000000008.698323	-00000002.700901	-00000000.190785
000000010.629113	-00000003.300427	-00000000.077701
000000016.146034	-00000005.090825	000000000.118193
000000015.742414	-00000004.963564	000000000.345759
000000019.079691	-00000006.015803	000000000.419058
000000008.284026	-00000002.651738	-00000000.182199
000000009.523726	-00000003.048569	-00000000.069813
000000016.024912	-00000005.206810	000000000.117634
000000015.536856	-00000005.048230	000000000.342199
000000008.431479	-00000002.780285	-00000000.185969
000000009.344811	-00000003.081457	-00000000.068696
000000014.992632	-00000005.016465	000000000.110374
000000015.549097	-00000005.202655	000000000.343456
000000008.066075	-00000002.738064	-00000000.178429
000000009.506947	-00000003.227174	-00000000.070092
000000011.260852	-00000003.877422	000000000.083147
000000015.487216	-00000005.332676	000000000.114353
000000015.361307	-00000005.289322	000000000.340314
000000007.702077	-00000002.689686	-00000000.170890
000000008.506035	-00000002.970440	-00000000.062901
000000011.283144	-00000003.995571	000000000.083566
000000015.760581	-00000005.581114	000000000.116727
000000015.267444	-00000005.406486	000000000.339267
000000016.615124	-00000005.883724	000000000.369215
000000007.866506	-00000002.824364	-00000000.175079
000000008.282147	-00000002.973595	-00000000.061435
000000011.088103	-00000004.035739	000000000.082379
000000012.967443	-00000004.719763	000000000.096341
000000015.344807	-00000005.585053	000000000.114004
000000015.548501	-00000005.659192	000000000.346597
000000007.682101	-00000002.834077	-00000000.171518
000000008.124538	-00000002.997301	-00000000.060458
000000010.799567	-00000004.037793	000000000.080494
000000015.501546	-00000005.795791	000000000.115540
000000021.674067	-00000008.103601	000000000.161546
000000012.529925	-00000004.684747	000000000.280210
000000007.488791	-00000002.837249	-00000000.167749
000000008.228990	-00000003.117685	-00000000.061435
000000010.819934	-00000004.153383	000000000.080913
000000012.619240	-00000004.844072	000000000.283142
000000007.240113	-00000002.815526	-00000000.162723
000000008.164190	-00000003.174880	-00000000.061156
000000010.187824	-00000004.013091	000000000.076445
000000011.964878	-00000004.713091	000000000.089779
000000012.325329	-00000004.855076	000000000.277487
000000007.085263	-00000002.826733	-00000000.159791
000000007.541749	-00000003.008853	-00000000.056688
000000010.857059	-00000004.386536	000000000.081751
000000012.393729	-00000005.007391	000000000.280000
000000006.995552	-00000002.861956	-00000000.158325
000000007.293082	-00000002.983678	-00000000.055012
000000011.769938	-00000004.875268	000000000.088941
000000016.028919	-00000006.639396	000000000.121125
000000010.160446	-00000004.208594	000000000.230367
000000012.266429	-00000005.080921	000000000.278115
000000016.182819	-00000006.703144	000000000.366911
000000006.675271	-00000002.799173	-00000000.151623
000000007.451202	-00000003.124548	-00000000.056409
000000009.195620	-00000003.903309	000000000.069743
000000011.616488	-00000004.930907	000000000.088104
000000015.915142	-00000006.755577	000000000.120706
000000010.114129	-00000004.293193	000000000.230157
000000012.304451	-00000005.222929	000000000.280000
000000006.604660	-00000002.837586	-00000000.150576
000000007.102083	-00000003.051296	-00000000.053965
000000012.013195	-00000005.223485	000000000.091455
000000011.708289	-00000005.090909	000000000.267435
000000006.561344	-00000002.887060	-00000000.150157
000000006.773140	-00000002.980253	-00000000.051661
000000007.481755	-00000003.331092	000000000.057177
000000009.491507	-00000004.225891	000000000.072535
000000011.583474	-00000005.157295	000000000.088522
000000011.818686	-00000005.262018	000000000.270995
000000006.280663	-00000002.829232	-00000000.144293
000000006.865401	-00000003.092638	-00000000.052569
000000009.390572	-00000004.279530	000000000.072047
000000011.929301	-00000005.436496	000000000.091524
000000011.626755	-00000005.298617	000000000.267644
000000006.037827	-00000002.783477	-00000000.139267
000000006.538471	-00000003.014277	-00000000.050265
000000009.389119	-00000004.378218	000000000.072326
000000011.509829	-00000005.367121	000000000.088662
000000011.661623	-00000005.437904	000000000.269529
000000005.931924	-00000002.797677	-00000000.137382
000000006.249633	-00000002.947518	-00000000.048241
000000008.105018	-00000003.865895	000000000.062692
000000011.670143	-00000005.566373	000000000.090268
000000011.731035	-00000005.595417	000000000.272251
000000005.817235	-00000002.805901	-00000000.135288
000000006.412815	-00000003.093175	-00000000.049707
000000008.196802	-00000003.997847	000000000.063669
000000011.737965	-00000005.724988	000000000.091175
000000011.591900	-00000005.653748	000000000.270157
000000005.837361	-00000002.878668	-00000000.136335
000000006.170334	-00000003.042872	-00000000.048031
000000008.520083	-00000004.201640	-00000000.066322
000000011.651762	-00000005.809354	000000000.090896
000000039.904152	-00000019.895475	000000000.311294
000000011.792648	-00000005.879598	000000000.276021
000000005.544183	-00000002.794498	-00000000.130052
000000005.991743	-00000003.020087	-00000000.046844
000000008.625966	-00000004.347845	-00000000.067439
000000011.876827	-00000006.051546	000000000.093060
000000041.279327	-00000021.032867	000000000.323442
000000011.758706	-00000005.991360	000000000.276440
000000005.537362	-00000002.851929	-00000000.130471
000000005.840701	-00000003.008158	-00000000.045867
000000036.499607	-00000019.000494	000000000.287279
000000011.741447	-00000006.112211	000000000.277278
000000005.370697	-00000002.825660	-00000000.127120
000000005.584136	-00000002.937956	-00000000.044052
000000006.877994	-00000003.657094	000000000.054384
000000036.226456	-00000019.261948	000000000.286441
000000006.947273	-00000003.693931	000000000.164817
000000010.937322	-00000005.815477	000000000.259477
000000005.372255	-00000002.886617	-00000000.127749
000000005.619946	-00000003.019706	-00000000.044540
000000005.659444	-00000003.072828	000000000.044959
000000010.510397	-00000005.706680	000000000.083496
000000010.622569	-00000005.767584	000000000.253194
000000033.783108	-00000018.342731	000000000.805236
000000005.399452	-00000002.962241	-00000000.129005
000000005.391738	-00000002.958009	-00000000.042935
000000008.302401	-00000004.554853	-00000000.066113
000000005.448748	-00000003.020290	000000000.043493
000000007.670228	-00000004.251677	000000000.061226
000000013.066500	-00000007.242879	000000000.104300
000000007.799897	-00000004.323554	000000000.186806
000000010.519367	-00000005.830980	000000000.251937
000000005.207659	-00000002.916429	-00000000.125026
000000005.452967	-00000003.053808	-00000000.043633
000000007.598020	-00000004.298753	000000000.060946
000000007.727064	-00000004.371762	000000000.185969
000000005.182010	-00000002.961763	-00000000.125026
000000005.556337	-00000003.175708	-00000000.044680
000000005.499127	-00000003.174922	000000000.044331
000000006.572973	-00000003.794908	000000000.052988
000000007.490937	-00000004.324894	000000000.060388
000000005.472080	-00000003.159307	000000000.132356
000000007.653986	-00000004.419031	000000000.185131
000000009.887841	-00000005.708748	000000000.239162
000000005.147330	-00000003.001834	-00000000.124817
000000005.537051	-00000003.229112	-00000000.044750
000000005.290274	-00000003.116210	000000000.042865
000000007.366750	-00000004.339347	000000000.059690
000000005.392616	-00000003.176493	000000000.131100
000000007.511759	-00000004.424764	000000000.182618
000000004.897542	-00000002.913731	-00000000.119372
000000004.984436	-00000002.965428	-00000000.040491
000000005.648595	-00000003.394018	000000000.046007
000000007.618546	-00000004.577684	000000000.186178
000000004.812099	-00000002.920053	-00000000.117906
000000005.163542	-00000003.133314	-00000000.042167
000000005.431185	-00000003.328235	000000000.044471
000000007.468946	-00000004.576976	000000000.061156
000000007.416342	-00000004.544741	000000000.182199
000000004.803436	-00000002.972457	-00000000.118325
000000004.897910	-00000003.030918	-00000000.040212
000000005.554580	-00000003.470887	000000000.045727
000000005.460232	-00000003.411932	000000000.134869
000000007.300092	-00000004.561604	000000000.180314
000000004.591295	-00000002.896891	-00000000.113717
000000004.837445	-00000003.052201	-00000000.039933
000000005.195165	-00000003.309685	000000000.043005
000000007.126484	-00000004.540071	000000000.058992
000000007.369625	-00000004.694969	000000000.183037
000000004.532206	-00000002.915213	-00000000.112880
000000004.869497	-00000003.132166	-00000000.040421
000000005.015128	-00000003.256862	000000000.041748
000000004.947071	-00000003.212666	000000000.123560
000000007.445761	-00000004.835334	000000000.185969
000000004.489872	-00000002.943689	-00000000.112461
000000004.858704	-00000003.185506	-00000000.040561
000000004.961500	-00000003.283945	000000000.041538
000000005.168958	-00000003.421259	000000000.129843
000000007.328249	-00000004.850462	000000000.184084
000000004.538828	-00000003.032748	-00000000.114346
000000004.822406	-00000003.222229	-00000000.040491
000000004.949234	-00000003.338300	000000000.041678
000000007.303643	-00000004.926370	000000000.061505
000000005.230080	-00000003.527733	000000000.132147
000000004.413021	-00000003.004719	-00000000.111833
000000004.736244	-00000003.224794	-00000000.040003
000000004.870467	-00000003.347379	000000000.041259
000000005.067265	-00000003.482635	000000000.128796
000000004.526282	-00000003.139993	-00000000.115393
000000004.691490	-00000003.254602	-00000000.039863
000000004.775540	-00000003.343869	000000000.040701
000000005.053060	-00000003.538191	000000000.129215
000000004.376239	-00000003.092820	-00000000.112251
000000004.654743	-00000003.289647	-00000000.039793
000000004.990407	-00000003.559623	000000000.042795
000000005.298730	-00000003.779547	000000000.136335
000000004.349082	-00000003.130892	-00000000.112251
000000004.609628	-00000003.318457	-00000000.039654
000000005.865230	-00000004.261339	000000000.050614
000000005.435402	-00000003.949050	000000000.140733
000000004.249031	-00000003.115518	-00000000.110367
000000004.330502	-00000003.175255	-00000000.037489
000000005.774003	-00000004.233674	-00000000.049986
000000005.257096	-00000003.890046	000000000.045657
000000025.055609	-00000018.540174	000000000.217606
000000005.521286	-00000004.085536	000000000.143874
000000004.045444	-00000003.020877	-00000000.105759
000000004.254554	-00000003.177026	-00000000.037070
000000004.799683	-00000003.616820	000000000.041957
000000028.414761	-00000021.412058	000000000.248393
000000005.293792	-00000003.989159	000000000.138848
000000004.074636	-00000003.098425	-00000000.107225
000000004.361985	-00000003.316930	-00000000.038257
000000005.474005	-00000004.200352	000000000.048171
000000005.338097	-00000004.096066	000000000.140942
000000004.007917	-00000003.103261	-00000000.106178
000000004.419847	-00000003.422211	-00000000.039025
000000005.224384	-00000004.081736	000000000.046286
000000005.270636	-00000004.117872	000000000.140105
000000004.059198	-00000003.200014	-00000000.108272
000000004.154225	-00000003.274927	-00000000.036931
000000005.172914	-00000004.114722	000000000.046146
000000005.148432	-00000004.095248	000000000.137801
000000003.976538	-00000003.191509	-00000000.106806
000000004.273663	-00000003.429977	-00000000.038257
000000004.779331	-00000003.870226	000000000.042935
000000005.244585	-00000004.246981	000000000.141361
000000003.909825	-00000003.194461	-00000000.105759
000000004.181618	-00000003.416526	-00000000.037699
000000006.280171	-00000005.131115	-00000000.056618
000000004.128091	-00000003.402936	000000000.037350
000000005.324080	-00000004.388833	000000000.048171
000000026.026262	-00000021.454395	000000000.235478
000000005.107034	-00000004.209914	000000000.138639
000000003.812619	-00000003.170922	-00000000.103874
000000003.751857	-00000003.120386	-00000000.034069
000000004.611475	-00000003.869487	000000000.042027
000000025.386093	-00000021.301462	000000000.231359
000000004.342519	-00000003.643806	000000000.118744
000000003.761911	-00000003.184692	-00000000.103246
000000004.289262	-00000003.631128	-00000000.039235
000000004.319001	-00000003.688775	000000000.039654
000000004.759098	-00000004.064653	000000000.131100
000000003.696106	-00000003.184769	-00000000.102199
000000004.272563	-00000003.681475	-00000000.039374
000000005.320573	-00000004.625103	000000000.049218
000000004.836627	-00000004.204416	000000000.134241
000000003.735824	-00000003.276230	-00000000.104084
000000004.270346	-00000003.744993	-00000000.039654
000000004.995413	-00000004.419568	000000000.046565
000000004.904584	-00000004.339210	000000000.137173
000000003.714551	-00000003.315363	-00000000.104293
000000005.616580	-00000005.012990	-00000000.157696
000000004.050992	-00000003.615649	-00000000.037908
000000004.176372	-00000003.760422	000000000.039235
000000004.762514	-00000004.288187	000000000.134241
000000003.470862	-00000003.152709	-00000000.098220
000000003.641784	-00000003.307964	-00000000.034348
000000022.583506	-00000020.513412	-00000000.212998
000000004.106535	-00000003.762946	000000000.038886
000000005.212424	-00000004.776307	000000000.049358
000000023.245789	-00000021.300840	000000000.220119
000000004.938674	-00000004.525462	000000000.140314
000000003.369801	-00000003.115012	-00000000.096126
000000003.524662	-00000003.258164	-00000000.033510
000000004.380702	-00000004.085071	000000000.041818
000000022.656786	-00000021.127794	000000000.216279
000000004.950179	-00000004.616116	000000000.141780
000000003.058487	-00000002.877137	-00000000.087958
000000004.398396	-00000004.137598	-00000000.126492
000000003.583498	-00000003.371018	-00000000.034348
000000006.052616	-00000005.693732	-00000000.058014
000000021.377167	-00000020.109631	-00000000.204900
000000004.040237	-00000003.834042	000000000.038886
000000005.041229	-00000004.783947	000000000.048520
000000022.428028	-00000021.283405	000000000.215861
000000004.786421	-00000004.542144	000000000.138220
000000002.888822	-00000002.765445	-00000000.083770
000000003.091643	-00000002.959604	-00000000.029880
000000004.940849	-00000004.729834	-00000000.047752
000000021.381453	-00000020.468288	-00000000.206645
000000005.064029	-00000004.890276	000000000.049148
000000021.831430	-00000021.082369	000000000.211881
000000004.818520	-00000004.653190	000000000.140314
000000002.857418	-00000002.783573	-00000000.083560
000000003.194629	-00000003.112070	-00000000.031136
000000020.378294	-00000019.851656	-00000000.198617
000000003.694547	-00000003.630621	000000000.036163
000000021.703682	-00000021.328150	000000000.212440
000000003.187530	-00000003.132377	000000000.093613
000000004.649373	-00000004.568926	000000000.136545
000000022.576557	-00000022.185921	000000000.663037
000000002.840118	-00000002.815441	-00000000.083770
000000003.160248	-00000003.132789	-00000000.031067
000000004.850448	-00000004.808303	-00000000.047682
000000020.360519	-00000020.183611	-00000000.200153
000000021.276325	-00000021.276325	000000000.210066
000000003.216630	-00000003.216630	000000000.095288
000000022.148796	-00000022.148796	000000000.656126
000000002.998445	-00000003.024726	-00000000.089215
000000002.928630	-00000002.954299	-00000000.029042
000000002.999819	-00000003.052638	000000000.029880
000000020.809490	-00000021.175890	000000000.207274
000000003.237490	-00000003.294494	000000000.096754
000000022.753532	-00000023.154163	000000000.680000
000000002.762644	-00000002.835934	-00000000.082932
000000002.951582	-00000003.029883	-00000000.029531
000000003.167565	-00000003.280109	000000000.031835
000000003.215563	-00000003.329813	000000000.096963
000000017.994652	-00000018.634007	000000000.542618
000000002.848409	-00000002.975487	-00000000.086283
000000002.842050	-00000002.968844	-00000000.028693
000000003.159471	-00000003.329387	000000000.032044
000000018.041332	-00000019.011599	000000000.182979
000000003.069388	-00000003.234460	000000000.093403
000000017.934586	-00000018.899111	000000000.545759
000000002.856586	-00000003.036641	-00000000.087330
000000002.891402	-00000003.073650	-00000000.029461
000000002.912062	-00000003.122804	000000000.029810
000000017.929300	-00000019.226820	000000000.183537
000000003.143323	-00000003.370801	000000000.096545
000000005.911629	-00000006.339446	000000000.181571
000000017.803072	-00000019.091457	000000000.546807
000000002.796046	-00000003.024745	-00000000.086283
000000002.823742	-00000003.054707	-00000000.029042
000000002.959013	-00000003.229196	000000000.030578
000000003.120542	-00000003.405474	000000000.096754
000000005.788538	-00000006.317081	000000000.179477
000000017.784389	-00000019.408255	000000000.551414
000000002.715766	-00000002.989825	-00000000.084607
000000002.985236	-00000003.286489	-00000000.030997
000000002.970868	-00000003.299483	000000000.030997
000000002.963598	-00000003.291409	000000000.092775
000000005.726502	-00000006.359925	000000000.179267
000000002.856006	-00000003.199884	-00000000.089843
000000002.943125	-00000003.297493	-00000000.030857
000000005.872933	-00000006.580065	-00000000.061575
000000005.804410	-00000006.560692	000000000.061156
000000005.664159	-00000006.402167	000000000.179058
000000002.643397	-00000003.014217	-00000000.083979
000000002.953797	-00000003.368160	-00000000.031276
000000002.984996	-00000003.433845	000000000.031765
000000005.838783	-00000006.716751	000000000.062133
000000005.634311	-00000006.481534	000000000.179895
000000002.701833	-00000003.135631	-00000000.086702
000000002.702359	-00000003.136242	-00000000.028902
000000002.876985	-00000003.368516	000000000.030927
000000005.643566	-00000006.607767	000000000.060667
000000002.960834	-00000003.466691	000000000.095497
000000005.622986	-00000006.583671	000000000.181361
000000002.700206	-00000003.189612	-00000000.087539
000000002.700732	-00000003.190234	-00000000.029182
000000002.828197	-00000003.370513	000000000.030718
000000005.405712	-00000006.442276	000000000.058712
000000002.956174	-00000003.523031	000000000.096335
000000005.488202	-00000006.540585	000000000.178848
000000005.546467	-00000006.728403	000000000.060877
000000002.868084	-00000003.479264	000000000.094450
000000005.659854	-00000006.865952	000000000.186388
000000005.487540	-00000006.776548	000000000.060877
000000005.096377	-00000006.293502	000000000.169634
000000002.919523	-00000003.670343	000000000.032742
000000005.720770	-00000007.191993	000000000.064158
000000004.860773	-00000006.110829	000000000.163560
000000002.942790	-00000003.766600	000000000.033370
000000005.202212	-00000006.658528	000000000.058992
000000002.911440	-00000003.726473	000000000.099058
000000004.794951	-00000006.137258	000000000.163141
000000002.800234	-00000003.649336	000000000.032114
000000004.456025	-00000005.807205	000000000.051103
000000002.081507	-00000002.712673	000000000.071623
000000004.686435	-00000006.107481	000000000.161257
000000002.208607	-00000002.930921	000000000.025621
000000004.591737	-00000006.093441	000000000.053267
000000002.069790	-00000002.746704	000000000.072042
000000004.584825	-00000006.084268	000000000.159581
000000001.974764	-00000002.668740	000000000.023178
000000004.489927	-00000006.067789	000000000.158115
000000002.080709	-00000002.863850	000000000.024714
000000004.355382	-00000005.994670	000000000.051731
000000002.033291	-00000002.798585	000000000.072461
000000004.354533	-00000005.993501	000000000.155183
000000002.009183	-00000002.816771	000000000.024155
000000002.014597	-00000002.824361	000000000.072670
000000001.961584	-00000002.801432	000000000.023876
000000004.238626	-00000006.053386	000000000.051592
000000001.984139	-00000002.833644	000000000.072461
000000004.323818	-00000006.175052	000000000.157906
000000002.146627	-00000003.123362	000000000.026459
000000014.726203	-00000021.426758	000000000.181513
000000004.224464	-00000006.146633	000000000.156230
000000001.945944	-00000002.884980	000000000.024295
000000004.154702	-00000006.159599	000000000.051871
000000001.850523	-00000002.743512	000000000.069319
000000004.081213	-00000006.050647	000000000.152880
000000001.744078	-00000002.635015	000000000.022061
000000001.815474	-00000002.742883	000000000.068901
000000003.928929	-00000005.935965	000000000.149110
000000001.797265	-00000002.767545	000000000.023038
000000003.926752	-00000006.046668	000000000.050335
000000001.802360	-00000002.775391	000000000.069319
000000003.811637	-00000005.869406	000000000.146597
000000001.756927	-00000002.757823	000000000.022829
000000001.799559	-00000002.824742	000000000.070157
000000003.856965	-00000006.054223	000000000.150367
000000001.780485	-00000002.849372	000000000.023457
000000001.822523	-00000002.916646	000000000.072042
000000004.694055	-00000007.512058	000000000.185550
000000001.860049	-00000003.035325	000000000.024853
000000001.760434	-00000002.872767	000000000.070576
000000001.689284	-00000002.811440	000000000.022899
000000001.745596	-00000002.905160	000000000.070995
000000001.659610	-00000002.817459	000000000.022829
000000001.684658	-00000002.859981	000000000.069529
000000001.649960	-00000002.857814	000000000.023038
000000001.694628	-00000002.935182	000000000.070995
