000000003.628548	000000004.211137	-00000000.116440
000000004.236308	000000004.916477	-00000000.045308
000000003.764039	000000004.292064	-00000000.119581
000000004.364763	000000004.977058	-00000000.046216
000000003.774721	000000004.229218	-00000000.118744
000000004.661058	000000005.222274	-00000000.048869
000000003.764428	000000004.144312	-00000000.117278
000000004.652665	000000005.122185	-00000000.048310
000000003.875102	000000004.192062	-00000000.119581
000000004.310280	000000004.662834	-00000000.044331
000000003.774530	000000004.012444	-00000000.115393
000000004.556356	000000004.843549	-00000000.046425
000000003.913105	000000004.087683	-00000000.118534
000000004.467065	000000004.666358	-00000000.045099
000000004.011415	000000004.117833	-00000000.120419
000000004.696015	000000004.820595	-00000000.046984
000000004.209085	000000004.245977	-00000000.125236
000000004.780143	000000004.822041	-00000000.047403
000000004.316980	000000004.279471	-00000000.127330
000000004.971177	000000004.927983	-00000000.048869
000000004.389968	000000004.276517	-00000000.128377
000000005.071294	000000004.940236	-00000000.049427
000000004.383788	000000004.196564	-00000000.127120
000000005.041977	000000004.826643	-00000000.048729
000000004.354703	000000004.096496	-00000000.125236
000000004.544924	000000004.275437	-00000000.043563
000000004.382944	000000004.051551	-00000000.125026
000000005.176847	000000004.785429	-00000000.049218
000000004.425534	000000004.019872	-00000000.125236
000000004.796496	000000004.356831	-00000000.045239
000000004.475362	000000003.994414	-00000000.125655
000000005.311799	000000004.740962	-00000000.049707
000000004.615284	000000004.047495	-00000000.128586
000000005.360487	000000004.701021	-00000000.049776
000000004.536819	000000003.909173	-00000000.125445
000000005.416458	000000004.667119	-00000000.049916
000000004.746264	000000004.018010	-00000000.130262
000000005.456979	000000004.619674	-00000000.049916
000000004.911822	000000004.085119	-00000000.133822
000000005.673914	000000004.718945	-00000000.051522
000000005.063417	000000004.136985	-00000000.136963
000000005.683904	000000004.643944	-00000000.051242
000000005.083732	000000004.080126	-00000000.136545
000000005.716414	000000004.587907	-00000000.051173
000000005.299726	000000004.177968	-00000000.141361
000000005.614879	000000004.426414	-00000000.049916
000000005.114639	000000003.960177	-00000000.135497
000000005.661199	000000004.383369	-00000000.049986
000000005.395710	000000004.102993	-00000000.141990
000000006.049468	000000004.600122	-00000000.053058
000000005.439320	000000004.061733	-00000000.142199
000000005.985220	000000004.469376	-00000000.052150
000000005.369743	000000003.937258	-00000000.139477
000000005.967545	000000004.375585	-00000000.051661
000000005.468809	000000003.936979	-00000000.141152
000000006.054194	000000004.358397	-00000000.052080
000000005.568274	000000003.935267	-00000000.142827
000000006.043000	000000004.270771	-00000000.051661
000000005.651691	000000003.920718	-00000000.144084
000000006.392258	000000004.434467	-00000000.054314
000000005.735275	000000003.905010	-00000000.145340
000000006.108349	000000004.159027	-00000000.051592
000000007.950277	000000005.362529	000000000.066950
000000010.509892	000000007.089011	000000000.265550
000000005.968642	000000003.988119	-00000000.150367
000000005.878347	000000003.927786	-00000000.049358
000000007.283496	000000004.866677	-00000000.061156
000000008.005109	000000005.298466	000000000.067020
000000005.802553	000000003.804321	-00000000.145340
000000007.158435	000000004.693276	-00000000.059760
000000008.143292	000000005.288316	000000000.067788
000000010.648780	000000006.915399	000000000.265969
000000005.793488	000000003.726496	-00000000.144293
000000005.853489	000000003.765091	-00000000.048590
000000007.367322	000000004.738821	-00000000.061156
000000008.071059	000000005.141832	000000000.066811
000000010.801476	000000006.881299	000000000.268272
000000006.003351	000000003.787832	-00000000.148691
000000007.738221	000000004.882453	-00000000.063879
000000008.463313	000000005.288465	000000000.069673
000000011.225694	000000007.014592	000000000.277278
000000006.155200	000000003.808953	-00000000.151623
000000005.960824	000000003.688670	-00000000.048939
000000007.806044	000000004.830526	-00000000.064088
000000008.500615	000000005.209184	000000000.069603
000000011.491068	000000007.041736	000000000.282304
000000006.205299	000000003.765468	-00000000.152042
000000006.078275	000000003.688388	-00000000.049637
000000007.779509	000000004.720722	-00000000.063529
000000008.700036	000000005.227509	000000000.070860
000000010.035228	000000006.029773	000000000.245236
000000011.680628	000000007.018429	000000000.285445
000000006.495687	000000003.864528	-00000000.158325
000000007.811814	000000004.647541	-00000000.063460
000000009.167511	000000005.400077	000000000.074281
000000011.663900	000000006.870562	000000000.283560
000000006.511891	000000003.797623	-00000000.157906
000000007.834797	000000004.569118	-00000000.063320
000000008.677363	000000005.009878	000000000.069952
000000011.394395	000000006.578557	000000000.275602
000000006.657625	000000003.805146	-00000000.160628
000000007.761508	000000004.436067	-00000000.062412
000000008.920929	000000005.047218	000000000.071558
000000009.049714	000000005.120082	000000000.217801
000000011.634104	000000006.582259	000000000.280000
000000006.838869	000000003.829951	-00000000.164189
000000007.607980	000000004.260674	-00000000.060877
000000008.938396	000000004.954634	000000000.071348
000000012.023383	000000006.664670	000000000.287958
000000006.836969	000000003.750890	-00000000.163351
000000007.688707	000000004.218169	-00000000.061226
000000009.113111	000000004.948016	000000000.072396
000000011.826284	000000006.421148	000000000.281885
000000007.221720	000000003.880370	-00000000.171728
000000007.531433	000000004.046784	-00000000.059690
000000009.482626	000000005.042002	000000000.074979
000000011.784765	000000006.266071	000000000.279581
000000007.352635	000000003.868408	-00000000.174032
000000008.371779	000000004.404606	-00000000.066043
000000009.455305	000000004.922120	000000000.074420
000000012.495242	000000006.504611	000000000.295079
000000007.403889	000000003.813253	-00000000.174450
000000008.036519	000000004.139079	-00000000.063111
000000009.996850	000000005.093649	000000000.078330
000000011.705258	000000005.964127	000000000.275183
000000007.276182	000000003.667498	-00000000.170681
000000007.295460	000000003.677215	-00000000.057037
000000010.184105	000000005.077608	000000000.079447
000000011.676332	000000005.821605	000000000.273299
000000007.675547	000000003.785161	-00000000.179267
000000008.107532	000000003.998192	-00000000.063111
000000010.192077	000000004.971008	000000000.079167
000000011.520012	000000005.618685	000000000.268482
000000013.254305	000000006.464556	000000000.308901
000000007.906396	000000003.813593	-00000000.183874
000000008.754574	000000004.222705	-00000000.067858
000000010.108708	000000004.821607	000000000.078190
000000012.218325	000000005.827842	000000000.283560
000000008.056928	000000003.799894	-00000000.186597
000000008.601159	000000004.056570	-00000000.066392
000000010.349783	000000004.826183	000000000.079726
000000012.105617	000000005.644941	000000000.279791
000000017.741615	000000008.273050	000000000.410053
000000008.162416	000000003.762925	-00000000.188272
000000008.826937	000000004.069273	-00000000.067858
000000010.810077	000000004.926436	000000000.082937
000000012.645687	000000005.762972	000000000.291100
000000017.885916	000000008.151081	000000000.411728
000000008.313446	000000003.744934	-00000000.190995
000000009.263276	000000004.172802	-00000000.070930
000000010.834385	000000004.823779	000000000.082798
000000012.649830	000000005.632067	000000000.290053
000000017.992899	000000008.010955	000000000.412566
000000008.464774	000000003.724590	-00000000.193717
000000009.317644	000000004.099862	-00000000.071069
000000010.976942	000000004.772910	000000000.083566
000000012.799351	000000005.565316	000000000.292356
000000018.025446	000000007.837687	000000000.411728
000000008.524512	000000003.662420	-00000000.194346
000000009.334691	000000004.010500	-00000000.070930
000000011.064199	000000004.696474	000000000.083915
000000012.654166	000000005.371375	000000000.287958
000000018.065546	000000007.668370	000000000.411100
000000008.639128	000000003.622687	-00000000.196230
000000009.821200	000000004.118371	-00000000.074350
000000011.206386	000000004.641837	000000000.084683
000000012.885293	000000005.337263	000000000.292147
000000018.076357	000000007.487472	000000000.409843
000000008.707426	000000003.562302	-00000000.197068
000000009.699428	000000003.968141	-00000000.073164
000000011.515343	000000004.652501	000000000.086707
000000012.977727	000000005.243342	000000000.293194
000000018.039040	000000007.288245	000000000.407539
000000009.026049	000000003.601028	-00000000.203560
000000009.900868	000000003.950046	-00000000.074420
000000011.425249	000000004.500525	000000000.085730
000000012.492767	000000004.921032	000000000.281257
000000018.194975	000000007.167192	000000000.409634
000000008.814860	000000003.427912	-00000000.198115
000000009.916323	000000003.856247	-00000000.074281
000000011.706813	000000004.493824	000000000.087545
000000013.328605	000000005.116372	000000000.299058
000000018.396833	000000007.061883	000000000.412775
000000009.115569	000000003.453580	-00000000.204189
000000010.286237	000000003.897106	-00000000.076794
000000011.623818	000000004.345968	000000000.086637
000000019.132017	000000007.153168	000000000.427854
000000022.344097	000000008.354115	000000000.499686
000000008.760785	000000003.232024	-00000000.195602
000000010.723266	000000003.956022	-00000000.079796
000000011.905616	000000004.333290	000000000.088453
000000013.171601	000000004.794071	000000000.293613
000000019.475555	000000007.088522	000000000.434136
000000009.202682	000000003.304101	-00000000.204817
000000010.926787	000000003.923117	-00000000.081052
000000011.763879	000000004.165808	000000000.087126
000000013.241208	000000004.688958	000000000.294241
000000022.580736	000000007.996258	000000000.501780
000000008.740347	000000003.052266	-00000000.193927
000000010.875641	000000003.797944	-00000000.080424
000000011.894334	000000004.095548	000000000.087824
000000013.404513	000000004.615544	000000000.296964
000000009.202143	000000003.123706	-00000000.203560
000000011.164034	000000003.789679	-00000000.082309
000000012.318424	000000004.121687	000000000.090687
000000013.311544	000000004.453980	000000000.294032
000000008.725821	000000002.877344	-00000000.192461
000000011.519569	000000003.798584	-00000000.084683
000000012.601192	000000004.094376	000000000.092502
000000013.397448	000000004.353095	000000000.295079
000000009.064820	000000002.901672	-00000000.199372
000000011.628469	000000003.722302	-00000000.085241
000000012.750885	000000004.020339	000000000.093339
000000013.387249	000000004.220984	000000000.294032
000000008.774708	000000002.724619	-00000000.192461
000000012.099808	000000003.757090	-00000000.088453
000000012.900236	000000003.943998	000000000.094177
000000013.987670	000000004.276460	000000000.306388
000000025.001884	000000007.643843	000000000.547644
000000009.228964	000000002.777603	-00000000.201885
000000012.381096	000000003.726287	-00000000.090268
000000012.991691	000000003.848314	000000000.094596
000000020.820997	000000006.167460	000000000.454869
000000025.144325	000000007.448089	000000000.549320
000000008.744136	000000002.548683	-00000000.190785
000000012.595547	000000003.671267	-00000000.091594
000000013.120902	000000003.762358	000000000.095294
000000015.091440	000000004.327401	000000000.109606
000000017.529568	000000005.026523	000000000.381990
000000025.381353	000000007.277986	000000000.553089
000000009.131697	000000002.575405	-00000000.198744
000000012.935082	000000003.648071	-00000000.093828
000000014.666099	000000004.067269	000000000.106255
000000017.084751	000000004.738021	000000000.123778
000000025.376459	000000007.037515	000000000.551623
000000008.758348	000000002.387800	-00000000.190157
000000013.120789	000000003.577137	-00000000.094945
000000014.787965	000000003.962423	000000000.106883
000000017.913994	000000004.800040	000000000.388482
000000025.910107	000000006.942592	000000000.561885
000000009.155917	000000002.410552	-00000000.198325
000000013.722047	000000003.612714	-00000000.099064
000000016.264482	000000004.206281	000000000.117285
000000017.868086	000000004.621001	000000000.386597
000000026.018101	000000006.728738	000000000.562932
000000008.711474	000000002.212433	-00000000.188272
000000013.297524	000000003.377141	-00000000.095783
000000015.669893	000000003.906943	000000000.112747
000000017.442091	000000004.348802	000000000.376545
000000009.235437	000000002.259897	-00000000.199162
000000013.918993	000000003.405956	-00000000.100041
000000016.889654	000000004.054847	000000000.121264
000000017.430769	000000004.184757	000000000.375498
000000008.748760	000000002.060060	-00000000.188272
000000013.237636	000000003.117049	-00000000.094945
000000016.895164	000000003.900556	000000000.121055
000000022.614576	000000005.220986	000000000.162035
000000024.675381	000000005.696761	000000000.530472
000000038.459694	000000008.879120	000000000.826807
000000043.418148	000000010.023870	000000000.933404
000000009.136953	000000002.067482	-00000000.196230
000000016.414612	000000003.714247	-00000000.117495
000000017.651001	000000003.913133	000000000.126221
000000023.401245	000000005.187931	000000000.167341
000000024.543484	000000005.441159	000000000.175509
000000038.926147	000000008.629719	000000000.835184
000000044.011532	000000009.757122	000000000.944294
000000008.734529	000000001.896452	-00000000.187225
000000013.524549	000000002.936467	-00000000.096621
000000018.026821	000000003.831719	000000000.128665
000000019.523350	000000004.149816	000000000.139346
000000024.071627	000000005.116582	000000000.171809
000000025.612068	000000005.444013	000000000.548482
000000051.859791	000000011.023139	000000001.110577
000000008.975878	000000001.866985	-00000000.192042
000000017.495117	000000003.638990	-00000000.124755
000000019.617615	000000003.991249	000000000.139765
000000024.389730	000000004.962147	000000000.173764
000000025.237324	000000005.134592	000000000.539477
000000051.875633	000000010.554217	000000001.108901
000000008.687852	000000001.728121	-00000000.185550
000000013.220663	000000002.629753	-00000000.094107
000000017.683128	000000003.517393	-00000000.125872
000000018.840425	000000003.747594	-00000000.134110
000000019.936361	000000003.875236	000000000.141789
000000024.294682	000000004.722407	000000000.172786
000000025.084888	000000004.876008	000000000.535288
000000009.016917	000000001.711915	-00000000.192251
000000018.803642	000000003.569983	-00000000.133621
000000020.775669	000000003.850543	000000000.147514
000000024.295635	000000004.502930	000000000.172507
000000025.018351	000000004.636877	000000000.532985
000000008.726526	000000001.578013	-00000000.185759
000000013.490870	000000002.439547	-00000000.095713
000000019.080084	000000003.450241	-00000000.135367
000000022.256113	000000003.924353	000000000.157776
000000024.018875	000000004.235176	000000000.170273
000000025.077551	000000004.421849	000000000.533403
000000008.828646	000000001.517039	-00000000.187644
000000022.940445	000000003.838914	000000000.162384
000000025.159533	000000004.210262	000000000.178092
000000025.361702	000000004.244093	000000000.538639
000000052.616657	000000008.805009	000000001.117488
000000008.624456	000000001.404582	-00000000.183037
000000013.156341	000000002.142646	-00000000.093060
000000024.089130	000000003.815344	000000000.170273
000000032.606316	000000005.164333	000000000.691519
000000054.705936	000000008.664569	000000001.160210
000000009.041524	000000001.391624	-00000000.191623
000000025.476427	000000003.807478	000000000.179837
000000032.828125	000000004.906196	000000000.695288
000000051.022026	000000007.625293	000000001.080629
000000054.739910	000000008.180935	000000001.159372
000000008.608079	000000001.248112	-00000000.182199
000000012.983910	000000001.882577	-00000000.091594
000000027.518881	000000003.867526	000000000.194009
000000029.974684	000000004.212667	000000000.211323
000000032.780586	000000004.607011	000000000.693404
000000008.985183	000000001.222830	-00000000.189948
000000029.494766	000000003.883060	000000000.207692
000000050.929264	000000006.704965	000000001.076022
000000008.509536	000000001.082550	-00000000.179686
000000013.004868	000000001.654428	-00000000.091524
000000030.529976	000000003.748610	000000000.214744
000000036.795540	000000004.517924	000000000.776545
000000008.856228	000000001.048204	-00000000.186806
000000034.048878	000000003.879380	000000000.239248
000000040.598373	000000004.625600	000000000.855917
000000008.527133	000000000.933873	-00000000.179686
000000012.872716	000000001.409792	-00000000.090407
000000008.773698	000000000.883465	-00000000.184712
000000044.733246	000000004.307322	000000000.941362
000000048.614437	000000004.681038	000000001.023037
000000008.542132	000000000.784912	-00000000.179686
000000012.865486	000000001.182172	-00000000.090198
000000052.507866	000000004.593843	000000001.104084
000000008.807707	000000000.731864	-00000000.185131
000000063.150829	000000004.970078	000000001.326912
000000008.554530	000000000.635711	-00000000.179686
000000012.754519	000000000.947824	-00000000.089290
000000067.939163	000000004.750769	000000001.426598
000000008.869020	000000000.581306	-00000000.186178
000000080.212479	000000004.906005	000000001.683352
000000008.564322	000000000.486317	-00000000.179686
000000012.639330	000000000.717713	-00000000.088383
000000008.738007	000000000.419717	-00000000.183246
000000008.591485	000000000.337560	-00000000.180105
000000012.709884	000000000.499373	-00000000.088802
000000008.783974	000000000.268375	-00000000.184084
000000008.586073	000000000.187349	-00000000.179895
000000012.636684	000000000.275733	-00000000.088243
000000008.757329	000000000.114640	-00000000.183456
000000008.588035	000000000.037473	-00000000.179895
000000012.679570	000000000.055325	-00000000.088522
000000008.757996	-00000000.038214	-00000000.183456
000000008.587380	-00000000.112415	-00000000.179895
000000012.788592	-00000000.167412	-00000000.089290
000000008.745999	-00000000.190838	-00000000.183246
000000008.594104	-00000000.262574	-00000000.180105
000000012.693767	-00000000.387830	-00000000.088662
000000063.247562	-00000002.208654	000000001.325655
000000066.305031	-00000002.315423	000000001.389739
000000073.908730	-00000002.580950	000000001.549111
000000008.921159	-00000000.350513	-00000000.187016
000000062.696503	-00000002.737388	000000001.314556
000000008.568239	-00000000.411562	-00000000.179686
000000012.894818	-00000000.619383	-00000000.090128
000000039.275143	-00000002.058323	000000000.274573
000000050.499607	-00000002.646572	000000001.059268
000000008.903701	-00000000.505589	-00000000.186806
000000012.729183	-00000000.722815	-00000000.089011
000000034.764191	-00000002.126269	000000000.243157
000000064.475349	-00000003.943481	000000001.353090
000000008.559752	-00000000.561036	-00000000.179686
000000012.792239	-00000000.838448	-00000000.089500
000000031.542208	-00000002.205646	000000000.220747
000000039.046070	-00000002.730367	000000000.819896
000000008.773877	-00000000.652012	-00000000.184293
000000027.374681	-00000002.154434	000000000.191705
000000028.800240	-00000002.266628	000000000.201689
000000039.100491	-00000003.077275	000000000.821571
000000044.113884	-00000003.471838	000000000.926911
000000008.548656	-00000000.710339	-00000000.179686
000000012.835451	-00000001.066544	-00000000.089919
000000023.858282	-00000002.087329	000000000.167201
000000026.179359	-00000002.290397	000000000.183468
000000028.271317	-00000002.473420	000000000.198128
000000044.052029	-00000003.854053	000000000.926283
000000008.890588	-00000000.816930	-00000000.187016
000000023.988464	-00000002.309826	000000000.168248
000000044.086380	-00000004.245036	000000000.927749
000000008.534958	-00000000.859425	-00000000.179686
000000012.814882	-00000001.290391	-00000000.089919
000000022.067904	-00000002.319430	000000000.154914
000000023.982609	-00000002.520674	000000000.505131
000000044.485153	-00000004.675578	000000000.936964
000000008.874976	-00000000.971968	-00000000.187016
000000012.932358	-00000001.416324	-00000000.090826
000000019.940283	-00000002.183816	-00000000.140044
000000020.695597	-00000002.357965	000000000.145420
000000022.390200	-00000002.551041	000000000.472042
000000050.154442	-00000005.714377	000000001.057383
000000008.518659	-00000001.008250	-00000000.179686
000000012.790410	-00000001.513845	-00000000.089919
000000019.205477	-00000002.273118	-00000000.135018
000000019.612234	-00000002.408080	000000000.137950
000000021.890766	-00000002.687848	000000000.461990
000000043.463985	-00000005.336707	000000000.917278
000000008.886415	-00000001.130495	-00000000.187644
000000017.964773	-00000002.285408	-00000000.126431
000000019.183990	-00000002.525620	000000000.135087
000000021.985424	-00000002.894436	000000000.464503
000000008.499764	-00000001.156767	-00000000.179686
000000012.801676	-00000001.742232	-00000000.090198
000000016.874035	-00000002.296455	-00000000.118891
000000018.053137	-00000002.456924	-00000000.127199
000000019.042391	-00000002.676234	000000000.134250
000000022.147440	-00000003.112620	000000000.468482
000000024.256247	-00000003.408993	000000000.513089
000000008.815860	-00000001.278239	-00000000.186597
000000013.350072	-00000001.935668	-00000000.094177
000000016.200199	-00000002.348917	-00000000.114283
000000017.960091	-00000002.684154	000000000.126780
000000021.229513	-00000003.172772	000000000.449634
000000023.988262	-00000003.585070	000000000.508063
000000008.567215	-00000001.318621	-00000000.181571
000000012.769320	-00000001.965386	-00000000.090198
000000016.869307	-00000002.671835	000000000.119240
000000019.081673	-00000003.022240	000000000.134878
000000023.689445	-00000003.752040	000000000.502409
000000008.881020	-00000001.446366	-00000000.188482
000000012.425982	-00000002.023700	-00000000.087894
000000014.340708	-00000002.335532	-00000000.101438
000000016.667820	-00000002.789237	000000000.117983
000000019.340590	-00000003.236505	000000000.136903
000000023.468449	-00000003.927271	000000000.498430
000000008.582311	-00000001.474711	-00000000.182408
000000012.299439	-00000002.113430	-00000000.087126
000000014.555103	-00000002.566458	000000000.103183
000000016.770868	-00000002.957156	000000000.118891
000000019.144197	-00000003.375638	000000000.135716
000000023.600664	-00000004.161434	000000000.501990
000000008.746203	-00000001.581571	-00000000.186178
000000011.926283	-00000002.156623	-00000000.084613
000000016.488783	-00000003.056015	000000000.117076
000000018.701054	-00000003.466035	000000000.132784
000000023.691246	-00000004.390913	000000000.504712
000000008.555266	-00000001.624268	-00000000.182408
000000012.005252	-00000002.279268	-00000000.085311
000000013.722814	-00000002.667445	000000000.097598
000000016.608727	-00000003.228410	000000000.118123
000000018.807518	-00000003.655811	000000000.133761
000000023.612770	-00000004.589858	000000000.503875
000000008.736880	-00000001.737874	-00000000.186597
000000011.661253	-00000002.319567	-00000000.083007
000000011.798006	-00000002.400331	000000000.084054
000000018.706306	-00000003.805841	000000000.133272
000000021.116861	-00000004.296274	000000000.150446
000000023.757963	-00000004.833612	000000000.507854
000000008.525616	-00000001.773331	-00000000.182408
000000011.190217	-00000002.327569	-00000000.079796
000000011.854860	-00000002.519828	000000000.084613
000000018.819101	-00000004.000124	000000000.134319
000000021.195942	-00000004.505337	000000000.151284
000000023.881126	-00000005.076090	000000000.511414
000000029.562916	-00000006.283792	000000000.633089
000000008.734529	-00000001.896452	-00000000.187225
000000010.925178	-00000002.372089	-00000000.078050
000000011.646928	-00000002.582062	000000000.083286
000000018.656563	-00000004.136060	000000000.133412
000000018.213688	-00000004.037878	000000000.390786
000000030.073082	-00000006.667042	000000000.645236
000000008.366602	-00000001.893169	-00000000.179686
000000010.221338	-00000002.312853	-00000000.073164
000000011.399852	-00000002.631863	000000000.081681
000000018.493093	-00000004.269467	000000000.132504
000000018.168016	-00000004.194417	000000000.390576
000000008.573591	-00000002.018813	-00000000.184503
000000010.122897	-00000002.383626	-00000000.072605
000000010.754149	-00000002.581843	000000000.077213
000000017.871723	-00000004.290621	000000000.128316
000000017.936291	-00000004.306122	000000000.386388
000000008.341999	-00000002.041274	-00000000.179895
000000009.946301	-00000002.433844	-00000000.071488
000000010.770020	-00000002.685268	000000000.077492
000000017.629845	-00000004.395614	000000000.126850
000000018.111448	-00000004.515691	000000000.390995
000000008.614573	-00000002.187823	-00000000.186178
000000009.750226	-00000002.476242	-00000000.070231
000000010.562233	-00000002.731579	000000000.076166
000000017.987745	-00000004.651947	000000000.129712
000000017.993917	-00000004.653543	000000000.389320
000000008.459796	-00000002.227278	-00000000.183246
000000009.051329	-00000002.383016	-00000000.065345
000000010.489698	-00000002.810706	000000000.075816
000000018.168621	-00000004.868268	000000000.131317
000000018.329250	-00000004.911308	000000000.397487
000000021.313307	-00000005.710884	000000000.462199
000000008.623306	-00000002.350983	-00000000.187225
000000009.030189	-00000002.461912	-00000000.065345
000000009.954060	-00000002.760505	000000000.072116
000000011.457287	-00000003.177387	000000000.083007
000000018.221807	-00000005.053354	000000000.132016
000000021.301197	-00000005.907345	000000000.463037
000000008.438882	-00000002.380011	-00000000.183665
000000008.892869	-00000002.508049	-00000000.064507
000000010.093001	-00000002.894122	000000000.073303
000000032.108711	-00000009.207025	000000000.699686
000000037.788521	-00000010.835684	000000000.823456
000000008.273814	-00000002.411597	-00000000.180524
000000008.813044	-00000002.568768	-00000000.064088
000000010.124890	-00000002.999129	000000000.073722
000000017.670618	-00000005.234275	000000000.128665
000000012.682403	-00000003.756699	000000000.277068
000000032.305138	-00000009.569219	000000000.705760
000000008.195014	-00000002.466419	-00000000.179267
000000008.732838	-00000002.628286	-00000000.063669
000000009.974016	-00000003.049363	000000000.072815
000000012.842860	-00000003.926456	000000000.093758
000000012.878600	-00000003.937383	000000000.282094
000000031.895330	-00000009.751381	000000000.698639
000000008.134986	-00000002.525980	-00000000.178429
000000008.575870	-00000002.662878	-00000000.062692
000000009.775360	-00000003.082159	000000000.071558
000000011.596915	-00000003.656493	000000000.084892
000000012.884402	-00000004.062437	000000000.094317
000000013.005847	-00000004.100728	000000000.285655
000000007.855542	-00000002.514579	-00000000.172775
000000008.152309	-00000002.609575	-00000000.059760
000000009.681520	-00000003.145716	000000000.071069
000000012.772378	-00000004.149997	000000000.093758
000000012.874481	-00000004.183172	000000000.283560
000000007.643402	-00000002.520416	-00000000.168586
000000008.214697	-00000002.708801	-00000000.060388
000000009.900257	-00000003.312580	000000000.072884
000000011.237362	-00000003.759969	000000000.082728
000000012.811541	-00000004.286682	000000000.094317
000000012.790080	-00000004.279501	000000000.282513
000000028.974415	-00000009.694703	000000000.640000
000000007.535911	-00000002.558097	-00000000.166702
000000007.802514	-00000002.648597	-00000000.057526
000000010.239717	-00000003.525817	000000000.075607
000000012.055068	-00000004.150893	000000000.089011
000000019.146284	-00000006.592595	000000000.141371
000000012.837326	-00000004.420246	000000000.284398
000000007.352840	-00000002.567727	-00000000.163141
000000007.760223	-00000002.709991	-00000000.057386
000000008.068815	-00000002.857317	000000000.059760
000000010.020035	-00000003.548280	000000000.074211
000000011.669618	-00000004.132428	000000000.086428
000000012.854811	-00000004.552127	000000000.285655
000000026.897089	-00000009.524758	000000000.597697
000000007.207827	-00000002.587874	-00000000.160419
000000007.444521	-00000002.672856	-00000000.055222
000000008.804706	-00000003.204651	000000000.065414
000000010.514904	-00000003.827112	000000000.078120
000000014.865575	-00000005.410627	000000000.110444
000000025.469481	-00000009.270133	000000000.567749
000000006.969233	-00000002.571086	-00000000.155602
000000007.439676	-00000002.744641	-00000000.055361
000000008.205049	-00000003.067742	000000000.061156
000000011.539520	-00000004.314450	000000000.086009
000000014.911458	-00000005.575166	000000000.111142
000000025.359520	-00000009.481536	000000000.567121
000000006.937181	-00000002.628263	-00000000.155393
000000007.406090	-00000002.805917	-00000000.055292
000000008.327334	-00000003.196564	000000000.062273
000000010.306477	-00000003.956286	000000000.077073
000000015.132969	-00000005.809002	000000000.113166
000000014.653998	-00000005.625143	000000000.328796
000000025.201143	-00000009.673813	000000000.565445
000000006.746257	-00000002.623476	-00000000.151623
000000007.754116	-00000003.015411	-00000000.058084
000000008.308427	-00000003.272776	000000000.062343
000000013.313951	-00000005.244505	000000000.099902
000000014.728151	-00000005.801573	000000000.110513
000000014.734582	-00000005.804106	000000000.331728
000000006.528100	-00000002.604448	-00000000.147225
000000007.755371	-00000003.094079	-00000000.058294
000000008.047760	-00000003.251506	000000000.060597
000000014.519345	-00000005.866196	000000000.109327
000000014.627752	-00000005.909996	000000000.330471
000000006.366322	-00000002.604531	-00000000.144084
000000007.283826	-00000002.979892	-00000000.054943
000000008.019079	-00000003.321611	000000000.060597
000000014.689326	-00000006.084518	000000000.111002
000000014.667990	-00000006.075680	000000000.332566
000000006.324911	-00000002.652256	-00000000.143665
000000007.008556	-00000002.938932	-00000000.053058
000000008.035811	-00000003.411000	000000000.060946
000000011.809790	-00000005.012958	000000000.089570
000000014.654080	-00000006.220288	000000000.111142
000000011.770675	-00000004.996355	000000000.267854
000000014.623614	-00000006.207356	000000000.332775
000000006.567916	-00000002.821800	-00000000.149738
000000006.918329	-00000002.972349	-00000000.052569
000000007.840673	-00000003.409222	000000000.059690
000000008.315910	-00000003.615861	000000000.189948
000000011.717457	-00000005.094895	000000000.267644
000000006.158695	-00000002.709891	-00000000.140942
000000007.029421	-00000003.093019	-00000000.053616
000000008.020734	-00000003.571061	000000000.061295
000000011.884937	-00000005.291515	000000000.090826
000000008.201838	-00000003.651694	000000000.188063
000000011.672550	-00000005.196954	000000000.267644
000000014.485653	-00000006.449428	000000000.332147
000000006.271547	-00000002.825126	-00000000.144084
000000007.303036	-00000003.289778	-00000000.055920
000000007.698085	-00000003.508219	000000000.059061
000000011.483431	-00000005.233301	000000000.088104
000000008.133269	-00000003.706544	000000000.187225
000000011.299240	-00000005.149361	000000000.260105
000000006.046907	-00000002.787662	-00000000.139477
000000006.538471	-00000003.014277	-00000000.050265
000000007.504045	-00000003.499194	000000000.057805
000000011.120126	-00000005.185400	000000000.085660
000000011.235751	-00000005.239317	000000000.259686
000000005.959053	-00000002.810472	-00000000.138011
000000006.493830	-00000003.062689	-00000000.050125
000000011.020298	-00000005.256413	000000000.085241
000000011.090341	-00000005.289821	000000000.257382
000000005.673154	-00000002.736405	-00000000.131937
000000006.412815	-00000003.093175	-00000000.049707
000000007.504748	-00000003.660310	000000000.058294
000000011.090848	-00000005.409368	000000000.086149
000000010.953897	-00000005.342572	000000000.255288
000000005.765627	-00000002.843292	-00000000.134660
000000006.322799	-00000003.118059	-00000000.049218
000000007.302486	-00000003.640885	000000000.056967
000000009.029668	-00000004.502026	000000000.070441
000000010.846340	-00000005.407786	000000000.084613
000000011.041068	-00000005.504873	000000000.258429
000000005.722740	-00000002.884498	-00000000.134241
000000006.214982	-00000003.132609	-00000000.048590
000000007.822846	-00000003.985939	000000000.061295
000000009.551357	-00000004.866660	000000000.074839
000000010.832263	-00000005.519314	000000000.254660
000000005.963997	-00000003.071660	-00000000.140524
000000006.409657	-00000003.301191	-00000000.050335
000000008.178041	-00000004.257218	000000000.064367
000000011.025276	-00000005.739396	000000000.086777
000000011.218225	-00000005.839839	000000000.264922
000000005.715766	-00000003.007210	-00000000.135288
000000006.336357	-00000003.333719	-00000000.049986
000000008.317163	-00000004.422314	000000000.065763
000000011.425063	-00000006.074814	000000000.090338
000000011.043252	-00000005.871801	000000000.261990
000000016.701704	-00000008.880454	000000000.396231
000000005.451518	-00000002.929206	-00000000.129634
000000006.588902	-00000003.540345	-00000000.052220
000000008.805533	-00000004.781014	000000000.069952
000000011.195857	-00000006.078855	000000000.088941
000000016.793787	-00000009.118282	000000000.133412
000000011.026736	-00000005.987029	000000000.262827
000000016.606001	-00000009.016322	000000000.395812
000000005.452044	-00000002.991094	-00000000.130262
000000006.487620	-00000003.559230	-00000000.051661
000000008.343669	-00000004.624971	000000000.066601
000000011.081161	-00000006.142388	000000000.088453
000000016.626116	-00000009.216006	000000000.132714
000000011.000302	-00000006.097568	000000000.263456
000000016.850225	-00000009.340233	000000000.403560
000000005.992733	-00000003.356092	-00000000.143874
000000006.220745	-00000003.483785	-00000000.049776
000000008.920929	-00000005.047218	000000000.071558
000000017.084665	-00000009.666039	000000000.137042
000000016.898602	-00000009.560768	000000000.406702
000000005.451093	-00000003.115556	-00000000.131518
000000006.320333	-00000003.612368	-00000000.050824
000000008.608083	-00000004.969879	000000000.069394
000000016.965025	-00000009.794762	000000000.136763
000000016.390266	-00000009.462924	000000000.396440
000000005.596426	-00000003.263739	-00000000.135707
000000006.495885	-00000003.788288	-00000000.052499
000000008.909029	-00000005.247819	000000000.072186
000000016.267162	-00000009.582090	000000000.131806
000000016.031403	-00000009.443217	000000000.389738
000000005.722391	-00000003.404465	-00000000.139477
000000006.290702	-00000003.742574	-00000000.051103
000000006.788599	-00000004.079002	000000000.055292
000000008.957180	-00000005.382017	000000000.072954
000000017.254356	-00000010.367463	000000000.140533
000000009.041132	-00000005.432460	000000000.220943
000000015.888397	-00000009.546712	000000000.388272
000000017.628063	-00000010.592010	000000000.430786
000000005.153988	-00000003.127517	-00000000.126283
000000005.266129	-00000003.195565	-00000000.043005
000000008.253356	-00000005.057663	000000000.067579
000000015.713776	-00000009.629414	000000000.128665
000000016.796602	-00000010.292972	000000000.137531
000000015.821530	-00000009.695446	000000000.388691
000000005.092493	-00000003.151330	-00000000.125445
000000006.258440	-00000003.872840	-00000000.051382
000000005.995554	-00000003.746438	000000000.049358
000000007.377839	-00000004.610185	000000000.060737
000000008.887327	-00000005.553418	000000000.073164
000000005.935035	-00000003.708621	000000000.146597
000000015.990680	-00000009.992085	000000000.394974
000000005.183175	-00000003.270340	-00000000.128377
000000006.173663	-00000003.895291	-00000000.050963
000000008.550099	-00000005.394711	-00000000.070581
000000005.996367	-00000003.820107	000000000.049637
000000008.771057	-00000005.587780	000000000.072605
000000006.037358	-00000003.846221	000000000.149948
000000015.649912	-00000009.970094	000000000.388691
000000005.095579	-00000003.277586	-00000000.126911
000000006.021692	-00000003.873283	-00000000.049986
000000005.962802	-00000003.872289	000000000.049637
000000008.621324	-00000005.598752	000000000.071767
000000006.028719	-00000003.915096	000000000.150576
000000008.686721	-00000005.641223	000000000.216963
000000014.187194	-00000009.213271	000000000.354346
000000005.267447	-00000003.453490	-00000000.131937
000000005.862223	-00000003.843442	-00000000.048939
000000005.853736	-00000003.874503	000000000.049008
000000014.701048	-00000009.730412	000000000.123080
000000005.952639	-00000003.939966	000000000.149529
000000005.220484	-00000003.488216	-00000000.131518
000000005.753630	-00000003.844452	-00000000.048310
000000005.968925	-00000004.026091	000000000.050265
000000005.934607	-00000004.002943	000000000.149948
000000004.950187	-00000003.370462	-00000000.125445
000000005.488422	-00000003.736933	-00000000.046356
000000005.867635	-00000004.032714	000000000.049707
000000005.784097	-00000003.975300	000000000.147016
000000004.780937	-00000003.316654	-00000000.121885
000000005.455603	-00000003.784686	-00000000.046356
000000005.750307	-00000004.026409	000000000.049008
000000005.872032	-00000004.111641	000000000.150157
000000004.792634	-00000003.387099	-00000000.122932
000000005.471365	-00000003.866778	-00000000.046774
000000005.894053	-00000004.204187	000000000.050544
000000005.705698	-00000004.069835	000000000.146806
000000004.803464	-00000003.457999	-00000000.123979
000000005.518569	-00000003.972801	-00000000.047473
000000005.865230	-00000004.261339	000000000.050614
000000005.936882	-00000004.313397	000000000.153717
000000005.055299	-00000003.706698	-00000000.131309
000000005.685296	-00000004.168632	-00000000.049218
000000005.675091	-00000004.199347	000000000.049288
000000005.979383	-00000004.424511	000000000.155812
000000004.670285	-00000003.487467	-00000000.122094
000000005.512492	-00000004.116373	-00000000.048031
000000005.869828	-00000004.423233	000000000.051312
000000005.980468	-00000004.506606	000000000.156859
000000004.631716	-00000003.522038	-00000000.121885
000000005.444521	-00000004.140110	-00000000.047752
000000005.648538	-00000004.334276	000000000.049707
000000005.782278	-00000004.436897	000000000.152670
000000004.332028	-00000003.354215	-00000000.114764
000000005.313304	-00000004.114000	-00000000.046914
000000005.752338	-00000004.494219	000000000.050963
000000011.764714	-00000009.191602	000000000.104230
000000005.727582	-00000004.474877	000000000.152251
000000004.239781	-00000003.342374	-00000000.113089
000000005.214377	-00000004.110683	-00000000.046356
000000005.493775	-00000004.369946	000000000.049008
000000005.727436	-00000004.555808	000000000.153299
000000004.265032	-00000003.423050	-00000000.114555
000000005.115918	-00000004.105958	-00000000.045797
000000005.665256	-00000004.587634	000000000.050893
000000005.679691	-00000004.599323	000000000.153089
000000004.544688	-00000003.713166	-00000000.122932
000000005.196048	-00000004.245349	-00000000.046844
000000005.655870	-00000004.662340	000000000.051173
000000005.724199	-00000004.718665	000000000.155393
000000004.081655	-00000003.394676	-00000000.111204
000000004.797456	-00000003.990002	-00000000.043563
000000005.668591	-00000004.756513	000000000.051661
000000011.498047	-00000009.648007	000000000.104789
000000005.629192	-00000004.723453	000000000.153927
000000011.304337	-00000009.485464	000000000.309110
000000004.250273	-00000003.598121	-00000000.116649
000000005.128797	-00000004.341847	-00000000.046914
000000011.063638	-00000009.449239	000000000.101577
000000005.580156	-00000004.765903	000000000.153717
000000011.221130	-00000009.583751	000000000.309110
000000003.923326	-00000003.380554	-00000000.108482
000000004.886175	-00000004.210197	-00000000.045029
000000006.605806	-00000005.691926	-00000000.060877
000000007.719399	-00000006.651460	-00000000.071139
000000011.207165	-00000009.742239	000000000.103672
000000005.576080	-00000004.847213	000000000.154764
000000011.174798	-00000009.714104	000000000.310157
000000004.104145	-00000003.599239	-00000000.114346
000000005.503334	-00000004.826294	-00000000.051103
000000007.443032	-00000006.527364	-00000000.069114
000000010.919508	-00000009.660765	000000000.101787
000000011.029698	-00000009.758252	000000000.308482
000000004.244135	-00000003.788036	-00000000.119162
000000005.132750	-00000004.581154	-00000000.048031
000000007.781189	-00000006.944977	-00000000.072815
000000011.123445	-00000009.928054	-00000000.104091
000000011.228644	-00000010.110317	000000000.105487
000000011.077859	-00000009.974549	000000000.312251
000000004.329326	-00000003.932483	-00000000.122513
000000004.922331	-00000004.471130	-00000000.046425
000000007.424207	-00000006.743675	-00000000.070022
000000011.051517	-00000010.126850	000000000.104649
000000011.078848	-00000010.151894	000000000.314765
000000003.898397	-00000003.603642	-00000000.111204
000000004.934527	-00000004.561430	-00000000.046914
000000007.343046	-00000006.787842	-00000000.069813
000000011.146745	-00000010.303945	-00000000.105976
000000011.050485	-00000010.304744	000000000.105487
000000011.238441	-00000010.480016	000000000.321885
000000004.099829	-00000003.856734	-00000000.117906
000000004.756147	-00000004.474136	-00000000.045588
000000007.260821	-00000006.890262	000000000.069882
000000011.380846	-00000010.800020	000000000.109536
000000011.146559	-00000010.577689	000000000.321885
000000003.834911	-00000003.671129	-00000000.111204
000000004.449654	-00000004.259616	-00000000.043005
000000006.298861	-00000006.029847	-00000000.060877
000000011.001335	-00000010.531487	-00000000.106325
000000011.379678	-00000010.989227	000000000.110444
000000011.463761	-00000011.070426	000000000.333822
000000024.516916	-00000023.675711	000000000.713927
000000004.261062	-00000004.150942	-00000000.124607
000000004.820595	-00000004.696015	-00000000.046984
000000011.240553	-00000011.046061	000000000.110025
000000023.900438	-00000023.486897	000000000.233942
000000011.359588	-00000011.163036	000000000.333613
000000024.066923	-00000023.650499	000000000.706807
000000003.535948	-00000003.505224	-00000000.104293
000000004.403042	-00000004.364785	-00000000.043284
000000007.144291	-00000007.082216	-00000000.070231
000000009.793218	-00000009.708126	-00000000.096272
000000009.863899	-00000009.863899	000000000.097389
000000023.496586	-00000023.496586	000000000.231987
000000009.685238	-00000009.685238	000000000.286911
000000003.575610	-00000003.606951	-00000000.106387
000000004.667504	-00000004.708415	-00000000.046286
000000006.899176	-00000006.959647	-00000000.068416
000000009.574368	-00000009.658286	-00000000.094945
000000009.602222	-00000009.771293	000000000.095643
000000009.579329	-00000009.747995	000000000.286283
000000023.881750	-00000024.302246	000000000.713718
000000003.306801	-00000003.394526	-00000000.099267
000000004.521572	-00000004.641523	-00000000.045239
000000009.671140	-00000009.927703	-00000000.096760
000000009.523534	-00000009.861908	000000000.095713
000000009.348051	-00000009.680190	000000000.281885
000000003.595079	-00000003.755469	-00000000.108901
000000004.453236	-00000004.651911	-00000000.044959
000000005.967612	-00000006.233849	-00000000.060248
000000009.183069	-00000009.592759	-00000000.092711
000000009.395811	-00000009.901118	000000000.095294
000000009.290749	-00000009.790406	000000000.282723
000000003.479966	-00000003.699313	-00000000.106387
000000004.165811	-00000004.428388	-00000000.042446
000000005.570402	-00000005.921512	-00000000.056758
000000009.201783	-00000009.781784	-00000000.093758
000000008.777105	-00000009.412292	000000000.089849
000000009.423150	-00000010.105091	000000000.289424
000000003.820810	-00000004.133329	-00000000.117906
000000004.561430	-00000004.934527	-00000000.046914
000000009.007466	-00000009.744223	-00000000.092641
000000008.694634	-00000009.488528	000000000.089849
000000008.571360	-00000009.353997	000000000.265759
000000003.065320	-00000003.374654	-00000000.095497
000000004.249255	-00000004.678065	-00000000.044122
000000006.098218	-00000006.713614	-00000000.063320
000000008.861579	-00000009.755837	-00000000.092013
000000008.477678	-00000009.415416	000000000.088453
000000008.415817	-00000009.346711	000000000.263456
000000003.115643	-00000003.490783	-00000000.098011
000000003.855361	-00000004.319567	-00000000.040421
000000008.576347	-00000009.608985	-00000000.089919
000000008.600598	-00000009.721208	000000000.090617
000000008.360431	-00000009.449748	000000000.264293
000000003.375110	-00000003.848576	-00000000.107225
000000004.028505	-00000004.593629	-00000000.042656
000000005.373537	-00000006.127345	-00000000.056897
000000008.650406	-00000009.863898	-00000000.091594
000000004.238038	-00000004.875305	000000000.045099
000000008.521999	-00000009.803438	000000000.090687
000000008.356359	-00000009.612891	000000000.266806
000000003.426237	-00000003.976344	-00000000.109948
000000003.694530	-00000004.287713	-00000000.039514
000000005.580960	-00000006.477023	-00000000.059690
000000008.100551	-00000009.401153	-00000000.086637
000000008.169857	-00000009.565674	000000000.087824
000000008.051390	-00000009.426966	000000000.259686
000000003.578742	-00000004.227381	-00000000.116021
000000003.747428	-00000004.426641	-00000000.040491
000000004.987956	-00000005.892011	-00000000.053895
000000008.386484	-00000009.906516	-00000000.090617
000000007.584709	-00000009.039104	000000000.082379
000000007.596083	-00000009.052659	000000000.247539
000000007.308361	-00000008.865750	000000000.080215
000000008.516880	-00000010.331801	000000000.093479
000000007.612186	-00000009.234321	000000000.250681
000000008.218724	-00000010.149280	000000000.091175
000000008.122745	-00000010.030754	000000000.270367
000000007.775018	-00000009.774537	000000000.087196
000000008.109587	-00000010.195148	000000000.272880
000000007.960309	-00000010.188731	000000000.090268
000000007.786409	-00000009.966149	000000000.264922
000000007.865006	-00000010.249875	000000000.090198
000000008.003457	-00000010.430308	000000000.275393
000000007.811368	-00000010.366035	000000000.090617
000000007.689509	-00000010.204323	000000000.267644
000000007.833625	-00000010.586537	000000000.091943
000000007.956984	-00000010.753246	000000000.280210
000000007.981929	-00000010.986183	000000000.094806
000000007.845212	-00000010.798009	000000000.279581
000000007.879947	-00000011.047278	000000000.094736
000000007.576512	-00000010.621878	000000000.273299
000000003.888754	-00000005.553716	000000000.047333
000000006.062555	-00000008.658226	000000000.073792
000000007.553818	-00000010.787970	000000000.091943
000000004.014154	-00000005.732807	000000000.146597
000000006.032701	-00000008.615590	000000000.220314
000000007.678504	-00000010.966041	000000000.280419
000000005.924465	-00000008.620150	000000000.073024
000000007.397085	-00000010.762826	000000000.091175
000000003.884695	-00000005.652266	000000000.143665
000000007.224597	-00000010.710904	000000000.090198
000000003.807268	-00000005.644507	000000000.142618
000000003.725484	-00000005.628592	000000000.047124
000000006.948718	-00000010.498366	000000000.087894
000000003.774421	-00000005.702528	000000000.143246
000000003.736133	-00000005.753140	000000000.047891
000000007.036565	-00000010.835360	000000000.090198
000000003.757185	-00000005.785558	000000000.144503
000000003.707277	-00000005.819259	000000000.048171
000000003.690439	-00000005.792829	000000000.143874
000000003.693447	-00000005.910751	000000000.048659
000000003.687429	-00000005.901120	000000000.145759
000000003.646951	-00000005.951283	000000000.048729
000000003.682807	-00000006.009795	000000000.147644
000000003.682433	-00000006.128597	000000000.049916
000000006.911643	-00000011.502905	000000000.093689
000000014.127151	-00000023.511526	000000000.191496
000000006.894847	-00000011.474954	000000000.280419
000000014.876186	-00000024.758131	000000000.605026
000000013.845309	-00000023.504671	000000000.190449
000000014.573304	-00000024.740562	000000000.601466
000000013.584669	-00000023.529337	000000000.189681
000000014.266870	-00000024.710945	000000000.597697
