000000004.307309	000000004.825933	-00000000.135497
000000005.053919	000000005.662437	-00000000.052988
000000004.470259	000000004.921371	-00000000.139267
000000005.143481	000000005.662531	-00000000.053407
000000004.295866	000000004.647242	-00000000.132566
000000005.369183	000000005.808350	-00000000.055222
000000004.343108	000000004.616859	-00000000.132775
000000005.262077	000000005.593752	-00000000.053616
000000004.300268	000000004.492118	-00000000.130262
000000005.082497	000000005.309246	-00000000.051312
000000004.360234	000000004.475905	-00000000.130890
000000005.484499	000000005.629996	-00000000.054873
000000004.349857	000000004.387983	-00000000.129424
000000005.399662	000000005.446989	-00000000.053546
000000004.458986	000000004.420243	-00000000.131518
000000004.545076	000000004.505585	-00000000.044680
000000005.873090	000000005.822060	-00000000.057735
000000004.275384	000000004.164895	-00000000.125026
000000004.641523	000000004.521572	-00000000.045239
000000004.333233	000000004.148169	-00000000.125655
000000004.507441	000000004.314936	-00000000.043563
000000005.843782	000000005.594204	-00000000.056478
000000004.158086	000000003.911537	-00000000.119581
000000004.952802	000000004.659131	-00000000.047473
000000004.331553	000000004.004046	-00000000.123560
000000005.698204	000000005.267365	-00000000.054175
000000004.144312	000000003.764428	-00000000.117278
000000004.914928	000000004.464406	-00000000.046356
000000004.423150	000000003.947812	-00000000.124189
000000004.804492	000000004.288174	-00000000.044959
000000004.570183	000000004.007943	-00000000.127330
000000004.743994	000000004.160371	-00000000.044052
000000004.559541	000000003.928752	-00000000.126073
000000004.969505	000000004.282000	-00000000.045797
000000004.364732	000000003.695019	-00000000.119791
000000005.250912	000000004.445225	-00000000.048031
000000005.034810	000000004.187407	-00000000.137173
000000005.427891	000000004.514329	-00000000.049288
000000004.846635	000000003.959867	-00000000.131100
000000005.389641	000000004.403522	-00000000.048590
000000004.958978	000000003.980000	-00000000.133194
000000005.186106	000000004.162290	-00000000.046425
000000004.883600	000000003.849920	-00000000.130262
000000005.057318	000000003.986868	-00000000.044959
000000004.711476	000000003.648015	-00000000.124817
000000004.973316	000000003.850753	-00000000.043912
000000004.950047	000000003.764103	-00000000.130262
000000005.094289	000000003.873787	-00000000.044680
000000004.926630	000000003.678889	-00000000.128796
000000005.191998	000000003.877049	-00000000.045239
000000004.708604	000000003.452491	-00000000.122304
000000005.354661	000000003.926200	-00000000.046356
000000004.900832	000000003.528094	-00000000.126492
000000005.331911	000000003.838427	-00000000.045867
000000004.890610	000000003.456341	-00000000.125445
000000005.226378	000000003.693639	-00000000.044680
000000005.052021	000000003.504711	-00000000.128796
000000005.168033	000000003.585192	-00000000.043912
000000005.173317	000000003.522386	-00000000.131100
000000005.455359	000000003.714422	-00000000.046076
000000006.300532	000000004.249763	000000000.053058
000000005.328551	000000003.560424	-00000000.134241
000000005.404421	000000003.611119	-00000000.045378
000000005.995493	000000003.968330	000000000.050195
000000005.250725	000000003.442526	-00000000.131518
000000005.778596	000000003.788614	-00000000.048241
000000006.096986	000000003.959429	000000000.050754
000000006.229956	000000004.045781	000000000.155602
000000005.431921	000000003.493929	-00000000.135288
000000005.693696	000000003.662308	-00000000.047263
000000005.996367	000000003.820107	000000000.049637
000000006.214432	000000003.959030	000000000.154346
000000005.377649	000000003.393044	-00000000.133194
000000005.742352	000000003.623154	-00000000.047403
000000006.071876	000000003.794129	000000000.049986
000000006.274179	000000003.920542	000000000.154974
000000005.517575	000000003.414379	-00000000.135916
000000005.867288	000000003.630788	-00000000.048171
000000006.241174	000000003.824596	000000000.051103
000000006.282580	000000003.849970	000000000.154346
000000005.470236	000000003.319421	-00000000.134031
000000005.932944	000000003.600199	-00000000.048450
000000006.231454	000000003.744236	000000000.050754
000000006.538752	000000003.928879	000000000.159791
000000005.576324	000000003.317564	-00000000.135916
000000006.041480	000000003.594303	-00000000.049078
000000006.315588	000000003.720165	000000000.051173
000000005.630972	000000003.283886	-00000000.136545
000000006.020787	000000003.511219	-00000000.048659
000000006.469052	000000003.734909	000000000.052150
000000006.528399	000000003.769173	000000000.157906
000000005.754896	000000003.289194	-00000000.138848
000000006.120653	000000003.498241	-00000000.049218
000000006.449178	000000003.648770	000000000.051731
000000041.358932	000000023.399757	000000000.995393
000000005.835718	000000003.268159	-00000000.140105
000000006.194571	000000003.469126	-00000000.049567
000000006.568234	000000003.640832	000000000.052429
000000006.645652	000000003.683745	000000000.159162
000000008.219622	000000004.556211	000000000.196859
000000005.960434	000000003.270006	-00000000.142408
000000006.373648	000000003.496703	-00000000.050754
000000006.590968	000000003.578604	000000000.052359
000000008.049768	000000004.370667	000000000.063948
000000008.179994	000000004.441374	000000000.194974
000000006.041585	000000003.246261	-00000000.143665
000000006.500815	000000003.493014	-00000000.051522
000000007.928676	000000004.215752	000000000.062692
000000006.167011	000000003.244621	-00000000.145969
000000006.699193	000000003.524616	-00000000.052848
000000007.512799	000000003.910916	000000000.059131
000000040.953178	000000021.318874	000000000.967121
000000006.426184	000000003.309702	-00000000.151414
000000006.818595	000000003.511807	-00000000.053546
000000007.341715	000000003.740790	000000000.057526
000000040.825874	000000020.801823	000000000.959791
000000006.597667	000000003.325498	-00000000.154764
000000006.965066	000000003.510682	-00000000.054454
000000007.472520	000000003.725661	000000000.058294
000000006.913373	000000003.409298	-00000000.161466
000000007.273460	000000003.586874	-00000000.056618
000000008.664164	000000004.225795	000000000.067299
000000011.000971	000000005.365532	000000000.085451
000000040.454834	000000019.731140	000000000.942828
000000007.086940	000000003.418334	-00000000.164817
000000007.610714	000000003.670973	-00000000.058992
000000009.711581	000000004.632186	000000000.075118
000000029.965101	000000014.292621	000000000.231778
000000007.541502	000000003.556803	-00000000.174660
000000007.877613	000000003.715323	-00000000.060807
000000009.307554	000000004.340184	000000000.071698
000000029.988995	000000013.984097	000000000.231010
000000030.517752	000000014.230661	000000000.705341
000000007.772001	000000003.582942	-00000000.179267
000000008.427363	000000003.885067	-00000000.064786
000000030.082588	000000013.709425	000000000.230800
000000040.575371	000000018.491262	000000000.934032
000000007.821203	000000003.523195	-00000000.179686
000000011.506157	000000005.183146	-00000000.088104
000000029.579882	000000013.169812	000000000.226053
000000039.995384	000000017.807093	000000000.917069
000000008.162787	000000003.591713	-00000000.186806
000000011.111610	000000004.889226	-00000000.084753
000000029.592808	000000012.867319	000000000.225285
000000034.648102	000000015.065423	000000000.791414
000000040.158421	000000017.461378	000000000.917278
000000008.065217	000000003.465091	-00000000.183874
000000011.374358	000000004.886810	-00000000.086428
000000028.774281	000000012.213958	000000000.218234
000000040.060787	000000017.004795	000000000.911624
000000008.353309	000000003.502833	-00000000.189738
000000028.482512	000000011.797843	000000000.215232
000000040.521706	000000016.784639	000000000.918744
000000054.894119	000000022.737888	000000001.244608
000000008.161477	000000003.338948	-00000000.184712
000000011.235788	000000004.596683	-00000000.084753
000000028.241331	000000011.410238	000000000.212649
000000008.431741	000000003.363924	-00000000.190157
000000027.856024	000000010.972779	000000000.209019
000000030.204035	000000011.897685	000000000.680000
000000039.301521	000000015.481280	000000000.884817
000000008.181234	000000003.181508	-00000000.183874
000000011.332939	000000004.407139	-00000000.084892
000000027.820019	000000010.679105	000000000.208042
000000030.232038	000000011.604992	000000000.678325
000000008.507864	000000003.223341	-00000000.190576
000000027.256496	000000010.190786	000000000.203155
000000030.556911	000000011.424761	000000000.683351
000000008.169854	000000003.014018	-00000000.182408
000000011.295548	000000004.167148	-00000000.084054
000000027.053093	000000009.846520	000000000.200990
000000030.533312	000000011.113216	000000000.680629
000000007.508937	000000002.695984	-00000000.167121
000000026.779793	000000009.483222	000000000.198338
000000030.676250	000000010.863030	000000000.681676
000000038.423065	000000013.606321	000000000.853822
000000008.098507	000000002.828125	-00000000.179686
000000011.215505	000000003.916630	-00000000.082937
000000026.426601	000000009.099408	000000000.195126
000000028.104101	000000009.677018	000000000.622618
000000030.779335	000000010.598175	000000000.681885
000000037.547764	000000012.928731	000000000.831833
000000008.350092	000000002.834474	-00000000.184712
000000026.040333	000000008.712974	000000000.191705
000000027.988375	000000009.364779	000000000.618220
000000008.080167	000000002.664440	-00000000.178220
000000011.073222	000000003.651401	-00000000.081401
000000025.744473	000000008.364886	000000000.188983
000000028.069031	000000009.120181	000000000.618220
000000032.338337	000000010.507362	000000000.712252
000000008.293549	000000002.654786	-00000000.182408
000000025.349178	000000007.992565	000000000.185562
000000027.899637	000000008.796722	000000000.612775
000000037.282154	000000011.755017	000000000.818849
000000008.010860	000000002.487438	-00000000.175707
000000010.925161	000000003.392353	-00000000.079866
000000025.054575	000000007.659952	000000000.182909
000000029.744116	000000009.093689	000000000.651519
000000008.195014	000000002.466419	-00000000.179267
000000024.765711	000000007.335938	000000000.180326
000000037.107773	000000010.991822	000000000.810681
000000008.005060	000000002.333262	-00000000.174660
000000010.781096	000000003.142403	-00000000.078400
000000024.473125	000000007.017556	000000000.177743
000000025.237196	000000007.236650	000000000.549948
000000037.086952	000000010.634513	000000000.808168
000000008.207942	000000002.314879	-00000000.178639
000000024.186535	000000006.707520	000000000.175230
000000025.145239	000000006.973392	000000000.546597
000000007.890230	000000002.151124	-00000000.171309
000000010.689583	000000002.914315	-00000000.077352
000000023.819151	000000006.382322	000000000.172158
000000025.214792	000000006.756283	000000000.546807
000000008.121404	000000002.138187	-00000000.175916
000000023.302746	000000006.026500	000000000.168039
000000023.559546	000000006.092913	000000000.509739
000000036.723465	000000009.497334	000000000.794555
000000007.878119	000000002.000787	-00000000.170262
000000010.544975	000000002.678083	-00000000.075956
000000022.684961	000000005.655996	000000000.163222
000000023.699125	000000005.908856	000000000.511623
000000008.079793	000000001.977113	-00000000.174241
000000010.461100	000000002.559815	-00000000.075188
000000022.762625	000000005.464823	000000000.163431
000000023.652571	000000005.678480	000000000.509529
000000007.804790	000000001.837784	-00000000.167958
000000010.463573	000000002.463844	-00000000.075049
000000022.507401	000000005.196243	000000000.161267
000000023.516134	000000005.429127	000000000.505550
000000007.986301	000000001.807115	-00000000.171518
000000010.426155	000000002.359198	-00000000.074630
000000021.761108	000000004.824322	000000000.155612
000000026.744644	000000005.929145	000000000.573822
000000035.129189	000000007.787954	000000000.753718
000000007.786824	000000001.690685	-00000000.166911
000000010.397486	000000002.257515	-00000000.074281
000000021.606754	000000004.592658	000000000.154216
000000026.824705	000000005.701767	000000000.574451
000000029.318434	000000006.231825	000000000.627854
000000007.957894	000000001.655244	-00000000.170262
000000010.387419	000000002.160586	-00000000.074071
000000021.352039	000000004.344121	000000000.152122
000000026.530540	000000005.397699	000000000.567121
000000007.756310	000000001.542826	-00000000.165655
000000010.337225	000000002.056202	-00000000.073582
000000020.937597	000000004.069857	000000000.148910
000000026.390165	000000005.129728	000000000.563142
000000007.887346	000000001.497459	-00000000.168168
000000010.266356	000000001.949129	-00000000.072954
000000020.392210	000000003.779473	000000000.144791
000000026.483078	000000004.908349	000000000.564189
000000007.732864	000000001.398329	-00000000.164607
000000010.292815	000000001.861244	-00000000.073024
000000020.158524	000000003.554492	000000000.142906
000000026.918739	000000004.746500	000000000.572566
000000007.833452	000000001.346033	-00000000.166492
000000010.219967	000000001.756112	-00000000.072396
000000019.705505	000000003.297571	000000000.139486
000000022.788061	000000003.813414	000000000.483979
000000027.254955	000000004.560915	000000000.578848
000000051.226299	000000008.572343	000000001.087959
000000007.657412	000000001.247089	-00000000.162513
000000010.185554	000000001.658823	-00000000.072047
000000019.397726	000000003.072298	000000000.137112
000000023.037716	000000003.648816	000000000.488587
000000007.826107	000000001.204553	-00000000.165864
000000010.288592	000000001.583566	-00000000.072675
000000019.463358	000000002.908818	000000000.137391
000000022.959911	000000003.431382	000000000.486283
000000007.648327	000000001.108955	-00000000.161885
000000010.133783	000000001.469329	-00000000.071488
000000019.062197	000000002.679017	000000000.134389
000000020.319805	000000002.855762	000000000.143255
000000022.959280	000000003.226717	000000000.485655
000000024.840378	000000003.491087	000000000.525445
000000007.836030	000000001.066437	-00000000.165655
000000010.284938	000000001.399719	-00000000.072465
000000018.747765	000000002.468190	000000000.132016
000000024.641914	000000003.244169	000000000.520629
000000007.547502	000000000.960164	-00000000.159372
000000009.999166	000000001.272055	-00000000.070371
000000018.450983	000000002.265496	000000000.129782
000000024.232662	000000002.975397	000000000.511414
000000050.142357	000000006.156707	000000001.058221
000000007.764092	000000000.918941	-00000000.163770
000000010.218426	000000001.209430	-00000000.071837
000000018.281277	000000002.082888	000000000.128455
000000031.976063	000000003.643212	000000000.674136
000000033.803833	000000003.851460	000000000.712671
000000049.906105	000000005.686082	000000001.052147
000000007.553171	000000000.827207	-00000000.159162
000000009.940321	000000001.088642	-00000000.069813
000000017.702057	000000001.860561	000000000.124266
000000019.780558	000000002.079021	000000000.138857
000000024.678619	000000002.593827	000000000.519791
000000031.907209	000000003.353583	000000000.672042
000000049.665474	000000005.220052	000000001.046074
000000007.778947	000000000.783299	-00000000.163770
000000010.148432	000000001.021893	-00000000.071209
000000017.667852	000000001.701221	000000000.123917
000000020.062786	000000001.931827	000000000.422199
000000024.073353	000000002.318000	000000000.506597
000000007.466899	000000000.686112	-00000000.157068
000000009.758651	000000000.896694	-00000000.068416
000000016.795433	000000001.469410	000000000.117704
000000020.019123	000000001.751446	000000000.420943
000000024.939245	000000002.181901	000000000.524398
000000007.701762	000000000.639967	-00000000.161885
000000010.065066	000000000.836343	-00000000.070511
000000016.867430	000000001.327496	000000000.118123
000000019.894106	000000001.565700	000000000.418011
000000023.213114	000000001.826912	000000000.487749
000000007.457796	000000000.554210	-00000000.156649
000000009.732924	000000000.723281	-00000000.068137
000000016.698814	000000001.167695	000000000.116866
000000019.717516	000000001.378783	000000000.414032
000000007.631947	000000000.500224	-00000000.160210
000000009.998303	000000000.655323	-00000000.069952
000000016.488785	000000001.008497	000000000.115330
000000017.343777	000000001.060791	000000000.363979
000000020.098026	000000001.229248	000000000.421780
000000007.406442	000000000.420568	-00000000.155393
000000009.744065	000000000.553308	-00000000.068137
000000016.227335	000000000.850439	000000000.113445
000000019.908306	000000001.043350	000000000.417592
000000022.184681	000000001.162650	000000000.465341
000000029.233461	000000001.532061	000000000.613194
000000007.589583	000000000.364554	-00000000.159162
000000009.968264	000000000.478810	-00000000.069673
000000015.924440	000000000.695276	000000000.111281
000000016.830271	000000000.734825	000000000.352880
000000022.403738	000000000.978168	000000000.469738
000000028.696360	000000001.252910	000000000.601676
000000007.432633	000000000.292029	-00000000.155812
000000009.752238	000000000.383166	-00000000.068137
000000015.799984	000000000.551748	000000000.110374
000000016.556274	000000000.578158	000000000.347016
000000023.740318	000000000.829030	000000000.497592
000000028.876060	000000001.008374	000000000.605236
000000007.564810	000000000.231126	-00000000.158534
000000009.965107	000000000.304462	-00000000.069603
000000015.564285	000000000.407565	000000000.108698
000000016.460745	000000000.431040	000000000.344922
000000007.376626	000000000.160959	-00000000.154555
000000009.597482	000000000.209418	-00000000.067020
000000015.297297	000000000.267015	000000000.106813
000000016.363918	000000000.285633	000000000.342827
000000007.567691	000000000.099067	-00000000.158534
000000009.898911	000000000.129584	-00000000.069114
000000015.109056	000000000.131855	000000000.105487
000000016.275810	000000000.142037	000000000.340943
000000007.298330	000000000.031845	-00000000.152880
000000009.519678	000000000.041538	-00000000.066462
000000014.819638	000000000.000000	000000000.103462
000000016.446392	000000000.000000	000000000.344503
000000027.483971	000000000.000000	000000000.575707
000000007.488286	-00000000.032674	-00000000.156859
000000009.759669	-00000000.042585	-00000000.068137
000000014.569090	-00000000.127143	000000000.101717
000000016.375784	-00000000.142909	000000000.343037
000000027.183002	-00000000.237222	000000000.569424
000000007.337762	-00000000.096057	-00000000.153717
000000009.518953	-00000000.124610	-00000000.066462
000000014.487440	-00000000.252879	000000000.101158
000000016.453882	-00000000.287204	000000000.344712
000000027.029953	-00000000.471810	000000000.566283
000000007.476580	-00000000.163140	-00000000.156649
000000009.707453	-00000000.211817	-00000000.067788
000000014.184792	-00000000.371442	000000000.099064
000000017.140364	-00000000.448836	000000000.359162
000000021.108133	-00000000.552736	000000000.442304
000000026.764952	-00000000.700865	000000000.560838
000000007.294995	-00000000.222882	-00000000.152880
000000009.475348	-00000000.289498	-00000000.066182
000000013.563340	-00000000.414398	-00000000.094736
000000013.981136	-00000000.488232	000000000.097668
000000015.237368	-00000000.532101	000000000.319372
000000017.795246	-00000000.621424	000000000.372984
000000019.264030	-00000000.672715	000000000.403770
000000007.462604	-00000000.293206	-00000000.156440
000000009.722261	-00000000.381989	-00000000.067928
000000013.279430	-00000000.521750	-00000000.092781
000000013.896422	-00000000.606731	000000000.097109
000000018.827929	-00000000.822045	000000000.394765
000000025.390236	-00000001.108562	000000000.532356
000000045.386795	-00000001.981630	000000000.951624
000000007.240063	-00000000.347765	-00000000.151833
000000009.468851	-00000000.454822	-00000000.066182
000000013.084596	-00000000.628498	-00000000.091455
000000013.501143	-00000000.707565	000000000.094387
000000015.445411	-00000000.809460	000000000.323979
000000020.407511	-00000001.069512	000000000.428063
000000025.619213	-00000001.342646	000000000.537382
000000007.366515	-00000000.418301	-00000000.154555
000000009.674179	-00000000.549340	-00000000.067648
000000012.649314	-00000000.718280	-00000000.088453
000000013.384662	-00000000.818641	000000000.093619
000000018.321737	-00000001.120605	000000000.384503
000000025.027731	-00000001.530762	000000000.525236
000000007.252843	-00000000.475376	-00000000.152251
000000009.419559	-00000000.617390	-00000000.065903
000000012.722391	-00000000.833870	-00000000.089011
000000013.197451	-00000000.922856	000000000.092362
000000015.159648	-00000001.060066	000000000.318325
000000017.613117	-00000001.231629	000000000.369843
000000019.787331	-00000001.383665	000000000.415498
000000007.388003	-00000000.549023	-00000000.155183
000000009.663118	-00000000.718094	-00000000.067648
000000012.435407	-00000000.924110	-00000000.087056
000000013.119112	-00000001.032497	000000000.091873
000000014.860777	-00000001.169569	000000000.312251
000000024.668293	-00000001.941437	000000000.518325
000000007.233479	-00000000.601056	-00000000.152042
000000009.367487	-00000000.778378	-00000000.065624
000000012.890445	-00000001.127768	000000000.090338
000000014.501414	-00000001.268709	000000000.304922
000000025.088642	-00000002.194972	000000000.527540
000000007.277738	-00000000.668730	-00000000.153089
000000009.489789	-00000000.871989	-00000000.066531
000000011.959326	-00000001.098908	-00000000.083845
000000012.780576	-00000001.230629	000000000.089639
000000014.469887	-00000001.393292	000000000.304503
000000007.211940	-00000000.726204	-00000000.151833
000000009.233083	-00000000.929723	-00000000.064786
000000012.480946	-00000001.311800	000000000.087615
000000014.685867	-00000001.543547	000000000.309320
000000024.668676	-00000002.592782	000000000.519581
000000007.294774	-00000000.798908	-00000000.153717
000000009.552649	-00000001.046185	-00000000.067090
000000012.319990	-00000001.403686	000000000.086568
000000015.039379	-00000001.713521	000000000.317068
000000024.188169	-00000002.755894	000000000.509948
000000007.118739	-00000000.842558	-00000000.150157
000000009.294894	-00000001.100123	-00000000.065345
000000012.128618	-00000001.489207	000000000.085311
000000013.743750	-00000001.687520	000000000.290053
000000015.410861	-00000001.892216	000000000.325236
000000041.499176	-00000005.095458	000000000.875812
000000007.309473	-00000000.929882	-00000000.154346
000000009.453576	-00000001.202647	-00000000.066531
000000011.976362	-00000001.576718	000000000.084334
000000013.817710	-00000001.819136	000000000.291937
000000024.304897	-00000003.199800	000000000.513508
000000041.205322	-00000005.424784	000000000.870576
000000007.112857	-00000000.968017	-00000000.150367
000000009.195011	-00000001.251386	-00000000.064786
000000011.754195	-00000001.651944	000000000.082868
000000013.831011	-00000001.943822	000000000.292566
000000016.098228	-00000002.262458	000000000.340524
000000040.790096	-00000005.732674	000000000.862828
000000007.292131	-00000001.057309	-00000000.154346
000000009.431148	-00000001.367451	-00000000.066531
000000011.907461	-00000001.779582	000000000.084054
000000013.329009	-00000001.992034	000000000.282304
000000022.465511	-00000003.357493	000000000.475812
000000007.094879	-00000001.092006	-00000000.150367
000000009.171771	-00000001.411671	-00000000.064786
000000011.447029	-00000001.813031	000000000.080913
000000013.488864	-00000002.136426	000000000.286073
000000016.559902	-00000002.622831	000000000.351204
000000022.741474	-00000003.601896	000000000.482304
000000007.282436	-00000001.186020	-00000000.154555
000000009.326888	-00000001.518980	-00000000.065973
000000011.361733	-00000001.901302	000000000.080424
000000013.292213	-00000002.224354	000000000.282304
000000007.084594	-00000001.217356	-00000000.150576
000000009.145737	-00000001.571525	-00000000.064786
000000011.256079	-00000001.984750	000000000.079796
000000013.449523	-00000002.371514	000000000.286073
000000021.857939	-00000003.854144	000000000.464922
000000007.250789	-00000001.311156	-00000000.154346
000000009.298958	-00000001.681525	-00000000.065973
000000010.923696	-00000002.024587	000000000.077562
000000013.418486	-00000002.486969	000000000.285864
000000021.548222	-00000003.993727	000000000.459058
000000007.022980	-00000001.333354	-00000000.149738
000000009.038323	-00000001.715979	-00000000.064228
000000010.630763	-00000002.066411	000000000.075607
000000013.278502	-00000002.581079	000000000.283351
000000015.398353	-00000002.993136	000000000.328587
000000020.874632	-00000004.057617	000000000.445445
000000007.079717	-00000001.408243	-00000000.151204
000000009.228965	-00000001.835755	-00000000.065694
000000010.739713	-00000002.185019	000000000.076515
000000013.167299	-00000002.678917	000000000.281466
000000020.279993	-00000004.126011	000000000.433508
000000038.473206	-00000007.827462	000000000.822409
000000006.979064	-00000001.451647	-00000000.149319
000000009.006999	-00000001.873458	-00000000.064228
000000010.632205	-00000002.259945	000000000.075886
000000013.162979	-00000002.797878	000000000.281885
000000038.217625	-00000008.123407	000000000.818430
000000007.083372	-00000001.537951	-00000000.151833
000000009.136889	-00000001.983813	-00000000.065275
000000010.250858	-00000002.272561	000000000.073303
000000013.343040	-00000002.958081	000000000.286283
000000037.852455	-00000008.391687	000000000.812147
000000006.923412	-00000001.566608	-00000000.148691
000000008.972931	-00000002.030367	-00000000.064228
000000010.591145	-00000002.445158	000000000.075886
000000013.034212	-00000003.009185	000000000.280210
000000014.456481	-00000003.337542	000000000.310786
000000037.466053	-00000008.649720	000000000.805445
000000007.045720	-00000001.659047	-00000000.151623
000000009.023006	-00000002.124636	-00000000.064716
000000011.065300	-00000002.656543	000000000.079447
000000012.608872	-00000003.027122	000000000.271623
000000014.475413	-00000003.475239	000000000.311833
000000037.116943	-00000008.910990	000000000.799582
000000006.933861	-00000001.696705	-00000000.149529
000000008.858423	-00000002.167643	-00000000.063669
000000010.313993	-00000002.571567	000000000.074211
000000012.397659	-00000003.091084	000000000.267644
000000013.794580	-00000003.439375	000000000.297801
000000014.958679	-00000003.729618	000000000.322932
000000007.025383	-00000001.784220	-00000000.151833
000000008.897324	-00000002.259632	-00000000.064088
000000010.107215	-00000002.613904	000000000.072884
000000012.176626	-00000003.149090	000000000.263456
000000014.780373	-00000003.822464	000000000.319791
000000020.113697	-00000005.201756	000000000.435183
000000006.893526	-00000001.814914	-00000000.149319
000000008.780563	-00000002.311729	-00000000.063390
000000010.151633	-00000002.720122	000000000.073373
000000011.994167	-00000003.213828	000000000.260105
000000019.922678	-00000005.338265	000000000.432042
000000036.175644	-00000009.693234	000000000.784503
000000006.983528	-00000001.903928	-00000000.151623
000000008.692522	-00000002.369853	-00000000.062901
000000010.031148	-00000002.781884	000000000.072675
000000011.763348	-00000003.262265	000000000.255707
000000013.882870	-00000003.850060	000000000.301780
000000019.952410	-00000005.533293	000000000.433717
000000006.793444	-00000001.915949	-00000000.147853
000000008.469399	-00000002.388618	-00000000.061435
000000008.987578	-00000002.577147	000000000.065275
000000012.166903	-00000003.488804	000000000.265131
000000006.910843	-00000002.014327	-00000000.150785
000000008.304229	-00000002.420462	-00000000.060388
000000009.281149	-00000002.749202	000000000.067579
000000011.733379	-00000003.475585	000000000.256335
000000013.458877	-00000003.986701	000000000.294032
000000006.797266	-00000002.045745	-00000000.148691
000000008.196611	-00000002.466900	-00000000.059760
000000009.266367	-00000002.833013	000000000.067648
000000011.427563	-00000003.493757	000000000.083426
000000010.163290	-00000003.107230	000000000.222618
000000006.874635	-00000002.134631	-00000000.150785
000000008.146121	-00000002.529438	-00000000.059550
000000008.888425	-00000002.802510	000000000.065065
000000011.260927	-00000003.550557	000000000.247330
000000006.731962	-00000002.154918	-00000000.148063
000000007.990407	-00000002.557749	-00000000.058573
000000008.958735	-00000002.910869	000000000.065763
000000011.391158	-00000003.701211	000000000.250890
000000013.464006	-00000004.374721	000000000.296545
000000034.306595	-00000011.146889	000000000.755603
000000006.883809	-00000002.269940	-00000000.151833
000000007.863317	-00000002.592933	-00000000.057805
000000008.790747	-00000002.941343	000000000.064716
000000013.548573	-00000004.533289	000000000.299267
000000034.027870	-00000011.385567	000000000.751623
000000006.674394	-00000002.265651	-00000000.147644
000000007.651009	-00000002.597167	-00000000.056409
000000008.793109	-00000003.027710	000000000.064926
000000011.967640	-00000004.120789	000000000.265131
000000033.728703	-00000011.613724	000000000.747226
000000006.833705	-00000002.386437	-00000000.151623
000000007.561969	-00000002.640758	-00000000.055920
000000009.049138	-00000003.204468	000000000.067020
000000012.826537	-00000004.542115	000000000.285026
000000033.456432	-00000011.847545	000000000.743456
000000006.662065	-00000002.391926	-00000000.148272
000000007.453932	-00000002.676235	-00000000.055292
000000008.297283	-00000003.019964	000000000.061645
000000010.702839	-00000003.895515	000000000.079517
000000011.659028	-00000004.243539	000000000.259895
000000033.145084	-00000012.063824	000000000.738849
000000006.800395	-00000002.508798	-00000000.151833
000000007.195752	-00000002.654653	-00000000.053546
000000007.474462	-00000002.794587	000000000.055710
000000008.879436	-00000003.319885	000000000.066182
000000011.181413	-00000004.180559	000000000.250052
000000032.860619	-00000012.286082	000000000.734870
000000006.656703	-00000002.521999	-00000000.149110
000000007.256473	-00000002.749232	-00000000.054175
000000007.552482	-00000002.899126	000000000.056478
000000009.718335	-00000003.730519	000000000.072675
000000011.265844	-00000004.324553	000000000.252775
000000032.584145	-00000012.507881	000000000.731100
000000006.755575	-00000002.627100	-00000000.151833
000000007.083087	-00000002.754462	-00000000.053058
000000007.331512	-00000002.887959	000000000.055012
000000009.620283	-00000003.789530	000000000.072186
000000012.232307	-00000004.818434	000000000.275393
000000032.241199	-00000012.700147	000000000.725864
000000006.611673	-00000002.637790	-00000000.149110
000000007.030917	-00000002.805052	-00000000.052848
000000007.380204	-00000002.981796	000000000.055571
000000009.614662	-00000003.884576	000000000.072396
000000010.892021	-00000004.400662	000000000.246073
000000013.700771	-00000005.535471	000000000.309529
000000031.971560	-00000012.917349	000000000.722304
000000006.597657	-00000002.699172	-00000000.149319
000000006.913619	-00000002.828436	-00000000.052150
000000007.381618	-00000003.057566	000000000.055780
000000013.522631	-00000005.601257	000000000.306597
000000016.958708	-00000007.024527	000000000.384503
000000031.737539	-00000013.146119	000000000.719582
000000006.398671	-00000002.683186	-00000000.145340
000000006.704237	-00000002.811320	-00000000.050754
000000007.373065	-00000003.129680	000000000.055920
000000007.463657	-00000003.168134	000000000.169843
000000010.215364	-00000004.336164	000000000.232461
000000013.408814	-00000005.691704	000000000.305131
000000006.356641	-00000002.731028	-00000000.144922
000000006.587573	-00000002.830245	-00000000.050056
000000007.217087	-00000003.138079	000000000.054943
000000007.399052	-00000003.217199	000000000.169005
000000006.277660	-00000002.762236	-00000000.143665
000000006.672458	-00000002.935952	-00000000.050893
000000007.125481	-00000003.172469	000000000.054454
000000007.306761	-00000003.253180	000000000.167539
000000006.180391	-00000002.784063	-00000000.141990
000000006.591879	-00000002.969425	-00000000.050475
000000007.088426	-00000003.230382	000000000.054384
000000007.223508	-00000003.291942	000000000.166283
000000006.055986	-00000002.791848	-00000000.139686
000000006.483984	-00000002.989158	-00000000.049846
000000006.996525	-00000003.262533	000000000.053895
000000007.212628	-00000003.363304	000000000.166702
000000006.067563	-00000002.861649	-00000000.140524
000000006.376254	-00000003.007236	-00000000.049218
000000006.958763	-00000003.319160	000000000.053826
000000007.164956	-00000003.417508	000000000.166283
000000005.925294	-00000002.858023	-00000000.137801
000000006.250693	-00000003.014977	-00000000.048450
000000006.902570	-00000003.366608	000000000.053616
000000007.215733	-00000003.519348	000000000.168168
000000005.900128	-00000002.909621	-00000000.137801
000000006.161366	-00000003.038449	-00000000.047961
000000006.756590	-00000003.368711	000000000.052709
000000007.578432	-00000003.778467	000000000.177382
000000015.138968	-00000007.548011	000000000.354346
000000005.713812	-00000002.879998	-00000000.134031
000000006.250700	-00000003.150612	-00000000.048869
000000006.807124	-00000003.468403	000000000.053337
000000007.233386	-00000003.685594	000000000.170052
000000010.431398	-00000005.315063	000000000.245236
000000015.232870	-00000007.761535	000000000.358115
000000005.555139	-00000002.861084	-00000000.130890
000000006.107399	-00000003.145517	-00000000.047961
000000006.749988	-00000003.513821	000000000.053127
000000008.859295	-00000004.611857	000000000.209215
000000015.333055	-00000007.981883	000000000.362094
000000005.565351	-00000002.928073	-00000000.131728
000000005.982371	-00000003.147478	-00000000.047193
000000006.551311	-00000003.483394	000000000.051801
000000006.655965	-00000003.539039	000000000.157906
000000009.807396	-00000005.214685	000000000.232670
000000015.351090	-00000008.162320	000000000.364189
000000005.557201	-00000002.985992	-00000000.132147
000000006.051572	-00000003.251627	-00000000.047961
000000006.916122	-00000003.755148	000000000.054943
000000007.556170	-00000004.102665	000000000.180105
000000015.261706	-00000008.286430	000000000.363770
000000005.329329	-00000002.923770	-00000000.127330
000000005.575846	-00000003.059014	-00000000.044401
000000006.559488	-00000003.635983	000000000.052359
000000007.520080	-00000004.168448	000000000.180105
000000014.454293	-00000008.012146	000000000.346178
000000005.268720	-00000002.950625	-00000000.126492
000000005.688535	-00000003.185733	-00000000.045518
000000006.379552	-00000003.609377	000000000.051173
000000007.274578	-00000004.115758	000000000.175079
000000014.966835	-00000008.467828	000000000.360210
000000027.880081	-00000015.773791	000000000.670995
000000005.138610	-00000002.936957	-00000000.123979
000000005.486883	-00000003.136012	-00000000.044122
000000006.495032	-00000003.749909	000000000.052359
000000006.770833	-00000003.909142	000000000.163770
000000013.039482	-00000007.528349	000000000.315393
000000027.602835	-00000015.936503	000000000.667644
000000005.155967	-00000003.006871	-00000000.125026
000000005.727090	-00000003.339940	-00000000.046286
000000006.126034	-00000003.608510	000000000.049637
000000006.917365	-00000004.074639	000000000.168168
000000009.449999	-00000005.566475	000000000.229738
000000014.050089	-00000008.276134	000000000.341571
000000005.017833	-00000002.985297	-00000000.122304
000000005.293814	-00000003.149489	-00000000.043005
000000006.240026	-00000003.749386	000000000.050824
000000006.727287	-00000004.042162	000000000.164398
000000009.572459	-00000005.751714	000000000.233927
000000013.523133	-00000008.125518	000000000.330471
000000004.889023	-00000002.966732	-00000000.119791
000000005.146444	-00000003.122939	-00000000.042027
000000006.045072	-00000003.704425	000000000.049497
000000005.864878	-00000003.594002	000000000.144084
000000013.920560	-00000008.530530	000000000.341990
000000004.726922	-00000002.925108	-00000000.116440
000000004.829883	-00000002.988822	-00000000.039654
000000005.749626	-00000003.592765	000000000.047333
000000005.706112	-00000003.565574	000000000.140942
000000013.192735	-00000008.243735	000000000.325864
000000004.895690	-00000003.088950	-00000000.121257
000000005.294127	-00000003.340346	-00000000.043703
000000005.895163	-00000003.755633	000000000.048799
000000004.528018	-00000002.884666	000000000.112461
000000013.002244	-00000008.283343	000000000.322932
000000004.675151	-00000003.007158	-00000000.116440
000000005.172264	-00000003.326912	-00000000.042935
000000005.962802	-00000003.872289	000000000.049637
000000006.070643	-00000003.942322	000000000.151623
000000008.460330	-00000005.494203	000000000.211309
000000012.635993	-00000008.205910	000000000.315602
000000004.715620	-00000003.091696	-00000000.118115
000000004.933968	-00000003.234851	-00000000.041189
000000005.878752	-00000003.891061	000000000.049218
000000006.036009	-00000003.995147	000000000.151623
000000012.713970	-00000008.415193	000000000.319372
000000004.663522	-00000003.116066	-00000000.117487
000000005.188244	-00000003.466674	-00000000.043563
000000005.786541	-00000003.903071	000000000.048729
000000006.183264	-00000004.170664	000000000.156230
000000008.296846	-00000005.596293	000000000.209634
000000012.532299	-00000008.453142	000000000.316649
000000004.611359	-00000003.139763	-00000000.116859
000000004.860229	-00000003.309212	-00000000.041050
000000005.851153	-00000004.021386	000000000.049567
000000006.064239	-00000004.167836	000000000.154136
000000012.474534	-00000008.573510	000000000.317068
000000004.173051	-00000002.894948	-00000000.106387
000000004.338190	-00000003.009510	-00000000.036861
000000004.972132	-00000003.481524	000000000.042376
000000006.003067	-00000004.203393	000000000.153508
000000012.251827	-00000008.578821	000000000.313299
000000004.515038	-00000003.190913	-00000000.115812
000000004.850733	-00000003.428159	-00000000.041469
000000005.022970	-00000003.582850	000000000.043074
000000004.851064	-00000003.460231	000000000.124817
000000004.300399	-00000003.095844	-00000000.110995
000000004.544703	-00000003.271718	-00000000.039095
000000004.336226	-00000003.150452	000000000.037420
000000005.808600	-00000004.220195	000000000.050125
000000004.367734	-00000003.173344	000000000.113089
000000005.847910	-00000004.248755	000000000.151414
000000006.883225	-00000005.000956	000000000.178220
000000004.249031	-00000003.115518	-00000000.110367
000000004.524044	-00000003.317166	-00000000.039165
000000004.605988	-00000003.408252	000000000.040003
000000004.171102	-00000003.086453	000000000.108691
000000005.882942	-00000004.353148	000000000.153299
000000007.369751	-00000005.453329	000000000.192042
000000004.101520	-00000003.062750	-00000000.107225
000000004.158406	-00000003.105229	-00000000.036233
000000004.464264	-00000003.364064	000000000.039025
000000004.551224	-00000003.429593	000000000.119372
000000007.329866	-00000005.523450	000000000.192251
000000011.889075	-00000008.959061	000000000.311833
000000004.098511	-00000003.116580	-00000000.107853
000000004.465463	-00000003.395617	-00000000.039165
000000004.133270	-00000003.171570	000000000.036372
000000003.989692	-00000003.061399	000000000.105340
000000007.210001	-00000005.532428	000000000.190367
000000011.707327	-00000008.983348	000000000.309110
000000004.079063	-00000003.158348	-00000000.108063
000000004.111485	-00000003.183452	-00000000.036303
000000004.657030	-00000003.638471	000000000.041259
000000004.120392	-00000003.219203	000000000.109529
000000007.397799	-00000005.779794	000000000.196649
000000011.691515	-00000009.134413	000000000.310786
000000003.894318	-00000003.070033	-00000000.103874
000000004.405521	-00000003.473032	-00000000.039165
000000005.149436	-00000004.096046	000000000.045937
000000005.844800	-00000004.649164	000000000.156440
000000007.237538	-00000005.756998	000000000.193717
000000011.360978	-00000009.036930	000000000.304084
000000003.805002	-00000003.053837	-00000000.102199
000000004.273663	-00000003.429977	-00000000.038257
000000004.654991	-00000003.769537	000000000.041818
000000005.796237	-00000004.693700	000000000.156230
000000011.475929	-00000009.293024	000000000.309320
000000003.902083	-00000003.188135	-00000000.105550
000000004.166131	-00000003.403872	-00000000.037559
000000004.791672	-00000003.949950	000000000.043354
000000005.261326	-00000004.337102	000000000.142827
000000006.943098	-00000005.723448	000000000.188482
000000003.728065	-00000003.100599	-00000000.101571
000000004.182398	-00000003.478463	-00000000.037978
000000004.435289	-00000003.721650	000000000.040421
000000005.407088	-00000004.537085	000000000.147853
000000003.616928	-00000003.061956	-00000000.099267
000000003.999240	-00000003.385607	-00000000.036582
000000003.893183	-00000003.325093	000000000.035744
000000005.094595	-00000004.351196	000000000.046774
000000003.907629	-00000003.337431	000000000.107644
000000005.245650	-00000004.480209	000000000.144503
000000006.644490	-00000005.674931	000000000.183037
000000003.574922	-00000003.080350	-00000000.098848
000000003.575619	-00000003.080951	-00000000.032952
000000003.947035	-00000003.431105	000000000.036512
000000003.923629	-00000003.410759	000000000.108901
000000005.236536	-00000004.552051	000000000.145340
000000006.647533	-00000005.778613	000000000.184503
000000003.450188	-00000003.025734	-00000000.096126
000000003.413270	-00000002.993357	-00000000.031695
000000003.415155	-00000003.021474	000000000.031835
000000003.496856	-00000003.093757	000000000.097801
000000003.505701	-00000003.128957	-00000000.098429
000000003.476542	-00000003.102933	-00000000.032533
000000003.485264	-00000003.138146	000000000.032742
000000003.432576	-00000003.090705	000000000.096754
000000003.470862	-00000003.152709	-00000000.098220
000000003.486342	-00000003.166770	-00000000.032882
000000003.560963	-00000003.263021	000000000.033719
000000003.449701	-00000003.161069	000000000.098011
000000003.546000	-00000003.277889	-00000000.101152
000000003.576063	-00000003.305679	-00000000.033999
000000003.612799	-00000003.368990	000000000.034487
000000003.502416	-00000003.266056	000000000.100314
000000003.437157	-00000003.233354	-00000000.098848
000000003.612632	-00000003.398425	-00000000.034627
000000003.561501	-00000003.379739	000000000.034278
000000003.604320	-00000003.420372	000000000.104084
000000003.401588	-00000003.256312	-00000000.098639
000000003.662296	-00000003.505886	-00000000.035395
000000003.718896	-00000003.591296	000000000.036093
000000006.035114	-00000005.828042	000000000.058573
000000003.754130	-00000003.625321	000000000.109319
000000006.393528	-00000006.174159	000000000.186178
000000008.630184	-00000008.334072	000000000.251309
000000003.466141	-00000003.376565	-00000000.101361
000000003.660214	-00000003.565623	-00000000.035674
000000003.680283	-00000003.616604	000000000.036023
000000003.758005	-00000003.692982	000000000.110367
000000006.346537	-00000006.236724	000000000.186388
000000003.472045	-00000003.441877	-00000000.102408
000000003.607654	-00000003.576308	-00000000.035465
000000003.775858	-00000003.775858	000000000.037280
000000003.902373	-00000003.902373	000000000.115602
000000006.009089	-00000006.009089	000000000.178011
000000019.992594	-00000019.992594	000000000.592252
000000003.491147	-00000003.521747	-00000000.103874
000000003.688947	-00000003.721281	-00000000.036582
000000003.946023	-00000004.015502	000000000.039304
000000006.868743	-00000006.989684	000000000.068416
000000003.875178	-00000003.943410	000000000.115812
000000019.719261	-00000020.066465	000000000.589320
000000003.467258	-00000003.559240	-00000000.104084
000000003.593533	-00000003.688865	-00000000.035953
000000003.966403	-00000004.107330	000000000.039863
000000003.819783	-00000003.955501	000000000.115183
000000009.139699	-00000009.464436	000000000.275602
000000019.487839	-00000020.180248	000000000.587644
000000003.512116	-00000003.668804	-00000000.106387
000000003.671845	-00000003.835659	-00000000.037070
000000003.723907	-00000003.924180	000000000.037769
000000003.564895	-00000003.756615	000000000.108482
000000005.154645	-00000005.431862	000000000.156859
000000003.404613	-00000003.619210	-00000000.104084
000000003.583420	-00000003.809287	-00000000.036512
000000003.805458	-00000004.080854	000000000.038955
000000003.688802	-00000003.955756	000000000.113298
000000008.823123	-00000009.461641	000000000.270995
000000003.189664	-00000003.450559	-00000000.098429
000000003.645071	-00000003.943216	-00000000.037489
000000003.708900	-00000004.047554	000000000.038327
000000003.694668	-00000004.032022	000000000.114555
000000005.005025	-00000005.462027	000000000.155183
000000003.307319	-00000003.641074	-00000000.103037
000000003.597075	-00000003.960070	-00000000.037350
000000003.767114	-00000004.183804	000000000.039304
000000004.000524	-00000004.443031	000000000.125236
000000008.542924	-00000009.487879	000000000.267435
000000003.421881	-00000003.833894	-00000000.107644
000000003.642284	-00000004.080834	-00000000.038187
000000003.929241	-00000004.441199	000000000.041399
000000003.689984	-00000004.170769	000000000.116649
000000004.889063	-00000005.526081	000000000.154555
000000003.032326	-00000003.457705	-00000000.096335
000000003.573567	-00000004.074872	-00000000.037838
000000003.627918	-00000004.173442	000000000.038606
000000004.985927	-00000005.735653	000000000.053058
000000003.883018	-00000004.466901	000000000.123979
000000008.664639	-00000009.967527	000000000.276649
000000003.145612	-00000003.650662	-00000000.100942
000000003.381213	-00000003.924091	-00000000.036163
000000003.487451	-00000004.083281	000000000.037489
000000004.734361	-00000005.543224	000000000.050893
000000004.791875	-00000005.610565	000000000.154555
000000007.538438	-00000008.826377	000000000.243141
000000008.473438	-00000009.921122	000000000.273299
000000002.894001	-00000003.418532	-00000000.093822
000000003.404990	-00000004.022137	-00000000.036791
000000003.901626	-00000004.649776	000000000.042376
000000004.762012	-00000005.675144	000000000.155183
000000008.296568	-00000009.887465	000000000.270367
000000003.956310	-00000004.799388	000000000.043423
000000007.753604	-00000009.405874	000000000.085102
000000007.987391	-00000009.689480	000000000.263037
000000003.756951	-00000004.639448	000000000.041678
000000003.466795	-00000004.281135	000000000.115393
000000004.718868	-00000005.827316	000000000.157068
000000007.474687	-00000009.230470	000000000.248796
000000003.971547	-00000004.992918	000000000.044540
000000003.721821	-00000004.678970	000000000.125236
000000007.120005	-00000008.951074	000000000.239581
000000004.081736	-00000005.224384	000000000.046286
000000004.591827	-00000005.877271	000000000.156230
000000007.275522	-00000009.312244	000000000.247539
000000004.644737	-00000006.053139	000000000.053267
000000006.250609	-00000008.145952	000000000.215079
000000007.175723	-00000009.351584	000000000.246911
000000003.574694	-00000004.743779	000000000.041469
000000007.155406	-00000009.495545	000000000.083007
000000003.363408	-00000004.463394	000000000.117068
000000007.208162	-00000009.565555	000000000.250890
000000003.562901	-00000004.814985	000000000.041818
000000003.377852	-00000004.564906	000000000.118953
000000007.273087	-00000009.829013	000000000.256126
000000003.538381	-00000004.870163	000000000.042027
000000003.273246	-00000004.505237	000000000.116649
000000006.987234	-00000009.617103	000000000.249005
000000004.674545	-00000006.553470	000000000.056199
000000006.728871	-00000009.433530	000000000.242723
000000003.068559	-00000004.382357	000000000.037350
000000004.731890	-00000006.757840	000000000.057595
000000006.555819	-00000009.362679	000000000.079796
000000003.251465	-00000004.643573	000000000.118744
000000006.646293	-00000009.491890	000000000.242723
000000003.302068	-00000004.804539	000000000.040701
000000003.493960	-00000005.083744	000000000.129215
000000006.455615	-00000009.392978	000000000.238744
000000003.153771	-00000004.675658	000000000.039374
000000003.360012	-00000004.981423	000000000.125864
000000006.278359	-00000009.308050	000000000.235183
000000004.862447	-00000007.346355	000000000.061505
000000006.369197	-00000009.622808	000000000.080564
000000006.367956	-00000009.620932	000000000.241676
000000002.205734	-00000003.396533	000000000.028274
000000003.055351	-00000004.704827	000000000.039165
000000003.065645	-00000004.720680	000000000.117906
000000006.212968	-00000009.567132	000000000.238953
000000002.240485	-00000003.516857	000000000.029112
000000002.685909	-00000004.216033	000000000.104712
000000002.660130	-00000004.257098	000000000.035046
000000002.670207	-00000004.273225	000000000.105550
000000006.119225	-00000009.792808	000000000.241885
000000002.675128	-00000004.365411	000000000.035744
000000002.627591	-00000004.287839	000000000.105340
000000001.982848	-00000003.300014	000000000.026878
000000005.943395	-00000009.891470	000000000.080564
000000002.533432	-00000004.216338	000000000.103037
000000003.563282	-00000005.930297	000000000.144922
000000004.613729	-00000007.678535	000000000.187644
000000006.009108	-00000010.201441	000000000.082658
000000005.764371	-00000009.785960	000000000.237906
000000002.779932	-00000004.814984	000000000.038816
000000003.724909	-00000006.451732	000000000.052010
000000005.699861	-00000009.872449	000000000.079586
000000005.228853	-00000009.056639	000000000.219058
