000000004.014375	000000004.658911	-00000000.042935
000000004.008725	000000004.571074	-00000000.042446
000000003.781378	000000004.236676	-00000000.118953
000000004.008510	000000004.491156	-00000000.042027
000000003.791317	000000004.173914	-00000000.118115
000000004.047550	000000004.456005	-00000000.042027
000000003.766518	000000004.074596	-00000000.116230
000000004.045554	000000004.376455	-00000000.041608
000000003.788231	000000004.027008	-00000000.115812
000000004.076739	000000004.333702	-00000000.041538
000000003.885451	000000004.058795	-00000000.117696
000000004.093657	000000004.276290	-00000000.041329
000000003.983510	000000004.089187	-00000000.119581
000000004.179663	000000004.290544	-00000000.041818
000000004.047197	000000004.082670	-00000000.120419
000000004.252145	000000004.289415	-00000000.042167
000000004.054269	000000004.019042	-00000000.119581
000000004.296517	000000004.259185	-00000000.042237
000000004.175124	000000004.067226	-00000000.122094
000000004.347847	000000004.235485	-00000000.042376
000000004.138238	000000003.961501	-00000000.120000
000000004.399089	000000004.211212	-00000000.042516
000000004.245471	000000003.993741	-00000000.122094
000000004.413820	000000004.152108	-00000000.042306
000000004.236112	000000003.915821	-00000000.120838
000000004.530660	000000004.188098	-00000000.043074
000000004.366329	000000003.966094	-00000000.123560
000000004.618848	000000004.195467	-00000000.043563
000000007.439011	000000006.757122	-00000000.070162
000000004.430609	000000003.954470	-00000000.124398
000000004.722428	000000004.214928	-00000000.044191
000000007.094833	000000006.332380	-00000000.066392
000000004.540116	000000003.981575	-00000000.126492
000000004.811657	000000004.219710	-00000000.044680
000000007.134786	000000006.257039	-00000000.066252
000000004.627707	000000003.987488	-00000000.127958
000000004.886175	000000004.210197	-00000000.045029
000000007.219418	000000006.220649	-00000000.066531
000000008.522398	000000007.343368	-00000000.078539
000000004.677589	000000003.959872	-00000000.128377
000000004.960890	000000004.199704	-00000000.045378
000000007.204739	000000006.099261	-00000000.065903
000000008.899074	000000007.533622	-00000000.081401
000000004.773461	000000003.970045	-00000000.130052
000000005.012727	000000004.169041	-00000000.045518
000000007.057796	000000005.869907	-00000000.064088
000000004.846635	000000003.959867	-00000000.131100
000000005.095379	000000004.163100	-00000000.045937
000000006.744796	000000005.510729	-00000000.060807
000000008.851092	000000007.231646	-00000000.079796
000000004.997963	000000004.011290	-00000000.134241
000000005.084723	000000004.080922	-00000000.045518
000000005.134846	000000004.047987	-00000000.136963
000000006.942033	000000005.472657	-00000000.061714
000000005.217407	000000004.039748	-00000000.138220
000000007.036965	000000005.448601	-00000000.062133
000000008.910854	000000006.899521	-00000000.078679
000000005.300210	000000004.030374	-00000000.139477
000000007.068326	000000005.374880	-00000000.061994
000000005.431310	000000004.055751	-00000000.141990
000000007.243158	000000005.408722	-00000000.063111
000000009.126059	000000006.814751	-00000000.079517
000000005.530997	000000004.055495	-00000000.143665
000000007.290082	000000005.345309	-00000000.063111
000000005.760911	000000004.147263	-00000000.148691
000000007.247180	000000005.217223	-00000000.062343
000000009.073176	000000006.531752	-00000000.078050
000000005.829542	000000004.119913	-00000000.149529
000000007.316930	000000005.171095	-00000000.062552
000000005.914560	000000004.103076	-00000000.150785
000000007.361777	000000005.107047	-00000000.062552
000000006.049310	000000004.118829	-00000000.153299
000000007.455658	000000005.076377	-00000000.062971
000000006.209716	000000004.149199	-00000000.156440
000000007.474730	000000004.994454	-00000000.062762
000000006.220604	000000004.078407	-00000000.155812
000000007.476216	000000004.901622	-00000000.062412
000000008.017495	000000005.206623	000000000.066741
000000013.309378	000000008.643210	000000000.110793
000000010.850017	000000007.046083	000000000.270995
000000006.398903	000000004.115913	-00000000.159372
000000007.459834	000000004.798326	-00000000.061924
000000007.978289	000000005.082730	000000000.066043
000000006.400756	000000004.038576	-00000000.158534
000000007.552166	000000004.765062	-00000000.062343
000000008.090181	000000005.055306	000000000.066601
000000011.015876	000000006.883483	000000000.090687
000000010.945900	000000006.839757	000000000.270367
000000006.563279	000000004.061481	-00000000.161675
000000007.525434	000000004.656880	-00000000.061784
000000008.023149	000000004.916592	000000000.065694
000000010.954023	000000006.712634	000000000.269110
000000006.598472	000000004.004051	-00000000.161675
000000007.617079	000000004.622157	-00000000.062203
000000008.048605	000000004.836090	000000000.065554
000000008.115594	000000004.876341	000000000.198325
000000006.839375	000000004.069000	-00000000.166702
000000007.717281	000000004.591300	-00000000.062692
000000008.047421	000000004.740293	000000000.065205
000000008.123382	000000004.785037	000000000.197487
000000006.874623	000000004.009161	-00000000.166702
000000007.765692	000000004.528818	-00000000.062762
000000008.166421	000000004.714885	000000000.065833
000000008.199462	000000004.733962	000000000.198325
000000007.117669	000000004.068083	-00000000.171728
000000007.874371	000000004.500574	-00000000.063320
000000008.198551	000000004.638517	000000000.065763
000000008.266565	000000004.676998	000000000.198953
000000007.152898	000000004.005816	-00000000.171728
000000007.983144	000000004.470775	-00000000.063879
000000008.352415	000000004.629819	000000000.066671
000000008.473206	000000004.696774	000000000.202932
000000007.310297	000000004.010567	-00000000.174660
000000008.039389	000000004.410560	-00000000.064018
000000008.313407	000000004.513812	000000000.066043
000000011.615415	000000006.306655	000000000.276859
000000007.468315	000000004.012870	-00000000.177592
000000008.015911	000000004.307104	-00000000.063529
000000008.467261	000000004.502123	000000000.066950
000000011.643524	000000006.190972	000000000.276231
000000007.582680	000000003.989441	-00000000.179477
000000008.185936	000000004.306829	-00000000.064577
000000008.594925	000000004.474235	000000000.067648
000000021.527229	000000011.206366	000000000.169435
000000011.821261	000000006.153759	000000000.279162
000000007.759417	000000003.996362	-00000000.182827
000000008.338778	000000004.294753	-00000000.065484
000000008.704922	000000004.435380	000000000.068207
000000010.736367	000000005.470452	000000000.084124
000000021.508373	000000010.959064	000000000.168528
000000011.821064	000000006.023133	000000000.277906
000000013.789756	000000007.026231	000000000.324189
000000007.910058	000000003.986997	-00000000.185550
000000008.447375	000000004.257827	-00000000.066043
000000008.779093	000000004.377094	000000000.068486
000000016.529034	000000008.241073	000000000.128944
000000013.716334	000000006.838712	000000000.321047
000000008.096985	000000003.992991	-00000000.189110
000000008.511115	000000004.197217	-00000000.066252
000000013.850079	000000006.755135	000000000.107581
000000016.816027	000000008.201724	000000000.130619
000000013.865351	000000006.762583	000000000.323142
000000008.221572	000000003.965615	-00000000.191204
000000008.691525	000000004.192295	-00000000.067369
000000010.135785	000000004.834522	000000000.078400
000000013.917526	000000006.638319	000000000.107651
000000013.761407	000000006.563854	000000000.319372
000000008.463843	000000003.991808	-00000000.196021
000000008.890577	000000004.193069	-00000000.068626
000000011.265132	000000005.253017	000000000.086777
000000014.029303	000000006.541971	000000000.108070
000000013.727551	000000006.401262	000000000.317278
000000008.607308	000000003.968024	-00000000.198534
000000009.199266	000000004.240920	-00000000.070720
000000013.876572	000000006.323918	000000000.106464
000000014.037623	000000006.397314	000000000.323142
000000008.933309	000000004.024162	-00000000.205236
000000009.363568	000000004.217980	-00000000.071698
000000011.035360	000000004.913259	000000000.084334
000000013.903823	000000006.190381	000000000.106255
000000014.038115	000000006.250171	000000000.321885
000000009.077899	000000003.994371	-00000000.207749
000000009.738677	000000004.285120	-00000000.074281
000000013.838099	000000006.016977	000000000.105347
000000016.387465	000000007.125473	000000000.124755
000000014.358011	000000006.243041	000000000.327958
000000009.406359	000000004.041290	-00000000.214450
000000009.840014	000000004.227604	-00000000.074769
000000013.954514	000000005.923339	000000000.105836
000000016.900059	000000007.173649	000000000.128176
000000014.273899	000000006.058911	000000000.324817
000000016.455017	000000006.984740	000000000.374450
000000009.662546	000000004.051842	-00000000.219477
000000010.254624	000000004.300121	-00000000.077632
000000013.977957	000000005.789859	000000000.105626
000000014.437070	000000005.980030	000000000.327330
000000017.014130	000000007.047483	000000000.385759
000000009.910365	000000004.054437	-00000000.224293
000000010.393566	000000004.252120	-00000000.078400
000000014.194839	000000005.735087	000000000.106883
000000016.939236	000000006.843896	000000000.127548
000000017.862915	000000007.217086	000000000.403560
000000010.066088	000000004.015962	-00000000.227016
000000010.792504	000000004.305772	-00000000.081122
000000017.305346	000000006.816757	000000000.129851
000000019.454557	000000007.663354	000000000.145978
000000017.618244	000000006.940011	000000000.396649
000000010.184612	000000003.960579	-00000000.228901
000000010.960146	000000004.262167	-00000000.082100
000000012.575022	000000004.827099	000000000.094038
000000014.470144	000000005.554568	000000000.108210
000000017.168125	000000006.590226	000000000.128385
000000018.611511	000000007.144290	000000000.417592
000000021.094290	000000008.097340	000000000.473299
000000010.424471	000000003.949479	-00000000.233508
000000011.268105	000000004.269103	-00000000.084124
000000016.934620	000000006.331595	000000000.126221
000000020.147327	000000007.532777	000000000.150167
000000016.987507	000000006.351368	000000000.379895
000000010.280322	000000003.792611	-00000000.229529
000000011.614526	000000004.284825	-00000000.086428
000000012.102946	000000004.405112	000000000.089919
000000017.017420	000000006.193834	000000000.126431
000000017.023497	000000006.196046	000000000.379477
000000011.423371	000000004.101409	-00000000.254241
000000011.867940	000000004.261026	-00000000.088034
000000017.080248	000000006.048433	000000000.126500
000000021.029819	000000007.447049	000000000.155752
000000020.431986	000000007.235346	000000000.454032
000000010.420457	000000003.638986	-00000000.231204
000000012.338943	000000004.308952	-00000000.091245
000000014.418807	000000004.964793	000000000.106464
000000018.792786	000000006.470875	000000000.416335
000000011.852965	000000004.023540	-00000000.262199
000000012.716962	000000004.316827	-00000000.093758
000000016.965096	000000005.676442	000000000.124895
000000010.425409	000000003.437784	-00000000.229948
000000013.172006	000000004.343476	-00000000.096830
000000014.588852	000000004.740205	000000000.107093
000000017.156643	000000005.574531	000000000.125942
000000017.001160	000000005.524012	000000000.374450
000000012.064208	000000003.861784	-00000000.265340
000000013.666547	000000004.374696	-00000000.100181
000000014.686883	000000004.630756	000000000.107511
000000017.118803	000000005.397538	000000000.125314
000000019.140633	000000006.035018	000000000.140114
000000017.058254	000000005.378447	000000000.374660
000000010.378790	000000003.222700	-00000000.227644
000000014.057551	000000004.364985	-00000000.102764
000000017.471262	000000005.341501	000000000.127548
000000017.114101	000000005.232306	000000000.374869
000000014.554729	000000004.380476	-00000000.106115
000000017.593914	000000005.211555	000000000.128106
000000018.136890	000000005.372392	000000000.396231
000000010.347068	000000003.015895	-00000000.225759
000000016.214846	000000004.726197	-00000000.117913
000000018.038898	000000005.257859	-00000000.131178
000000018.234690	000000005.228713	000000000.132435
000000018.240746	000000005.230450	000000000.397487
000000018.286203	000000005.157243	-00000000.132644
000000018.269987	000000005.066716	000000000.132365
000000018.324232	000000005.081759	000000000.398325
000000010.398126	000000002.834855	-00000000.225759
000000016.343100	000000004.455640	-00000000.118263
000000019.237391	000000005.244715	-00000000.139206
000000019.163502	000000005.134845	000000000.138508
000000019.159765	000000005.133844	000000000.415498
000000017.164648	000000004.519074	-00000000.123917
000000031.367220	000000008.112115	000000000.226193
000000031.448219	000000008.133062	000000000.680419
000000050.758526	000000013.127048	000000001.098220
000000010.446017	000000002.652951	-00000000.225759
000000016.738211	000000004.250964	-00000000.120566
000000031.475624	000000007.847754	000000000.226472
000000031.391884	000000007.826876	000000000.677697
000000035.072529	000000008.420169	000000000.251814
000000034.880981	000000008.374183	000000000.751414
000000050.979893	000000012.239190	000000001.098220
000000010.218241	000000002.406076	-00000000.219895
000000035.592869	000000008.217261	000000000.255025
000000037.249260	000000008.599669	000000000.266894
000000051.250366	000000011.832080	000000001.101781
000000034.950546	000000007.748349	000000000.249929
000000035.197514	000000007.803101	000000000.755184
000000010.258677	000000002.227377	-00000000.219895
000000034.967926	000000007.432662	000000000.249580
000000038.002480	000000008.077677	000000000.813822
000000035.531200	000000007.228905	000000000.253140
000000010.295987	000000002.047999	-00000000.219895
000000035.710728	000000006.941463	000000000.253978
000000035.546741	000000006.909586	000000000.758534
000000038.660641	000000007.165326	000000000.274503
000000039.987999	000000007.411338	000000000.283928
000000051.678375	000000009.578020	000000001.100943
000000010.212102	000000001.846649	-00000000.217382
000000040.632175	000000007.164549	000000000.288047
000000051.415382	000000009.065919	000000001.093613
000000043.001003	000000007.195900	000000000.304383
000000051.531979	000000008.623496	000000001.094451
000000010.124362	000000001.648857	-00000000.214869
000000057.934963	000000009.175997	000000001.228692
000000058.309475	000000008.714410	000000001.234975
000000010.032865	000000001.454696	-00000000.212356
000000051.294636	000000007.208991	000000000.361629
000000051.858868	000000007.288289	000000001.096964
000000051.236622	000000006.745429	000000000.360792
000000054.358913	000000007.156487	000000001.148482
000000009.987299	000000001.270545	-00000000.210890
000000064.097069	000000007.870131	000000000.450850
000000072.465164	000000008.256363	000000001.527749
000000009.958261	000000001.090607	-00000000.209843
000000085.261551	000000008.961349	000000001.795812
000000009.935953	000000000.912986	-00000000.209005
000000009.880582	000000000.734254	-00000000.207539
000000009.776873	000000000.640810	-00000000.205236
000000010.964065	000000000.718623	-00000000.230157
000000009.841983	000000000.558868	-00000000.206492
000000009.996280	000000000.480156	-00000000.209634
000000009.890198	000000000.388587	-00000000.207330
000000015.377761	000000000.604194	-00000000.107442
000000010.222985	000000000.312340	-00000000.214241
000000035.996780	000000000.942609	000000000.251395
000000035.909809	000000000.940331	000000000.752461
000000009.825505	000000000.214393	-00000000.205864
000000015.545921	000000000.339213	-00000000.108559
000000044.352165	000000000.774170	000000000.309689
000000044.603420	000000000.778556	000000000.934451
000000010.146904	000000000.132830	-00000000.212566
000000035.797764	000000000.312402	000000000.249929
000000044.277233	000000000.386402	000000000.309130
000000035.860767	000000000.312952	000000000.751205
000000009.787760	000000000.042707	-00000000.205026
000000015.679469	000000000.068415	-00000000.109466
000000044.368919	000000000.000000	000000000.309759
000000036.072090	000000000.000000	000000000.755603
000000044.590218	000000000.000000	000000000.934032
000000010.177670	-00000000.044409	-00000000.213194
000000044.807201	-00000000.391027	000000000.312830
000000045.788212	-00000000.399588	000000000.959163
000000009.817005	-00000000.128512	-00000000.205655
000000015.648277	-00000000.204847	-00000000.109257
000000056.590000	-00000000.987782	000000000.395139
000000102.162018	-00000001.783245	000000002.140315
000000010.375254	-00000000.226389	-00000000.217382
000000064.946152	-00000001.700675	000000000.453572
000000064.943489	-00000001.700605	000000001.360839
000000009.773294	-00000000.298601	-00000000.204817
000000015.622330	-00000000.477305	-00000000.109117
000000042.563019	-00000001.486333	000000000.297332
000000010.299792	-00000000.404680	-00000000.215916
000000038.482399	-00000001.680178	000000000.268918
000000044.916111	-00000001.961080	000000000.313877
000000044.987263	-00000001.964186	000000000.943247
000000009.816526	-00000000.471522	-00000000.205864
000000015.391878	-00000000.739325	-00000000.107581
000000061.993412	-00000003.248937	000000000.433397
000000061.941391	-00000003.246211	000000001.299268
000000010.191343	-00000000.578706	-00000000.213822
000000009.816778	-00000000.643426	-00000000.206073
000000015.556242	-00000001.019610	-00000000.108838
000000032.549725	-00000002.276098	000000000.227799
000000032.683006	-00000002.285418	000000000.686283
000000010.249483	-00000000.761668	-00000000.215288
000000032.448868	-00000002.553781	000000000.227240
000000032.482410	-00000002.556421	000000000.682513
000000009.794090	-00000000.813826	-00000000.205864
000000015.416492	-00000001.281012	-00000000.108000
000000032.395462	-00000002.834236	000000000.227031
000000054.111389	-00000004.734133	000000001.137802
000000010.194806	-00000000.936771	-00000000.214450
000000023.450634	-00000002.154810	-00000000.164409
000000028.139166	-00000002.709493	000000000.197360
000000028.213293	-00000002.716631	000000000.593718
000000009.848027	-00000000.991644	-00000000.207330
000000015.710170	-00000001.581931	-00000000.110234
000000031.207336	-00000003.280023	000000000.219072
000000044.593277	-00000004.686942	000000000.313040
000000010.176905	-00000001.114552	-00000000.214450
000000021.172884	-00000002.318808	-00000000.148701
000000031.117912	-00000003.545438	000000000.218653
000000009.749793	-00000001.153964	-00000000.205655
000000015.421977	-00000001.825311	-00000000.108419
000000019.989981	-00000002.365970	-00000000.140533
000000030.331470	-00000003.724236	000000000.213347
000000042.013458	-00000005.158604	000000000.295517
000000010.195574	-00000001.297041	-00000000.215288
000000019.413063	-00000002.469654	-00000000.136623
000000020.601723	-00000002.712268	000000000.145071
000000009.728168	-00000001.323946	-00000000.205655
000000015.377865	-00000002.092835	-00000000.108349
000000018.122496	-00000002.466363	-00000000.127687
000000020.537659	-00000002.886380	000000000.144791
000000010.171385	-00000001.474781	-00000000.215288
000000017.714327	-00000002.568455	-00000000.124965
000000020.393011	-00000003.047756	000000000.143954
000000020.517578	-00000003.066373	000000000.434555
000000009.713463	-00000001.495045	-00000000.205864
000000015.220396	-00000002.342643	-00000000.107511
000000020.424898	-00000003.234986	000000000.144372
000000051.862247	-00000008.214173	000000000.366586
000000020.796154	-00000003.293787	000000000.441047
000000010.134230	-00000001.650464	-00000000.215079
000000016.393610	-00000002.669869	-00000000.115959
000000020.178911	-00000003.376791	000000000.142837
000000049.934425	-00000008.356156	000000000.353461
000000009.676038	-00000001.662647	-00000000.205655
000000015.137772	-00000002.601145	-00000000.107232
000000020.473656	-00000003.610058	000000000.145140
000000049.278580	-00000008.689143	000000000.349342
000000049.603733	-00000008.746477	000000001.055079
000000010.035013	-00000001.814626	-00000000.213613
000000015.527783	-00000002.807881	-00000000.110164
000000017.308855	-00000003.129951	-00000000.122800
000000046.457661	-00000008.610418	000000000.329865
000000049.289589	-00000009.135285	000000001.050053
000000009.724126	-00000001.846183	-00000000.207330
000000014.932882	-00000002.835096	-00000000.106115
000000029.860371	-00000005.804268	000000000.212370
000000043.759876	-00000008.506058	000000000.311225
000000034.732166	-00000006.751249	000000000.741152
000000036.165028	-00000007.029769	000000000.771728
000000010.188125	-00000002.026544	-00000000.217592
000000014.083733	-00000002.801429	-00000000.100251
000000015.119870	-00000003.076172	000000000.107721
000000041.567390	-00000008.456982	000000000.296145
000000035.142189	-00000007.149759	000000000.751205
000000009.661059	-00000002.009503	-00000000.206702
000000013.784624	-00000002.867206	-00000000.098296
000000015.483699	-00000003.291162	000000000.110513
000000017.048698	-00000003.623812	000000000.121683
000000040.797543	-00000008.671785	000000000.291188
000000034.530819	-00000007.339752	000000000.739477
000000010.131664	-00000002.199800	-00000000.217173
000000013.837255	-00000003.004363	-00000000.098855
000000016.957850	-00000003.759465	000000000.121264
000000040.339569	-00000008.943067	000000000.288466
000000034.670429	-00000007.686249	000000000.743875
000000009.663523	-00000002.186632	-00000000.207539
000000013.157047	-00000002.977136	-00000000.094177
000000015.097931	-00000003.416313	-00000000.108070
000000017.060804	-00000003.938797	000000000.122242
000000034.258015	-00000007.909086	000000000.245461
000000034.904026	-00000008.058229	000000000.750367
000000040.622322	-00000009.378402	000000000.873299
000000009.994413	-00000002.353372	-00000000.215079
000000012.906694	-00000003.039123	-00000000.092572
000000015.213547	-00000003.582315	-00000000.109117
000000015.547816	-00000003.732700	000000000.111630
000000034.498844	-00000008.282439	000000000.247695
000000034.754601	-00000008.343842	000000000.748691
000000009.614177	-00000002.352574	-00000000.207330
000000012.831116	-00000003.139754	-00000000.092222
000000014.997156	-00000003.669781	-00000000.107791
000000012.778483	-00000003.186034	000000000.091943
000000012.805095	-00000003.192669	000000000.276440
000000009.835536	-00000002.497908	-00000000.212566
000000012.706307	-00000003.226991	-00000000.091524
000000012.730831	-00000003.292417	000000000.091804
000000035.813606	-00000009.262029	000000000.774870
000000009.581324	-00000002.522552	-00000000.207539
000000012.784036	-00000003.365756	-00000000.092292
000000012.827182	-00000003.437033	000000000.092711
000000029.006046	-00000007.772147	000000000.209647
000000035.074730	-00000009.398246	000000000.760629
000000009.742215	-00000002.656033	-00000000.211518
000000012.908540	-00000003.519272	-00000000.093409
000000028.908209	-00000008.016956	000000000.209438
000000034.718758	-00000009.628364	000000000.251535
000000034.615650	-00000009.599769	000000000.752461
000000009.468483	-00000002.670388	-00000000.206073
000000010.654119	-00000003.004772	-00000000.077283
000000012.607857	-00000003.555783	-00000000.091455
000000012.755632	-00000003.657619	000000000.092641
000000013.947568	-00000003.999401	000000000.101298
000000034.181633	-00000009.801426	000000000.248254
000000035.011086	-00000010.039267	000000000.762932
000000009.694377	-00000002.825653	-00000000.211518
000000010.713895	-00000003.122816	-00000000.077911
000000013.315567	-00000003.881134	-00000000.096830
000000033.366112	-00000009.883492	000000000.242948
000000035.286415	-00000010.452312	000000000.770891
000000009.401288	-00000002.829467	-00000000.205655
000000010.734114	-00000003.230602	-00000000.078260
000000012.314067	-00000003.706114	-00000000.089779
000000031.691166	-00000009.688962	000000000.231359
000000032.641083	-00000009.979381	000000000.714974
000000039.161652	-00000011.972919	000000000.857801
000000009.691326	-00000003.009237	-00000000.212566
000000012.949756	-00000004.021006	-00000000.094666
000000028.410536	-00000008.957808	000000000.207972
000000031.023655	-00000009.781721	000000000.227100
000000028.271505	-00000008.913972	000000000.620943
000000031.332266	-00000009.879025	000000000.688168
000000038.864975	-00000012.254080	000000000.853613
000000009.388563	-00000003.005303	-00000000.206492
000000010.990379	-00000003.518048	-00000000.080564
000000012.942743	-00000004.143005	-00000000.094875
000000030.071674	-00000009.770880	000000000.220747
000000030.607794	-00000009.945075	000000000.674136
000000032.167187	-00000010.451753	000000000.708482
000000009.542383	-00000003.146606	-00000000.210471
000000012.839620	-00000004.233871	-00000000.094387
000000028.088663	-00000009.398335	000000000.206785
000000029.710257	-00000009.940912	000000000.218723
000000030.311258	-00000010.142005	000000000.669529
000000009.230544	-00000003.133348	-00000000.204189
000000010.766333	-00000003.654678	-00000000.079377
000000012.783245	-00000004.339327	-00000000.094247
000000017.217472	-00000005.928452	000000000.127129
000000021.614029	-00000007.442307	000000000.159592
000000028.724154	-00000009.890519	000000000.212091
000000029.824568	-00000010.269423	000000000.660733
000000009.099023	-00000003.177521	-00000000.201885
000000012.537196	-00000004.378185	-00000000.092711
000000028.410522	-00000010.060694	000000000.210415
000000028.499228	-00000010.092106	000000000.633299
000000008.826295	-00000003.168964	-00000000.196440
000000010.089161	-00000003.622379	-00000000.074839
000000017.562428	-00000006.392201	000000000.130480
000000028.124315	-00000010.236414	000000000.208949
000000028.926790	-00000010.528491	000000000.644817
000000008.695127	-00000003.207802	-00000000.194136
000000009.728806	-00000003.589146	-00000000.072396
000000012.796618	-00000004.720922	-00000000.095224
000000027.781019	-00000010.386898	000000000.207064
000000027.897346	-00000010.430390	000000000.623875
000000008.461118	-00000003.205631	-00000000.189529
000000009.482040	-00000003.592424	-00000000.070790
000000012.268675	-00000004.648185	-00000000.091594
000000018.019617	-00000006.827022	-00000000.134529
000000027.745333	-00000010.650435	000000000.207483
000000063.376209	-00000024.327848	000000001.421990
000000008.376913	-00000003.257603	-00000000.188272
000000008.592903	-00000003.341597	-00000000.064367
000000011.770972	-00000004.577481	-00000000.088173
000000018.291563	-00000007.205238	000000000.137252
000000026.116184	-00000010.287438	000000000.195964
000000027.772287	-00000010.939795	000000000.208391
000000027.841291	-00000010.966976	000000000.626807
000000008.134587	-00000003.245371	-00000000.183456
000000008.386946	-00000003.346052	-00000000.063041
000000012.139245	-00000004.843068	-00000000.091245
000000015.148514	-00000006.043644	-00000000.113864
000000026.136677	-00000010.559903	000000000.196802
000000026.113041	-00000010.550353	000000000.589948
000000028.495380	-00000011.512881	000000000.643770
000000007.976409	-00000003.263235	-00000000.180524
000000008.412958	-00000003.441832	-00000000.063460
000000024.251247	-00000010.045196	000000000.183258
000000026.015814	-00000010.776103	000000000.196592
000000028.375355	-00000011.753456	000000000.643351
000000007.901529	-00000003.313386	-00000000.179477
000000008.225832	-00000003.449378	-00000000.062273
000000008.560487	-00000003.633711	000000000.064926
000000023.776060	-00000010.092340	000000000.180326
000000028.326925	-00000012.024067	000000000.644608
000000007.679410	-00000003.299335	-00000000.175079
000000008.112729	-00000003.485503	-00000000.061645
000000008.345043	-00000003.628528	000000000.063529
000000023.677914	-00000010.295450	000000000.180256
000000024.342604	-00000010.584466	000000000.556021
000000007.613721	-00000003.350117	-00000000.174241
000000008.100309	-00000003.564221	-00000000.061784
000000008.358737	-00000003.721550	000000000.063879
000000022.865486	-00000010.180370	000000000.174741
000000023.180698	-00000010.320712	000000000.531519
000000007.483925	-00000003.371262	-00000000.171937
000000008.014193	-00000003.610131	-00000000.061365
000000008.143954	-00000003.711414	000000000.062482
000000008.224246	-00000003.748005	000000000.189319
000000007.381585	-00000003.402957	-00000000.170262
000000007.955141	-00000003.667370	-00000000.061156
000000008.056880	-00000003.756985	000000000.062063
000000008.109675	-00000003.781604	000000000.187435
000000007.098416	-00000003.347830	-00000000.164398
000000007.063622	-00000003.331421	-00000000.054524
000000007.924505	-00000003.779795	000000000.061295
000000008.076366	-00000003.852229	000000000.187435
000000006.924850	-00000003.340151	-00000000.161047
000000007.061302	-00000003.405968	-00000000.054733
000000008.044010	-00000003.923326	000000000.062482
000000008.078386	-00000003.940092	000000000.188272
000000006.787838	-00000003.347391	-00000000.158534
000000007.004405	-00000003.454190	-00000000.054524
000000008.143704	-00000004.060301	000000000.063529
000000021.844816	-00000010.891423	000000000.170413
000000021.831610	-00000010.884839	000000000.510995
000000006.972636	-00000003.514498	-00000000.163560
000000007.000784	-00000003.528686	-00000000.054733
000000008.107962	-00000004.131213	000000000.063529
000000021.241077	-00000010.822870	000000000.166433
000000007.972759	-00000004.062324	000000000.187435
000000021.450731	-00000010.929693	000000000.504293
000000046.874481	-00000023.883739	000000001.101990
000000006.977254	-00000003.593522	-00000000.164398
000000007.787601	-00000004.010878	-00000000.061156
000000007.974033	-00000004.151019	000000000.062762
000000020.108046	-00000010.467586	000000000.158265
000000008.061160	-00000004.196374	000000000.190367
000000020.370171	-00000010.604039	000000000.481047
000000007.184524	-00000003.779961	-00000000.170052
000000007.539911	-00000003.966939	-00000000.059480
000000008.149407	-00000004.333117	000000000.064437
000000008.068372	-00000004.290029	000000000.191414
000000020.312168	-00000010.800172	000000000.481885
000000048.330780	-00000025.697931	000000001.146598
000000007.036773	-00000003.780995	-00000000.167330
000000007.689988	-00000004.131980	-00000000.060946
000000008.093708	-00000004.394525	000000000.064297
000000018.744713	-00000010.177548	000000000.148910
000000019.781691	-00000010.740582	000000000.157148
000000019.320950	-00000010.490419	000000000.460524
000000044.036652	-00000023.909952	000000001.049634
000000006.433763	-00000003.529683	-00000000.153717
000000007.495831	-00000004.112354	-00000000.059690
000000007.888878	-00000004.372877	000000000.062971
000000011.728364	-00000006.501139	000000000.093619
000000019.022514	-00000010.544353	000000000.151842
000000019.456020	-00000010.784648	000000000.465969
000000006.489947	-00000003.634545	-00000000.155812
000000007.389861	-00000004.138521	-00000000.059131
000000007.432656	-00000004.205194	000000000.059620
000000018.790522	-00000010.631166	000000000.150725
000000018.821665	-00000010.648786	000000000.452985
000000006.614224	-00000003.780340	-00000000.159581
000000007.639964	-00000004.366599	-00000000.061435
000000008.166421	-00000004.714885	000000000.065833
000000011.327336	-00000006.539841	000000000.091315
000000018.705692	-00000010.799737	000000000.150795
000000018.719364	-00000010.807630	000000000.452775
000000006.252797	-00000003.646523	-00000000.151623
000000007.567015	-00000004.412952	-00000000.061156
000000008.116349	-00000004.780895	000000000.065763
000000011.166442	-00000006.577537	000000000.090477
000000018.059307	-00000010.637744	000000000.146327
000000018.417591	-00000010.848790	000000000.447749
000000006.444134	-00000003.833857	-00000000.157068
000000007.356340	-00000004.376563	-00000000.059760
000000008.108605	-00000004.872141	000000000.066043
000000010.997189	-00000006.607778	000000000.089570
000000011.166440	-00000006.709474	000000000.272880
000000006.478811	-00000003.931439	-00000000.158744
000000007.463198	-00000004.528780	-00000000.060946
000000007.844098	-00000004.806870	000000000.064228
000000010.922054	-00000006.693044	000000000.089430
000000011.167137	-00000006.843230	000000000.274346
000000006.469761	-00000004.003610	-00000000.159372
000000006.632586	-00000004.104369	-00000000.054454
000000010.671660	-00000006.603824	-00000000.087615
000000006.300844	-00000003.937204	000000000.051871
000000010.634264	-00000006.645026	000000000.087545
000000017.143772	-00000010.712617	000000000.423456
000000006.451488	-00000004.070586	-00000000.159791
000000006.571145	-00000004.146084	-00000000.054244
000000010.376828	-00000006.547291	-00000000.085660
000000010.592739	-00000006.748319	000000000.087685
000000017.187899	-00000010.949899	000000000.142278
000000016.838833	-00000010.727520	000000000.418220
000000006.205507	-00000003.991516	-00000000.154555
000000006.459022	-00000004.154583	-00000000.053616
000000010.252015	-00000006.594318	-00000000.085102
000000010.457968	-00000006.791483	000000000.087056
000000016.588501	-00000010.772698	000000000.138089
000000016.451109	-00000010.683475	000000000.410890
000000006.337659	-00000004.155151	-00000000.158744
000000006.631588	-00000004.347859	-00000000.055361
000000010.381625	-00000006.871448	000000000.086917
000000016.118620	-00000010.668682	000000000.134948
000000016.315567	-00000010.799038	000000000.409843
000000006.101649	-00000004.076991	-00000000.153717
000000006.718111	-00000004.488898	-00000000.056409
000000010.043908	-00000006.711125	-00000000.084334
000000010.329556	-00000006.967374	000000000.086987
000000016.190710	-00000010.920772	000000000.136344
000000016.328459	-00000011.013684	000000000.412566
000000006.338553	-00000004.315767	-00000000.160628
000000006.943184	-00000004.727446	-00000000.058643
000000009.761787	-00000006.646564	-00000000.082449
000000010.251880	-00000007.045922	000000000.086847
000000015.287168	-00000010.506579	000000000.129502
000000015.976301	-00000010.980207	000000000.406074
000000005.996707	-00000004.160064	-00000000.152880
000000006.770205	-00000004.696659	-00000000.057526
000000010.064930	-00000006.982290	-00000000.085520
000000010.222768	-00000007.158059	000000000.087126
000000015.596275	-00000010.920630	000000000.132923
000000015.404870	-00000010.786606	000000000.393927
000000006.139798	-00000004.339180	-00000000.157487
000000006.581971	-00000004.651677	-00000000.056269
000000009.431980	-00000006.665864	-00000000.080634
000000015.614355	-00000011.137611	000000000.133901
000000015.619451	-00000011.141246	000000000.401885
000000006.182837	-00000004.451006	-00000000.159581
000000006.167812	-00000004.440189	-00000000.053058
000000009.860383	-00000007.098460	-00000000.084822
000000014.934089	-00000010.850251	000000000.128874
000000015.424570	-00000011.206606	000000000.399372
000000006.184073	-00000004.534350	-00000000.160628
000000006.830420	-00000005.008271	-00000000.059131
000000010.152890	-00000007.444407	-00000000.087894
000000014.975488	-00000011.081278	000000000.130061
000000015.085085	-00000011.162375	000000000.393089
000000005.511417	-00000004.115571	-00000000.144084
000000006.626208	-00000004.948024	-00000000.057735
000000014.822834	-00000011.068735	-00000000.129153
000000014.846272	-00000011.187469	000000000.129782
000000015.186716	-00000011.444012	000000000.398325
000000006.231328	-00000004.738412	-00000000.163979
000000006.574817	-00000004.999607	-00000000.057665
000000014.622201	-00000011.118980	-00000000.128246
000000014.660812	-00000011.249637	000000000.129014
000000014.983157	-00000011.496981	000000000.395602
000000005.881440	-00000004.553898	-00000000.155812
000000006.704884	-00000005.191476	-00000000.059201
000000009.424790	-00000007.297452	-00000000.083217
000000015.054363	-00000011.656334	-00000000.132923
000000014.640882	-00000011.438711	000000000.129712
000000014.803475	-00000011.565742	000000000.393508
000000005.778665	-00000004.555532	-00000000.154136
000000006.667178	-00000005.255980	-00000000.059271
000000009.227249	-00000007.274177	-00000000.082030
000000014.473039	-00000011.409624	-00000000.128665
000000014.540505	-00000011.566040	000000000.129712
000000014.756753	-00000011.738051	000000000.394974
000000005.606140	-00000004.499403	-00000000.150576
000000006.426091	-00000005.157484	-00000000.057526
000000008.945057	-00000007.179167	-00000000.080075
000000014.263741	-00000011.447862	-00000000.127687
000000014.229196	-00000011.522575	000000000.127827
000000014.661529	-00000011.872672	000000000.395183
000000005.047933	-00000004.124334	-00000000.136545
000000006.582177	-00000005.377864	-00000000.059341
000000008.231593	-00000006.725494	-00000000.074211
000000014.387865	-00000011.755379	-00000000.129712
000000013.927484	-00000011.480931	000000000.126012
000000013.060740	-00000010.766442	000000000.354555
000000014.140777	-00000011.656756	000000000.383875
000000005.526761	-00000004.596558	-00000000.150576
000000006.488867	-00000005.396733	-00000000.058922
000000008.572377	-00000007.129571	-00000000.077841
000000014.369304	-00000011.950824	-00000000.130480
000000014.340002	-00000012.032690	000000000.130689
000000013.938951	-00000011.696169	000000000.381152
000000005.043860	-00000004.269943	-00000000.138429
000000005.670679	-00000004.800584	-00000000.051871
000000006.784972	-00000005.743902	-00000000.062063
000000007.983217	-00000006.758292	-00000000.073024
000000012.972209	-00000011.079313	000000000.119100
000000014.318095	-00000012.228808	000000000.131457
000000027.769350	-00000023.717264	000000000.254956
000000014.224074	-00000012.148507	000000000.391833
000000028.242887	-00000024.121704	000000000.778011
000000005.498716	-00000004.737997	-00000000.152042
000000005.446760	-00000004.693228	-00000000.050195
000000006.651258	-00000005.731091	-00000000.061295
000000012.044990	-00000010.378627	-00000000.111002
000000012.437310	-00000010.811589	000000000.115051
000000014.127818	-00000012.281125	000000000.130689
000000012.978158	-00000011.281741	000000000.360210
000000015.279517	-00000013.282282	000000000.424084
000000027.744585	-00000024.118000	000000000.770053
000000004.848303	-00000004.251848	-00000000.135079
000000005.225159	-00000004.582342	-00000000.048520
000000006.315300	-00000005.538370	-00000000.058643
000000007.585879	-00000006.652637	-00000000.070441
000000012.589639	-00000011.138371	000000000.117355
000000015.110612	-00000013.368740	000000000.422618
000000027.151176	-00000024.021332	000000000.759372
000000004.758802	-00000004.247394	-00000000.133613
000000006.445779	-00000005.753078	-00000000.060318
000000011.823146	-00000010.645608	000000000.111072
000000012.853585	-00000011.573421	000000000.362304
000000005.172990	-00000004.698813	-00000000.146388
000000005.640325	-00000005.123310	-00000000.053197
000000012.209015	-00000011.187501	000000000.115610
000000012.324573	-00000011.293390	000000000.350157
000000013.953599	-00000012.786118	000000000.396440
000000026.123377	-00000023.937664	000000000.742199
000000004.390285	-00000004.058338	-00000000.125236
000000005.617430	-00000005.192699	-00000000.053407
000000007.313674	-00000006.760691	-00000000.069533
000000007.759473	-00000007.235826	000000000.074071
000000011.818388	-00000011.020824	000000000.112817
000000012.174368	-00000011.352782	000000000.348691
000000004.456653	-00000004.192400	-00000000.128168
000000005.309695	-00000004.994862	-00000000.050893
000000007.443770	-00000007.002400	-00000000.071348
000000011.141479	-00000010.572868	000000000.107232
000000011.458402	-00000010.873617	000000000.330890
000000004.383788	-00000004.196564	-00000000.127120
000000005.179224	-00000004.958028	-00000000.050056
000000007.209016	-00000006.901132	-00000000.069673
000000007.588850	-00000007.328467	000000000.073652
000000011.106336	-00000010.725264	000000000.107791
000000011.665133	-00000011.264887	000000000.339686
000000004.296869	-00000004.185824	-00000000.125655
000000005.049806	-00000004.919303	-00000000.049218
000000010.891069	-00000010.702624	000000000.106604
000000011.402373	-00000011.205081	000000000.334869
000000004.196275	-00000004.159814	-00000000.123770
000000005.049295	-00000005.005423	-00000000.049637
000000005.098115	-00000005.098115	000000000.050335
000000006.957761	-00000006.957761	000000000.068696
000000010.853825	-00000010.853825	000000000.107162
000000011.042585	-00000011.042585	000000000.327121
000000004.103506	-00000004.139472	-00000000.122094
000000004.428144	-00000004.466957	-00000000.043912
000000010.667580	-00000010.855408	000000000.106255
000000010.931787	-00000011.124267	000000000.326702
000000003.969557	-00000004.074864	-00000000.119162
000000004.179663	-00000004.290544	-00000000.041818
000000006.828325	-00000007.070938	000000000.068626
000000010.690532	-00000011.070370	000000000.107442
000000010.882910	-00000011.269583	000000000.328168
000000023.634039	-00000024.473764	000000000.712671
000000003.892365	-00000004.066017	-00000000.117906
000000004.231956	-00000004.420760	-00000000.042725
000000010.504035	-00000011.068943	000000000.106534
000000010.729095	-00000011.306107	000000000.326492
000000003.747129	-00000003.983315	-00000000.114555
000000003.939706	-00000004.188031	-00000000.040142
000000004.828431	-00000005.177858	000000000.049427
000000010.618456	-00000011.386899	000000000.108698
000000010.793666	-00000011.574790	000000000.331519
000000003.637574	-00000003.935106	-00000000.112251
000000003.930161	-00000004.251624	-00000000.040421
000000004.769551	-00000005.205051	000000000.049288
000000010.403835	-00000011.353794	000000000.107511
000000010.449088	-00000011.403179	000000000.323979
000000003.643429	-00000004.011102	-00000000.113508
000000003.919803	-00000004.315366	-00000000.040701
000000004.804241	-00000005.335649	000000000.050125
000000006.075558	-00000006.747591	000000000.063390
000000010.398036	-00000011.548189	000000000.108489
000000010.389319	-00000011.538507	000000000.325236
000000003.541714	-00000003.968155	-00000000.111414
000000003.842044	-00000004.304646	-00000000.040282
000000004.214161	-00000004.763242	000000000.044401
000000004.564451	-00000005.159173	000000000.144293
000000003.500358	-00000003.991394	-00000000.111204
000000003.738400	-00000004.262828	-00000000.039584
000000004.080587	-00000004.694179	000000000.043423
000000004.624202	-00000005.319536	000000000.147644
000000009.700985	-00000011.159707	000000000.309738
000000003.400132	-00000003.946048	-00000000.109110
000000003.694530	-00000004.287713	-00000000.039514
000000003.870616	-00000004.531909	000000000.041608
000000009.851887	-00000011.535077	000000000.105906
000000004.571112	-00000005.352084	000000000.147435
000000009.947362	-00000011.646864	000000000.320838
000000003.397867	-00000004.013722	-00000000.110157
000000003.592362	-00000004.243469	-00000000.038816
000000003.972331	-00000004.734039	000000000.043144
000000005.842797	-00000006.963174	000000000.063460
000000005.848084	-00000006.969476	000000000.190576
000000004.038998	-00000004.899697	000000000.044331
000000005.832695	-00000007.075625	000000000.064018
000000009.520002	-00000011.548687	000000000.313508
000000004.071604	-00000005.028012	000000000.045169
000000009.257077	-00000011.431539	000000000.102694
000000008.084993	-00000009.984136	000000000.269110
000000009.525822	-00000011.763410	000000000.317068
000000003.529572	-00000004.437280	000000000.039584
000000005.845270	-00000007.348512	000000000.065554
000000008.945317	-00000011.245805	000000000.100321
000000009.429029	-00000011.853913	000000000.317278
000000019.343512	-00000024.318127	000000000.650890
000000003.496872	-00000004.475792	000000000.039654
000000007.430853	-00000009.511058	000000000.084264
000000009.062316	-00000011.599236	000000000.102764
000000007.503267	-00000009.603745	000000000.255288
000000009.220586	-00000011.801812	000000000.313717
000000003.512468	-00000004.577537	000000000.040282
000000007.493671	-00000009.765942	000000000.085939
000000008.735514	-00000011.384343	000000000.100181
000000007.534814	-00000009.819560	000000000.259267
000000003.574694	-00000004.743779	000000000.041469
000000008.780268	-00000011.651808	000000000.101857
000000007.635357	-00000010.132462	000000000.265759
000000008.748471	-00000011.609613	000000000.304503
000000003.384459	-00000004.573834	000000000.039723
000000008.303524	-00000011.221568	000000000.097458
000000007.493124	-00000010.126375	000000000.263875
000000008.450578	-00000011.420300	000000000.297592
000000003.338539	-00000004.595104	000000000.039654
000000007.817353	-00000010.759664	000000000.092851
000000007.815829	-00000010.757566	000000000.278534
000000003.298312	-00000004.624063	000000000.039654
000000008.088995	-00000011.340353	000000000.097249
000000008.122252	-00000011.386978	000000000.292984
000000007.972518	-00000011.385936	000000000.097040
000000008.274893	-00000011.817772	000000000.302199
000000007.776568	-00000011.314977	000000000.095853
000000007.990239	-00000011.625870	000000000.295498
000000003.153771	-00000004.675658	000000000.039374
000000007.588063	-00000011.249765	000000000.094736
000000007.882891	-00000011.686867	000000000.295288
000000007.312987	-00000011.048717	000000000.092502
000000006.439692	-00000009.729313	000000000.244398
000000007.675760	-00000011.596807	000000000.291309
000000007.319770	-00000011.271458	000000000.093828
000000007.666836	-00000011.805892	000000000.294869
000000016.003429	-00000024.643122	000000000.615498
000000007.194267	-00000011.292737	000000000.093479
000000007.407737	-00000011.627817	000000000.288796
000000006.692717	-00000010.710587	000000000.088173
000000006.707306	-00000010.733934	000000000.265131
000000006.860239	-00000011.194893	000000000.091664
000000007.120094	-00000011.618937	000000000.285445
000000006.803487	-00000011.322905	000000000.092222
000000006.812459	-00000011.337836	000000000.277068
000000006.648591	-00000011.287067	000000000.091455
000000006.753854	-00000011.465770	000000000.278744
000000006.489841	-00000011.240735	000000000.090617
000000006.673536	-00000011.558904	000000000.279581
