000000004.999675	000000005.601662	-00000000.157278
000000005.599928	000000006.274189	-00000000.058712
000000005.041645	000000005.550418	-00000000.157068
000000005.782214	000000006.365721	-00000000.060039
000000005.117035	000000005.535577	-00000000.157906
000000005.817181	000000006.292990	-00000000.059829
000000005.103494	000000005.425173	-00000000.156021
000000005.858172	000000006.227420	-00000000.059690
000000005.157556	000000005.387653	-00000000.156230
000000005.891548	000000006.154391	-00000000.059480
000000005.113682	000000005.249341	-00000000.153508
000000006.035740	000000006.195860	-00000000.060388
000000005.138180	000000005.183217	-00000000.152880
000000006.110699	000000006.164259	-00000000.060597
000000005.332323	000000005.285991	-00000000.157278
000000006.086140	000000006.033259	-00000000.059829
000000005.285149	000000005.148564	-00000000.154555
000000006.131395	000000005.972941	-00000000.059760
000000005.373209	000000005.143729	-00000000.155812
000000006.313307	000000006.043677	-00000000.061016
000000005.396045	000000005.076092	-00000000.155183
000000006.402225	000000006.022612	-00000000.061365
000000005.454820	000000005.042383	-00000000.155602
000000006.359078	000000005.878271	-00000000.060458
000000005.543018	000000005.034923	-00000000.156859
000000006.158464	000000005.593956	-00000000.058084
000000005.295846	000000004.726723	-00000000.148691
000000006.632288	000000005.919544	-00000000.062063
000000005.194074	000000004.555080	-00000000.144712
000000006.074718	000000005.327384	-00000000.056409
000000005.688066	000000004.901151	-00000000.157278
000000006.666409	000000005.744146	-00000000.061435
000000005.661943	000000004.793189	-00000000.155393
000000006.472053	000000005.478998	-00000000.059201
000000005.688182	000000004.730811	-00000000.154974
000000006.634943	000000005.518224	-00000000.060248
000000004.397585	000000003.592978	-00000000.118953
000000005.760218	000000004.706295	-00000000.155812
000000006.287915	000000005.137442	-00000000.056688
000000004.381989	000000003.516918	-00000000.117696
000000005.840054	000000004.687139	-00000000.156859
000000006.433890	000000005.163743	-00000000.057595
000000005.755111	000000004.536963	-00000000.153508
000000006.847797	000000005.398368	-00000000.060877
000000005.494087	000000004.253977	-00000000.145550
000000006.760231	000000005.234330	-00000000.059690
000000005.618542	000000004.272439	-00000000.147853
000000006.765852	000000005.144874	-00000000.059341
000000005.567492	000000004.157444	-00000000.145550
000000007.219121	000000005.390773	-00000000.062901
000000005.627749	000000004.126436	-00000000.146178
000000006.709455	000000004.919576	-00000000.058084
000000005.890735	000000004.240723	-00000000.152042
000000006.533011	000000004.703095	-00000000.056199
000000008.391471	000000006.040995	-00000000.072186
000000005.649920	000000003.992969	-00000000.144922
000000006.508474	000000004.599735	-00000000.055641
000000008.599026	000000006.077190	-00000000.073513
000000005.972063	000000004.142968	-00000000.152251
000000006.449771	000000004.474366	-00000000.054803
000000005.966669	000000004.062560	-00000000.151204
000000006.538166	000000004.451678	-00000000.055222
000000009.075734	000000006.179447	-00000000.076654
000000005.952017	000000003.977010	-00000000.149948
000000006.701482	000000004.477787	-00000000.056269
000000008.888193	000000005.938901	-00000000.074630
000000006.028301	000000003.952327	-00000000.150995
000000006.581411	000000004.314962	-00000000.054943
000000009.014945	000000005.910457	-00000000.075258
000000010.181212	000000006.611757	000000000.084753
000000006.045744	000000003.888753	-00000000.150576
000000006.400151	000000004.116715	-00000000.053127
000000008.982078	000000005.777467	-00000000.074560
000000009.901175	000000006.307744	000000000.081960
000000006.096360	000000003.846517	-00000000.150995
000000006.427375	000000004.055371	-00000000.053058
000000006.385647	000000003.990195	000000000.052569
000000006.435274	000000004.021205	000000000.158953
000000006.146698	000000003.803692	-00000000.151414
000000006.385990	000000003.951770	-00000000.052429
000000006.411698	000000003.929093	000000000.052499
000000006.461595	000000003.959671	000000000.158744
000000006.128374	000000003.718789	-00000000.150157
000000006.394585	000000003.880329	-00000000.052220
000000006.488598	000000003.898743	000000000.052848
000000006.513042	000000003.913431	000000000.159162
000000006.246514	000000003.716285	-00000000.152251
000000006.574299	000000003.911297	-00000000.053407
000000009.968872	000000005.930855	-00000000.080983
000000010.718405	000000006.313623	000000000.086847
000000015.264720	000000008.991607	000000000.371100
000000006.330525	000000003.691853	-00000000.153508
000000006.634095	000000003.868890	-00000000.053616
000000009.527873	000000005.556491	-00000000.077003
000000011.188776	000000006.459843	000000000.090198
000000014.557531	000000008.404795	000000000.117355
000000015.178097	000000008.763078	000000000.367121
000000019.394714	000000011.197543	000000000.469110
000000006.414582	000000003.666236	-00000000.154764
000000006.650241	000000003.800926	-00000000.053476
000000008.985639	000000005.135716	-00000000.072256
000000010.383405	000000005.934605	-00000000.083496
000000015.210481	000000008.605676	000000000.366073
000000006.498670	000000003.639430	-00000000.156021
000000007.171742	000000004.016369	-00000000.057386
000000009.274406	000000005.193917	-00000000.074211
000000011.955760	000000006.627186	000000000.095434
000000014.238462	000000007.892509	000000000.113655
000000006.679193	000000003.664330	-00000000.159581
000000008.013087	000000004.396131	-00000000.063809
000000009.959373	000000005.463899	-00000000.079307
000000014.095883	000000007.653440	000000000.111979
000000017.168322	000000009.321638	000000000.409215
000000006.710915	000000003.605905	-00000000.159581
000000008.667754	000000004.657352	-00000000.068696
000000010.815845	000000005.750886	000000000.085520
000000014.241597	000000007.572392	000000000.112608
000000015.642400	000000008.317211	000000000.371100
000000007.051805	000000003.710134	-00000000.166911
000000007.920446	000000004.167148	-00000000.062482
000000009.867372	000000005.191475	-00000000.077841
000000014.049910	000000007.313920	000000000.110583
000000019.855816	000000010.336284	000000000.468901
000000051.036278	000000026.567804	000000001.205236
000000007.092801	000000003.653033	-00000000.167121
000000009.032194	000000004.651886	-00000000.070930
000000011.628060	000000005.988845	-00000000.091315
000000011.921377	000000006.074245	000000000.093409
000000013.926093	000000007.095699	000000000.109117
000000019.838364	000000010.108151	000000000.466388
000000050.954395	000000025.962563	000000001.197906
000000007.026203	000000003.541498	-00000000.164817
000000009.429628	000000004.752924	-00000000.073722
000000013.343146	000000006.652647	000000000.104091
000000014.703414	000000007.330852	000000000.114702
000000014.986863	000000007.472174	000000000.350786
000000006.985106	000000003.444673	-00000000.163141
000000008.609769	000000004.245868	-00000000.067020
000000013.859067	000000006.759519	000000000.107651
000000019.697245	000000009.606988	000000000.459058
000000027.703743	000000013.512018	000000000.645655
000000043.779644	000000021.352758	000000001.020315
000000007.717291	000000003.722379	-00000000.179477
000000008.322248	000000004.014176	-00000000.064507
000000010.483872	000000005.056820	-00000000.081262
000000013.385014	000000006.384324	000000000.103532
000000014.802037	000000007.060210	000000000.114493
000000019.563757	000000009.331433	000000000.454032
000000007.740438	000000003.650628	-00000000.179267
000000008.610204	000000004.060836	-00000000.066462
000000013.875235	000000006.470128	000000000.106883
000000007.599491	000000003.503413	-00000000.175288
000000009.853114	000000004.542347	-00000000.075747
000000014.013062	000000006.386120	000000000.107511
000000018.471764	000000008.418067	000000000.141720
000000018.531847	000000008.445449	000000000.426597
000000007.565966	000000003.408219	-00000000.173822
000000009.190337	000000004.139945	-00000000.070371
000000013.411693	000000006.041527	-00000000.102694
000000014.132204	000000006.292063	000000000.108000
000000007.869953	000000003.462862	-00000000.180105
000000009.967500	000000004.385805	-00000000.076026
000000013.473057	000000005.928287	-00000000.102764
000000013.691374	000000005.953178	000000000.104230
000000015.718026	000000006.834392	000000000.119659
000000044.724377	000000019.446712	000000001.021571
000000007.881500	000000003.386159	-00000000.179686
000000009.408193	000000004.042078	-00000000.071488
000000013.788826	000000005.853010	000000000.104579
000000015.326032	000000006.505515	000000000.116238
000000017.452347	000000007.408082	000000000.132365
000000020.025793	000000008.500444	000000000.455707
000000008.132029	000000003.410043	-00000000.184712
000000009.811979	000000004.114504	-00000000.074281
000000010.365676	000000004.293603	000000000.078330
000000019.327089	000000008.005543	000000000.146048
000000020.136156	000000008.340669	000000000.456545
000000008.485345	000000003.471446	-00000000.192042
000000009.699428	000000003.968141	-00000000.073164
000000010.569638	000000004.270411	000000000.079586
000000018.515409	000000007.480711	000000000.139416
000000008.654606	000000003.452838	-00000000.195183
000000010.012322	000000003.994512	-00000000.075258
000000010.429727	000000004.108378	000000000.078260
000000010.520715	000000004.144220	000000000.236859
000000009.029175	000000003.511254	-00000000.202932
000000010.046800	000000003.906987	-00000000.075258
000000010.511860	000000004.035125	000000000.078609
000000010.556479	000000004.052253	000000000.236859
000000009.246459	000000003.503170	-00000000.207121
000000010.174024	000000003.854593	-00000000.075956
000000010.518572	000000003.932733	000000000.078400
000000018.170998	000000006.793858	000000000.135436
000000019.660271	000000007.350674	000000000.146537
000000020.208952	000000007.555818	000000000.451937
000000043.901562	000000016.414122	000000000.981781
000000009.342337	000000003.446570	-00000000.208586
000000010.554396	000000003.893722	-00000000.078539
000000013.847367	000000005.108563	-00000000.103043
000000017.600014	000000006.405881	000000000.130759
000000019.629700	000000007.144627	000000000.145839
000000020.330488	000000007.399693	000000000.453194
000000009.654348	000000003.466265	-00000000.214869
000000010.597383	000000003.804850	-00000000.078609
000000013.778481	000000004.946980	-00000000.102206
000000017.909752	000000006.342176	000000000.132644
000000019.625317	000000006.949689	000000000.145350
000000009.570964	000000003.342330	-00000000.212356
000000011.026691	000000003.850693	-00000000.081541
000000018.824816	000000006.481904	000000000.138997
000000020.560518	000000007.079555	000000000.455498
000000043.994785	000000015.148619	000000000.974660
000000009.732306	000000003.303673	-00000000.215288
000000010.889431	000000003.696464	-00000000.080284
000000019.250500	000000006.441127	000000000.141720
000000043.622799	000000014.595984	000000000.963561
000000009.551878	000000003.149737	-00000000.210681
000000010.712345	000000003.532402	-00000000.078749
000000014.083694	000000004.644106	-00000000.103532
000000019.990721	000000006.495379	000000000.146746
000000024.997793	000000008.122275	000000000.550576
000000043.548836	000000014.149874	000000000.959163
000000009.893223	000000003.166846	-00000000.217592
000000011.085617	000000003.548534	-00000000.081262
000000013.790355	000000004.414327	-00000000.101089
000000017.824535	000000005.620055	000000000.130480
000000019.951273	000000006.290612	000000000.146048
000000043.460888	000000013.703165	000000000.954556
000000009.567202	000000002.970695	-00000000.209843
000000011.192561	000000003.475383	-00000000.081820
000000013.999961	000000004.280218	000000000.102206
000000014.045035	000000004.293998	000000000.307644
000000009.937411	000000002.990821	-00000000.217382
000000011.605482	000000003.492854	-00000000.084613
000000013.854608	000000004.103922	000000000.100879
000000013.986112	000000004.142875	000000000.305550
000000009.665582	000000002.817260	-00000000.210890
000000011.981130	000000003.492181	-00000000.087126
000000014.072529	000000004.035233	000000000.102206
000000014.069785	000000004.034446	000000000.306597
000000009.776401	000000002.757230	-00000000.212775
000000011.364104	000000003.205009	-00000000.247330
000000012.280630	000000003.463496	-00000000.089081
000000020.505556	000000005.686694	000000000.148561
000000024.514162	000000006.798379	000000000.177603
000000030.135750	000000008.357384	000000000.655079
000000009.703632	000000002.645514	-00000000.210681
000000012.078843	000000003.293071	-00000000.087405
000000013.966948	000000003.742432	000000000.100949
000000021.047012	000000005.639530	000000000.152122
000000030.545532	000000008.184650	000000000.662409
000000010.238770	000000002.695643	-00000000.221780
000000013.190186	000000003.472686	-00000000.095224
000000021.085743	000000005.453144	000000000.152052
000000029.053402	000000007.513721	000000000.209508
000000046.073719	000000011.915474	000000000.996859
000000009.825847	000000002.495447	-00000000.212356
000000012.997069	000000003.300835	-00000000.093619
000000014.857947	000000003.773438	-00000000.107023
000000017.542652	000000004.455266	-00000000.126361
000000021.113121	000000005.264092	000000000.151912
000000025.450235	000000006.345457	000000000.183118
000000029.486568	000000007.351827	000000000.212160
000000010.808666	000000002.644864	-00000000.233089
000000012.080845	000000002.956164	-00000000.260524
000000013.365341	000000003.270478	-00000000.096062
000000017.328320	000000004.240213	-00000000.124546
000000021.031849	000000005.049300	000000000.151005
000000029.705177	000000007.131582	000000000.213278
000000067.866257	000000016.293245	000000001.461990
000000009.751122	000000002.296084	-00000000.209843
000000013.539375	000000003.188100	-00000000.097109
000000017.393864	000000004.095711	-00000000.124755
000000019.009497	000000004.388688	000000000.136204
000000021.669462	000000005.002789	000000000.155263
000000012.120847	000000002.742667	-00000000.260314
000000014.298170	000000003.235346	-00000000.102345
000000017.506969	000000003.961423	-00000000.125314
000000021.370598	000000004.737748	000000000.152820
000000026.056705	000000005.776633	000000000.186330
000000009.828790	000000002.134039	-00000000.210681
000000014.853551	000000003.225022	-00000000.106115
000000017.042496	000000003.700289	-00000000.121753
000000020.843817	000000004.430490	000000000.148771
000000015.429380	000000003.209316	-00000000.110025
000000021.391235	000000004.352096	000000000.152401
000000025.986971	000000005.287109	000000000.185143
000000038.963058	000000007.927124	000000000.832880
000000009.864536	000000001.962178	-00000000.210681
000000015.456800	000000003.074548	-00000000.110025
000000019.056194	000000003.790513	-00000000.135646
000000020.643118	000000004.012616	000000000.146816
000000022.056625	000000004.287374	000000000.156869
000000039.864952	000000007.748961	000000000.850681
000000016.337751	000000003.101819	-00000000.116098
000000019.275208	000000003.659513	-00000000.136972
000000021.876888	000000004.054642	000000000.155333
000000022.020079	000000004.081181	000000000.469110
000000009.907116	000000001.791498	-00000000.210890
000000015.665546	000000002.832792	-00000000.111142
000000022.128090	000000003.901779	000000000.156869
000000033.039494	000000005.825754	000000000.234221
000000044.917076	000000007.920092	000000000.955393
000000017.769144	000000003.053297	-00000000.125872
000000019.690929	000000003.383521	-00000000.139486
000000022.447313	000000003.756392	000000000.158893
000000026.234558	000000004.390160	000000000.185702
000000033.197563	000000005.555367	000000000.234989
000000050.723404	000000008.488187	000000001.077278
000000009.769120	000000001.591002	-00000000.207330
000000017.726023	000000002.886866	-00000000.125383
000000020.686939	000000003.369082	-00000000.146327
000000022.271828	000000003.527511	000000000.157427
000000026.311375	000000004.167313	000000000.185981
000000026.395119	000000004.180576	000000000.559791
000000018.570862	000000002.858329	-00000000.131178
000000022.553860	000000003.471371	-00000000.159312
000000026.228062	000000003.919810	000000000.185143
000000029.986231	000000004.481472	000000000.211672
000000009.716245	000000001.408788	-00000000.205655
000000019.129496	000000002.773645	-00000000.134948
000000024.097424	000000003.493960	-00000000.169994
000000029.687513	000000004.172308	000000000.209298
000000030.147051	000000004.236892	000000000.637697
000000018.310755	000000002.491984	-00000000.129014
000000028.146433	000000003.705548	000000000.198198
000000034.898010	000000004.594410	000000000.245740
000000009.699680	000000001.233955	-00000000.204817
000000029.368725	000000003.606026	000000000.206575
000000030.599453	000000003.757140	000000000.215232
000000034.728344	000000004.264105	000000000.244274
000000034.840652	000000004.277894	000000000.735288
000000031.107977	000000003.544306	000000000.218583
000000039.284874	000000004.475946	000000000.276039
000000039.277218	000000004.475073	000000000.828063
000000009.679985	000000001.060131	-00000000.203979
000000033.713470	000000003.543429	000000000.236665
000000043.111473	000000004.531199	000000000.302638
000000036.978069	000000003.560583	000000000.259354
000000047.011417	000000004.526685	000000000.329725
000000047.071915	000000004.532510	000000000.990576
000000009.577542	000000000.880053	-00000000.201466
000000051.183239	000000004.477953	000000000.358697
000000051.133419	000000004.473595	000000001.075184
000000056.643463	000000004.457937	000000000.396675
000000059.223835	000000004.661017	000000001.244399
000000009.511681	000000000.706840	-00000000.199791
000000067.250992	000000004.702648	000000001.412147
000000009.717014	000000000.636887	-00000000.203979
000000075.163025	000000004.597167	000000001.577383
000000009.522568	000000000.540731	-00000000.199791
000000014.536229	000000000.825427	-00000000.101647
000000087.460762	000000004.583624	000000001.834556
000000009.656746	000000000.463847	-00000000.202513
000000009.650435	000000000.379167	-00000000.202304
000000014.348579	000000000.563757	-00000000.100251
000000009.655583	000000000.210686	-00000000.202304
000000009.757767	000000000.042577	-00000000.204398
000000009.836999	-00000000.128773	-00000000.206073
000000095.446335	-00000002.499350	000000002.000001
000000009.773294	-00000000.298601	-00000000.204817
000000082.591530	-00000002.884160	000000001.731101
000000060.918591	-00000002.659763	000000001.277278
000000009.966320	-00000000.478717	-00000000.209005
000000056.909401	-00000002.982495	000000001.193718
000000060.863106	-00000003.189700	000000001.276650
000000046.781437	-00000002.861275	000000000.327212
000000046.941963	-00000002.871094	000000000.985131
000000009.996354	-00000000.655196	-00000000.209843
000000015.835635	-00000001.037922	-00000000.110793
000000034.235565	-00000002.393984	000000000.239597
000000052.460613	-00000003.668404	000000000.367144
000000052.540150	-00000003.673965	000000001.103247
000000032.080017	-00000002.524752	000000000.224657
000000033.415855	-00000002.629885	000000000.234012
000000052.137310	-00000004.103295	000000001.095498
000000010.023251	-00000000.832868	-00000000.210681
000000016.094141	-00000001.337320	-00000000.112747
000000030.193926	-00000002.641626	000000000.211602
000000034.826118	-00000003.046890	000000000.244065
000000034.908966	-00000003.054139	000000000.734032
000000036.990555	-00000003.236254	000000000.777801
000000046.004139	-00000004.024841	000000000.967330
000000027.055361	-00000002.486038	-00000000.189681
000000028.308378	-00000002.725787	000000000.198547
000000034.798203	-00000003.350686	000000000.244065
000000036.778996	-00000003.541414	000000000.257958
000000036.692207	-00000003.533058	000000000.772147
000000010.056925	-00000001.012679	-00000000.211728
000000015.929058	-00000001.603972	-00000000.111770
000000025.122343	-00000002.529687	-00000000.176277
000000030.779703	-00000003.235077	000000000.216070
000000036.677074	-00000003.854916	000000000.257469
000000036.510838	-00000003.837444	000000000.769006
000000010.027829	-00000001.098226	-00000000.211309
000000020.954197	-00000002.294858	-00000000.147165
000000023.021784	-00000002.521295	-00000000.161686
000000029.558043	-00000003.367713	000000000.207692
000000036.721519	-00000004.183889	000000000.258027
000000029.592014	-00000003.371584	000000000.623875
000000036.704430	-00000004.181942	000000000.773822
000000009.998006	-00000001.183342	-00000000.210890
000000019.940329	-00000002.360093	-00000000.140184
000000029.289324	-00000003.596277	000000000.206017
000000029.412615	-00000003.611415	000000000.620733
000000040.824394	-00000005.012605	000000000.861571
000000018.827795	-00000002.395198	-00000000.132504
000000022.673792	-00000002.985061	000000000.159661
000000029.346052	-00000003.863481	000000000.206645
000000029.241209	-00000003.849678	000000000.617801
000000040.977341	-00000005.394769	000000000.865760
000000010.005551	-00000001.361696	-00000000.211518
000000017.795517	-00000002.421864	-00000000.125383
000000022.696390	-00000003.189770	000000000.160010
000000022.761271	-00000003.198888	000000000.481466
000000009.983393	-00000001.447523	-00000000.211309
000000017.684641	-00000002.564151	-00000000.124755
000000022.390774	-00000003.346323	000000000.158056
000000022.722599	-00000003.395915	000000000.481257
000000010.148247	-00000001.561965	-00000000.215079
000000016.525002	-00000002.543441	-00000000.116727
000000022.538498	-00000003.569747	000000000.159312
000000029.955856	-00000004.744542	000000000.211742
000000030.019140	-00000004.754565	000000000.636650
000000009.956610	-00000001.621537	-00000000.211309
000000016.433088	-00000002.676298	-00000000.116238
000000018.591030	-00000003.111072	000000000.131597
000000029.933039	-00000005.009073	000000000.211881
000000028.270607	-00000004.730877	000000000.600419
000000030.035669	-00000005.026248	000000000.637906
000000010.149001	-00000001.743917	-00000000.215707
000000015.689671	-00000002.695978	-00000000.111142
000000018.582870	-00000003.276661	000000000.131736
000000020.916807	-00000003.688197	000000000.148282
000000020.981649	-00000003.699631	000000000.446283
000000010.123558	-00000001.830637	-00000000.215497
000000013.301312	-00000002.405269	-00000000.283142
000000015.478582	-00000002.798984	-00000000.109815
000000020.923155	-00000003.877878	000000000.148561
000000027.963089	-00000005.182652	000000000.198547
000000020.938736	-00000003.880765	000000000.446074
000000027.672554	-00000005.128805	000000000.589529
000000010.195599	-00000001.935695	-00000000.217382
000000015.090070	-00000002.864939	-00000000.107232
000000023.352343	-00000004.539236	000000000.166084
000000027.956060	-00000005.434108	000000000.198826
000000031.676338	-00000006.157256	000000000.225285
000000020.992399	-00000004.080509	000000000.447958
000000027.734701	-00000005.391079	000000000.591833
000000010.109679	-00000002.010940	-00000000.215916
000000012.629744	-00000002.512212	-00000000.269738
000000014.868342	-00000002.957497	-00000000.105836
000000022.998272	-00000004.679051	000000000.163850
000000021.102949	-00000004.293444	000000000.451100
000000023.121151	-00000004.704051	000000000.494241
000000010.170052	-00000002.115374	-00000000.217592
000000013.588820	-00000002.826479	-00000000.096900
000000023.142408	-00000004.919071	000000000.165177
000000022.912971	-00000004.870303	000000000.490681
000000010.463850	-00000002.271924	-00000000.224293
000000012.987085	-00000002.819772	-00000000.092781
000000014.736286	-00000003.199561	-00000000.105277
000000023.313379	-00000005.168452	000000000.166712
000000022.859838	-00000005.067904	000000000.490471
000000010.141335	-00000002.294750	-00000000.217801
000000012.835192	-00000002.904307	-00000000.091873
000000023.257647	-00000005.369451	000000000.166643
000000022.727068	-00000005.246957	000000000.488587
000000010.325289	-00000002.431283	-00000000.222199
000000012.517352	-00000002.947445	-00000000.089779
000000014.726870	-00000003.467717	-00000000.105626
000000023.229351	-00000005.576874	000000000.166782
000000040.410709	-00000009.701754	000000000.290141
000000022.738743	-00000005.459089	000000000.489843
000000010.051186	-00000002.459510	-00000000.216754
000000012.160907	-00000002.975755	-00000000.087405
000000014.929164	-00000003.653143	-00000000.107302
000000015.437029	-00000003.848884	000000000.111072
000000039.868481	-00000009.940329	000000000.286860
000000015.123593	-00000003.770735	000000000.326492
000000023.194683	-00000005.783084	000000000.500733
000000010.165002	-00000002.581582	-00000000.219686
000000011.659563	-00000002.961152	-00000000.083985
000000014.945176	-00000003.795591	-00000000.107651
000000015.422216	-00000003.988456	000000000.111211
000000038.870182	-00000010.052512	000000000.280298
000000015.012677	-00000003.882542	000000000.324817
000000010.026067	-00000002.639643	-00000000.217173
000000011.062736	-00000002.912575	-00000000.079866
000000015.075879	-00000003.969148	-00000000.108838
000000015.145349	-00000004.058184	000000000.109466
000000014.968567	-00000004.010815	000000000.324608
000000009.915838	-00000002.703368	-00000000.215288
000000010.795707	-00000002.943248	-00000000.078120
000000015.040668	-00000004.100557	-00000000.108838
000000014.964816	-00000004.150111	000000000.108419
000000015.038972	-00000004.170676	000000000.326911
000000009.670554	-00000002.727378	-00000000.210471
000000010.596375	-00000002.988487	-00000000.076864
000000010.698582	-00000003.067769	000000000.077701
000000014.956868	-00000004.288813	000000000.108628
000000014.848236	-00000004.257663	000000000.323560
000000009.425622	-00000002.747318	-00000000.205655
000000010.349085	-00000003.016483	-00000000.075258
000000010.556348	-00000003.126933	000000000.076864
000000015.110631	-00000004.475973	000000000.110025
000000014.752999	-00000004.370038	000000000.322304
000000009.238537	-00000002.780484	-00000000.202094
000000010.217037	-00000003.074979	-00000000.074490
000000010.547784	-00000003.224781	000000000.077003
000000015.157062	-00000004.633979	000000000.110653
000000010.660460	-00000003.259229	000000000.233508
000000014.962887	-00000004.574614	000000000.327749
000000009.042056	-00000002.807633	-00000000.198325
000000010.103865	-00000003.137333	-00000000.073862
000000010.433409	-00000003.289641	000000000.076375
000000018.072496	-00000005.698236	000000000.132295
000000014.951002	-00000004.714033	000000000.328377
000000017.573149	-00000005.540792	000000000.385969
000000008.855338	-00000002.834616	-00000000.194765
000000010.009437	-00000003.204046	-00000000.073373
000000010.394794	-00000003.377474	000000000.076305
000000010.687531	-00000003.472589	000000000.235393
000000017.533636	-00000005.697024	000000000.386178
000000008.773295	-00000002.892999	-00000000.193508
000000009.933611	-00000003.275614	-00000000.073024
000000010.345959	-00000003.461709	000000000.076166
000000010.543046	-00000003.527654	000000000.232880
000000008.511035	-00000002.889107	-00000000.188272
000000009.895179	-00000003.358960	-00000000.072954
000000010.305901	-00000003.548606	000000000.076096
000000010.426783	-00000003.590229	000000000.230995
000000008.627082	-00000003.012712	-00000000.191414
000000009.827727	-00000003.431996	-00000000.072675
000000010.236836	-00000003.625054	000000000.075816
000000010.329085	-00000003.657721	000000000.229529
000000008.271123	-00000002.969636	-00000000.184084
000000009.844461	-00000003.534523	-00000000.073024
000000010.279986	-00000003.741609	000000000.076375
000000010.362536	-00000003.771655	000000000.230995
000000008.291793	-00000003.059004	-00000000.185131
000000009.794478	-00000003.613374	-00000000.072884
000000010.509206	-00000003.929231	000000000.078330
000000024.868040	-00000009.297779	000000000.185352
000000010.347958	-00000003.868943	000000000.231414
000000025.865213	-00000009.670607	000000000.578430
000000008.021700	-00000003.039150	-00000000.179686
000000009.725169	-00000003.684537	-00000000.072605
000000024.515224	-00000009.410513	000000000.183328
000000024.435776	-00000009.380015	000000000.548273
000000008.032146	-00000003.123531	-00000000.180524
000000009.701965	-00000003.772888	-00000000.072675
000000024.427330	-00000009.499269	-00000000.182979
000000024.106531	-00000009.495815	000000000.180884
000000024.473917	-00000009.640532	000000000.550995
000000007.837433	-00000003.126819	-00000000.176754
000000009.687248	-00000003.864820	-00000000.072815
000000013.801773	-00000005.506349	-00000000.103742
000000013.922516	-00000005.554521	-00000000.104649
000000023.920759	-00000009.664615	000000000.180117
000000023.953176	-00000009.677711	000000000.541152
000000007.698808	-00000003.149665	-00000000.174241
000000007.598503	-00000003.108629	-00000000.057316
000000009.829000	-00000004.021150	-00000000.074141
000000023.619219	-00000009.662877	-00000000.178162
000000023.364346	-00000009.677829	000000000.176556
000000023.562998	-00000009.760114	000000000.534241
000000007.514289	-00000003.151003	-00000000.170681
000000009.765870	-00000004.095170	-00000000.073932
000000014.404428	-00000006.040278	-00000000.109047
000000023.543219	-00000009.872491	-00000000.178232
000000022.781940	-00000009.670360	000000000.172786
000000023.624178	-00000010.027868	000000000.537592
000000007.422205	-00000003.188831	-00000000.169215
000000009.748137	-00000004.188130	-00000000.074071
000000023.685862	-00000010.176249	-00000000.179977
000000022.201483	-00000009.653480	000000000.169016
000000013.917919	-00000006.051683	000000000.317906
000000023.022329	-00000010.010393	000000000.525864
000000007.320886	-00000003.221267	-00000000.167539
000000013.326611	-00000005.863849	-00000000.101647
000000021.344543	-00000009.391824	-00000000.162803
000000014.031716	-00000006.247323	000000000.107232
000000021.458660	-00000009.554010	000000000.163990
000000014.102048	-00000006.278636	000000000.323351
000000022.121218	-00000009.849001	000000000.507225
000000007.283381	-00000003.280924	-00000000.167330
000000013.420811	-00000006.045634	-00000000.102764
000000010.236814	-00000004.665185	000000000.078539
000000013.676384	-00000006.232687	000000000.104928
000000008.015001	-00000003.652646	000000000.184503
000000010.198429	-00000004.647692	000000000.234765
000000013.728304	-00000006.256349	000000000.316021
000000007.345267	-00000003.386214	-00000000.169424
000000008.145846	-00000003.755286	-00000000.062622
000000010.316255	-00000004.755858	-00000000.079307
000000013.403867	-00000006.179267	-00000000.103043
000000007.948126	-00000003.706272	000000000.061226
000000010.086960	-00000004.703627	000000000.077701
000000007.973760	-00000003.718225	000000000.184293
000000010.220909	-00000004.766088	000000000.236230
000000013.646002	-00000006.363235	000000000.315393
000000007.197884	-00000003.394742	-00000000.166702
000000007.497750	-00000003.536169	-00000000.057875
000000010.093473	-00000004.760391	-00000000.077911
000000013.521275	-00000006.377047	-00000000.104370
000000007.861326	-00000003.749660	000000000.060807
000000010.063581	-00000004.800082	000000000.077841
000000007.922961	-00000003.779058	000000000.183874
000000010.088691	-00000004.812058	000000000.234136
000000007.167985	-00000003.457426	-00000000.166702
000000007.826877	-00000003.775237	-00000000.060667
000000010.249697	-00000004.943867	-00000000.079447
000000013.636239	-00000006.577341	-00000000.105696
000000007.729441	-00000003.769900	000000000.060039
000000009.967383	-00000004.861418	000000000.077422
000000007.638074	-00000003.725338	000000000.178011
000000009.911524	-00000004.834173	000000000.230995
000000006.931306	-00000003.418142	-00000000.161885
000000007.255524	-00000003.578028	-00000000.056478
000000007.570960	-00000003.774741	000000000.059061
000000007.712642	-00000003.845381	000000000.180524
000000006.901213	-00000003.478498	-00000000.161885
000000007.581206	-00000003.821243	-00000000.059271
000000010.340445	-00000005.212013	-00000000.080843
000000013.921203	-00000007.016864	-00000000.108838
000000007.733748	-00000003.940542	000000000.060597
000000009.996850	-00000005.093649	000000000.078330
000000007.616435	-00000003.880768	000000000.179058
000000009.576220	-00000004.879327	000000000.225131
000000006.870595	-00000003.538589	-00000000.161885
000000007.494232	-00000003.859783	-00000000.058852
000000010.401247	-00000005.356994	-00000000.081681
000000018.686686	-00000009.624275	-00000000.146746
000000009.765752	-00000005.083728	000000000.076864
000000007.768511	-00000004.044031	000000000.183456
000000009.488935	-00000004.939627	000000000.224084
000000006.733279	-00000003.542549	-00000000.159372
000000007.424866	-00000003.906411	-00000000.058573
000000009.681528	-00000005.093699	-00000000.076375
000000018.194902	-00000009.572801	-00000000.143535
000000009.562089	-00000005.084253	000000000.075607
000000008.350852	-00000004.440227	000000000.198115
000000007.072001	-00000003.799923	-00000000.168168
000000009.529147	-00000005.120195	-00000000.226597
000000009.566240	-00000005.140126	-00000000.075816
000000017.890455	-00000009.612888	-00000000.141789
000000009.394325	-00000005.100703	000000000.074630
000000009.392494	-00000005.099708	000000000.223874
000000006.302283	-00000003.457551	-00000000.150576
000000009.258009	-00000005.079118	-00000000.073722
000000009.594344	-00000005.318232	000000000.076584
000000009.365123	-00000005.191172	000000000.224293
000000007.248852	-00000004.059552	-00000000.174032
000000009.789166	-00000005.482197	-00000000.078330
000000009.486646	-00000005.367286	000000000.076096
000000009.354272	-00000005.292392	000000000.225131
000000005.694135	-00000003.254466	-00000000.137382
000000007.699234	-00000004.400475	-00000000.185759
000000005.452156	-00000003.116164	-00000000.043842
000000009.567318	-00000005.468173	-00000000.076933
000000017.519825	-00000010.013405	-00000000.140882
000000009.231606	-00000005.329870	000000000.074420
000000005.645247	-00000003.259285	000000000.136545
000000009.264440	-00000005.348826	000000000.224084
000000005.380515	-00000003.137824	-00000000.130471
000000006.874623	-00000004.009161	-00000000.166702
000000005.416117	-00000003.158586	-00000000.043773
000000009.743827	-00000005.682432	-00000000.078749
000000005.514292	-00000003.248166	000000000.044680
000000009.357064	-00000005.511732	000000000.075816
000000005.590747	-00000003.293201	000000000.135916
000000009.269096	-00000005.459915	000000000.225340
000000005.627878	-00000003.348235	-00000000.137173
000000005.457098	-00000003.246632	-00000000.044331
000000009.410271	-00000005.598523	-00000000.076445
000000005.494308	-00000003.301314	000000000.044750
000000009.548612	-00000005.737384	000000000.077771
000000005.681773	-00000003.413954	000000000.138848
000000009.255377	-00000005.561192	000000000.226178
000000005.837768	-00000003.542444	-00000000.143037
000000005.351618	-00000003.247442	-00000000.043703
000000009.198627	-00000005.581864	-00000000.075118
000000005.422659	-00000003.323010	000000000.044401
000000009.310604	-00000005.705545	000000000.076235
000000005.609142	-00000003.437287	000000000.137801
000000005.679107	-00000003.514338	-00000000.139895
000000008.442146	-00000005.224158	-00000000.207958
000000005.544161	-00000003.430831	-00000000.045518
000000005.537619	-00000003.460289	000000000.045588
000000009.608150	-00000006.003839	000000000.079098
000000005.358489	-00000003.348355	000000000.132356
000000005.546758	-00000003.499743	-00000000.137382
000000005.564754	-00000003.511098	-00000000.045937
000000009.421179	-00000005.944321	-00000000.077771
000000005.439742	-00000003.465498	000000000.045029
000000005.379657	-00000003.427220	000000000.133613
000000005.263750	-00000003.385758	-00000000.131100
000000005.542312	-00000003.564935	-00000000.046007
000000009.436228	-00000006.069586	-00000000.078330
000000015.155154	-00000009.748122	-00000000.125802
000000005.459612	-00000003.545514	000000000.045448
000000005.332775	-00000003.463145	000000000.133194
000000005.351058	-00000003.508307	-00000000.134031
000000008.310861	-00000005.448839	-00000000.208168
000000005.552804	-00000003.640578	-00000000.046356
000000014.810266	-00000009.710036	-00000000.123638
000000005.428464	-00000003.593022	000000000.045448
000000005.419069	-00000003.586804	000000000.136126
000000005.345177	-00000003.571533	-00000000.134660
000000008.986216	-00000006.004397	-00000000.226388
000000005.462622	-00000003.650007	-00000000.045867
000000005.355452	-00000003.612298	000000000.045099
000000005.337831	-00000003.600413	000000000.134869
000000005.115469	-00000003.482998	-00000000.129634
000000005.414031	-00000003.686283	-00000000.045727
000000005.266038	-00000003.619248	000000000.044610
000000014.941043	-00000010.268694	000000000.126570
000000005.273251	-00000003.624205	000000000.134031
000000005.142382	-00000003.567397	-00000000.131100
000000005.233763	-00000003.630791	-00000000.044471
000000005.013088	-00000003.510202	000000000.042725
000000005.061249	-00000003.543925	000000000.129424
000000005.102890	-00000003.606366	-00000000.130890
000000008.899441	-00000006.289503	-00000000.228272
000000005.267210	-00000003.722496	-00000000.045029
000000005.153225	-00000003.675760	000000000.044191
000000005.217336	-00000003.721489	000000000.134241
000000005.014427	-00000003.609871	-00000000.129424
000000005.039752	-00000003.628102	-00000000.043354
000000005.040053	-00000003.661813	000000000.043493
000000005.111866	-00000003.713988	000000000.132356
000000005.111738	-00000003.748081	-00000000.132775
000000008.393247	-00000006.154183	-00000000.218011
000000005.056284	-00000003.707421	-00000000.043773
000000014.515649	-00000010.643314	-00000000.125663
000000004.887331	-00000003.616434	000000000.042446
000000004.998893	-00000003.698986	000000000.130262
000000005.030770	-00000003.756655	-00000000.131518
000000008.419331	-00000006.287013	-00000000.220105
000000005.159949	-00000003.853117	-00000000.044959
000000004.887530	-00000003.683018	000000000.042725
000000004.846654	-00000003.652216	000000000.127120
000000004.926172	-00000003.745948	-00000000.129634
000000008.117439	-00000006.172645	-00000000.213613
000000005.165927	-00000003.928262	-00000000.045308
000000012.958597	-00000009.853947	-00000000.113655
000000004.926604	-00000003.780316	000000000.043354
000000004.806667	-00000003.688285	000000000.126911
000000004.513847	-00000003.494994	-00000000.119581
000000007.826110	-00000006.059621	-00000000.207330
000000005.471438	-00000004.236440	-00000000.048310
000000009.432697	-00000007.303575	-00000000.083286
000000012.808860	-00000009.917679	-00000000.113096
000000004.948587	-00000003.866260	000000000.043842
000000007.091924	-00000005.540818	000000000.062831
000000013.104299	-00000010.238200	000000000.116098
000000004.987014	-00000003.896282	000000000.132566
000000004.828640	-00000003.806593	-00000000.128796
000000007.293994	-00000005.750122	-00000000.194555
000000008.495265	-00000006.697127	-00000000.226597
000000005.057318	-00000003.986868	-00000000.044959
000000012.666853	-00000009.985742	-00000000.112608
000000004.977267	-00000003.959097	000000000.044401
000000005.093662	-00000004.051682	000000000.136335
000000006.744603	-00000005.364899	000000000.180524
000000004.350801	-00000003.491887	-00000000.116859
000000007.516438	-00000006.032579	-00000000.201885
000000005.248495	-00000004.212362	-00000000.046984
000000007.338534	-00000005.889796	-00000000.065694
000000012.485646	-00000010.020791	-00000000.111770
000000005.020241	-00000004.065310	000000000.045099
000000007.250595	-00000005.871416	000000000.065135
000000004.848327	-00000003.926098	000000000.130681
000000004.459524	-00000003.643584	-00000000.120628
000000007.200272	-00000005.882869	-00000000.194765
000000005.188304	-00000004.239022	-00000000.046774
000000012.630035	-00000010.319172	-00000000.113864
000000005.015438	-00000004.134408	000000000.045378
000000004.929600	-00000004.063648	000000000.133822
000000006.534227	-00000005.386401	000000000.177382
000000004.673533	-00000003.886936	-00000000.127330
000000007.210155	-00000005.996623	-00000000.196440
000000012.775350	-00000010.625146	-00000000.348063
000000005.289503	-00000004.399233	-00000000.048031
000000007.142366	-00000005.940244	-00000000.064856
000000012.477999	-00000010.377842	-00000000.113306
000000005.109392	-00000004.287289	000000000.046565
000000006.495898	-00000005.450706	000000000.059201
000000005.070102	-00000004.254321	000000000.138639
000000006.387410	-00000005.359673	000000000.174660
000000004.799679	-00000004.063229	-00000000.131728
000000006.806540	-00000005.762162	-00000000.186806
000000006.937614	-00000005.873124	-00000000.063460
000000005.239069	-00000004.474588	000000000.048101
000000006.653390	-00000005.682532	000000000.061086
000000004.979567	-00000004.252952	000000000.137173
000000006.530455	-00000005.577535	000000000.179895
000000004.249008	-00000003.661179	-00000000.117487
000000006.695406	-00000005.769131	-00000000.185131
000000008.195055	-00000007.061311	-00000000.226597
000000006.764891	-00000005.829003	-00000000.062343
000000005.177182	-00000004.500455	000000000.047891
000000006.550720	-00000005.694454	000000000.060597
000000005.017718	-00000004.361836	000000000.139267
000000006.421170	-00000005.581838	000000000.178220
000000004.540116	-00000003.981575	-00000000.126492
000000006.577156	-00000005.768011	-00000000.183246
000000006.721284	-00000005.894408	-00000000.062412
000000011.788561	-00000010.338290	-00000000.109466
000000006.470820	-00000005.724898	000000000.060318
000000005.368835	-00000004.749944	000000000.150157
000000005.400270	-00000004.819926	-00000000.151623
000000006.609907	-00000005.899568	-00000000.061854
000000006.361165	-00000005.727619	000000000.059760
000000006.315346	-00000005.686363	000000000.178011
000000004.070307	-00000003.697206	-00000000.115183
000000005.291399	-00000004.806368	-00000000.149738
000000006.482889	-00000005.888642	-00000000.183456
000000006.373123	-00000005.788937	-00000000.060109
000000006.185606	-00000005.668064	000000000.058573
000000006.287596	-00000005.761520	000000000.178639
000000004.001180	-00000003.698653	-00000000.114136
000000005.271279	-00000004.872720	-00000000.150367
000000006.592770	-00000006.094294	-00000000.188063
000000006.359078	-00000005.878271	-00000000.060458
000000006.238295	-00000005.817304	000000000.059550
000000006.200519	-00000005.782077	000000000.177592
000000003.888648	-00000003.658075	-00000000.111833
000000006.415541	-00000006.035139	-00000000.184503
000000008.017606	-00000007.542211	-00000000.230576
000000006.394941	-00000006.015760	-00000000.061295
000000006.209054	-00000005.892172	000000000.059760
000000006.207843	-00000005.891023	000000000.179267
000000003.827689	-00000003.664216	-00000000.110995
000000006.153192	-00000005.890399	-00000000.178429
000000006.320530	-00000006.050592	-00000000.061086
000000006.250910	-00000006.036434	000000000.060667
000000006.220924	-00000006.007477	000000000.181152
000000005.764966	-00000005.615982	-00000000.168586
000000006.360606	-00000006.196229	-00000000.061994
000000011.424737	-00000011.129486	-00000000.111351
000000006.290715	-00000006.181869	000000000.061575
000000024.478159	-00000024.054619	000000000.239597
000000006.132609	-00000006.026498	000000000.180105
000000003.976166	-00000003.941618	-00000000.117278
000000005.751240	-00000005.701269	-00000000.169634
000000011.367575	-00000011.268804	-00000000.335288
000000009.949455	-00000009.863006	-00000000.097807
000000011.206452	-00000011.109081	-00000000.110164
000000023.868750	-00000023.661358	-00000000.234640
000000006.165821	-00000006.165821	000000000.060877
000000006.051507	-00000006.051507	000000000.179267
000000005.138180	-00000005.183217	-00000000.152880
000000006.496631	-00000006.553573	-00000000.193299
000000023.506479	-00000023.712511	-00000000.233104
000000006.104771	-00000006.212260	000000000.060807
000000010.148918	-00000010.327615	000000000.101089
000000023.858370	-00000024.278454	000000000.237642
000000006.124603	-00000006.232441	000000000.183037
000000003.774218	-00000003.874343	-00000000.113298
000000005.315997	-00000005.457024	-00000000.159581
000000010.159582	-00000010.429103	-00000000.101647
000000023.263767	-00000023.880924	-00000000.232755
000000023.791470	-00000024.636787	000000000.239108
000000006.257499	-00000006.479830	000000000.188691
000000024.661907	-00000025.538153	000000000.743665
000000003.608906	-00000003.769913	-00000000.109319
000000005.067679	-00000005.293766	-00000000.153508
000000006.374352	-00000006.658735	-00000000.193089
000000022.833204	-00000023.851877	-00000000.230521
000000023.355301	-00000024.611353	000000000.236874
000000024.410583	-00000025.723387	000000000.742828
000000003.719728	-00000003.954187	-00000000.113717
000000004.911685	-00000005.221274	-00000000.150157
000000006.172145	-00000006.561183	-00000000.188691
000000009.770472	-00000010.386317	-00000000.099553
000000022.398085	-00000023.809866	-00000000.228217
000000009.868276	-00000010.582431	000000000.101019
000000022.866846	-00000024.521690	000000000.234082
000000023.789703	-00000025.511333	000000000.730681
000000007.370159	-00000007.972993	-00000000.227435
000000010.396947	-00000011.247354	-00000000.320838
000000022.033335	-00000023.835527	-00000000.226612
000000010.370057	-00000011.316932	000000000.107162
000000022.570919	-00000024.631836	000000000.233244
000000023.741789	-00000025.909616	000000000.736126
000000005.955863	-00000006.556894	-00000000.185550
000000009.538793	-00000010.501391	-00000000.297173
000000009.769252	-00000010.755107	-00000000.101438
000000009.728922	-00000010.805062	000000000.101508
000000022.087461	-00000024.530611	000000000.230451
000000022.370819	-00000024.845312	000000000.700315
000000023.755615	-00000026.383284	000000000.743665
000000003.222161	-00000003.610126	-00000000.101361
000000006.038222	-00000006.765256	-00000000.189948
000000003.249424	-00000003.640671	-00000000.034069
000000009.528535	-00000010.675821	-00000000.099902
000000009.468610	-00000010.702316	000000000.099762
000000021.508121	-00000024.310509	000000000.226612
000000021.861666	-00000024.710117	000000000.691100
000000003.361926	-00000003.833542	-00000000.106806
000000004.891273	-00000005.577428	-00000000.155393
000000005.820746	-00000006.637290	-00000000.184922
000000009.599841	-00000010.946521	-00000000.101647
000000009.453580	-00000010.875100	000000000.100600
000000009.451737	-00000010.872980	000000000.301780
000000021.802620	-00000025.081045	000000000.696126
000000020.387743	-00000023.661140	-00000000.654241
000000009.386456	-00000010.893519	-00000000.100391
000000020.723383	-00000024.263964	000000000.222772
000000009.350000	-00000010.947444	000000000.301571
000000021.550453	-00000025.232338	000000000.695079
000000005.710484	-00000006.745495	-00000000.185131
000000020.038370	-00000023.670279	-00000000.649634
000000020.197344	-00000023.858067	-00000000.218234
000000020.523708	-00000024.459204	000000000.222912
000000020.564692	-00000024.508045	000000000.670157
000000020.156828	-00000024.452188	000000000.221236
000000020.680727	-00000025.087729	000000000.681047
000000004.379963	-00000005.408804	000000000.048590
000000019.867161	-00000024.533899	000000000.220398
000000004.221814	-00000005.213506	000000000.140524
000000021.140526	-00000026.106377	000000000.703665
000000004.164522	-00000005.235521	000000000.046705
000000004.045458	-00000005.085837	000000000.136126
000000004.081736	-00000005.224384	000000000.046286
000000004.056319	-00000005.191852	000000000.138011
000000003.962940	-00000005.164605	000000000.045448
000000004.071721	-00000005.306370	000000000.140105
000000004.032062	-00000005.350728	000000000.046774
000000003.916957	-00000005.197977	000000000.136335
000000004.104177	-00000005.546477	000000000.048171
000000004.008226	-00000005.416807	000000000.141152
000000004.002720	-00000005.509272	000000000.047542
000000003.813890	-00000005.249369	000000000.135916
000000004.128697	-00000005.788220	000000000.049637
000000003.773741	-00000005.290590	000000000.136126
000000003.705214	-00000005.291593	000000000.045099
000000003.624208	-00000005.175906	000000000.132356
000000003.726862	-00000005.422618	000000000.045937
000000003.578902	-00000005.207335	000000000.132356
000000003.763277	-00000005.579287	000000000.046984
000000003.538915	-00000005.246657	000000000.132566
000000003.604061	-00000005.445142	000000000.045588
000000003.404704	-00000005.143947	000000000.129215
000000003.698009	-00000005.694434	000000000.047403
000000003.457699	-00000005.324390	000000000.132984
000000003.438634	-00000005.397574	000000000.044680
000000003.276809	-00000005.143559	000000000.127749
000000003.375503	-00000005.401935	000000000.044471
000000003.305971	-00000005.290659	000000000.130681
000000003.422282	-00000005.584657	000000000.045727
000000003.264900	-00000005.327832	000000000.130890
000000003.460971	-00000005.760024	000000000.046914
000000003.264625	-00000005.433249	000000000.132775
000000002.380297	-00000004.040942	000000000.032742
000000003.471478	-00000005.893400	000000000.047752
000000003.308424	-00000005.616590	000000000.136545
000000002.589937	-00000004.485902	000000000.036163
000000003.204297	-00000005.550005	000000000.134241
