000000003.590091	000000004.166506	-00000000.038397
000000003.639500	000000004.150054	-00000000.038537
000000003.521741	000000003.945778	-00000000.110785
000000003.722188	000000004.170359	-00000000.039025
000000003.549318	000000003.907495	-00000000.110576
000000003.778609	000000004.159925	-00000000.039235
000000003.651147	000000003.949789	-00000000.112670
000000003.855494	000000004.170850	-00000000.039654
000000006.204088	000000006.711545	-00000000.063809
000000003.740279	000000003.976033	-00000000.114346
000000003.960261	000000004.209882	-00000000.040352
000000005.899282	000000006.271121	-00000000.060109
000000003.774833	000000003.943242	-00000000.114346
000000004.010678	000000004.189609	-00000000.040491
000000005.856973	000000006.118274	-00000000.059131
000000003.809100	000000003.910151	-00000000.114346
000000004.040108	000000004.147287	-00000000.040421
000000006.133429	000000006.296141	-00000000.061365
000000003.864193	000000003.898062	-00000000.114974
000000004.083186	000000004.118975	-00000000.040491
000000006.181098	000000006.235275	-00000000.061295
000000003.940665	000000003.906425	-00000000.116230
000000004.346229	000000004.308465	-00000000.042725
000000006.206869	000000006.152938	-00000000.061016
000000004.053380	000000003.948628	-00000000.118534
000000004.226079	000000004.116863	-00000000.041189
000000006.274652	000000006.112495	-00000000.061156
000000004.087683	000000003.913105	-00000000.118534
000000006.298861	000000006.029847	-00000000.060877
000000004.296446	000000004.041693	-00000000.123560
000000004.523074	000000004.254883	-00000000.043354
000000006.343956	000000005.967798	-00000000.060807
000000007.735111	000000007.276466	-00000000.074141
000000004.404969	000000004.071911	-00000000.125655
000000005.771635	000000005.335244	-00000000.054873
000000004.469937	000000004.060205	-00000000.126492
000000005.862385	000000005.325016	-00000000.055292
000000007.823915	000000007.106744	-00000000.073792
000000004.691672	000000004.187477	-00000000.131728
000000005.968314	000000005.326923	-00000000.055850
000000007.788649	000000006.951635	-00000000.072884
000000004.555150	000000003.994759	-00000000.126911
000000006.134863	000000005.380131	-00000000.056967
000000004.680725	000000004.033170	-00000000.129424
000000006.363390	000000005.483048	-00000000.058643
000000007.908785	000000006.814645	-00000000.072884
000000004.929400	000000004.173046	-00000000.135288
000000006.410996	000000005.427309	-00000000.058643
000000005.134737	000000004.270515	-00000000.139895
000000006.419673	000000005.339186	-00000000.058294
000000008.118773	000000006.752312	-00000000.073722
000000005.156324	000000004.212893	-00000000.139477
000000006.442790	000000005.263980	-00000000.058084
000000005.239674	000000004.205283	-00000000.140733
000000006.426091	000000005.157484	-00000000.057526
000000008.172990	000000006.559518	-00000000.073164
000000005.229064	000000004.122262	-00000000.139477
000000006.470854	000000005.101210	-00000000.057526
000000008.355569	000000006.586999	-00000000.074281
000000005.383415	000000004.168285	-00000000.142618
000000006.530937	000000005.056792	-00000000.057665
000000005.403668	000000004.109045	-00000000.142199
000000006.574817	000000004.999607	-00000000.057665
000000005.503407	000000004.109589	-00000000.143874
000000006.602170	000000004.930074	-00000000.057526
000000005.659999	000000004.150084	-00000000.147016
000000006.628813	000000004.860447	-00000000.057386
000000005.736570	000000004.129739	-00000000.148063
000000006.630398	000000004.773203	-00000000.057037
000000005.731566	000000004.050671	-00000000.147016
000000006.671799	000000004.715161	-00000000.057037
000000005.840629	000000004.051788	-00000000.148901
000000006.688044	000000004.639661	-00000000.056827
000000005.892292	000000004.011919	-00000000.149319
000000006.703479	000000004.564237	-00000000.056618
000000007.204161	000000004.859268	000000000.060667
000000006.060084	000000004.049219	-00000000.152670
000000006.767998	000000004.522232	-00000000.056827
000000007.137889	000000004.724466	000000000.059760
000000007.303238	000000004.833908	000000000.183456
000000006.053384	000000003.968772	-00000000.151623
000000006.849016	000000004.490412	-00000000.057177
000000007.162072	000000004.651104	000000000.059620
000000007.244525	000000004.704649	000000000.180943
000000006.222324	000000004.002333	-00000000.154974
000000006.879532	000000004.425064	-00000000.057107
000000007.202387	000000004.588427	000000000.059620
000000007.276872	000000004.635879	000000000.180733
000000006.257013	000000003.947881	-00000000.154974
000000007.002456	000000004.418221	-00000000.057805
000000007.309996	000000004.567793	000000000.060178
000000007.350965	000000004.593392	000000000.181571
000000006.435755	000000003.982566	-00000000.158534
000000007.066255	000000004.372731	-00000000.058014
000000007.349579	000000004.503828	000000000.060178
000000007.416342	000000004.544741	000000000.182199
000000006.495905	000000003.941812	-00000000.159162
000000007.146889	000000004.336839	-00000000.058363
000000007.422888	000000004.460121	000000000.060458
000000007.575697	000000004.551938	000000000.185131
000000006.615978	000000003.936093	-00000000.161257
000000007.158681	000000004.258967	-00000000.058154
000000007.418446	000000004.369799	000000000.060109
000000010.664630	000000006.281947	000000000.259267
000000006.745076	000000003.933612	-00000000.163560
000000007.281956	000000004.246711	-00000000.058852
000000007.534237	000000004.349894	000000000.060737
000000008.034953	000000004.638982	000000000.194346
000000010.926844	000000006.308616	000000000.264293
000000006.839906	000000003.909328	-00000000.165026
000000007.336101	000000004.192927	-00000000.058992
000000007.632834	000000004.318449	000000000.061226
000000010.763939	000000006.089943	000000000.259058
000000006.987161	000000003.912998	-00000000.167749
000000007.416035	000000004.153179	-00000000.059341
000000007.880132	000000004.368028	000000000.062901
000000010.923734	000000006.055124	000000000.087196
000000010.886627	000000006.034556	000000000.260733
000000007.091164	000000003.890346	-00000000.169424
000000007.513365	000000004.121973	-00000000.059829
000000007.909161	000000004.294324	000000000.062831
000000010.974018	000000005.958406	000000000.261571
000000007.239334	000000003.889834	-00000000.172147
000000007.628328	000000004.098848	-00000000.060458
000000008.290676	000000004.408231	000000000.065554
000000012.855404	000000006.835340	000000000.101647
000000012.958828	000000006.890331	000000000.307435
000000007.343787	000000003.863753	-00000000.173822
000000007.734603	000000004.069372	-00000000.061016
000000012.787891	000000006.656955	000000000.301990
000000007.519435	000000003.872764	-00000000.177173
000000007.867610	000000004.052085	-00000000.061784
000000010.593810	000000005.397816	000000000.083007
000000015.636783	000000007.967339	000000000.122521
000000013.317626	000000006.785669	000000000.313089
000000007.695790	000000003.878998	-00000000.180524
000000008.188417	000000004.127302	-00000000.064018
000000009.235497	000000004.604649	000000000.072047
000000013.224229	000000006.593357	000000000.309529
000000007.845915	000000003.869177	-00000000.183246
000000008.313808	000000004.099916	-00000000.064716
000000010.416769	000000005.080598	000000000.080913
000000013.086123	000000006.382528	000000000.101647
000000013.128501	000000006.403198	000000000.305969
000000008.050476	000000003.883089	-00000000.187225
000000008.691525	000000004.192295	-00000000.067369
000000009.928196	000000004.735507	000000000.076794
000000013.141322	000000006.268089	000000000.101647
000000013.039496	000000006.219521	000000000.302618
000000008.282992	000000003.906513	-00000000.191833
000000008.745868	000000004.124819	-00000000.067509
000000010.576354	000000004.931835	000000000.081471
000000012.978011	000000006.051746	000000000.099972
000000013.247313	000000006.177324	000000000.306178
000000008.398482	000000003.871753	-00000000.193717
000000009.053967	000000004.173936	-00000000.069603
000000012.857440	000000005.859473	000000000.098645
000000013.291618	000000006.057339	000000000.305969
000000008.678071	000000003.909186	-00000000.199372
000000009.181220	000000004.135838	-00000000.070301
000000012.624890	000000005.620963	000000000.096481
000000015.584705	000000006.938758	000000000.119100
000000013.572308	000000006.042781	000000000.311204
000000016.056606	000000007.148862	000000000.368168
000000008.904027	000000003.917866	-00000000.203770
000000009.482395	000000004.172354	-00000000.072326
000000012.957744	000000005.634187	000000000.098645
000000016.094011	000000006.997875	000000000.122521
000000013.477826	000000005.860326	000000000.307854
000000015.751637	000000006.849007	000000000.359791
000000009.103224	000000003.911054	-00000000.207539
000000009.619510	000000004.132867	-00000000.073094
000000011.183861	000000004.747267	000000000.084822
000000013.291766	000000005.642020	000000000.100809
000000013.703312	000000005.816710	000000000.311833
000000016.326174	000000006.930050	000000000.371519
000000009.395166	000000003.939720	-00000000.213403
000000009.904197	000000004.153174	-00000000.074979
000000016.075111	000000006.658529	000000000.121474
000000016.201294	000000006.710796	000000000.367330
000000009.605003	000000003.929511	-00000000.217382
000000010.060380	000000004.115810	-00000000.075886
000000011.218652	000000004.532629	000000000.084473
000000012.933899	000000005.225635	000000000.097389
000000016.592951	000000006.703987	000000000.374869
000000009.908224	000000003.952981	-00000000.223456
000000010.374550	000000004.139026	-00000000.077981
000000011.639240	000000004.584819	000000000.087336
000000016.337734	000000006.435605	000000000.122591
000000017.357784	000000006.837413	000000000.390786
000000009.960979	000000003.873613	-00000000.223874
000000010.615312	000000004.128069	-00000000.079517
000000011.071994	000000004.250140	000000000.082798
000000013.032465	000000005.002695	000000000.097458
000000016.150547	000000006.199614	000000000.120776
000000016.063395	000000006.166160	000000000.360419
000000010.349676	000000003.921142	-00000000.231833
000000010.828602	000000004.102590	-00000000.080843
000000016.269600	000000006.082954	000000000.121264
000000016.238335	000000006.071264	000000000.363142
000000009.961407	000000003.674957	-00000000.222409
000000011.154823	000000004.115232	-00000000.083007
000000012.084152	000000004.398272	000000000.089779
000000016.228096	000000005.906544	000000000.120566
000000019.597689	000000007.132976	000000000.436859
000000021.401505	000000007.789510	000000000.477068
000000010.378895	000000003.726404	-00000000.230995
000000011.453833	000000004.112346	-00000000.084962
000000013.583133	000000004.810040	000000000.100600
000000018.069998	000000006.398921	000000000.133831
000000019.640341	000000006.955009	000000000.436440
000000009.854127	000000003.441215	-00000000.218639
000000011.904672	000000004.157298	-00000000.088034
000000013.265302	000000004.567610	000000000.097947
000000016.120699	000000005.550801	000000000.119030
000000011.161858	000000003.788940	-00000000.246911
000000012.215100	000000004.146468	-00000000.090058
000000013.674494	000000004.575422	000000000.100670
000000016.203297	000000005.421547	000000000.357906
000000009.969654	000000003.287499	-00000000.219895
000000012.611697	000000004.158714	-00000000.092711
000000013.923128	000000004.523899	000000000.102206
000000016.243649	000000005.277882	000000000.119240
000000016.088346	000000005.227421	000000000.354346
000000010.835887	000000003.468595	-00000000.238325
000000012.492692	000000003.998942	-00000000.274765
000000013.085599	000000004.188733	-00000000.095923
000000013.771337	000000004.342086	000000000.100809
000000016.308163	000000005.141944	000000000.119380
000000016.152422	000000005.092839	000000000.354765
000000009.996866	000000003.104110	-00000000.219267
000000013.522753	000000004.198926	-00000000.098855
000000016.601048	000000005.075449	000000000.121195
000000016.339664	000000004.995537	000000000.357906
000000013.865295	000000004.172980	-00000000.101089
000000016.577591	000000004.910506	000000000.120706
000000017.344627	000000005.137712	000000000.126291
000000017.408348	000000005.156588	000000000.380314
000000009.895944	000000002.884404	-00000000.215916
000000015.187618	000000004.426787	-00000000.110444
000000017.126873	000000004.992028	-00000000.124546
000000017.350349	000000004.975133	000000000.126012
000000017.404633	000000004.990698	000000000.379267
000000017.314148	000000004.883095	-00000000.125593
000000017.373835	000000004.818191	000000000.125872
000000017.476421	000000004.846641	000000000.379895
000000025.318655	000000007.021484	000000000.550367
000000010.012296	000000002.729665	-00000000.217382
000000015.793184	000000004.305716	-00000000.114283
000000018.349808	000000005.002732	-00000000.132784
000000018.342484	000000004.914854	000000000.132574
000000025.519138	000000006.837832	000000000.184445
000000018.329250	000000004.911308	000000000.397487
000000016.671465	000000004.389231	-00000000.120357
000000026.168394	000000006.767607	000000000.188703
000000030.699213	000000007.939356	000000000.221376
000000030.596436	000000007.912776	000000000.661990
000000050.371353	000000013.026918	000000001.089844
000000010.058411	000000002.554511	-00000000.217382
000000015.991920	000000004.061430	-00000000.115191
000000030.592680	000000007.627612	000000000.220119
000000030.615816	000000007.633380	000000000.660943
000000049.949570	000000012.453827	000000001.078325
000000030.677523	000000007.365022	000000000.220259
000000009.906828	000000002.332748	-00000000.213194
000000016.021431	000000003.772546	-00000000.114912
000000034.248276	000000007.906837	000000000.245391
000000050.188538	000000011.586937	000000001.078954
000000034.784580	000000007.711556	000000000.248742
000000050.482956	000000011.191802	000000001.083142
000000009.867870	000000002.142524	-00000000.211518
000000034.107174	000000007.249704	000000000.243437
000000034.159203	000000007.260763	000000000.731519
000000034.061352	000000006.929860	000000000.242669
000000037.160393	000000007.560367	000000000.794346
000000009.825314	000000001.954376	-00000000.209843
000000034.797836	000000006.764014	000000000.247486
000000034.845703	000000006.458270	000000000.247416
000000034.691456	000000006.429681	000000000.739058
000000009.739866	000000001.761255	-00000000.207330
000000037.884632	000000006.680083	000000000.268569
000000039.154999	000000006.904083	000000000.277575
000000039.795654	000000006.659508	000000000.281694
000000050.575497	000000008.463435	000000001.074137
000000009.769120	000000001.591002	-00000000.207330
000000042.143631	000000006.674896	000000000.297890
000000050.696800	000000008.029584	000000001.075184
000000043.070591	000000006.436943	000000000.304034
000000047.718853	000000007.131630	000000000.336846
000000051.120907	000000007.640071	000000001.082723
000000009.676667	000000001.403050	-00000000.204817
000000057.353649	000000008.060530	000000001.213194
000000050.314602	000000006.624043	000000000.354299
000000009.669927	000000001.230170	-00000000.204189
000000050.033031	000000006.143284	000000000.351925
000000053.020523	000000006.510101	000000000.372939
000000053.020111	000000006.510051	000000001.118953
000000009.600478	000000001.051423	-00000000.202304
000000067.632538	000000007.108466	000000001.424503
000000079.942642	000000007.697601	000000001.682305
000000009.617366	000000000.883712	-00000000.202304
000000009.664565	000000000.803063	-00000000.203141
000000009.631324	000000000.715731	-00000000.202304
000000014.699109	000000001.092332	-00000000.102904
000000009.956448	000000000.652580	-00000000.209005
000000009.532550	000000000.541297	-00000000.200000
000000014.556196	000000000.826561	-00000000.101787
000000009.976307	000000000.479196	-00000000.209215
000000009.540545	000000000.374849	-00000000.200000
000000014.738269	000000000.579068	-00000000.102974
000000009.903205	000000000.302570	-00000000.207539
000000009.545633	000000000.208286	-00000000.200000
000000014.686146	000000000.320453	-00000000.102555
000000035.136940	000000000.613318	000000000.736126
000000009.996950	000000000.130867	-00000000.209424
000000035.067810	000000000.306032	000000000.244833
000000035.140953	000000000.306670	000000000.736126
000000009.507824	000000000.041486	-00000000.199162
000000014.739500	000000000.064314	-00000000.102904
000000043.378944	000000000.000000	000000000.302847
000000043.610432	000000000.000000	000000000.913508
000000009.957721	-00000000.043449	-00000000.208586
000000035.137806	-00000000.306643	000000000.245321
000000043.357292	-00000000.378373	000000000.302707
000000035.150951	-00000000.306758	000000000.736335
000000009.547088	-00000000.124978	-00000000.200000
000000014.638390	-00000000.191627	-00000000.102206
000000043.602295	-00000000.761081	000000000.304453
000000043.803719	-00000000.764597	000000000.917697
000000009.925460	-00000000.216574	-00000000.207958
000000009.553446	-00000000.291884	-00000000.200210
000000014.662801	-00000000.447989	-00000000.102415
000000055.574772	-00000001.940714	000000000.388228
000000055.723804	-00000001.945918	000000001.167959
000000009.870218	-00000000.387802	-00000000.206911
000000064.124825	-00000002.799750	000000001.344503
000000009.526924	-00000000.457611	-00000000.199791
000000014.772608	-00000000.709579	-00000000.103253
000000041.601891	-00000002.180263	000000000.290839
000000042.162876	-00000002.209663	000000000.884398
000000009.851965	-00000000.559435	-00000000.206702
000000032.957607	-00000002.015774	000000000.230521
000000061.711121	-00000003.774414	000000001.295079
000000009.517487	-00000000.623809	-00000000.199791
000000014.767952	-00000000.967943	-00000000.103323
000000032.340237	-00000002.261450	000000000.226332
000000060.470860	-00000004.228534	000000000.423204
000000060.339390	-00000004.219341	000000001.267016
000000009.860641	-00000000.732772	-00000000.207121
000000031.481882	-00000002.477678	000000000.220468
000000059.144100	-00000004.654742	000000001.242723
000000009.505150	-00000000.789817	-00000000.199791
000000014.728879	-00000001.223875	-00000000.103183
000000031.219980	-00000002.731395	000000000.218793
000000031.642164	-00000002.768331	000000000.665341
000000009.955865	-00000000.914815	-00000000.209424
000000030.279215	-00000002.915557	000000000.212370
000000031.463707	-00000003.029610	000000000.220678
000000031.557091	-00000003.038602	000000000.664084
000000009.499866	-00000000.956586	-00000000.200000
000000014.635631	-00000001.473730	-00000000.102694
000000027.965275	-00000002.939269	000000000.196313
000000031.296841	-00000003.289431	000000000.219700
000000053.075935	-00000005.578506	000000001.117906
000000009.948322	-00000001.089518	-00000000.209634
000000022.524767	-00000002.466863	-00000000.158195
000000027.153658	-00000003.093768	000000000.190798
000000027.227831	-00000003.102220	000000000.574032
000000009.481724	-00000001.122236	-00000000.200000
000000014.895664	-00000001.763018	-00000000.104719
000000030.162743	-00000003.703519	000000000.212160
000000043.343433	-00000005.321904	000000000.304872
000000009.858366	-00000001.254143	-00000000.208168
000000020.137209	-00000002.561777	-00000000.141720
000000030.178846	-00000003.973120	000000000.212510
000000043.414314	-00000005.715603	000000000.305709
000000065.044350	-00000008.563251	000000001.374242
000000009.450788	-00000001.286196	-00000000.199791
000000014.733817	-00000002.005184	-00000000.103811
000000019.222330	-00000002.616044	-00000000.135436
000000029.261707	-00000004.112465	000000000.206296
000000041.154541	-00000005.783893	000000000.290141
000000064.759232	-00000009.101316	000000001.369844
000000009.864660	-00000001.430308	-00000000.208796
000000018.515924	-00000002.684681	-00000000.130619
000000009.446664	-00000001.453981	-00000000.200210
000000014.627394	-00000002.251371	-00000000.103323
000000019.361530	-00000002.980025	-00000000.136763
000000019.565628	-00000003.098891	000000000.138299
000000009.788857	-00000001.594217	-00000000.207749
000000016.857487	-00000002.745416	-00000000.119240
000000019.537842	-00000003.269513	000000000.138299
000000019.593197	-00000003.278777	000000000.416126
000000009.528237	-00000001.637251	-00000000.202513
000000014.585875	-00000002.506312	-00000000.103323
000000019.498718	-00000003.438150	000000000.138229
000000019.573683	-00000003.451369	000000000.416335
000000009.710351	-00000001.755918	-00000000.206702
000000015.488423	-00000002.800763	-00000000.109885
000000016.934927	-00000003.062334	-00000000.120147
000000019.349985	-00000003.586308	000000000.137391
000000048.856743	-00000009.055062	000000000.346899
000000009.370522	-00000001.779049	-00000000.199791
000000014.382724	-00000002.730645	-00000000.102206
000000015.754731	-00000003.062410	000000000.112049
000000019.543720	-00000003.798914	000000000.138997
000000048.167271	-00000009.362769	000000000.342570
000000048.501373	-00000009.427712	000000001.034974
000000009.697840	-00000001.929020	-00000000.207121
000000015.486222	-00000003.080401	-00000000.110234
000000019.343243	-00000003.935427	000000000.137810
000000045.389008	-00000009.234498	000000000.323372
000000048.113548	-00000009.788812	000000001.028482
000000009.455505	-00000001.966748	-00000000.202304
000000014.332877	-00000002.981243	-00000000.102206
000000019.132101	-00000004.066653	000000000.136553
000000021.743690	-00000004.621764	000000000.155193
000000042.636414	-00000009.062650	000000000.304313
000000034.403687	-00000007.312729	000000000.736754
000000009.740857	-00000002.114948	-00000000.208796
000000014.120646	-00000003.065893	-00000000.100879
000000016.065289	-00000003.488116	-00000000.114772
000000017.377645	-00000003.852531	000000000.124266
000000040.642212	-00000009.010161	000000000.290630
000000034.455688	-00000007.638643	000000000.739267
000000045.319481	-00000010.047088	000000000.972357
000000009.419741	-00000002.131470	-00000000.202304
000000013.576434	-00000003.072033	-00000000.097179
000000017.009556	-00000003.848870	-00000000.121753
000000014.225456	-00000003.284205	000000000.101926
000000039.821533	-00000009.193525	000000000.285324
000000033.569427	-00000007.750113	000000000.721676
000000009.673267	-00000002.277752	-00000000.208168
000000012.848293	-00000003.025371	-00000000.092153
000000014.361554	-00000003.447904	000000000.103113
000000039.204998	-00000009.412288	000000000.281484
000000033.578293	-00000008.061435	000000000.723351
000000009.390818	-00000002.297919	-00000000.202513
000000012.510581	-00000003.061320	-00000000.089919
000000016.058002	-00000004.003710	000000000.115540
000000033.105682	-00000008.254173	000000000.238201
000000033.778286	-00000008.421873	000000000.729215
000000039.589085	-00000009.870667	000000000.854660
000000009.719254	-00000002.468376	-00000000.210052
000000012.338008	-00000003.133455	-00000000.088871
000000014.257039	-00000003.620827	-00000000.102694
000000033.380917	-00000008.632892	000000000.240714
000000035.191307	-00000009.101091	000000000.253769
000000036.498276	-00000009.439096	000000000.263194
000000033.597034	-00000008.688784	000000000.726911
000000009.339615	-00000002.458915	-00000000.202304
000000012.184483	-00000003.207906	-00000000.087964
000000014.594783	-00000003.910660	000000000.105487
000000015.821479	-00000004.239352	000000000.114353
000000033.738968	-00000009.040329	000000000.243855
000000033.558559	-00000008.991989	000000000.727749
000000035.905247	-00000009.620782	000000000.778639
000000009.558946	-00000002.606068	-00000000.207539
000000011.914833	-00000003.248356	-00000000.086219
000000014.346038	-00000003.911179	-00000000.103811
000000014.367380	-00000003.984427	000000000.104091
000000034.362225	-00000009.529489	000000000.248952
000000035.952179	-00000009.970421	000000000.260471
000000034.866135	-00000009.669235	000000000.757906
000000009.304901	-00000002.624254	-00000000.202513
000000011.751292	-00000003.314207	-00000000.085241
000000011.775168	-00000003.376475	000000000.085520
000000011.849757	-00000003.397863	000000000.258220
000000009.502409	-00000002.769700	-00000000.207330
000000011.741123	-00000003.422225	-00000000.085381
000000011.774019	-00000003.487623	000000000.085730
000000034.155254	-00000010.117248	000000000.746178
000000009.219390	-00000002.774721	-00000000.201676
000000011.854445	-00000003.567783	-00000000.086428
000000011.819638	-00000003.613626	000000000.086288
000000033.087337	-00000010.115814	000000000.241552
000000033.855324	-00000010.350612	000000000.741571
000000009.557653	-00000002.967730	-00000000.209634
000000011.985209	-00000003.721506	-00000000.087615
000000018.154488	-00000005.637118	-00000000.132714
000000032.463734	-00000010.235776	000000000.237642
000000033.859058	-00000010.675720	000000000.743665
000000009.179082	-00000002.938247	-00000000.201885
000000011.961801	-00000003.829002	-00000000.087685
000000011.745262	-00000003.816267	000000000.086219
000000012.953074	-00000004.208709	000000000.095085
000000030.128736	-00000009.789420	000000000.221166
000000031.682253	-00000010.294188	000000000.697801
000000037.919815	-00000012.320895	000000000.835184
000000009.580362	-00000003.159130	-00000000.211309
000000009.705688	-00000003.200456	-00000000.071348
000000012.288807	-00000004.052241	-00000000.090338
000000030.004229	-00000010.039274	000000000.220887
000000026.907522	-00000009.003131	000000000.594346
000000030.244890	-00000010.119799	000000000.668063
000000037.848778	-00000012.664023	000000000.836021
000000009.098002	-00000003.088356	-00000000.201257
000000009.781549	-00000003.320389	-00000000.072116
000000012.300323	-00000004.175397	-00000000.090687
000000009.748059	-00000003.356526	000000000.071977
000000027.145176	-00000009.346833	000000000.200432
000000029.688559	-00000010.222590	000000000.219212
000000027.206057	-00000009.367797	000000000.602723
000000030.533552	-00000010.513545	000000000.676440
000000009.221727	-00000003.220371	-00000000.204607
000000010.998368	-00000003.840802	-00000000.081332
000000027.976917	-00000009.907146	000000000.207204
000000027.142120	-00000009.611528	000000000.603142
000000029.206053	-00000010.342405	000000000.649006
000000008.986259	-00000003.226397	-00000000.200000
000000011.310455	-00000004.060868	-00000000.251728
000000010.522092	-00000003.777817	-00000000.078050
000000028.518976	-00000010.380058	000000000.211881
000000029.124083	-00000010.600299	000000000.649215
000000008.779545	-00000003.238945	-00000000.196021
000000011.708343	-00000004.319436	-00000000.087126
000000027.537491	-00000010.295846	000000000.205249
000000028.665249	-00000010.717497	000000000.641047
000000008.750946	-00000003.315437	-00000000.196021
000000010.323641	-00000003.911278	-00000000.077073
000000027.138521	-00000010.417502	000000000.202945
000000027.413244	-00000010.522959	000000000.615079
000000008.693727	-00000003.380805	-00000000.195393
000000011.780293	-00000004.581105	-00000000.088243
000000027.130316	-00000010.686915	000000000.203574
000000027.757572	-00000010.933998	000000000.624922
000000008.533887	-00000003.404676	-00000000.192461
000000011.405503	-00000004.550334	-00000000.085730
000000026.804232	-00000010.829613	000000000.201828
000000026.956593	-00000010.891171	000000000.609006
000000008.448332	-00000003.456304	-00000000.191204
000000009.754959	-00000003.990859	-00000000.073582
000000011.717057	-00000004.793575	-00000000.088383
000000026.634798	-00000011.032495	000000000.201270
000000008.030609	-00000003.367514	-00000000.182408
000000009.304781	-00000003.901819	-00000000.070441
000000011.637893	-00000004.880173	-00000000.088104
000000016.071623	-00000006.821999	000000000.121893
000000026.703196	-00000011.334834	000000000.202526
000000026.937269	-00000011.434192	000000000.612985
000000007.863128	-00000003.378267	-00000000.179267
000000008.195418	-00000003.521029	-00000000.062273
000000009.536820	-00000004.097342	-00000000.072465
000000010.841473	-00000004.657864	-00000000.082379
000000017.084412	-00000007.428514	000000000.130061
000000025.108492	-00000010.917483	000000000.191147
000000024.993576	-00000010.867516	000000000.570890
000000027.432421	-00000011.927956	000000000.626597
000000007.659477	-00000003.370250	-00000000.175288
000000008.420660	-00000003.705179	-00000000.064228
000000010.763801	-00000004.736186	-00000000.082100
000000023.285706	-00000010.367464	000000000.177952
000000024.957453	-00000011.111774	000000000.190728
000000027.327286	-00000012.166891	000000000.626597
000000007.593312	-00000003.420538	-00000000.174450
000000007.731553	-00000003.482811	-00000000.059201
000000010.940878	-00000004.928506	-00000000.083775
000000016.879370	-00000007.692372	000000000.129502
000000022.894068	-00000010.433428	000000000.175649
000000027.229168	-00000012.409047	000000000.626807
000000007.381585	-00000003.402957	-00000000.170262
000000007.619136	-00000003.512470	-00000000.058573
000000011.088158	-00000005.111711	-00000000.085241
000000013.994145	-00000006.451389	-00000000.107581
000000022.222126	-00000010.362348	000000000.171181
000000022.815825	-00000010.639194	000000000.527330
000000007.170756	-00000003.381948	-00000000.166073
000000007.389218	-00000003.484982	-00000000.057037
000000010.916508	-00000005.148559	-00000000.084264
000000021.481005	-00000010.245914	000000000.166154
000000022.180681	-00000010.579642	000000000.514765
000000023.272570	-00000011.100447	000000000.540105
000000007.104950	-00000003.427021	-00000000.165236
000000007.493627	-00000003.614496	-00000000.058084
000000007.567661	-00000003.690995	000000000.058782
000000021.732311	-00000010.599556	000000000.168807
000000022.123457	-00000010.790331	000000000.515602
000000007.020973	-00000003.462361	-00000000.163979
000000007.354177	-00000003.626679	-00000000.057246
000000007.588858	-00000003.783665	000000000.059201
000000021.164682	-00000010.552320	000000000.165107
000000021.339504	-00000010.639484	000000000.499477
000000006.945853	-00000003.500998	-00000000.162932
000000007.179376	-00000003.618703	-00000000.056129
000000007.323895	-00000003.731711	000000000.057386
000000018.701771	-00000009.529028	000000000.146537
000000021.267809	-00000010.836490	000000000.166643
000000021.343834	-00000010.875226	000000000.501780
000000006.746161	-00000003.474501	-00000000.158953
000000007.129744	-00000003.672060	-00000000.055990
000000007.344271	-00000003.823185	000000000.057805
000000021.039383	-00000010.952410	000000000.165595
000000020.964336	-00000010.913342	000000000.495079
000000006.635952	-00000003.491343	-00000000.157068
000000007.088578	-00000003.729481	-00000000.055920
000000007.213506	-00000003.835489	000000000.057037
000000007.265065	-00000003.862903	000000000.172356
000000006.614039	-00000003.553851	-00000000.157278
000000007.011719	-00000003.767533	-00000000.055571
000000007.170973	-00000003.893521	000000000.056967
000000007.160789	-00000003.887991	000000000.170681
000000006.424998	-00000003.524874	-00000000.153508
000000006.952273	-00000003.814148	-00000000.055361
000000007.075501	-00000003.922014	000000000.056478
000000007.056633	-00000003.911556	000000000.169005
000000006.193363	-00000003.468450	-00000000.148691
000000006.901275	-00000003.864900	-00000000.055222
000000007.067116	-00000003.998382	000000000.056688
000000007.022230	-00000003.972986	000000000.169005
000000005.980578	-00000003.418182	-00000000.144293
000000005.973063	-00000003.413886	-00000000.048031
000000007.092575	-00000004.094900	000000000.057177
000000007.125825	-00000004.114097	000000000.172356
000000005.725974	-00000003.339289	-00000000.138848
000000006.158997	-00000003.591821	-00000000.049776
000000007.116884	-00000004.192165	000000000.057665
000000017.662968	-00000010.404283	000000000.143116
000000018.817522	-00000011.084368	000000000.152471
000000007.330856	-00000004.318204	000000000.178220
000000018.331448	-00000010.798048	000000000.445655
000000005.799721	-00000003.450471	-00000000.141361
000000006.015698	-00000003.578964	-00000000.048869
000000007.114316	-00000004.274712	000000000.057944
000000017.511501	-00000010.521972	000000000.142627
000000018.574364	-00000011.160604	000000000.151284
000000007.190057	-00000004.320222	000000000.175707
000000018.365067	-00000011.034845	000000000.448796
000000006.077090	-00000003.687669	-00000000.148901
000000006.061178	-00000003.678013	-00000000.049497
000000006.974427	-00000004.273934	000000000.057107
000000017.478697	-00000010.710959	000000000.143116
000000007.135033	-00000004.372354	000000000.175288
000000018.012335	-00000011.037972	000000000.442513
000000042.418068	-00000025.993826	000000001.042095
000000005.832137	-00000003.609036	-00000000.143665
000000006.862175	-00000004.246443	-00000000.056339
000000007.114951	-00000004.445914	000000000.058573
000000007.088127	-00000004.429153	000000000.175079
000000017.796625	-00000011.120565	000000000.439581
000000041.884388	-00000026.172272	000000001.034556
000000006.307746	-00000003.979891	-00000000.156230
000000006.816401	-00000004.300828	-00000000.056269
000000007.160219	-00000004.561563	000000000.059271
000000017.331272	-00000011.041238	000000000.143465
000000007.007046	-00000004.463981	000000000.174032
000000017.395350	-00000011.082060	000000000.432042
000000006.096196	-00000003.921205	-00000000.151833
000000006.635636	-00000004.268185	-00000000.055082
000000006.826612	-00000004.433254	000000000.056827
000000010.374102	-00000006.737020	000000000.086358
000000016.613659	-00000010.789036	000000000.138299
000000017.197361	-00000011.168097	000000000.429529
000000005.827636	-00000003.820765	-00000000.145969
000000006.531236	-00000004.282066	-00000000.054524
000000006.512489	-00000004.310523	000000000.054524
000000010.239868	-00000006.777621	000000000.085730
000000016.135298	-00000010.679721	000000000.135087
000000016.865810	-00000011.163236	000000000.423665
000000005.552999	-00000003.710395	-00000000.139895
000000006.585079	-00000004.400009	-00000000.055292
000000007.195871	-00000004.853676	000000000.060597
000000010.163754	-00000006.855538	000000000.085590
000000010.170060	-00000006.859792	000000000.256963
000000005.603050	-00000003.814981	-00000000.141990
000000006.645619	-00000004.524841	-00000000.056129
000000007.095553	-00000004.876639	000000000.060109
000000009.971684	-00000006.853349	000000000.084473
000000010.109811	-00000006.948281	000000000.256963
000000005.889916	-00000004.085980	-00000000.150157
000000006.507285	-00000004.514265	-00000000.055292
000000007.167406	-00000005.018672	000000000.061086
000000009.845968	-00000006.894221	000000000.083915
000000009.811289	-00000006.869938	000000000.250890
000000015.806167	-00000011.067597	000000000.404189
000000005.952011	-00000004.206466	-00000000.152670
000000006.573804	-00000004.645905	-00000000.056199
000000007.009364	-00000004.999731	000000000.060109
000000009.744725	-00000006.950845	000000000.083566
000000015.280577	-00000010.899529	000000000.131038
000000015.472942	-00000011.036742	000000000.398115
000000005.249732	-00000003.779266	-00000000.135497
000000006.622282	-00000004.767361	-00000000.056967
000000009.551993	-00000006.876451	-00000000.082169
000000009.432908	-00000006.853409	000000000.081401
000000014.926001	-00000010.844374	000000000.128804
000000015.238538	-00000011.071445	000000000.394555
000000005.901880	-00000004.327437	-00000000.153299
000000006.467528	-00000004.742188	-00000000.055990
000000009.128730	-00000006.693462	-00000000.079028
000000009.461165	-00000007.000894	000000000.082169
000000015.079988	-00000011.158604	000000000.130968
000000015.149379	-00000011.209950	000000000.394765
000000005.623568	-00000004.199317	-00000000.147016
000000006.081368	-00000004.541173	-00000000.052988
000000009.174132	-00000006.850650	-00000000.079935
000000009.439641	-00000007.113280	000000000.082518
000000014.894189	-00000011.223577	000000000.130201
000000015.035008	-00000011.329692	000000000.394346
000000005.650374	-00000004.296645	-00000000.148691
000000005.587798	-00000004.249060	-00000000.049008
000000009.026443	-00000006.863867	-00000000.079167
000000009.289941	-00000007.128423	000000000.081751
000000014.771880	-00000011.334862	000000000.129991
000000014.166183	-00000010.870095	000000000.374032
000000005.359700	-00000004.149923	-00000000.141990
000000005.503066	-00000004.260929	-00000000.048590
000000008.736907	-00000006.764836	-00000000.077143
000000009.077663	-00000007.092247	000000000.080424
000000014.483284	-00000011.315581	000000000.128316
000000014.614393	-00000011.418015	000000000.388482
000000005.284024	-00000004.165588	-00000000.140942
000000005.630585	-00000004.438796	-00000000.050056
000000008.771776	-00000006.915111	-00000000.077981
000000013.961390	-00000011.105391	000000000.124546
000000014.349886	-00000011.414414	000000000.384084
000000005.403414	-00000004.336698	-00000000.145131
000000005.739810	-00000004.606685	-00000000.051382
000000008.820279	-00000007.079022	-00000000.078958
000000005.175666	-00000004.191172	000000000.046495
000000013.700748	-00000011.094647	000000000.123080
000000014.071027	-00000011.394493	000000000.379267
000000005.117613	-00000004.181265	-00000000.138429
000000005.908472	-00000004.827424	-00000000.053267
000000008.897554	-00000007.269607	-00000000.080215
000000013.796310	-00000011.372801	000000000.124825
000000014.133061	-00000011.650397	000000000.383665
000000005.580568	-00000004.641309	-00000000.152042
000000005.827679	-00000004.846829	-00000000.052918
000000008.756895	-00000007.283033	-00000000.079517
000000013.482054	-00000011.312786	000000000.122870
000000014.000222	-00000011.747581	000000000.382827
000000005.417762	-00000004.586474	-00000000.148691
000000005.586726	-00000004.729512	-00000000.051103
000000009.166199	-00000007.759760	-00000000.083845
000000013.943918	-00000011.804398	-00000000.127548
000000013.588124	-00000011.605354	000000000.124755
000000013.745125	-00000011.739446	000000000.378639
000000005.407827	-00000004.659682	-00000000.149529
000000005.613420	-00000004.836832	-00000000.051731
000000008.045144	-00000006.932139	-00000000.074141
000000013.529781	-00000011.658006	-00000000.124685
000000013.425957	-00000011.671006	000000000.124197
000000013.642157	-00000011.858946	000000000.378639
000000005.336892	-00000004.680328	-00000000.148691
000000005.578516	-00000004.892227	-00000000.051801
000000013.284686	-00000011.650356	-00000000.123359
000000013.338576	-00000011.800975	000000000.124336
000000013.635491	-00000012.063664	000000000.381361
000000004.945276	-00000004.413827	-00000000.138848
000000005.669898	-00000005.060577	-00000000.053058
000000008.340718	-00000007.444376	-00000000.078050
000000013.227275	-00000011.805794	-00000000.123778
000000013.056736	-00000011.756338	000000000.122661
000000013.329095	-00000012.001571	000000000.375707
000000005.387606	-00000004.893757	-00000000.152461
000000005.677335	-00000005.156928	-00000000.053546
000000013.256984	-00000012.041796	-00000000.125034
000000013.219061	-00000012.113037	000000000.125174
000000012.892153	-00000011.813481	000000000.366283
000000005.352037	-00000004.947372	-00000000.152670
000000005.676175	-00000005.247002	-00000000.053965
000000007.945176	-00000007.344445	-00000000.075537
000000013.283570	-00000012.279206	-00000000.126291
000000013.142105	-00000012.255212	000000000.125453
000000025.860037	-00000024.114874	000000000.246857
000000012.832442	-00000011.966446	000000000.367539
000000005.417892	-00000005.096643	-00000000.155812
000000005.571902	-00000005.241522	-00000000.053407
000000007.604007	-00000007.153136	-00000000.072884
000000011.772539	-00000011.171722	000000000.113306
000000013.136210	-00000012.465798	000000000.126431
000000025.438259	-00000024.140007	000000000.244833
000000013.090136	-00000012.422074	000000000.378011
000000027.260843	-00000025.869574	000000000.787226
000000005.004884	-00000004.791134	-00000000.145131
000000005.720983	-00000005.476650	-00000000.055292
000000011.088017	-00000010.614467	-00000000.107162
000000011.422838	-00000011.030906	000000000.110862
000000013.005346	-00000012.559117	000000000.126221
000000024.996449	-00000024.138790	000000000.242599
000000011.909655	-00000011.501019	000000000.346806
000000025.164181	-00000024.300766	000000000.732775
000000004.962883	-00000004.834627	-00000000.145131
000000005.579856	-00000005.435655	-00000000.054384
000000007.349079	-00000007.159156	-00000000.071628
000000011.023619	-00000010.738733	-00000000.107442
000000011.554377	-00000011.354454	000000000.113096
000000012.086945	-00000011.877807	000000000.354974
000000012.956919	-00000012.732728	000000000.380524
000000024.815672	-00000024.386292	000000000.728796
000000004.814001	-00000004.772173	-00000000.141990
000000005.631633	-00000005.582701	-00000000.055361
000000006.909935	-00000006.849896	-00000000.067928
000000011.128334	-00000011.031642	-00000000.109396
000000011.306362	-00000011.306362	000000000.111630
000000011.756606	-00000011.756606	000000000.348272
000000012.788756	-00000012.788756	000000000.378848
000000024.594851	-00000024.594851	000000000.728587
000000004.955177	-00000004.998609	-00000000.147435
000000005.491181	-00000005.539311	-00000000.054454
000000006.793576	-00000006.853122	-00000000.067369
000000010.433244	-00000010.524691	-00000000.103462
000000011.389498	-00000011.590037	000000000.113445
000000011.113982	-00000011.309671	000000000.332147
000000011.849776	-00000012.058420	000000000.354136
000000023.923794	-00000024.345030	000000000.714974
000000004.813698	-00000004.941400	-00000000.144503
000000005.805475	-00000005.959486	-00000000.058084
000000006.821379	-00000007.063745	000000000.068556
000000010.773889	-00000011.156689	000000000.108279
000000011.125987	-00000011.521297	000000000.335498
000000004.825703	-00000005.040995	-00000000.146178
000000005.697928	-00000005.952134	-00000000.057526
000000010.283767	-00000010.836828	000000000.104300
000000010.557043	-00000011.124803	000000000.321257
000000004.726726	-00000005.024658	-00000000.144503
000000005.590957	-00000005.943362	-00000000.056967
000000010.161528	-00000010.896904	000000000.104021
000000010.473197	-00000011.231129	000000000.321676
000000004.560541	-00000004.933565	-00000000.140733
000000005.280941	-00000005.712890	-00000000.054314
000000006.536692	-00000007.071353	-00000000.067230
000000009.863377	-00000010.763988	000000000.101926
000000010.314000	-00000011.255756	000000000.319791
000000004.396315	-00000004.839965	-00000000.136963
000000004.296319	-00000004.729878	-00000000.044610
000000005.607403	-00000006.173269	-00000000.058224
000000006.577394	-00000007.304935	000000000.068626
000000009.748995	-00000010.827356	000000000.101717
000000010.208694	-00000011.337903	000000000.319581
000000004.267365	-00000004.781179	-00000000.134241
000000006.239159	-00000006.990387	-00000000.065414
000000009.654139	-00000010.912019	000000000.101717
000000010.036491	-00000011.344191	000000000.317278
000000004.073864	-00000004.645351	-00000000.129424
000000004.852667	-00000005.533406	-00000000.051382
000000006.547309	-00000007.531818	000000000.069673
000000009.643832	-00000011.093961	000000000.102625
000000009.838727	-00000011.318161	000000000.314136
000000004.372531	-00000005.074572	-00000000.140314
000000004.608372	-00000005.348279	-00000000.049288
000000005.985661	-00000006.946702	-00000000.064018
000000009.572631	-00000011.208111	000000000.102904
000000009.752570	-00000011.418793	000000000.314555
000000004.173046	-00000004.929400	-00000000.135288
000000004.316003	-00000005.098269	-00000000.046635
000000005.911890	-00000006.983407	-00000000.063879
000000005.913502	-00000007.047437	000000000.064228
000000009.480886	-00000011.298881	000000000.102974
000000009.710390	-00000011.572392	000000000.316440
000000009.585465	-00000011.628098	000000000.105208
000000009.634471	-00000011.687549	000000000.317278
000000009.332594	-00000011.524794	000000000.103532
000000009.387401	-00000011.592475	000000000.312461
000000009.325042	-00000011.723185	000000000.104579
000000009.360567	-00000011.767845	000000000.314974
000000009.314732	-00000011.922312	000000000.105626
000000009.405244	-00000012.038163	000000000.320000
000000008.668551	-00000011.297076	000000000.099413
000000008.782501	-00000011.445579	000000000.302199
000000005.169465	-00000006.860112	000000000.059969
000000008.894609	-00000011.803545	000000000.103183
000000009.085414	-00000012.056751	000000000.316231
000000008.452226	-00000011.422527	000000000.099204
000000008.724136	-00000011.789994	000000000.307225
000000003.814633	-00000005.250392	000000000.045308
000000007.188438	-00000009.894036	000000000.085381
000000008.399246	-00000011.560571	000000000.099762
000000008.479881	-00000011.671556	000000000.302199
000000003.768670	-00000005.283481	000000000.045308
000000008.251588	-00000011.568299	000000000.099204
000000008.540267	-00000011.973013	000000000.308063
000000003.785512	-00000005.406271	000000000.046076
000000004.783511	-00000006.831562	000000000.058224
000000008.150323	-00000011.639867	000000000.099204
000000008.423989	-00000012.030704	000000000.307644
000000017.255131	-00000024.642879	000000000.630157
000000003.749518	-00000005.455582	000000000.046216
000000004.808671	-00000006.996661	000000000.059271
000000004.847374	-00000007.052973	000000000.179267
000000003.589931	-00000005.322291	000000000.044820
000000003.617184	-00000005.362697	000000000.135497
000000003.593022	-00000005.428464	000000000.045448
000000003.570249	-00000005.394058	000000000.135497
000000003.599976	-00000005.543478	000000000.046146
000000006.421138	-00000009.887685	000000000.082309
000000007.951536	-00000012.244292	000000000.101926
000000006.425331	-00000009.894142	000000000.247121
000000007.596048	-00000011.696888	000000000.292147
000000002.804636	-00000004.402396	000000000.036442
000000007.258741	-00000011.393941	000000000.094317
000000007.370134	-00000011.568793	000000000.287330
000000003.020466	-00000004.833756	000000000.039793
000000007.233222	-00000011.575574	000000000.095294
000000006.691412	-00000010.708499	000000000.264503
000000003.317785	-00000005.414133	000000000.044331
000000007.011760	-00000011.442152	000000000.093689
000000007.031288	-00000011.474020	000000000.281885
000000003.115905	-00000005.185736	000000000.042237
000000006.968295	-00000011.597191	000000000.094456
000000007.224399	-00000012.023419	000000000.293822
000000002.923350	-00000004.962863	000000000.040212
000000006.668892	-00000011.321531	000000000.091734
000000006.946676	-00000011.793116	000000000.286702
000000002.819931	-00000004.884264	000000000.039374
000000006.559840	-00000011.361977	000000000.091594
000000006.673536	-00000011.558904	000000000.279581
