000000004.180820	000000004.684213	-00000000.131518
000000004.541203	000000005.087987	-00000000.047612
000000004.295482	000000004.728956	-00000000.133822
000000004.619047	000000005.085175	-00000000.047961
000000004.044765	000000004.375602	-00000000.124817
000000004.595369	000000004.971242	-00000000.047263
000000004.302006	000000004.573167	-00000000.131518
000000004.638576	000000004.930951	-00000000.047263
000000004.293355	000000004.484896	-00000000.130052
000000004.695259	000000004.904732	-00000000.047403
000000004.443950	000000004.561842	-00000000.133403
000000004.730904	000000004.856409	-00000000.047333
000000004.462474	000000004.501588	-00000000.132775
000000004.815343	000000004.857550	-00000000.047752
000000004.480287	000000004.441359	-00000000.132147
000000004.900160	000000004.857584	-00000000.048171
000000004.447259	000000004.332328	-00000000.130052
000000004.942363	000000004.814637	-00000000.048171
000000004.513784	000000004.321009	-00000000.130890
000000005.056425	000000004.840474	-00000000.048869
000000004.587731	000000004.315706	-00000000.131937
000000005.178592	000000004.871532	-00000000.049637
000000004.698633	000000004.343372	-00000000.134031
000000005.272307	000000004.873671	-00000000.050125
000000004.839965	000000004.396315	-00000000.136963
000000005.262823	000000004.780412	-00000000.049637
000000004.818474	000000004.300652	-00000000.135288
000000005.364022	000000004.787572	-00000000.050195
000000004.299581	000000003.770631	-00000000.119791
000000005.383042	000000004.720801	-00000000.049986
000000004.870074	000000004.196324	-00000000.134660
000000005.310401	000000004.575735	-00000000.048939
000000005.112536	000000004.328081	-00000000.140314
000000005.487508	000000004.645518	-00000000.050195
000000005.096303	000000004.238551	-00000000.138848
000000005.474020	000000004.552695	-00000000.049707
000000005.001479	000000004.086380	-00000000.135288
000000005.451591	000000004.454137	-00000000.049148
000000005.153906	000000004.136447	-00000000.138429
000000005.552642	000000004.456467	-00000000.049707
000000005.205510	000000004.103693	-00000000.138848
000000005.394996	000000004.253072	-00000000.047961
000000005.335984	000000004.131560	-00000000.141361
000000005.582132	000000004.322149	-00000000.049288
000000005.363877	000000004.078786	-00000000.141152
000000006.519097	000000004.957237	-00000000.057177
000000005.383245	000000004.019859	-00000000.140733
000000006.730368	000000005.025804	-00000000.058643
000000005.611623	000000004.114613	-00000000.145759
000000006.765906	000000004.960967	-00000000.058573
000000005.525607	000000003.977868	-00000000.142618
000000006.841402	000000004.925105	-00000000.058852
000000005.355994	000000003.785242	-00000000.137382
000000006.982115	000000004.934471	-00000000.059690
000000005.659906	000000003.926416	-00000000.144293
000000007.098857	000000004.924652	-00000000.060318
000000005.619578	000000003.826234	-00000000.142408
000000007.232484	000000004.924423	-00000000.061086
000000007.626960	000000005.144449	000000000.064228
000000005.794072	000000003.871475	-00000000.145969
000000007.291811	000000004.872232	-00000000.061226
000000006.212243	000000004.072925	-00000000.155602
000000007.342413	000000004.813897	-00000000.061295
000000008.025882	000000005.212069	000000000.066811
000000010.850017	000000007.046083	000000000.270995
000000006.895007	000000004.435018	-00000000.171728
000000007.443014	000000004.787508	-00000000.061784
000000008.357805	000000005.324509	000000000.069184
000000011.003844	000000007.010222	000000000.273299
000000006.434577	000000004.059916	-00000000.159372
000000007.416852	000000004.679686	-00000000.061226
000000008.844926	000000005.526923	000000000.072815
000000011.039165	000000006.898036	000000000.272670
000000006.554778	000000004.056220	-00000000.161466
000000007.380877	000000004.567426	-00000000.060597
000000011.047793	000000006.770096	000000000.271414
000000006.461716	000000003.921066	-00000000.158325
000000007.317868	000000004.440591	-00000000.059760
000000008.494321	000000005.103903	000000000.069184
000000010.517187	000000006.319364	000000000.085660
000000008.458385	000000005.082311	000000000.206702
000000010.849358	000000006.518952	000000000.265131
000000006.787822	000000004.038330	-00000000.165445
000000007.708688	000000004.586187	-00000000.062622
000000008.366216	000000004.928077	000000000.067788
000000011.112578	000000006.545809	000000000.270157
000000006.675984	000000003.893319	-00000000.161885
000000007.256041	000000004.231598	-00000000.058643
000000008.547462	000000004.934880	000000000.068905
000000010.729794	000000006.194849	000000000.086498
000000011.628171	000000006.713528	000000000.281257
000000006.952747	000000003.973823	-00000000.167749
000000007.978552	000000004.560118	-00000000.064158
000000009.007962	000000005.096460	000000000.072256
000000010.400496	000000005.884318	000000000.083426
000000011.538385	000000006.528104	000000000.277696
000000006.943545	000000003.888572	-00000000.166702
000000007.817374	000000004.377940	-00000000.062552
000000009.594344	000000005.318232	000000000.076584
000000011.621146	000000006.441707	000000000.278325
000000018.660292	000000010.343569	000000000.446911
000000006.687958	000000003.669139	-00000000.159791
000000007.644871	000000004.194120	-00000000.060877
000000009.192203	000000004.990959	000000000.073024
000000010.747671	000000005.835509	000000000.085381
000000012.195307	000000006.621511	000000000.290681
000000018.600477	000000010.099236	000000000.443351
000000007.010353	000000003.766798	-00000000.166702
000000007.187893	000000003.862194	-00000000.056967
000000009.941748	000000005.286121	000000000.078609
000000012.208487	000000006.491368	000000000.289634
000000007.423418	000000003.905649	-00000000.175707
000000008.504523	000000004.474446	-00000000.067090
000000009.730272	000000005.065259	000000000.076584
000000012.566187	000000006.541543	000000000.296754
000000007.608318	000000003.918541	-00000000.179267
000000008.534357	000000004.395483	-00000000.067020
000000010.103768	000000005.148127	000000000.079167
000000010.983701	000000005.596475	000000000.258220
000000012.738599	000000006.490641	000000000.299477
000000007.749358	000000003.905998	-00000000.181780
000000008.929572	000000004.500875	-00000000.069813
000000010.336240	000000005.153459	000000000.080634
000000012.454754	000000006.209712	000000000.291518
000000021.786873	000000010.862535	000000000.509948
000000007.756248	000000003.824958	-00000000.181152
000000008.825013	000000004.352015	-00000000.068696
000000010.515634	000000005.128818	000000000.081681
000000011.511027	000000005.614303	000000000.268272
000000017.333935	000000008.454326	000000000.403979
000000021.817934	000000010.641317	000000000.508482
000000008.113511	000000003.913493	-00000000.188691
000000009.213918	000000004.444266	-00000000.071418
000000010.505837	000000005.011027	000000000.081262
000000012.236373	000000005.836451	000000000.283979
000000017.082193	000000008.147788	000000000.396440
000000007.993630	000000003.770041	-00000000.185131
000000008.971976	000000004.231459	-00000000.069254
000000010.821051	000000005.045939	000000000.083356
000000012.350266	000000005.759024	000000000.285445
000000017.315744	000000008.074464	000000000.400210
000000008.298609	000000003.825711	-00000000.191414
000000009.063047	000000004.178122	-00000000.069673
000000010.910170	000000004.972051	000000000.083705
000000011.972464	000000005.456166	000000000.275602
000000017.267277	000000007.869151	000000000.397487
000000008.204059	000000003.695659	-00000000.188482
000000009.007990	000000004.057804	-00000000.068975
000000010.944008	000000004.872586	000000000.083635
000000012.439760	000000005.538538	000000000.285236
000000017.472292	000000007.779165	000000000.400628
000000008.528831	000000003.752776	-00000000.195183
000000009.454937	000000004.160272	-00000000.072116
000000010.921919	000000004.748986	000000000.083147
000000017.383644	000000007.558624	000000000.397068
000000008.653115	000000003.717672	-00000000.197278
000000009.334691	000000004.010500	-00000000.070930
000000011.064199	000000004.696474	000000000.083915
000000017.522570	000000007.437890	000000000.398744
000000008.786648	000000003.684547	-00000000.199581
000000009.406220	000000003.944356	-00000000.071209
000000011.308010	000000004.683931	000000000.085451
000000017.531387	000000007.261738	000000000.397487
000000020.681126	000000008.566402	000000000.468901
000000008.966520	000000003.668300	-00000000.202932
000000009.505070	000000003.888627	-00000000.071698
000000011.366998	000000004.592565	000000000.085590
000000017.529202	000000007.082257	000000000.396021
000000020.884871	000000008.438036	000000000.471833
000000009.165339	000000003.656600	-00000000.206702
000000009.770839	000000003.898170	-00000000.073443
000000011.574112	000000004.559164	000000000.086847
000000017.627546	000000006.943676	000000000.396859
000000021.078638	000000008.303097	000000000.474555
000000009.355307	000000003.638080	-00000000.210262
000000010.214558	000000003.972224	-00000000.076515
000000011.492095	000000004.411402	000000000.085939
000000018.004818	000000006.911402	000000000.403979
000000021.402304	000000008.215575	000000000.480210
000000009.667177	000000003.662566	-00000000.216545
000000010.473259	000000003.967963	-00000000.078190
000000010.977530	000000004.104331	000000000.081820
000000012.326305	000000004.608617	000000000.091873
000000019.160109	000000007.163671	000000000.428482
000000021.651112	000000008.095019	000000000.484189
000000029.180304	000000010.910069	000000000.652566
000000009.717530	000000003.584986	-00000000.216963
000000010.488724	000000003.869494	-00000000.078050
000000011.370004	000000004.138343	000000000.084473
000000013.171601	000000004.794071	000000000.293613
000000009.776674	000000003.510185	-00000000.217592
000000010.475034	000000003.760921	-00000000.077701
000000011.396258	000000004.035626	000000000.084403
000000012.713445	000000004.502067	000000000.282513
000000009.797495	000000003.421438	-00000000.217382
000000010.932284	000000003.817725	-00000000.080843
000000011.733600	000000004.040202	000000000.086637
000000012.912951	000000004.446286	000000000.286073
000000010.101528	000000003.429007	-00000000.223456
000000011.173504	000000003.792893	-00000000.082379
000000012.517567	000000004.188319	000000000.092153
000000012.809043	000000004.285846	000000000.282932
000000009.903190	000000003.265582	-00000000.218429
000000011.234667	000000003.704638	-00000000.082588
000000012.601192	000000004.094376	000000000.092502
000000012.855465	000000004.176994	000000000.283142
000000010.207444	000000003.267429	-00000000.224503
000000011.590375	000000003.710108	-00000000.084962
000000012.750885	000000004.020339	000000000.093339
000000013.034451	000000004.109747	000000000.286283
000000025.210747	000000007.948918	000000000.553718
000000009.910933	000000003.077426	-00000000.217382
000000011.994759	000000003.724472	-00000000.087685
000000012.737669	000000003.894296	000000000.092990
000000024.562082	000000007.509382	000000000.538011
000000010.492681	000000003.157938	-00000000.229529
000000011.921473	000000003.587956	-00000000.086917
000000012.493116	000000003.700630	000000000.090966
000000016.615940	000000004.921866	000000000.120985
000000024.588331	000000007.283396	000000000.537173
000000009.982328	000000002.909583	-00000000.217801
000000012.432343	000000003.623697	-00000000.090407
000000014.524310	000000004.164779	000000000.105487
000000016.879343	000000004.840074	000000000.122591
000000024.795113	000000007.109884	000000000.540314
000000010.363370	000000002.922773	-00000000.225550
000000012.886962	000000003.634499	-00000000.093479
000000014.781731	000000004.099337	000000000.107093
000000016.660765	000000004.620439	000000000.120706
000000024.856213	000000006.893238	000000000.540314
000000027.679031	000000007.676075	000000000.601676
000000009.935130	000000002.708627	-00000000.215707
000000013.323389	000000003.632373	-00000000.096411
000000015.222620	000000004.078889	000000000.110025
000000017.009541	000000004.557693	000000000.122940
000000025.195478	000000006.751108	000000000.546388
000000011.157263	000000002.937462	-00000000.241676
000000013.799410	000000003.633081	-00000000.099623
000000016.816315	000000004.348995	000000000.121264
000000025.495417	000000006.593563	000000000.551623
000000009.835536	000000002.497908	-00000000.212566
000000014.198887	000000003.606058	-00000000.102275
000000016.572247	000000004.131925	000000000.119240
000000016.811537	000000004.191587	000000000.362932
000000010.488194	000000002.566445	-00000000.226178
000000014.550349	000000003.560448	-00000000.104579
000000016.510439	000000003.963806	000000000.118542
000000016.905804	000000004.058724	000000000.364189
000000009.760853	000000002.298376	-00000000.210052
000000012.913910	000000003.040822	-00000000.277906
000000014.814471	000000003.488345	-00000000.106255
000000016.787987	000000003.875812	000000000.120287
000000021.903305	000000005.056777	000000000.156939
000000024.231995	000000005.594397	000000000.173624
000000042.570633	000000009.828205	000000000.915184
000000010.102330	000000002.285924	-00000000.216963
000000015.868433	000000003.590660	-00000000.113585
000000017.377645	000000003.852531	000000000.124266
000000019.886665	000000004.408768	000000000.142208
000000023.703890	000000005.255026	000000000.169505
000000038.350258	000000008.502048	000000000.822828
000000009.877640	000000002.144646	-00000000.211728
000000012.593747	000000002.734370	-00000000.269948
000000015.654861	000000003.399004	-00000000.111840
000000023.377157	000000004.968968	000000000.166852
000000010.365818	000000002.156093	-00000000.221780
000000016.760851	000000003.486262	-00000000.119519
000000019.882189	000000004.045077	000000000.141650
000000023.703802	000000004.822593	000000000.168877
000000051.307400	000000010.438609	000000001.096755
000000009.864536	000000001.962178	-00000000.210681
000000016.123718	000000003.207207	-00000000.114772
000000023.823511	000000004.630822	000000000.169435
000000051.298401	000000009.971399	000000001.094660
000000017.732798	000000003.366677	-00000000.126012
000000023.863016	000000004.422749	000000000.169435
000000024.566151	000000004.553067	000000000.523351
000000054.194954	000000010.044441	000000001.154556
000000009.857925	000000001.782603	-00000000.209843
000000016.196915	000000002.928879	-00000000.114912
000000018.656956	000000003.373727	-00000000.132365
000000023.920399	000000004.217812	000000000.169575
000000024.447414	000000004.310739	000000000.520000
000000009.991347	000000001.716827	-00000000.212356
000000018.863083	000000003.241270	-00000000.133621
000000020.903133	000000003.591815	-00000000.148073
000000023.374399	000000003.911533	000000000.165456
000000024.592569	000000004.115385	000000000.522304
000000051.246021	000000008.575644	000000001.088378
000000009.848063	000000001.603859	-00000000.209005
000000019.295307	000000003.142441	-00000000.136484
000000021.851566	000000003.558753	-00000000.154565
000000023.545916	000000003.729307	000000000.166433
000000052.424873	000000008.303285	000000001.111833
000000009.634411	000000001.482878	-00000000.204189
000000022.820711	000000003.512443	-00000000.161197
000000024.487436	000000003.659672	000000000.172856
000000032.043335	000000004.788908	000000000.226193
000000054.166405	000000008.095223	000000001.147226
000000009.716245	000000001.408788	-00000000.205655
000000015.161090	000000002.198253	-00000000.106953
000000024.800058	000000003.595837	-00000000.174950
000000024.993757	000000003.512643	000000000.176207
000000032.192829	000000004.524407	000000000.226961
000000054.126080	000000007.606925	000000001.144922
000000010.362185	000000001.410231	-00000000.219058
000000025.464634	000000003.465585	-00000000.179418
000000027.016214	000000003.556752	000000000.190239
000000028.394289	000000003.738179	000000000.199943
000000031.804777	000000004.187179	000000000.223959
000000032.264450	000000004.247695	000000000.681676
000000009.749269	000000001.240264	-00000000.205864
000000029.557304	000000003.629181	000000000.207902
000000031.998909	000000003.928972	000000000.225076
000000050.420212	000000006.190824	000000001.064084
000000054.131516	000000006.646514	000000001.142409
000000030.641010	000000003.491102	000000000.215302
000000036.155197	000000004.119364	000000000.254048
000000040.032162	000000004.561089	000000000.843979
000000009.600478	000000001.051423	-00000000.202304
000000015.337915	000000001.679775	-00000000.107721
000000034.558792	000000003.632276	000000000.242599
000000039.899246	000000004.193580	000000000.280088
000000040.010784	000000004.205303	000000000.842723
000000055.561695	000000005.839769	000000001.170262
000000009.818186	000000000.988639	-00000000.206702
000000037.057697	000000003.568250	000000000.259912
000000070.100334	000000006.749894	000000001.475184
000000009.617366	000000000.883712	-00000000.202304
000000044.090500	000000003.857419	000000000.308991
000000048.065811	000000004.205214	000000001.010681
000000010.142812	000000000.842803	-00000000.213194
000000051.838299	000000004.079762	000000001.089215
000000009.511681	000000000.706840	-00000000.199791
000000062.563469	000000004.374864	000000001.313718
000000010.086141	000000000.661081	-00000000.211728
000000067.419197	000000004.123535	000000001.414870
000000009.522568	000000000.540731	-00000000.199791
000000079.653191	000000004.174447	000000001.670786
000000010.056197	000000000.483034	-00000000.210890
000000009.540545	000000000.374849	-00000000.200000
000000014.858173	000000000.583779	-00000000.103811
000000009.943178	000000000.303792	-00000000.208377
000000009.545633	000000000.208286	-00000000.200000
000000014.776122	000000000.322416	-00000000.103183
000000010.006948	000000000.130998	-00000000.209634
000000009.557813	000000000.041704	-00000000.200210
000000014.719501	000000000.064226	-00000000.102764
000000009.897734	-00000000.043187	-00000000.207330
000000009.547088	-00000000.124978	-00000000.200000
000000014.658386	-00000000.191889	-00000000.102345
000000010.645130	-00000000.232278	-00000000.223037
000000009.533459	-00000000.291274	-00000000.199791
000000014.662801	-00000000.447989	-00000000.102415
000000009.500585	-00000000.373279	-00000000.199162
000000010.669426	-00000000.419203	-00000000.223665
000000073.234154	-00000003.197472	000000001.535498
000000009.606814	-00000000.461448	-00000000.201466
000000014.762619	-00000000.709099	-00000000.103183
000000062.071178	-00000003.253013	000000001.301990
000000040.583172	-00000002.482173	000000000.283858
000000009.637203	-00000000.631656	-00000000.202304
000000015.296804	-00000001.002606	-00000000.107023
000000038.145920	-00000002.667423	000000000.266963
000000063.969727	-00000004.473199	000000001.343247
000000009.621353	-00000000.714990	-00000000.202094
000000010.638326	-00000000.790564	-00000000.223456
000000011.715119	-00000000.870584	-00000000.246073
000000031.362253	-00000002.468263	000000000.219630
000000033.096851	-00000002.604779	000000000.231778
000000038.190975	-00000003.005695	000000000.267452
000000047.393021	-00000003.729912	000000000.995812
000000055.207142	-00000004.344896	000000001.160001
000000009.624711	-00000000.799752	-00000000.202304
000000015.276977	-00000001.269419	-00000000.107023
000000030.731857	-00000002.688689	000000000.215372
000000038.163292	-00000003.338855	000000000.267452
000000038.355042	-00000003.355631	000000000.806493
000000010.075336	-00000000.925793	-00000000.211937
000000023.311226	-00000002.142001	-00000000.163431
000000027.133839	-00000002.612692	000000000.190309
000000043.439518	-00000004.182750	000000000.914137
000000009.619236	-00000000.968606	-00000000.202513
000000015.053507	-00000001.515808	-00000000.105626
000000023.132454	-00000002.329316	-00000000.162314
000000024.504421	-00000002.575519	000000000.172018
000000043.421246	-00000004.563756	000000000.914555
000000010.057644	-00000001.101491	-00000000.211937
000000022.296141	-00000002.441824	-00000000.156590
000000021.689144	-00000002.471166	000000000.152401
000000023.398046	-00000002.665871	000000000.164409
000000043.667839	-00000004.975322	000000000.920629
000000009.590938	-00000001.135162	-00000000.202304
000000015.054551	-00000001.781824	-00000000.105836
000000020.814207	-00000002.463524	-00000000.146327
000000021.239969	-00000002.607940	000000000.149399
000000049.437805	-00000006.070199	000000001.043351
000000010.007134	-00000001.273068	-00000000.211309
000000017.230707	-00000002.192023	-00000000.121264
000000019.472582	-00000002.477225	-00000000.137042
000000019.897814	-00000002.619597	000000000.140114
000000021.658319	-00000002.851372	000000000.457592
000000042.910236	-00000005.649240	000000000.906597
000000009.569665	-00000001.302374	-00000000.202304
000000014.902260	-00000002.028109	-00000000.104998
000000017.983778	-00000002.447485	-00000000.126710
000000018.576977	-00000002.610824	000000000.130968
000000020.616879	-00000002.897513	000000000.145350
000000027.988739	-00000003.933561	000000000.592042
000000042.522686	-00000005.976174	000000000.899477
000000010.092230	-00000001.463304	-00000000.213613
000000017.506508	-00000002.538323	-00000000.123498
000000018.711723	-00000002.796486	000000000.132085
000000020.857836	-00000003.117224	000000000.147235
000000023.632296	-00000003.531870	000000000.500524
000000009.555360	-00000001.470711	-00000000.202513
000000015.022729	-00000002.312219	-00000000.106115
000000018.666855	-00000002.956539	000000000.131946
000000021.353302	-00000003.382031	000000000.150935
000000023.363581	-00000003.700428	000000000.495498
000000009.907270	-00000001.613501	-00000000.210262
000000015.238853	-00000002.481805	-00000000.107791
000000018.295151	-00000003.061558	000000000.129502
000000023.182489	-00000003.879418	000000000.492356
000000009.567651	-00000001.644023	-00000000.203351
000000014.585875	-00000002.506312	-00000000.103323
000000016.583759	-00000002.924164	000000000.117564
000000018.632109	-00000003.285343	000000000.132085
000000022.906071	-00000004.038958	000000000.162384
000000022.940987	-00000004.045115	000000000.487958
000000009.877602	-00000001.786161	-00000000.210262
000000013.854956	-00000002.505384	-00000000.098296
000000018.307760	-00000003.393143	000000000.129991
000000020.313551	-00000003.764894	000000000.144233
000000022.914644	-00000004.246978	000000000.488168
000000009.616080	-00000001.825670	-00000000.205026
000000012.575059	-00000002.387450	-00000000.089360
000000016.441854	-00000003.195973	000000000.116936
000000018.454140	-00000003.587121	000000000.131248
000000020.289740	-00000003.943926	000000000.144303
000000022.827641	-00000004.437244	000000000.487121
000000009.923370	-00000001.973881	-00000000.211937
000000012.622398	-00000002.510751	-00000000.089849
000000017.981180	-00000003.658313	000000000.128106
000000023.155056	-00000004.710949	000000000.164967
000000023.101557	-00000004.700065	000000000.493822
000000009.435928	-00000001.962676	-00000000.201885
000000011.591616	-00000002.411060	-00000000.082658
000000015.106304	-00000003.142116	-00000000.107721
000000015.982542	-00000003.397194	000000000.114074
000000018.153976	-00000003.858747	000000000.129572
000000020.286287	-00000004.311983	000000000.144791
000000023.020546	-00000004.893168	000000000.492985
000000009.682236	-00000002.102220	-00000000.207539
000000011.257428	-00000002.444227	-00000000.080424
000000017.973171	-00000003.984556	000000000.128525
000000023.606262	-00000005.233382	000000000.168807
000000023.055056	-00000005.111183	000000000.494660
000000009.429492	-00000002.133676	-00000000.202513
000000011.001593	-00000002.489406	-00000000.078749
000000011.204983	-00000002.586874	000000000.080284
000000018.083868	-00000004.174990	000000000.129572
000000020.578196	-00000004.750851	000000000.147444
000000023.068024	-00000005.325673	000000000.495917
000000028.786320	-00000006.645845	000000000.618849
000000009.770584	-00000002.300667	-00000000.210262
000000010.444104	-00000002.459260	-00000000.074909
000000017.862001	-00000004.288287	000000000.128246
000000017.489098	-00000004.198761	000000000.376754
000000009.458797	-00000002.314553	-00000000.203979
000000010.373681	-00000002.538424	-00000000.074560
000000010.857345	-00000002.707040	000000000.078120
000000017.591032	-00000004.385937	000000000.126570
000000019.745037	-00000004.922991	000000000.142069
000000017.509996	-00000004.365732	000000000.378011
000000009.380097	-00000002.382241	-00000000.202723
000000009.711457	-00000002.466396	-00000000.069952
000000011.966013	-00000003.094621	000000000.086288
000000017.368145	-00000004.491708	000000000.125244
000000017.248608	-00000004.460793	000000000.373194
000000009.233263	-00000002.430915	-00000000.200000
000000009.583192	-00000002.523044	-00000000.069184
000000010.103338	-00000002.707181	000000000.073024
000000011.832303	-00000003.170456	000000000.085520
000000016.980562	-00000004.549928	000000000.122731
000000017.305595	-00000004.637020	000000000.375288
000000008.912680	-00000002.429875	-00000000.193508
000000009.512571	-00000002.593425	-00000000.068835
000000012.517254	-00000003.471342	000000000.090687
000000017.306381	-00000004.799484	000000000.125383
000000022.442408	-00000006.223830	000000000.162594
000000017.197031	-00000004.769159	000000000.373822
000000008.756422	-00000002.469566	-00000000.190576
000000009.229721	-00000002.603050	-00000000.066950
000000012.669121	-00000003.632812	000000000.092013
000000017.311901	-00000004.964108	000000000.125732
000000021.916231	-00000006.284379	000000000.159173
000000017.462294	-00000005.007232	000000000.380524
000000020.624151	-00000005.913880	000000000.449424
000000008.580963	-00000002.501123	-00000000.187225
000000009.293056	-00000002.708679	-00000000.067579
000000010.537172	-00000003.121253	000000000.076724
000000017.498034	-00000005.183154	000000000.127408
000000020.633299	-00000006.111861	000000000.150237
000000017.571312	-00000005.204859	000000000.383875
000000020.590931	-00000006.099311	000000000.449843
000000008.166292	-00000002.457775	-00000000.178639
000000009.115858	-00000002.743562	-00000000.066462
000000009.400247	-00000002.873944	000000000.068626
000000017.337381	-00000005.300570	000000000.126570
000000020.732182	-00000006.338464	000000000.151354
000000037.029560	-00000011.321073	000000000.811100
000000008.173179	-00000002.537839	-00000000.179267
000000009.053368	-00000002.811146	-00000000.066182
000000012.121447	-00000003.821877	000000000.088732
000000020.485340	-00000006.459003	000000000.149957
000000020.624372	-00000006.502840	000000000.452985
000000031.303663	-00000009.870007	000000000.687540
000000007.855542	-00000002.514579	-00000000.172775
000000008.685637	-00000002.780295	-00000000.063669
000000009.795644	-00000003.182797	000000000.071907
000000011.935469	-00000003.878069	000000000.087615
000000017.223215	-00000005.596161	000000000.126431
000000011.999701	-00000003.898939	000000000.264293
000000030.959610	-00000010.059387	000000000.681885
000000007.937743	-00000002.617475	-00000000.175079
000000009.078903	-00000002.993773	-00000000.066741
000000009.245931	-00000003.093645	000000000.068067
000000012.147731	-00000004.064574	000000000.089430
000000012.353947	-00000004.133573	000000000.272880
000000030.937016	-00000010.351380	000000000.683351
000000007.810460	-00000002.651294	-00000000.172775
000000008.408535	-00000002.854313	-00000000.061994
000000009.237492	-00000003.180723	000000000.068207
000000011.449950	-00000003.942534	000000000.084543
000000012.336311	-00000004.247733	000000000.273299
000000007.645444	-00000002.669909	-00000000.169634
000000008.175611	-00000002.855051	-00000000.060458
000000009.209383	-00000003.261214	000000000.068207
000000012.065517	-00000004.272624	000000000.089360
000000012.138559	-00000004.298490	000000000.269738
000000007.386611	-00000002.652064	-00000000.164398
000000008.056271	-00000002.892497	-00000000.059760
000000009.274540	-00000003.375657	000000000.068905
000000011.783459	-00000004.288828	000000000.087545
000000012.063007	-00000004.390575	000000000.268901
000000007.381947	-00000002.723344	-00000000.164817
000000007.965050	-00000002.938462	-00000000.059271
000000011.989112	-00000004.482545	000000000.089360
000000018.142899	-00000006.783352	000000000.135227
000000027.115999	-00000010.138257	000000000.202107
000000012.108516	-00000004.527188	000000000.270785
000000007.227010	-00000002.738069	-00000000.161885
000000007.630517	-00000002.890944	-00000000.056967
000000009.512952	-00000003.651680	000000000.071139
000000012.052230	-00000004.626418	000000000.090128
000000014.563500	-00000005.590404	000000000.108908
000000012.208553	-00000004.686425	000000000.273927
000000025.005135	-00000009.598572	000000000.561047
000000006.904664	-00000002.685077	-00000000.155183
000000007.763436	-00000003.019035	-00000000.058154
000000014.179218	-00000005.585342	000000000.106394
000000024.748505	-00000009.748695	000000000.185702
000000011.869525	-00000004.675530	000000000.267225
000000024.492521	-00000009.647861	000000000.551414
000000006.890255	-00000002.748933	-00000000.155393
000000006.789433	-00000002.708709	-00000000.051033
000000007.853056	-00000003.172841	000000000.059131
000000011.339182	-00000004.581327	000000000.085381
000000013.527283	-00000005.465377	000000000.101857
000000023.675083	-00000009.565354	000000000.534869
000000006.662430	-00000002.725672	-00000000.150785
000000007.126488	-00000002.915523	-00000000.053756
000000009.255179	-00000003.786394	-00000000.069813
000000014.393692	-00000005.962062	000000000.108768
000000013.919810	-00000005.765774	000000000.315602
000000024.440491	-00000010.123583	000000000.554136
000000006.453991	-00000002.706383	-00000000.146597
000000007.008556	-00000002.938932	-00000000.053058
000000013.098464	-00000005.559968	000000000.099343
000000014.025417	-00000005.953436	000000000.319162
000000006.567916	-00000002.821800	-00000000.149738
000000007.212335	-00000003.098664	-00000000.054803
000000007.446346	-00000003.237763	000000000.056688
000000013.957314	-00000006.068813	000000000.106255
000000014.101291	-00000006.131416	000000000.322094
000000006.524740	-00000002.870954	-00000000.149319
000000007.212479	-00000003.173567	-00000000.055012
000000013.392250	-00000005.962614	000000000.102345
000000013.901113	-00000006.189174	000000000.318744
000000006.736444	-00000003.034547	-00000000.154764
000000007.284801	-00000003.281564	-00000000.055780
000000007.315910	-00000003.334052	000000000.056129
000000013.994864	-00000006.377827	000000000.107372
000000013.955745	-00000006.359999	000000000.321257
000000006.264814	-00000002.888119	-00000000.144503
000000006.393172	-00000002.947293	-00000000.049148
000000007.141531	-00000003.330151	000000000.055012
000000011.074812	-00000005.164269	000000000.085311
000000013.993051	-00000006.525067	000000000.107791
000000011.063591	-00000005.159037	000000000.255707
000000006.176074	-00000002.912826	-00000000.143037
000000007.063622	-00000003.331421	-00000000.054524
000000007.337840	-00000003.499970	000000000.056758
000000011.119579	-00000005.303767	000000000.086009
000000010.882792	-00000005.190825	000000000.252566
000000006.096390	-00000002.940549	-00000000.141780
000000006.665005	-00000003.214817	-00000000.051661
000000007.405882	-00000003.612090	000000000.057526
000000010.902106	-00000005.317312	000000000.084683
000000007.638074	-00000003.725338	000000000.178011
000000010.702290	-00000005.219855	000000000.249424
000000006.007730	-00000002.962684	-00000000.140314
000000006.816067	-00000003.361312	-00000000.053058
000000007.284588	-00000003.631962	000000000.056827
000000010.873187	-00000005.421171	000000000.084822
000000010.405804	-00000005.188142	000000000.243560
000000005.954864	-00000003.001498	-00000000.139686
000000006.679320	-00000003.366654	-00000000.052220
000000007.448633	-00000003.795268	000000000.058363
000000010.353244	-00000005.275241	000000000.081122
000000007.456089	-00000003.799067	000000000.175288
000000010.395765	-00000005.296907	000000000.244398
000000005.946220	-00000003.062505	-00000000.140105
000000006.578567	-00000003.388185	-00000000.051661
000000009.770061	-00000005.031911	-00000000.076724
000000007.353140	-00000003.827803	000000000.057875
000000010.430993	-00000005.430031	000000000.082100
000000010.393487	-00000005.410507	000000000.245445
000000005.733462	-00000003.016521	-00000000.135707
000000006.725742	-00000003.538584	-00000000.053058
000000009.991267	-00000005.256660	-00000000.078818
000000007.345945	-00000003.905908	000000000.058084
000000010.303747	-00000005.478600	000000000.081471
000000010.310566	-00000005.482225	000000000.244607
000000005.469132	-00000002.938670	-00000000.130052
000000005.893015	-00000003.166431	-00000000.046705
000000008.394684	-00000004.510626	-00000000.066531
000000010.176455	-00000005.525364	000000000.080843
000000010.350195	-00000005.619697	000000000.246702
000000005.513402	-00000003.024756	-00000000.131728
000000005.882693	-00000003.227356	-00000000.046844
000000010.145342	-00000005.623655	000000000.080983
000000010.213318	-00000005.661335	000000000.244607
000000005.382120	-00000003.014132	-00000000.129215
000000005.967727	-00000003.342088	-00000000.047752
000000010.261244	-00000005.805532	000000000.082309
000000010.476785	-00000005.927479	000000000.252147
000000005.381652	-00000003.075867	-00000000.129843
000000005.756018	-00000003.289835	-00000000.046286
000000007.508257	-00000004.334894	000000000.060528
000000010.469992	-00000006.044853	000000000.084403
000000015.873858	-00000009.164777	000000000.127966
000000010.268808	-00000005.928699	000000000.248377
000000005.371878	-00000003.132787	-00000000.130262
000000005.908491	-00000003.445730	-00000000.047752
000000008.176661	-00000004.816422	000000000.066252
000000010.270370	-00000006.049710	000000000.083217
000000010.294210	-00000006.063753	000000000.250262
000000015.893572	-00000009.362029	000000000.386388
000000005.602101	-00000003.332900	-00000000.136545
000000005.981323	-00000003.558513	-00000000.048590
000000008.245749	-00000004.954545	000000000.067160
000000015.874352	-00000009.538273	000000000.129293
000000010.309461	-00000006.194549	000000000.251937
000000016.325455	-00000009.809323	000000000.398953
000000005.299291	-00000003.215689	-00000000.129843
000000006.095373	-00000003.698763	-00000000.049776
000000015.995140	-00000009.801834	000000000.130968
000000015.616941	-00000009.570074	000000000.383665
000000005.330539	-00000003.298638	-00000000.131309
000000006.088374	-00000003.767600	-00000000.049986
000000010.591863	-00000006.618530	000000000.087196
000000015.696988	-00000009.808567	000000000.129223
000000015.405655	-00000009.626521	000000000.380524
000000005.200086	-00000003.281010	-00000000.128796
000000005.826922	-00000003.676514	-00000000.048101
000000008.239734	-00000005.249290	000000000.068207
000000015.374651	-00000009.794733	000000000.127268
000000015.110260	-00000009.626297	000000000.375288
000000005.415103	-00000003.483112	-00000000.134869
000000005.584363	-00000003.591983	-00000000.046356
000000007.170459	-00000004.656550	000000000.059690
000000008.285863	-00000005.380903	000000000.068975
000000015.288591	-00000009.928528	000000000.127268
000000015.008910	-00000009.746901	000000000.374869
000000005.200559	-00000003.409636	-00000000.130262
000000005.686607	-00000003.728303	-00000000.047473
000000008.146867	-00000005.392293	000000000.068207
000000015.076288	-00000009.978778	000000000.126221
000000014.939957	-00000009.888541	000000000.375288
000000005.594563	-00000003.738168	-00000000.140942
000000005.720372	-00000003.822230	-00000000.048031
000000008.082919	-00000005.451998	000000000.068067
000000015.137857	-00000010.210613	000000000.127478
000000014.513265	-00000009.789320	000000000.366702
000000005.165053	-00000003.516759	-00000000.130890
000000006.678682	-00000004.547353	-00000000.056409
000000008.125686	-00000005.584629	000000000.068835
000000013.334037	-00000009.164229	000000000.112957
000000014.899838	-00000010.240376	000000000.126221
000000013.990593	-00000009.615468	000000000.355602
000000005.339534	-00000003.704166	-00000000.136126
000000005.915714	-00000004.103877	-00000000.050265
000000008.207704	-00000005.747096	000000000.069952
000000014.859056	-00000010.404423	000000000.126640
000000005.372459	-00000003.761836	000000000.137382
000000013.373819	-00000009.364449	000000000.341990
000000005.315171	-00000003.756391	-00000000.136335
000000005.683687	-00000004.016833	-00000000.048590
000000007.888587	-00000005.626874	000000000.067648
000000013.310465	-00000009.494262	000000000.114144
000000005.453378	-00000003.889856	000000000.140314
000000013.153221	-00000009.382102	000000000.338430
000000004.332855	-00000003.119209	-00000000.111833
000000004.414855	-00000003.178241	-00000000.037978
000000005.274662	-00000003.832266	000000000.045518
000000007.968624	-00000005.789544	000000000.068765
000000013.008677	-00000009.451357	000000000.112259
000000005.354518	-00000003.890285	000000000.138639
000000013.070848	-00000009.496527	000000000.338430
000000004.877920	-00000003.576639	-00000000.126702
000000005.515947	-00000004.044459	-00000000.047752
000000005.176712	-00000003.830565	000000000.044959
000000006.655772	-00000004.925013	000000000.057805
000000013.126662	-00000009.713220	000000000.114004
000000005.256071	-00000003.889288	000000000.136963
000000004.574156	-00000003.415684	-00000000.119581
000000005.304171	-00000003.960812	-00000000.046216
000000005.318783	-00000004.007990	000000000.046495
000000013.320916	-00000010.038030	000000000.116447
000000005.445500	-00000004.103478	000000000.142827
000000004.615799	-00000003.509935	-00000000.121466
000000005.380843	-00000004.091688	-00000000.047193
000000005.315338	-00000004.078602	000000000.046774
000000005.211188	-00000003.998686	000000000.137592
000000004.711476	-00000003.648015	-00000000.124817
000000005.408185	-00000004.187464	-00000000.047752
000000005.358343	-00000004.186396	000000000.047473
000000005.042163	-00000003.939369	000000000.134031
000000004.954263	-00000003.905626	-00000000.132147
000000005.332172	-00000004.203546	-00000000.047403
000000005.188566	-00000004.127172	000000000.046286
000000005.124959	-00000004.076577	000000000.137173
000000004.452164	-00000003.573239	-00000000.119581
000000005.030132	-00000004.037108	-00000000.045029
000000005.059097	-00000004.096776	000000000.045448
000000005.143578	-00000004.165187	000000000.138639
000000004.482750	-00000003.662560	-00000000.121257
000000005.056661	-00000004.131465	-00000000.045588
000000005.115746	-00000004.217096	000000000.046286
000000005.114749	-00000004.216274	000000000.138848
000000004.565919	-00000003.797435	-00000000.124398
000000004.882027	-00000004.060338	-00000000.044331
000000005.155354	-00000004.325855	000000000.046984
000000004.901609	-00000004.112938	000000000.134031
000000004.570760	-00000003.869434	-00000000.125445
000000005.067740	-00000004.290159	-00000000.046356
000000005.018557	-00000004.286252	000000000.046076
000000005.192434	-00000004.434757	000000000.143037
000000004.529245	-00000003.902647	-00000000.125236
000000004.999807	-00000004.308109	-00000000.046076
000000005.154541	-00000004.480774	000000000.047682
000000005.213899	-00000004.532373	000000000.144712
000000004.532600	-00000003.974983	-00000000.126283
000000004.789103	-00000004.199930	-00000000.044471
000000004.928009	-00000004.359934	000000000.045937
000000005.121734	-00000004.531327	000000000.143246
000000004.557411	-00000004.067645	-00000000.127958
000000004.714968	-00000004.208270	-00000000.044122
000000011.690434	-00000010.434112	-00000000.109396
000000005.038399	-00000004.536595	000000000.047333
000000004.985408	-00000004.488882	000000000.140524
000000004.432934	-00000004.026594	-00000000.125445
000000004.900125	-00000004.450960	-00000000.046216
000000007.313177	-00000006.642822	-00000000.068975
000000005.020736	-00000004.600657	000000000.047542
000000005.019757	-00000004.599760	000000000.142618
000000004.023205	-00000003.719012	-00000000.114764
000000004.728922	-00000004.371370	-00000000.044959
000000004.980397	-00000004.644296	000000000.047542
000000005.096417	-00000004.752486	000000000.145969
000000010.419504	-00000009.716345	000000000.298429
000000004.354703	-00000004.096496	-00000000.125236
000000004.756147	-00000004.474136	-00000000.045588
000000010.553838	-00000009.928060	-00000000.101158
000000004.990454	-00000004.735764	000000000.048031
000000005.062003	-00000004.803661	000000000.146178
000000010.414091	-00000009.882604	000000000.300733
000000003.769913	-00000003.608906	-00000000.109319
000000004.832497	-00000004.626110	-00000000.046705
000000007.469061	-00000007.150071	-00000000.072186
000000008.516463	-00000008.152740	-00000000.082309
000000004.956131	-00000004.786079	000000000.048101
000000010.271922	-00000009.919479	000000000.099692
000000005.041466	-00000004.868487	000000000.146806
000000010.420948	-00000010.063392	000000000.303456
000000004.253901	-00000004.143966	-00000000.124398
000000005.164411	-00000005.030947	-00000000.050335
000000010.407614	-00000010.138648	-00000000.101438
000000010.455997	-00000010.275080	000000000.102345
000000004.870432	-00000004.786160	000000000.143037
000000010.297077	-00000010.118910	000000000.302409
000000003.791558	-00000003.758614	-00000000.111833
000000004.601889	-00000004.561904	-00000000.045239
000000006.945444	-00000006.885096	-00000000.068277
000000010.403962	-00000010.313564	-00000000.102275
000000010.189160	-00000010.189160	000000000.100600
000000004.835550	-00000004.835550	000000000.143246
000000010.321495	-00000010.321495	000000000.305759
000000004.173892	-00000004.210475	-00000000.124189
000000004.118386	-00000004.154483	-00000000.040840
000000006.863976	-00000006.924139	-00000000.068067
000000010.285404	-00000010.375555	-00000000.101996
000000010.387222	-00000010.570114	000000000.103462
000000004.681047	-00000004.763468	000000000.139895
000000010.504326	-00000010.689280	000000000.313927
000000004.178848	-00000004.289708	-00000000.125445
000000004.493661	-00000004.612872	-00000000.044959
000000006.963779	-00000007.148519	-00000000.069673
000000010.271225	-00000010.543708	-00000000.102764
000000010.523818	-00000010.897732	000000000.105766
000000010.452315	-00000010.823689	000000000.315183
000000023.217337	-00000024.042255	000000000.700105
000000004.307181	-00000004.499341	-00000000.130471
000000005.096327	-00000005.323693	-00000000.051452
000000006.534639	-00000006.826173	-00000000.065973
000000010.178824	-00000010.632938	-00000000.102764
000000010.421434	-00000010.981900	000000000.105696
000000022.487995	-00000023.697401	000000000.228078
000000010.914909	-00000011.501914	000000000.332147
000000022.772657	-00000023.997374	000000000.692985
000000004.041693	-00000004.296446	-00000000.123560
000000004.597466	-00000004.887250	-00000000.046844
000000006.543338	-00000006.955773	-00000000.066671
000000011.017474	-00000011.711920	-00000000.112259
000000010.454780	-00000011.211379	000000000.107023
000000022.130308	-00000023.731850	000000000.226542
000000011.059587	-00000011.859955	000000000.339686
000000022.657835	-00000024.297554	000000000.695917
000000003.929394	-00000004.250795	-00000000.121257
000000004.242401	-00000004.589404	-00000000.043633
000000006.095482	-00000006.594055	-00000000.062692
000000009.156798	-00000009.905769	-00000000.094177
000000009.160780	-00000009.997237	000000000.094666
000000021.719696	-00000023.702890	000000000.224448
000000008.976624	-00000009.796267	000000000.278325
000000021.992393	-00000024.000486	000000000.681885
000000004.060205	-00000004.469937	-00000000.126492
000000004.020656	-00000004.426396	-00000000.041748
000000005.909960	-00000006.506359	-00000000.061365
000000008.626256	-00000009.496767	-00000000.089570
000000008.865765	-00000009.846429	000000000.092502
000000008.924245	-00000009.911378	000000000.279372
000000003.941155	-00000004.415691	-00000000.123979
000000004.028486	-00000004.513537	-00000000.042237
000000008.702861	-00000009.750732	-00000000.091245
000000008.799379	-00000009.945889	000000000.092711
000000020.971413	-00000023.703871	000000000.220957
000000008.738041	-00000009.876559	000000000.276231
000000003.836551	-00000004.374748	-00000000.121885
000000006.230666	-00000007.104713	-00000000.065973
000000008.505354	-00000009.698497	-00000000.090058
000000008.502317	-00000009.780798	000000000.090477
000000008.644961	-00000009.944891	000000000.276021
000000003.426237	-00000003.976344	-00000000.109948
000000008.635800	-00000010.022340	-00000000.092362
000000008.553022	-00000010.014302	000000000.091943
000000008.707189	-00000010.194807	000000000.280838
000000003.481844	-00000004.112921	-00000000.112880
000000004.910422	-00000005.800426	-00000000.053058
000000008.082814	-00000009.547806	-00000000.087336
000000007.983228	-00000009.514040	000000000.086707
000000008.437950	-00000010.055958	000000000.274974
000000007.810850	-00000009.475319	000000000.085730
000000007.815687	-00000009.481186	000000000.257382
000000007.639763	-00000009.434322	000000000.084753
000000007.650857	-00000009.448022	000000000.254660
000000007.793694	-00000009.798016	000000000.087405
000000007.580565	-00000009.530077	000000000.255079
000000007.787928	-00000009.968093	000000000.088313
000000007.570975	-00000009.690407	000000000.257592
000000007.219734	-00000009.408941	000000000.082798
000000007.346139	-00000009.573674	000000000.252775
000000007.558613	-00000010.030618	000000000.087685
000000007.454853	-00000009.892924	000000000.259477
000000006.614268	-00000008.938670	000000000.077632
000000007.702767	-00000010.409693	000000000.090407
000000007.332556	-00000009.909381	000000000.258220
000000006.782876	-00000009.335829	000000000.080564
000000006.734542	-00000009.269301	000000000.240000
000000007.072790	-00000009.915686	000000000.085032
000000007.338476	-00000010.288163	000000000.264712
000000007.249830	-00000010.353829	000000000.088243
000000007.059178	-00000010.081551	000000000.257801
000000006.932643	-00000010.087058	000000000.085451
000000007.180456	-00000010.447628	000000000.265550
000000006.972966	-00000010.337847	000000000.087056
000000006.960425	-00000010.319254	000000000.260733
000000006.865929	-00000010.373286	000000000.086847
000000007.112907	-00000010.746431	000000000.269948
000000007.129151	-00000010.977930	000000000.091385
000000007.035193	-00000010.833247	000000000.270576
000000006.990098	-00000010.972256	000000000.090826
000000006.838324	-00000010.734018	000000000.266597
000000006.772203	-00000010.837790	000000000.089221
000000007.062274	-00000011.302002	000000000.279162
000000006.572872	-00000010.725952	000000000.087824
000000006.879797	-00000011.226809	000000000.275812
000000014.684214	-00000023.962460	000000000.588691
000000005.212058	-00000008.674321	000000000.070650
000000006.262710	-00000010.422900	000000000.084892
000000006.585892	-00000010.960765	000000000.267854
000000005.141238	-00000008.728091	000000000.070720
000000006.247645	-00000010.606397	000000000.085939
000000014.877761	-00000025.257425	000000000.614032
000000006.124851	-00000010.608553	000000000.085520
000000003.379259	-00000005.853048	000000000.141571
000000006.133655	-00000010.623801	000000000.256963
