000000003.616201	000000004.196808	-00000000.038676
000000003.659280	000000004.172609	-00000000.038746
000000003.541714	000000003.968155	-00000000.111414
000000003.688895	000000004.133057	-00000000.038676
000000003.569485	000000003.929696	-00000000.111204
000000003.751715	000000004.130316	-00000000.038955
000000003.569709	000000003.861690	-00000000.110157
000000003.719738	000000004.023989	-00000000.038257
000000003.616973	000000003.844955	-00000000.110576
000000003.802673	000000004.042360	-00000000.038746
000000003.698783	000000003.863800	-00000000.112042
000000003.844719	000000004.016246	-00000000.038816
000000003.704455	000000003.802729	-00000000.111204
000000003.900554	000000004.004030	-00000000.039025
000000003.793807	000000003.827060	-00000000.112880
000000003.935347	000000003.969840	-00000000.039025
000000003.784458	000000003.751575	-00000000.111623
000000004.019551	000000003.984626	-00000000.039514
000000003.852859	000000003.753289	-00000000.112670
000000004.061333	000000003.956376	-00000000.039584
000000003.849355	000000003.684956	-00000000.111623
000000004.139045	000000003.962273	-00000000.040003
000000004.005162	000000003.767680	-00000000.115183
000000004.217165	000000003.967113	-00000000.040421
000000004.001180	000000003.698653	-00000000.114136
000000004.236938	000000003.916585	-00000000.040282
000000004.070307	000000003.697206	-00000000.115183
000000004.233944	000000003.845844	-00000000.039933
000000004.132251	000000003.688175	-00000000.116021
000000004.312107	000000003.848702	-00000000.040352
000000004.224413	000000003.704711	-00000000.117696
000000004.443265	000000003.896639	-00000000.041259
000000006.976903	000000006.118580	-00000000.064786
000000004.264155	000000003.674232	-00000000.117906
000000004.575581	000000003.942573	-00000000.042167
000000004.334209	000000003.669179	-00000000.118953
000000004.625076	000000003.915416	-00000000.042306
000000004.343004	000000003.612038	-00000000.118325
000000004.805144	000000003.996396	-00000000.043633
000000004.544688	000000003.713166	-00000000.122932
000000004.979223	000000004.068196	-00000000.044890
000000004.576918	000000003.673365	-00000000.122932
000000005.147112	000000004.130994	-00000000.046076
000000004.734423	000000003.732318	-00000000.126283
000000005.175113	000000004.079730	-00000000.046007
000000007.146210	000000005.633618	-00000000.063529
000000004.853769	000000003.758190	-00000000.128586
000000005.455625	000000004.224196	-00000000.048171
000000007.210913	000000005.583285	-00000000.063669
000000004.934130	000000003.752000	-00000000.129843
000000005.412682	000000004.115899	-00000000.047473
000000007.267321	000000005.526199	-00000000.063739
000000005.078835	000000003.792546	-00000000.132775
000000005.792924	000000004.325781	-00000000.050475
000000005.071424	000000003.718522	-00000000.131728
000000005.935288	000000004.351933	-00000000.051382
000000005.184820	000000003.732537	-00000000.133822
000000006.046079	000000004.352554	-00000000.052010
000000005.274347	000000003.727540	-00000000.135288
000000006.043000	000000004.270771	-00000000.051661
000000009.203326	000000006.504268	-00000000.078679
000000005.479183	000000003.801045	-00000000.139686
000000006.219716	000000004.314770	-00000000.052848
000000005.503880	000000003.747459	-00000000.139477
000000005.976098	000000004.068981	-00000000.050475
000000009.548419	000000006.440490	000000000.241257
000000005.602876	000000003.743722	-00000000.141152
000000006.269128	000000004.188898	-00000000.052639
000000005.660416	000000003.711131	-00000000.141780
000000005.954212	000000003.903753	-00000000.049707
000000005.751445	000000003.699454	-00000000.143246
000000006.206717	000000003.992294	-00000000.051522
000000015.703567	000000010.004275	000000000.129991
000000005.859608	000000003.697138	-00000000.145131
000000006.698001	000000004.226124	-00000000.055292
000000008.567014	000000005.405384	-00000000.070720
000000009.523348	000000005.950848	000000000.078400
000000006.053180	000000003.745821	-00000000.149110
000000006.615579	000000004.093845	-00000000.054314
000000009.453706	000000005.793238	000000000.232251
000000006.017260	000000003.651363	-00000000.147435
000000006.428781	000000003.901080	-00000000.052499
000000008.813927	000000005.348422	-00000000.071977
000000009.600039	000000005.768286	000000000.078190
000000009.675297	000000005.813505	000000000.236440
000000006.109040	000000003.634497	-00000000.148901
000000006.668831	000000003.967538	-00000000.054175
000000009.546618	000000005.623388	000000000.077352
000000009.613672	000000005.662886	000000000.233717
000000006.226888	000000003.631414	-00000000.150995
000000006.694562	000000003.904153	-00000000.054105
000000009.526048	000000005.499866	000000000.076794
000000009.662724	000000005.578776	000000000.233717
000000006.371182	000000003.641430	-00000000.153717
000000006.980148	000000003.989483	-00000000.056129
000000009.434426	000000005.337741	000000000.075677
000000009.545709	000000005.400702	000000000.229738
000000006.463778	000000003.619889	-00000000.155183
000000006.901275	000000003.864900	-00000000.055222
000000009.646820	000000005.347320	000000000.077003
000000010.029688	000000005.559547	000000000.240210
000000006.538947	000000003.587389	-00000000.156230
000000007.118848	000000003.905534	-00000000.056688
000000009.420691	000000005.115017	000000000.074839
000000010.148111	000000005.509975	000000000.241885
000000006.702108	000000003.601173	-00000000.159372
000000007.143849	000000003.838529	-00000000.056618
000000009.676869	000000005.145283	000000000.076515
000000012.067246	000000006.416269	000000000.286283
000000006.830606	000000003.593756	-00000000.161675
000000007.327519	000000003.855194	-00000000.057805
000000009.659313	000000005.028320	000000000.076026
000000012.920913	000000006.726202	000000000.305131
000000006.941701	000000003.575211	-00000000.163560
000000007.458673	000000003.841469	-00000000.058573
000000008.072323	000000004.113054	000000000.063250
000000009.800833	000000004.993774	000000000.076794
000000013.070747	000000006.659878	000000000.102415
000000012.498079	000000006.368090	000000000.293822
000000007.088698	000000003.572998	-00000000.166283
000000007.536558	000000003.798738	-00000000.058922
000000012.484030	000000006.224308	000000000.097389
000000007.227209	000000003.564065	-00000000.168796
000000007.560453	000000003.728403	-00000000.058852
000000012.645723	000000006.167732	000000000.098226
000000012.787034	000000006.236653	000000000.298011
000000007.357091	000000003.548639	-00000000.171100
000000007.727802	000000003.727449	-00000000.059899
000000009.576196	000000004.567611	000000000.074071
000000012.633423	000000006.025834	000000000.293194
000000007.541502	000000003.556803	-00000000.174660
000000007.949967	000000003.749448	-00000000.061365
000000013.268023	000000006.186981	000000000.102206
000000013.084214	000000006.101269	000000000.302409
000000014.588356	000000006.802662	000000000.337173
000000007.690286	000000003.545270	-00000000.177382
000000008.173089	000000003.767846	-00000000.062831
000000012.927713	000000005.891499	000000000.297592
000000007.903243	000000003.560152	-00000000.181571
000000008.269480	000000003.725129	-00000000.063320
000000012.780190	000000005.690107	000000000.097668
000000013.617975	000000006.063113	000000000.312251
000000008.025521	000000003.531314	-00000000.183665
000000008.466425	000000003.725316	-00000000.064577
000000012.600099	000000005.478679	000000000.095923
000000008.221377	000000003.532183	-00000000.187435
000000008.691553	000000003.734186	-00000000.066043
000000009.950416	000000004.223701	000000000.075467
000000012.702658	000000005.391958	000000000.096341
000000012.562135	000000005.332310	000000000.285864
000000008.417849	000000003.529897	-00000000.191204
000000008.917466	000000003.739404	-00000000.067509
000000012.582932	000000005.212021	000000000.095085
000000008.642653	000000003.535803	-00000000.195602
000000009.060821	000000003.706880	-00000000.068347
000000012.739196	000000005.146969	000000000.095923
000000015.798829	000000006.383141	000000000.118961
000000015.471305	000000006.250813	000000000.349529
000000008.803183	000000003.512114	-00000000.198534
000000009.315733	000000003.716600	-00000000.070022
000000015.649241	000000006.164400	000000000.117425
000000016.213621	000000006.386715	000000000.365026
000000009.094402	000000003.536619	-00000000.204398
000000009.459649	000000003.678656	-00000000.070860
000000012.603028	000000004.837850	000000000.094247
000000012.656574	000000004.858404	000000000.283979
000000009.349301	000000003.542133	-00000000.209424
000000009.715818	000000003.680994	-00000000.072535
000000012.513636	000000004.678657	000000000.093270
000000009.548694	000000003.522699	-00000000.213194
000000009.925822	000000003.661829	-00000000.073862
000000012.685541	000000004.617159	000000000.094247
000000012.579725	000000004.578645	000000000.280419
000000009.870770	000000003.543969	-00000000.219686
000000010.239745	000000003.676444	-00000000.075956
000000012.621662	000000004.469565	000000000.093479
000000012.572080	000000004.452007	000000000.279372
000000009.939076	000000003.470881	-00000000.220524
000000010.271439	000000003.586947	-00000000.075956
000000012.659925	000000004.421044	-00000000.093619
000000012.679095	000000004.365763	000000000.093619
000000012.629357	000000004.348637	000000000.279791
000000010.413947	000000003.535059	-00000000.230367
000000012.688554	000000004.307184	-00000000.093549
000000012.669295	000000004.239087	000000000.093270
000000012.723712	000000004.257295	000000000.281047
000000010.045613	000000003.312546	-00000000.221571
000000012.773142	000000004.211950	-00000000.093898
000000015.660157	000000005.163945	-00000000.115121
000000013.038667	000000004.236520	000000000.095713
000000013.863363	000000004.504479	000000000.305340
000000019.054993	000000006.191343	000000000.419686
000000009.969398	000000003.191229	-00000000.219267
000000011.197719	000000003.584418	-00000000.246283
000000013.923928	000000004.390198	000000000.101926
000000013.835398	000000004.362284	000000000.303875
000000010.035058	000000003.115968	-00000000.220105
000000013.857002	000000004.302713	-00000000.101298
000000013.770452	000000004.210050	000000000.100530
000000013.806012	000000004.220922	000000000.302409
000000011.459616	000000003.448953	-00000000.250681
000000013.855721	000000004.170098	-00000000.101019
000000013.806667	000000004.089721	000000000.100530
000000013.823149	000000004.094603	000000000.301990
000000010.078313	000000002.937560	-00000000.219895
000000014.409997	000000004.200131	-00000000.104789
000000013.861056	000000003.974594	000000000.100670
000000021.791271	000000006.248547	000000000.158265
000000014.588753	000000004.183258	000000000.317906
000000021.767801	000000006.241817	000000000.474346
000000012.335970	000000003.479103	-00000000.268482
000000014.831074	000000004.182796	-00000000.107581
000000014.723914	000000004.083303	000000000.106674
000000022.008783	000000006.103576	000000000.159452
000000014.682508	000000004.071820	000000000.319162
000000010.128045	000000002.761222	-00000000.219895
000000015.716003	000000004.284674	-00000000.113725
000000022.015909	000000006.002226	-00000000.159312
000000021.877686	000000005.862108	000000000.158126
000000021.902393	000000005.868729	000000000.474974
000000021.986095	000000005.685991	000000000.158544
000000022.610970	000000005.847594	000000000.489215
000000010.058411	000000002.554511	-00000000.217382
000000016.040380	000000004.073738	-00000000.115540
000000022.607338	000000005.636642	000000000.162663
000000016.832949	000000004.118996	-00000000.120985
000000027.109013	000000006.508298	000000000.194638
000000027.094007	000000006.504695	000000000.583665
000000010.140388	000000002.387744	-00000000.218220
000000016.021431	000000003.772546	-00000000.114912
000000027.116058	000000006.260235	000000000.194288
000000027.110771	000000006.259015	000000000.582828
000000017.009556	000000003.848870	-00000000.121753
000000027.179419	000000006.025532	000000000.194358
000000027.154598	000000006.020030	000000000.582618
000000010.102354	000000002.193436	-00000000.216545
000000016.465942	000000003.575107	-00000000.117634
000000017.404062	000000003.778792	-00000000.124336
000000030.742430	000000006.534505	000000000.219421
000000030.531071	000000006.489579	000000000.653822
000000046.745201	000000009.935999	000000001.001048
000000046.751751	000000009.511751	000000000.999372
000000010.099873	000000002.008990	-00000000.215707
000000016.584675	000000003.298897	-00000000.118053
000000018.761965	000000003.731987	-00000000.133552
000000030.743814	000000005.975992	000000000.218653
000000031.130384	000000006.051134	000000000.664294
000000046.940933	000000009.124393	000000001.001676
000000019.678003	000000003.735986	-00000000.139835
000000030.666973	000000005.683788	000000000.217746
000000030.680655	000000005.686323	000000000.653613
000000010.015338	000000001.811068	-00000000.213194
000000030.636623	000000005.402063	000000000.217187
000000030.591267	000000005.394065	000000000.650681
000000033.692730	000000005.940938	000000000.716650
000000031.234903	000000005.226930	000000000.221097
000000048.514610	000000008.118562	000000001.030367
000000010.005949	000000001.629572	-00000000.212356
000000031.279327	000000004.954159	000000000.221097
000000031.115234	000000004.928169	000000000.659896
000000034.199337	000000005.111125	000000000.241412
000000035.633373	000000005.325443	000000000.251535
000000009.914132	000000001.437481	-00000000.209843
000000035.293121	000000005.117259	-00000000.747016
000000035.577103	000000005.158434	-00000000.250976
000000035.599270	000000005.003151	000000000.250976
000000047.205627	000000006.634318	000000000.998535
000000038.576180	000000005.078650	000000000.271641
000000047.113037	000000006.202549	000000000.995393
000000009.858366	000000001.254143	-00000000.208168
000000038.966412	000000004.784473	000000000.274084
000000047.185219	000000005.793616	000000000.995812
000000044.123451	000000005.027232	000000000.310038
000000047.591587	000000005.422377	000000001.003351
000000009.838999	000000001.077546	-00000000.207330
000000046.234200	000000004.859410	000000000.324559
000000053.712292	000000005.645389	000000001.131310
000000009.748553	000000000.981628	-00000000.205236
000000046.722759	000000004.498890	000000000.327700
000000009.836395	000000000.903838	-00000000.206911
000000046.820011	000000004.096220	000000000.328119
000000047.488148	000000004.154675	000000000.998535
000000047.282639	000000003.721224	000000000.331121
000000055.855915	000000004.395956	000000000.391160
000000055.854996	000000004.395884	000000001.173613
000000009.870611	000000000.733513	-00000000.207330
000000063.972221	000000004.473373	000000000.447708
000000059.721035	000000004.176102	000000001.254032
000000072.013672	000000004.404545	000000000.503698
000000068.127716	000000004.166870	000000001.429739
000000009.802055	000000000.556601	-00000000.205655
000000015.205134	000000000.863410	-00000000.106325
000000080.861267	000000004.237760	000000001.696127
000000009.776581	000000000.469603	-00000000.205026
000000009.810277	000000000.385447	-00000000.205655
000000014.898142	000000000.585350	-00000000.104091
000000009.773294	000000000.298601	-00000000.204817
000000009.775528	000000000.213303	-00000000.204817
000000014.966073	000000000.326561	-00000000.104509
000000009.817753	000000000.042838	-00000000.205655
000000015.159486	000000000.066146	-00000000.105836
000000009.837749	-00000000.042926	-00000000.206073
000000009.777018	-00000000.127988	-00000000.204817
000000015.148333	-00000000.198303	-00000000.105766
000000010.255309	-00000000.223772	-00000000.214869
000000048.222298	-00000001.262745	000000000.336776
000000009.813267	-00000000.299822	-00000000.205655
000000015.002634	-00000000.458372	-00000000.104789
000000031.919765	-00000001.114663	000000000.222981
000000031.903551	-00000001.114097	000000000.668691
000000010.229861	-00000000.401932	-00000000.214450
000000039.581326	-00000001.728158	000000000.276598
000000039.813328	-00000001.738287	000000000.834765
000000009.766595	-00000000.469123	-00000000.204817
000000015.182125	-00000000.729250	-00000000.106115
000000031.905437	-00000001.672093	000000000.223051
000000039.574726	-00000002.074023	000000000.276667
000000031.829327	-00000001.668104	000000000.667644
000000010.261215	-00000000.582674	-00000000.215288
000000039.624985	-00000002.423568	000000000.277156
000000039.846783	-00000002.437134	000000000.836231
000000009.677109	-00000000.634271	-00000000.203141
000000015.097238	-00000000.989525	-00000000.105626
000000039.871666	-00000002.788098	000000000.279041
000000040.083305	-00000002.802898	000000000.841676
000000064.448456	-00000004.506675	000000001.353299
000000010.379098	-00000000.771300	-00000000.218011
000000051.808533	-00000004.077420	000000000.362816
000000009.784126	-00000000.812998	-00000000.205655
000000015.147427	-00000001.258654	-00000000.106115
000000060.636894	-00000005.305041	000000000.424949
000000060.535435	-00000005.296164	000000001.272880
000000010.274453	-00000000.944090	-00000000.216126
000000009.828134	-00000000.989641	-00000000.206911
000000015.491282	-00000001.559890	-00000000.108698
000000037.681515	-00000003.960487	000000000.264520
000000038.211094	-00000004.016148	000000000.804817
000000058.276146	-00000006.125070	000000001.227435
000000010.246473	-00000001.122171	-00000000.215916
000000057.407181	-00000006.540722	000000000.403377
000000057.376122	-00000006.537183	000000001.209634
000000009.829221	-00000001.163365	-00000000.207330
000000015.253160	-00000001.805330	-00000000.107232
000000056.156895	-00000006.895200	000000000.395000
000000056.066559	-00000006.884108	000000001.183247
000000010.294753	-00000001.309658	-00000000.217382
000000036.692478	-00000004.830657	000000000.258376
000000055.073418	-00000007.250553	000000000.387809
000000009.847047	-00000001.340124	-00000000.208168
000000015.268871	-00000002.078002	-00000000.107581
000000025.137655	-00000003.421085	-00000000.177115
000000027.677319	-00000003.889793	000000000.195126
000000053.056828	-00000007.456651	000000001.122304
000000010.369271	-00000001.503473	-00000000.219477
000000024.483379	-00000003.549921	-00000000.172716
000000027.582979	-00000004.122304	000000000.194707
000000027.725924	-00000004.143667	000000000.587225
000000009.871566	-00000001.519379	-00000000.209215
000000015.289580	-00000002.353292	-00000000.108000
000000024.372400	-00000003.751271	-00000000.172158
000000027.545956	-00000004.362851	000000000.194707
000000027.619583	-00000004.374512	000000000.585759
000000010.361189	-00000001.687427	-00000000.219895
000000023.529421	-00000003.832009	-00000000.166433
000000027.526560	-00000004.606367	000000000.194847
000000009.833692	-00000001.689737	-00000000.209005
000000015.453143	-00000002.655336	-00000000.109466
000000022.322300	-00000003.835673	-00000000.158126
000000023.406385	-00000004.021953	-00000000.165805
000000027.603489	-00000004.867240	000000000.195685
000000038.406567	-00000006.772114	000000000.272269
000000010.310484	-00000001.864439	-00000000.219477
000000022.012455	-00000003.980500	-00000000.156171
000000023.243580	-00000004.307943	000000000.165037
000000023.268539	-00000004.312569	000000000.495707
000000009.881284	-00000001.876020	-00000000.210681
000000015.129367	-00000002.872400	-00000000.107511
000000018.037350	-00000003.424498	-00000000.128176
000000022.094770	-00000004.194823	-00000000.157009
000000026.228439	-00000005.098292	000000000.186539
000000039.332844	-00000007.645530	000000000.279739
000000010.090067	-00000002.007039	-00000000.215497
000000017.241785	-00000003.429604	-00000000.122731
000000020.497913	-00000004.077288	-00000000.145908
000000022.057323	-00000004.387475	-00000000.157009
000000026.222147	-00000005.334956	000000000.186819
000000037.079449	-00000007.543899	000000000.264171
000000009.847037	-00000002.048187	-00000000.210681
000000015.194416	-00000003.160443	-00000000.108349
000000018.865747	-00000003.924081	-00000000.134529
000000037.041546	-00000007.873424	000000000.264380
000000010.248906	-00000002.225255	-00000000.219686
000000016.163010	-00000003.509333	-00000000.115470
000000037.215496	-00000008.250477	000000000.266126
000000009.887802	-00000002.237381	-00000000.212356
000000015.136945	-00000003.425141	-00000000.108349
000000019.496618	-00000004.411634	-00000000.139555
000000010.218241	-00000002.406076	-00000000.219895
000000015.009143	-00000003.534184	-00000000.107651
000000019.593647	-00000004.613691	-00000000.140533
000000046.905983	-00000011.261130	000000000.336776
000000009.847249	-00000002.409606	-00000000.212356
000000014.453218	-00000003.536680	-00000000.103881
000000044.622814	-00000011.125717	000000000.321068
000000033.322346	-00000008.308194	000000000.719372
000000046.020733	-00000011.474257	000000000.993508
000000010.320045	-00000002.620958	-00000000.223037
000000013.801512	-00000003.505137	-00000000.099413
000000015.538390	-00000004.018501	000000000.112049
000000015.719269	-00000004.065279	000000000.340105
000000044.244324	-00000011.442360	000000000.957278
000000009.842369	-00000002.591280	-00000000.213194
000000013.315899	-00000003.505784	-00000000.096132
000000015.356316	-00000004.042981	-00000000.110862
000000015.589663	-00000004.177238	000000000.112678
000000015.596280	-00000004.179011	000000000.338220
000000010.185920	-00000002.777001	-00000000.221152
000000013.072550	-00000003.563986	-00000000.094596
000000015.330097	-00000004.179464	-00000000.110932
000000015.494800	-00000004.297088	000000000.112259
000000015.674829	-00000004.347015	000000000.340733
000000009.843758	-00000002.776227	-00000000.214241
000000013.089072	-00000003.691500	-00000000.094945
000000015.562449	-00000004.462460	000000000.113027
000000038.891701	-00000011.152016	000000000.282462
000000029.850239	-00000008.559419	000000000.650472
000000030.984282	-00000008.884600	000000000.675184
000000040.556347	-00000011.629346	000000000.883770
000000010.203092	-00000002.973930	-00000000.222618
000000013.056360	-00000003.805582	-00000000.094945
000000031.199234	-00000009.241634	000000000.227170
000000036.856133	-00000010.917283	000000000.268360
000000030.455023	-00000009.021189	000000000.665341
000000009.803380	-00000002.950483	-00000000.214450
000000012.065105	-00000003.631185	-00000000.087964
000000015.598458	-00000004.694603	-00000000.113725
000000035.650173	-00000010.899351	000000000.260261
000000030.021383	-00000009.178458	000000000.657592
000000038.100384	-00000011.648457	000000000.834555
000000010.054154	-00000003.121898	-00000000.220524
000000011.851508	-00000003.679991	-00000000.086637
000000014.372700	-00000004.462842	-00000000.105068
000000034.886116	-00000010.999551	000000000.255375
000000029.453856	-00000009.286765	000000000.646911
000000009.674219	-00000003.096742	-00000000.212775
000000012.114180	-00000003.877779	-00000000.088802
000000030.594740	-00000009.940834	000000000.224587
000000034.779289	-00000011.300476	000000000.255305
000000029.400219	-00000009.552710	000000000.647540
000000009.960158	-00000003.284368	-00000000.219686
000000012.345788	-00000004.071030	-00000000.090756
000000028.932650	-00000009.680729	000000000.212998
000000029.495878	-00000009.869184	000000000.651519
000000031.913574	-00000010.678132	000000000.704922
000000009.637635	-00000003.271536	-00000000.213194
000000012.271915	-00000004.165754	-00000000.090477
000000029.263088	-00000010.076089	000000000.216070
000000031.002800	-00000010.675120	000000000.228916
000000029.408632	-00000010.126204	000000000.651519
000000034.229717	-00000011.786237	000000000.758325
000000010.052342	-00000003.510435	-00000000.223037
000000012.433350	-00000004.341920	-00000000.091943
000000029.503960	-00000010.447900	000000000.218513
000000031.747393	-00000011.242341	000000000.235129
000000029.422812	-00000010.419165	000000000.653822
000000031.580988	-00000011.183414	000000000.701780
000000009.701397	-00000003.483157	-00000000.215916
000000012.272636	-00000004.406327	-00000000.091036
000000014.264187	-00000005.191740	000000000.105976
000000029.825117	-00000010.855454	000000000.221585
000000032.014545	-00000011.652342	000000000.237852
000000028.823446	-00000010.490877	000000000.642513
000000030.880920	-00000011.239737	000000000.688377
000000009.830089	-00000003.626511	-00000000.219477
000000010.347998	-00000003.817578	-00000000.077003
000000012.402588	-00000004.575556	-00000000.092292
000000010.340609	-00000003.866195	000000000.077073
000000030.487936	-00000011.398973	000000000.227240
000000032.024040	-00000011.973298	000000000.238689
000000029.695360	-00000011.102640	000000000.664084
000000009.526937	-00000003.609434	-00000000.213403
000000010.622877	-00000004.024648	-00000000.079307
000000012.089572	-00000004.640752	000000000.090407
000000030.461988	-00000011.693261	000000000.227799
000000029.662680	-00000011.386436	000000000.665550
000000009.560304	-00000003.717799	-00000000.214869
000000010.494153	-00000004.080953	-00000000.078609
000000023.752983	-00000009.356548	000000000.178232
000000029.353958	-00000011.562832	000000000.220259
000000029.329632	-00000011.553249	000000000.660315
000000008.868186	-00000003.538048	-00000000.200000
000000009.807990	-00000003.912991	-00000000.073722
000000028.964518	-00000011.702425	000000000.218095
000000029.691185	-00000011.996017	000000000.670786
000000008.762946	-00000003.585016	-00000000.198325
000000010.467608	-00000004.282412	-00000000.078958
000000023.401299	-00000009.693135	000000000.176835
000000028.454796	-00000011.786363	000000000.215023
000000029.936369	-00000012.400050	000000000.678744
000000008.657568	-00000003.630420	-00000000.196649
000000010.254624	-00000004.300121	-00000000.077632
000000012.467854	-00000005.228205	-00000000.094387
000000026.226757	-00000010.997792	-00000000.198547
000000010.631572	-00000004.512835	000000000.080634
000000026.997749	-00000011.459865	000000000.204760
000000028.580978	-00000012.131906	000000000.216768
000000033.489826	-00000014.215587	000000000.762095
000000008.689858	-00000003.733458	-00000000.198115
000000010.336149	-00000004.440760	-00000000.078539
000000025.661213	-00000011.024927	-00000000.194987
000000026.318983	-00000011.443820	000000000.200362
000000024.186739	-00000010.516693	000000000.552461
000000029.898771	-00000013.000356	000000000.682932
000000033.281979	-00000014.471416	000000000.760210
000000008.327508	-00000003.664191	-00000000.190576
000000010.388533	-00000004.571064	-00000000.079237
000000010.450705	-00000004.652954	000000000.079866
000000025.834436	-00000011.502233	000000000.197430
000000026.012068	-00000011.581319	000000000.596440
000000008.331677	-00000003.753147	-00000000.191414
000000008.132719	-00000003.663523	-00000000.062273
000000010.293543	-00000004.636903	-00000000.078818
000000023.085155	-00000010.520512	000000000.177115
000000025.232611	-00000011.499164	000000000.193590
000000022.998775	-00000010.481146	000000000.529424
000000026.483164	-00000012.069073	000000000.609634
000000008.117019	-00000003.741997	-00000000.187225
000000010.125549	-00000004.667942	-00000000.077841
000000013.921495	-00000006.417897	-00000000.107023
000000024.510187	-00000011.299351	-00000000.188424
000000022.657143	-00000010.565199	000000000.174532
000000024.587530	-00000011.465354	000000000.189402
000000024.963303	-00000011.640579	000000000.576964
000000008.138311	-00000003.838277	-00000000.188482
000000007.913790	-00000003.732386	-00000000.061086
000000013.955403	-00000006.581795	-00000000.107721
000000024.066965	-00000011.350718	-00000000.185771
000000024.360184	-00000011.619211	000000000.188424
000000022.785280	-00000010.868021	000000000.528796
000000024.833700	-00000011.845067	000000000.576335
000000007.987441	-00000003.852684	-00000000.185759
000000008.538411	-00000004.118441	-00000000.066182
000000012.384299	-00000005.973477	-00000000.095992
000000014.491881	-00000006.990054	-00000000.112328
000000023.808474	-00000011.612168	000000000.184934
000000024.639528	-00000012.017501	000000000.574241
000000007.711414	-00000003.802849	-00000000.180105
000000007.865383	-00000003.878778	-00000000.061226
000000007.803638	-00000003.890750	000000000.060877
000000023.504770	-00000011.719046	000000000.550157
000000007.811852	-00000003.937498	-00000000.183246
000000007.831235	-00000003.947267	-00000000.061226
000000007.822846	-00000003.985939	000000000.061295
000000023.178905	-00000011.810243	000000000.544922
000000007.803858	-00000004.019251	-00000000.183874
000000007.858720	-00000004.047507	-00000000.061714
000000007.796635	-00000004.058671	000000000.061365
000000007.892665	-00000004.108661	000000000.186388
000000007.892358	-00000004.152370	-00000000.186806
000000008.424877	-00000004.432542	-00000000.066462
000000016.088684	-00000008.464665	-00000000.126919
000000022.461639	-00000011.943066	000000000.177603
000000022.695602	-00000012.067467	000000000.538430
000000007.996734	-00000004.296800	-00000000.190157
000000009.627901	-00000005.173258	-00000000.076305
000000015.450448	-00000008.301826	-00000000.122451
000000022.444443	-00000012.186338	000000000.178301
000000007.950168	-00000004.361611	-00000000.189948
000000009.258009	-00000005.079118	-00000000.073722
000000012.554420	-00000006.887591	-00000000.099972
000000022.311005	-00000012.367192	000000000.178092
000000022.341631	-00000012.384169	000000000.535079
000000049.842388	-00000027.628088	000000001.193718
000000007.903080	-00000004.425938	-00000000.189738
000000007.747576	-00000004.338851	-00000000.061994
000000009.518700	-00000005.330728	-00000000.076166
000000012.118674	-00000006.786784	-00000000.096970
000000022.141310	-00000012.526950	000000000.177603
000000022.685196	-00000012.834666	000000000.545969
000000007.933597	-00000004.534424	-00000000.191414
000000007.778872	-00000004.445992	-00000000.062552
000000009.463136	-00000005.408628	-00000000.076096
000000013.369936	-00000007.641548	-00000000.107511
000000020.853384	-00000012.039706	000000000.168109
000000022.961958	-00000013.257092	000000000.555393
000000007.919634	-00000004.618594	-00000000.192042
000000009.208261	-00000005.370100	-00000000.074420
000000011.169121	-00000006.513639	-00000000.090268
000000020.446487	-00000011.924040	-00000000.165246
000000020.652746	-00000012.165398	000000000.167341
000000022.957380	-00000013.522931	000000000.558115
000000007.827475	-00000004.656858	-00000000.190785
000000007.794626	-00000004.637315	-00000000.063320
000000009.298551	-00000005.532056	-00000000.075537
000000019.069763	-00000011.345318	-00000000.154914
000000019.362938	-00000011.634427	000000000.157707
000000045.994080	-00000027.636030	000000001.123980
000000007.307894	-00000004.434539	-00000000.179058
000000009.232823	-00000005.602615	-00000000.075398
000000012.917403	-00000007.838473	-00000000.105487
000000018.687918	-00000011.340107	-00000000.152610
000000018.868465	-00000011.562611	000000000.154495
000000020.548128	-00000012.591908	000000000.168248
000000007.047874	-00000004.361357	-00000000.173613
000000006.964215	-00000004.309587	-00000000.057177
000000009.175076	-00000005.677710	-00000000.075328
000000013.129118	-00000008.124545	-00000000.107791
000000018.470037	-00000011.541361	000000000.152052
000000018.983631	-00000011.862289	000000000.468901
000000005.758143	-00000003.633118	-00000000.142618
000000008.159483	-00000005.148251	-00000000.202094
000000009.125181	-00000005.757560	-00000000.075328
000000010.512141	-00000006.632667	-00000000.086777
000000012.973148	-00000008.185448	-00000000.107093
000000018.242111	-00000011.621507	000000000.151005
000000018.516813	-00000011.796511	000000000.459896
000000043.189037	-00000027.514450	000000001.072671
000000005.877573	-00000003.780582	-00000000.146388
000000007.811539	-00000005.024550	-00000000.194555
000000008.788643	-00000005.653045	-00000000.072954
000000012.859173	-00000008.271298	-00000000.106743
000000016.971754	-00000010.916599	-00000000.140882
000000005.769913	-00000003.747025	000000000.048031
000000017.963886	-00000011.665884	000000000.149539
000000017.884920	-00000011.614603	000000000.446702
000000007.558369	-00000004.955484	-00000000.189319
000000008.646988	-00000005.669214	-00000000.072186
000000012.585800	-00000008.251612	-00000000.105068
000000017.168537	-00000011.256186	-00000000.143325
000000017.702965	-00000011.717337	000000000.148212
000000017.782883	-00000011.770234	000000000.446702
000000006.168151	-00000004.121427	-00000000.155393
000000007.681094	-00000005.132343	-00000000.193508
000000008.389324	-00000005.605567	-00000000.070441
000000010.368174	-00000006.927792	-00000000.087056
000000016.953251	-00000011.327801	-00000000.142348
000000017.334753	-00000011.692438	000000000.145978
000000017.265066	-00000011.645433	000000000.436231
000000038.624676	-00000026.052673	000000000.975917
000000042.006409	-00000028.333681	000000001.061362
000000007.578166	-00000005.159790	-00000000.192042
000000008.257430	-00000005.622284	-00000000.069743
000000009.398096	-00000006.398936	-00000000.079377
000000011.729022	-00000007.986007	-00000000.099064
000000016.976585	-00000011.667685	000000000.143814
000000016.965036	-00000011.659747	000000000.431204
000000006.267791	-00000004.348122	-00000000.159791
000000008.125891	-00000005.637131	-00000000.069045
000000009.695198	-00000006.725798	-00000000.082379
000000013.392518	-00000009.290720	-00000000.113795
000000014.498638	-00000010.152056	000000000.123568
000000016.906885	-00000011.838328	000000000.144093
000000017.116522	-00000011.985118	000000000.437697
000000007.282845	-00000005.147006	-00000000.186806
000000005.871510	-00000004.149573	-00000000.050195
000000009.987283	-00000007.058313	-00000000.085381
000000011.261212	-00000007.958638	-00000000.096272
000000014.523467	-00000010.359488	000000000.124546
000000016.518002	-00000011.782176	000000000.141650
000000016.441528	-00000011.727628	000000000.423037
000000007.375590	-00000005.309665	-00000000.190367
000000009.233686	-00000006.647303	-00000000.238325
000000010.209352	-00000007.349682	-00000000.087824
000000014.421319	-00000010.381864	-00000000.124057
000000016.271662	-00000011.713920	-00000000.139974
000000016.527815	-00000012.008161	000000000.142627
000000016.605476	-00000012.064585	000000000.429948
000000007.457976	-00000005.468415	-00000000.193717
000000009.830319	-00000007.207889	-00000000.085102
000000011.967346	-00000008.774821	-00000000.103602
000000016.322041	-00000011.967815	-00000000.141301
000000016.350050	-00000012.098401	000000000.141999
000000016.387047	-00000012.125776	000000000.427016
000000006.240398	-00000004.659926	-00000000.163141
000000009.701056	-00000007.244122	-00000000.253613
000000009.534688	-00000007.119889	-00000000.083077
000000015.367674	-00000011.475586	-00000000.133901
000000015.892459	-00000011.975827	000000000.138927
000000016.280605	-00000012.268316	000000000.427016
000000006.645159	-00000005.053097	-00000000.174869
000000009.830385	-00000007.475199	-00000000.086219
000000011.048239	-00000008.401276	-00000000.096900
000000015.163468	-00000011.530569	-00000000.132993
000000015.485880	-00000011.882733	000000000.136274
000000015.768405	-00000012.099523	000000000.416335
000000036.446590	-00000027.966454	000000000.962304
000000005.936777	-00000004.596744	-00000000.157278
000000006.934179	-00000005.369015	-00000000.061226
000000010.112673	-00000007.830068	-00000000.089290
000000013.986959	-00000010.829860	-00000000.123498
000000015.090038	-00000011.789630	000000000.133691
000000015.252542	-00000011.916593	000000000.405445
000000036.130249	-00000028.228043	000000000.960419
000000006.069169	-00000004.784547	-00000000.161885
000000009.274367	-00000007.311322	-00000000.082449
000000010.295254	-00000008.116123	-00000000.091524
000000014.582980	-00000011.496294	-00000000.129642
000000014.407465	-00000011.460215	000000000.128525
000000014.866294	-00000011.825184	000000000.397906
000000034.521099	-00000027.459322	000000000.923980
000000006.970638	-00000005.594528	-00000000.187225
000000008.984051	-00000007.210463	-00000000.080424
000000014.404115	-00000011.560524	-00000000.128944
000000014.345764	-00000011.616971	000000000.128874
000000014.762535	-00000011.954465	000000000.397906
000000005.442787	-00000004.446943	-00000000.147225
000000006.844130	-00000005.591888	-00000000.185131
000000006.814489	-00000005.567671	-00000000.061435
000000014.186527	-00000011.590878	-00000000.127897
000000013.873471	-00000011.436407	000000000.125523
000000013.731905	-00000011.319709	000000000.372775
000000006.756638	-00000005.619436	-00000000.184084
000000008.832055	-00000007.345542	-00000000.240628
000000006.773332	-00000005.633321	-00000000.061505
000000009.840936	-00000008.184620	-00000000.089360
000000013.446715	-00000011.183516	-00000000.122102
000000013.819106	-00000011.595607	000000000.125942
000000013.502401	-00000011.329860	000000000.369215
000000006.699711	-00000005.671724	-00000000.183874
000000009.723345	-00000008.231419	-00000000.088941
000000013.333345	-00000011.287511	-00000000.121963
000000013.489273	-00000011.520927	000000000.123848
000000013.691908	-00000011.693995	000000000.377173
000000032.249344	-00000027.543543	000000000.888377
000000004.960962	-00000004.274639	-00000000.137173
000000006.483335	-00000005.586398	-00000000.179267
000000007.778486	-00000006.702373	-00000000.215079
000000008.378465	-00000007.219347	-00000000.077213
000000009.613265	-00000008.283319	-00000000.088592
000000013.416148	-00000011.560093	-00000000.123638
000000013.327847	-00000011.585720	000000000.123289
000000013.777975	-00000011.977011	000000000.382409
000000031.758760	-00000027.607468	000000000.881466
000000006.704940	-00000005.880075	-00000000.186806
000000013.126802	-00000011.511897	-00000000.121893
000000013.331086	-00000011.794349	000000000.124266
000000013.628005	-00000012.057040	000000000.381152
000000029.113012	-00000025.757017	000000000.814241
000000031.336922	-00000027.724566	000000000.876440
000000006.489275	-00000005.791900	-00000000.182199
000000007.818491	-00000006.978270	-00000000.073164
000000012.996003	-00000011.599376	-00000000.121614
000000013.212793	-00000011.896852	000000000.124127
000000013.076481	-00000011.774117	000000000.368587
000000006.579096	-00000005.976030	-00000000.186178
000000008.355229	-00000007.589356	-00000000.236440
000000007.327981	-00000006.656269	-00000000.069114
000000008.734362	-00000007.933735	-00000000.082379
000000012.946099	-00000011.759409	-00000000.122102
000000012.784078	-00000011.714449	000000000.121055
000000012.906895	-00000011.826990	000000000.366702
000000006.688210	-00000006.182518	-00000000.190785
000000008.209526	-00000007.588808	-00000000.078050
000000012.600667	-00000011.647937	-00000000.119798
000000012.359576	-00000011.525491	000000000.117983
000000013.154167	-00000012.266459	000000000.376754
000000006.459233	-00000006.076240	-00000000.185759
000000011.901292	-00000011.195618	-00000000.114074
000000012.019160	-00000011.405757	000000000.115679
000000012.611493	-00000011.967860	000000000.364189
000000004.304345	-00000004.120514	-00000000.124817
000000006.528738	-00000006.249907	-00000000.189319
000000006.920078	-00000006.624534	-00000000.066880
000000011.579212	-00000011.084684	-00000000.111910
000000011.739339	-00000011.336548	000000000.113934
000000012.298013	-00000011.876053	000000000.358115
000000004.389968	-00000004.276517	-00000000.128377
000000006.430980	-00000006.264784	-00000000.188063
000000011.503529	-00000011.206242	-00000000.112119
000000011.697022	-00000011.494632	000000000.114493
000000011.880146	-00000011.674587	000000000.348901
000000004.331181	-00000004.293548	-00000000.127749
000000006.418668	-00000006.362897	-00000000.189319
000000006.895732	-00000006.835816	-00000000.067788
000000011.902417	-00000011.799000	-00000000.117006
000000011.518490	-00000011.518490	000000000.113725
000000011.707120	-00000011.707120	000000000.346806
000000004.061274	-00000004.096871	-00000000.120838
000000006.384013	-00000006.439969	-00000000.189948
000000007.469414	-00000007.534883	-00000000.074071
000000011.045722	-00000011.142537	-00000000.109536
000000011.473606	-00000011.675626	000000000.114283
000000011.380270	-00000011.580647	000000000.340105
000000003.969557	-00000004.074864	-00000000.119162
000000006.571744	-00000006.746085	-00000000.197278
000000006.831202	-00000007.012425	-00000000.068347
000000011.094598	-00000011.388923	-00000000.111002
000000011.308764	-00000011.710567	000000000.113655
000000011.313503	-00000011.715476	000000000.341152
000000003.968414	-00000004.145460	-00000000.120209
000000006.415833	-00000006.702067	-00000000.194346
000000006.921877	-00000007.230687	-00000000.069882
000000011.091599	-00000011.586436	-00000000.111979
000000011.020288	-00000011.612961	000000000.111770
000000011.114488	-00000011.712227	000000000.338220
000000003.767680	-00000004.005162	-00000000.115183
000000006.398206	-00000006.801493	-00000000.195602
000000006.515932	-00000006.926639	-00000000.066392
000000010.743407	-00000011.420579	-00000000.109466
000000010.713933	-00000011.489286	000000000.109676
000000011.018677	-00000011.816084	000000000.338430
000000003.664720	-00000003.964472	-00000000.113089
000000003.916585	-00000004.236938	-00000000.040282
000000006.563843	-00000007.100726	-00000000.067509
000000010.565973	-00000011.530737	000000000.109187
000000011.029968	-00000012.037098	000000000.341990
000000003.677040	-00000004.048105	-00000000.114555
000000003.738268	-00000004.115512	-00000000.038816
000000006.494905	-00000007.150333	-00000000.067439
000000010.824842	-00000011.917222	-00000000.112398
000000003.767114	-00000004.183804	000000000.039304
000000010.558623	-00000011.726540	000000000.110164
000000010.777330	-00000011.969438	000000000.337382
000000003.495112	-00000003.915942	-00000000.109948
000000003.682236	-00000004.125597	-00000000.038606
000000006.372332	-00000007.139595	-00000000.066811
000000006.261607	-00000007.077459	000000000.065973
000000010.555281	-00000011.930574	000000000.111211
000000010.566472	-00000011.943224	000000000.334032
000000003.460806	-00000003.946293	-00000000.109948
000000003.758179	-00000004.285382	-00000000.039793
000000006.349346	-00000007.240041	-00000000.067230
000000003.700083	-00000004.256458	000000000.039374
000000010.201469	-00000011.735448	000000000.108559
000000003.928931	-00000004.519719	000000000.125445
000000010.533997	-00000012.117977	000000000.336335
000000003.432763	-00000003.983918	-00000000.110157
000000003.563982	-00000004.136204	-00000000.038118
000000006.142320	-00000007.128513	-00000000.065694
000000006.156617	-00000007.208473	000000000.066182
000000010.261029	-00000012.014122	000000000.110304
000000009.908403	-00000011.601251	000000000.319581
000000003.456005	-00000004.082398	-00000000.112042
000000003.592362	-00000004.243469	-00000000.038816
000000006.073417	-00000007.174210	-00000000.065624
000000006.087050	-00000007.254264	000000000.066113
000000010.380767	-00000012.371316	000000000.112747
000000006.117996	-00000007.291144	000000000.199372
000000010.288773	-00000012.261682	000000000.335288
000000003.714606	-00000004.506178	000000000.040771
000000006.042596	-00000007.330255	000000000.066322
000000006.047777	-00000007.336541	000000000.199162
000000003.492643	-00000004.313055	000000000.038746
000000005.953226	-00000007.351622	000000000.066043
000000005.977232	-00000007.381268	000000000.198953
000000003.330372	-00000004.186852	000000000.037350
000000003.354618	-00000004.217333	000000000.112880
000000003.262926	-00000004.176355	000000000.037001
000000003.293067	-00000004.214933	000000000.112042
000000003.183745	-00000004.149137	000000000.036512
000000003.213556	-00000004.187987	000000000.110576
000000003.159452	-00000004.192734	000000000.036652
000000003.194937	-00000004.239824	000000000.111204
000000003.128692	-00000004.228184	000000000.036721
000000003.157816	-00000004.267544	000000000.111204
000000003.091675	-00000004.255326	000000000.036721
000000003.120455	-00000004.294938	000000000.111204
000000003.037003	-00000004.257720	000000000.036512
000000003.065439	-00000004.297587	000000000.110576
000000003.062824	-00000004.374166	000000000.037280
000000003.067961	-00000004.381502	000000000.112042
000000003.137814	-00000004.565548	000000000.038676
000000008.579172	-00000012.482773	000000000.317278
000000003.136996	-00000004.650787	000000000.039165
000000008.751156	-00000012.974121	000000000.109257
000000008.464324	-00000012.548877	000000000.317068
000000017.236135	-00000025.553623	000000000.645655
000000003.052137	-00000004.611277	000000000.038606
000000003.090169	-00000004.668736	000000000.117278
000000017.045593	-00000025.753082	000000000.646911
000000003.077136	-00000004.738373	000000000.039444
000000003.098316	-00000004.770989	000000000.119162
000000016.776648	-00000025.833773	000000000.645236
000000003.030296	-00000004.756612	000000000.039374
000000016.048748	-00000025.191490	000000000.208530
000000007.515173	-00000011.796458	000000000.292984
000000016.260492	-00000025.523861	000000000.633927
000000002.988672	-00000004.782875	000000000.039374
000000007.784324	-00000012.457522	000000000.102555
000000008.084795	-00000012.938375	000000000.319581
000000007.325252	-00000011.953724	000000000.097877
000000015.629728	-00000025.505400	000000000.626597
000000007.205207	-00000011.991478	000000000.097668
000000007.533355	-00000012.537607	000000000.306388
000000006.942956	-00000011.786800	000000000.095504
000000007.276504	-00000012.353052	000000000.300314
000000015.035063	-00000025.524471	000000000.620524
000000006.964830	-00000012.063440	000000000.097249
000000006.838500	-00000011.844629	000000000.286492
