000000003.309412	000000003.840761	-00000000.035395
000000003.308706	000000003.707092	-00000000.104084
000000003.475817	000000003.894325	-00000000.036442
000000005.706467	000000006.393556	-00000000.059829
000000003.340930	000000003.678077	-00000000.104084
000000003.379686	000000003.656124	-00000000.104293
000000005.171327	000000005.594310	-00000000.159581
000000005.715363	000000006.182845	-00000000.058782
000000003.363511	000000003.575517	-00000000.102827
000000005.165147	000000005.490713	-00000000.157906
000000005.261051	000000005.592662	-00000000.160838
000000005.960947	000000006.336673	-00000000.060737
000000003.512116	000000003.668804	-00000000.106387
000000005.233606	000000005.467096	-00000000.158534
000000005.884633	000000006.147168	-00000000.059411
000000003.467258	000000003.559240	-00000000.104084
000000005.197399	000000005.335279	-00000000.156021
000000005.938052	000000006.095581	-00000000.059411
000000003.575610	000000003.606951	-00000000.106387
000000005.335261	000000005.382024	-00000000.158744
000000005.934700	000000005.986717	-00000000.058852
000000003.564349	000000003.533379	-00000000.105131
000000005.367824	000000005.321184	-00000000.158325
000000005.944107	000000005.892459	-00000000.058433
000000003.716792	000000003.620738	-00000000.108691
000000005.399732	000000005.260186	-00000000.157906
000000006.066930	000000005.910141	-00000000.059131
000000005.272100	000000005.046938	-00000000.152880
000000006.125497	000000005.863887	-00000000.059201
000000005.366917	000000005.048691	-00000000.154346
000000005.943362	000000005.590957	-00000000.056967
000000004.155354	000000003.841170	-00000000.118534
000000005.513553	000000005.096676	-00000000.157278
000000006.285648	000000005.810393	-00000000.059760
000000004.440335	000000004.033316	-00000000.125655
000000006.247288	000000005.674637	-00000000.058922
000000004.199382	000000003.748092	-00000000.117906
000000005.624039	000000005.019647	-00000000.157906
000000006.318952	000000005.639881	-00000000.059131
000000005.021188	000000004.403464	-00000000.139895
000000006.277709	000000005.505404	-00000000.058294
000000004.476227	000000003.856964	-00000000.123770
000000005.688066	000000004.901151	-00000000.157278
000000006.370966	000000005.489576	-00000000.058712
000000004.761526	000000004.030929	-00000000.130681
000000006.227825	000000005.272243	-00000000.056967
000000004.919508	000000004.091512	-00000000.134031
000000006.419673	000000005.339186	-00000000.058294
000000005.078902	000000004.149637	-00000000.137382
000000006.427302	000000005.251327	-00000000.057944
000000005.239674	000000004.205283	-00000000.140733
000000006.457286	000000005.182520	-00000000.057805
000000005.142698	000000004.054176	-00000000.137173
000000005.520644	000000004.352125	-00000000.049078
000000005.351794	000000004.143802	-00000000.141780
000000006.617910	000000005.124134	-00000000.058433
000000005.499167	000000004.181664	-00000000.144712
000000006.686254	000000005.084345	-00000000.058643
000000005.695665	000000004.253155	-00000000.148901
000000006.674282	000000004.983922	-00000000.058154
000000005.780940	000000004.238760	-00000000.150157
000000006.257858	000000004.588451	-00000000.054175
000000005.915077	000000004.258246	-00000000.152670
000000006.800824	000000004.895893	-00000000.058503
000000006.017328	000000004.252627	-00000000.154346
000000006.924951	000000004.894072	-00000000.059201
000000006.177430	000000004.285436	-00000000.157487
000000006.893450	000000004.782156	-00000000.058573
000000006.288969	000000004.282006	-00000000.159372
000000007.050639	000000004.800609	-00000000.059550
000000007.436286	000000005.015838	000000000.062622
000000006.533918	000000004.365824	-00000000.164607
000000007.225295	000000004.827787	-00000000.060667
000000018.108027	000000011.985442	000000000.454869
000000006.663739	000000004.368938	-00000000.166911
000000007.267149	000000004.764552	-00000000.060667
000000010.796191	000000007.078293	-00000000.090128
000000013.012296	000000008.531235	-00000000.108628
000000018.186775	000000011.810630	000000000.454241
000000006.844556	000000004.402566	-00000000.170471
000000007.594397	000000004.884880	-00000000.063041
000000016.366638	000000010.426698	000000000.406492
000000007.051823	000000004.449369	-00000000.174660
000000007.662107	000000004.834430	-00000000.063250
000000010.782767	000000006.803419	-00000000.089011
000000013.438288	000000008.478929	-00000000.110932
000000016.392370	000000010.243090	000000000.134948
000000016.304388	000000010.188112	000000000.402723
000000007.251914	000000004.487620	-00000000.178639
000000007.780533	000000004.814740	-00000000.063879
000000010.739687	000000006.645920	-00000000.088173
000000016.805128	000000010.298195	000000000.137601
000000016.188086	000000009.920072	000000000.397697
000000007.470291	000000004.533084	-00000000.183037
000000007.839351	000000004.757035	-00000000.064018
000000010.857116	000000006.588260	-00000000.088662
000000017.040070	000000010.238707	000000000.138787
000000016.145491	000000009.701189	000000000.394555
000000007.741554	000000004.605741	-00000000.188691
000000008.430572	000000005.015663	-00000000.068486
000000011.481390	000000006.830709	-00000000.093270
000000016.913368	000000009.962735	000000000.137042
000000016.384592	000000009.651262	000000000.398325
000000008.075091	000000004.709254	-00000000.195812
000000008.698611	000000005.072880	-00000000.070301
000000011.696048	000000006.820933	-00000000.094526
000000016.765844	000000009.679765	000000000.135157
000000016.753916	000000009.672878	000000000.405236
000000008.306840	000000004.747750	-00000000.200419
000000008.976957	000000005.130754	-00000000.072186
000000011.390491	000000006.510202	-00000000.091594
000000016.849676	000000009.533088	000000000.135157
000000016.620148	000000009.403228	000000000.400000
000000008.749215	000000004.899796	-00000000.210052
000000009.414002	000000005.272095	-00000000.075328
000000011.446869	000000006.410554	-00000000.091594
000000014.264699	000000007.907052	000000000.113864
000000017.037176	000000009.443861	000000000.135995
000000016.806503	000000009.315997	000000000.402513
000000009.107194	000000004.996377	-00000000.217592
000000009.696362	000000005.319606	-00000000.077213
000000011.704018	000000006.421044	-00000000.093200
000000011.775862	000000006.393771	000000000.093549
000000011.879002	000000006.449772	000000000.283142
000000009.432271	000000005.068142	-00000000.224293
000000010.068336	000000005.409912	-00000000.079796
000000014.515306	000000007.717925	000000000.114772
000000020.801739	000000011.060480	000000000.164478
000000017.266666	000000009.180850	000000000.409634
000000020.744719	000000011.030162	000000000.492147
000000009.785817	000000005.148567	-00000000.231623
000000010.451449	000000005.498774	-00000000.082449
000000011.920493	000000006.271675	-00000000.094038
000000014.546623	000000007.572493	000000000.114493
000000021.159437	000000011.014906	000000000.499686
000000009.750380	000000005.021775	-00000000.229738
000000010.845745	000000005.585926	-00000000.085171
000000014.505234	000000007.390786	000000000.113655
000000014.725108	000000007.502818	000000000.346178
000000010.463418	000000005.273997	-00000000.245445
000000011.447711	000000005.770121	-00000000.089500
000000014.479686	000000007.219305	000000000.112957
000000014.772126	000000007.365110	000000000.345759
000000009.890336	000000004.877374	-00000000.230995
000000011.963991	000000005.899987	-00000000.093130
000000014.658973	000000007.149659	000000000.113864
000000014.889750	000000007.262217	000000000.347016
000000011.652479	000000005.620489	-00000000.270995
000000012.555428	000000006.056019	-00000000.097319
000000014.738858	000000007.030075	000000000.114004
000000018.412291	000000008.782212	000000000.142418
000000023.444023	000000011.182225	000000000.544084
000000009.973952	000000004.704021	-00000000.230995
000000013.213767	000000006.232017	-00000000.101996
000000015.053406	000000007.019518	000000000.115959
000000018.207279	000000008.490194	000000000.140254
000000018.421196	000000008.589945	000000000.425759
000000012.039338	000000005.550210	-00000000.277696
000000013.994145	000000006.451389	-00000000.107581
000000018.253378	000000008.318543	000000000.140044
000000018.513651	000000008.437157	000000000.426178
000000010.054529	000000004.529235	-00000000.230995
000000014.761068	000000006.649376	-00000000.113027
000000018.507980	000000008.240284	000000000.141440
000000026.629200	000000011.856084	000000000.203504
000000026.660543	000000011.870039	000000000.611309
000000015.587376	000000006.858609	-00000000.118891
000000018.588356	000000008.082447	000000000.141510
000000010.095301	000000004.337284	-00000000.230157
000000016.234646	000000006.974954	-00000000.123359
000000018.879095	000000008.013700	000000000.143186
000000028.096849	000000011.926405	000000000.639372
000000016.654543	000000006.983829	-00000000.126082
000000021.682924	000000008.981361	000000000.163850
000000060.112896	000000024.899576	000000001.362933
000000010.197220	000000004.171793	-00000000.230785
000000016.076248	000000006.576966	-00000000.121264
000000019.176731	000000007.845408	-00000000.144652
000000021.899549	000000008.847993	000000000.164897
000000027.073109	000000010.938246	000000000.203853
000000027.002941	000000010.909897	000000000.610053
000000016.383801	000000006.536474	-00000000.123149
000000020.266130	000000008.085366	-00000000.152331
000000022.664421	000000008.927752	000000000.170064
000000028.200270	000000011.108381	000000000.211602
000000010.119386	000000003.935214	-00000000.227435
000000016.319059	000000006.346136	-00000000.122242
000000024.664595	000000009.467851	000000000.184445
000000029.192348	000000011.205893	000000000.218304
000000016.364468	000000006.199942	-00000000.122172
000000044.725006	000000016.721994	000000000.333355
000000059.858955	000000022.380346	000000001.338639
000000010.186523	000000003.758007	-00000000.227435
000000060.042583	000000021.853714	000000001.338430
000000051.947708	000000018.395647	000000000.384737
000000010.137292	000000003.540101	-00000000.224922
000000060.596405	000000020.275274	000000000.446103
000000060.508743	000000020.245941	000000001.336545
000000010.083592	000000003.325070	-00000000.222409
000000010.120992	000000003.142651	-00000000.221990
000000009.982328	000000002.909583	-00000000.217801
000000010.021942	000000002.732295	-00000000.217592
000000010.039030	000000002.549589	-00000000.216963
000000010.004144	000000002.355663	-00000000.215288
000000054.826469	000000012.657687	000000000.392836
000000044.626106	000000010.302748	000000000.959372
000000054.563854	000000012.096515	000000000.390183
000000044.704548	000000009.910760	000000000.959163
000000010.024193	000000002.176466	-00000000.214869
000000044.974129	000000009.559546	000000000.320998
000000044.779556	000000009.518188	000000000.958953
000000010.070457	000000002.003138	-00000000.215079
000000067.275787	000000013.077088	000000001.435603
000000073.924553	000000013.701105	000000001.574870
000000010.054690	000000001.818184	-00000000.214032
000000055.847084	000000009.847348	000000000.395907
000000055.836197	000000009.845428	000000001.187645
000000072.657890	000000012.158760	000000000.514309
000000072.535255	000000012.138239	000000001.540524
000000009.927006	000000001.616716	-00000000.210681
000000043.911552	000000006.954906	000000000.310387
000000043.832115	000000006.550754	000000000.309409
000000043.843346	000000006.552432	000000000.928587
000000009.953710	000000001.443219	-00000000.210681
000000009.975831	000000001.357651	-00000000.210890
000000042.700489	000000005.621626	000000000.300683
000000059.453819	000000007.827244	000000001.256126
000000010.017053	000000001.274330	-00000000.211518
000000015.653457	000000001.991371	-00000000.110164
000000042.896801	000000005.267065	000000000.301730
000000010.047648	000000001.189218	-00000000.211937
000000032.071716	000000003.654111	000000000.225355
000000010.077521	000000001.103668	-00000000.212356
000000016.023798	000000001.754891	-00000000.112538
000000028.512247	000000002.996758	000000000.200153
000000032.142162	000000003.378278	000000000.225634
000000032.294987	000000003.394340	000000000.680210
000000010.245929	000000001.031711	-00000000.215707
000000030.786854	000000002.964437	000000000.215930
000000032.110699	000000003.091908	000000000.225215
000000010.095248	000000000.927623	-00000000.212356
000000015.932490	000000001.463990	-00000000.111700
000000025.302786	000000002.325000	-00000000.177394
000000027.095837	000000002.370579	000000000.189890
000000011.248757	000000000.934700	-00000000.236440
000000024.863705	000000002.066015	-00000000.174182
000000024.892418	000000001.959076	000000000.174322
000000027.424528	000000002.158357	000000000.192054
000000061.996777	000000004.879252	000000000.434165
000000010.030137	000000000.745368	-00000000.210681
000000016.065310	000000001.193859	-00000000.112468
000000024.541729	000000001.823766	-00000000.171809
000000024.758936	000000001.731313	000000000.173275
000000028.958580	000000002.024981	000000000.202666
000000010.894230	000000000.714046	-00000000.228691
000000023.928074	000000001.568329	-00000000.167411
000000024.743160	000000001.513356	000000000.173065
000000024.838125	000000001.519165	000000000.521257
000000010.121471	000000000.574739	-00000000.212356
000000016.323307	000000000.926904	-00000000.114144
000000022.682905	000000001.288029	-00000000.158614
000000046.715630	000000002.448262	000000000.979896
000000010.096142	000000000.484952	-00000000.211728
000000021.604563	000000001.037742	-00000000.151005
000000023.936611	000000001.045095	000000000.167271
000000026.124474	000000001.140619	000000000.182560
000000053.168053	000000002.321367	000000000.371543
000000047.154720	000000002.058820	000000000.988692
000000010.050040	000000000.394867	-00000000.210681
000000016.087196	000000000.632068	-00000000.112398
000000020.103998	000000000.789888	-00000000.140463
000000046.900269	000000001.637793	000000000.327631
000000052.516708	000000001.833924	000000000.366865
000000052.616646	000000001.837414	000000000.367563
000000047.600536	000000001.662247	000000000.997697
000000010.372884	000000000.316920	-00000000.217382
000000019.660347	000000000.600678	-00000000.137321
000000020.452490	000000000.535567	000000000.142837
000000047.222664	000000001.236569	000000000.329795
000000047.443329	000000001.242347	000000000.994137
000000010.135364	000000000.221154	-00000000.212356
000000016.335714	000000000.356447	-00000000.114074
000000018.625113	000000000.406401	-00000000.130061
000000019.496555	000000000.340314	000000000.136135
000000041.462673	000000000.723734	000000000.289513
000000049.161724	000000000.858121	000000001.029948
000000010.596767	000000000.138719	-00000000.221990
000000018.078011	000000000.236654	-00000000.126221
000000019.358791	000000000.168942	000000000.135157
000000020.234791	000000000.176586	000000000.423875
000000010.147677	000000000.044278	-00000000.212566
000000016.319447	000000000.071207	-00000000.113934
000000020.239506	000000000.000000	000000000.141301
000000020.305546	000000000.000000	000000000.425341
000000010.587577	-00000000.046197	-00000000.221780
000000017.679401	-00000000.077141	-00000000.123429
000000020.138742	-00000000.175748	000000000.140603
000000048.287567	-00000000.421399	000000001.011519
000000010.136908	-00000000.132699	-00000000.212356
000000016.318203	-00000000.213617	-00000000.113934
000000020.116446	-00000000.351134	000000000.140463
000000044.323524	-00000000.773670	000000000.928587
000000052.060650	-00000000.908722	000000001.090681
000000010.595154	-00000000.231187	-00000000.221990
000000016.475676	-00000000.359501	-00000000.115051
000000018.513203	-00000000.484785	000000000.129293
000000020.192587	-00000000.528762	000000000.141021
000000042.784290	-00000001.120346	000000000.298798
000000043.315647	-00000001.134260	000000000.907645
000000052.170670	-00000001.366137	000000001.093194
000000010.212994	-00000000.312035	-00000000.214032
000000015.832227	-00000000.483718	-00000000.110583
000000018.440947	-00000000.563422	-00000000.128804
000000020.427052	-00000000.713328	000000000.142697
000000041.633606	-00000001.453878	000000000.290839
000000043.354057	-00000001.513957	000000000.908692
000000010.589505	-00000000.416063	-00000000.221990
000000015.787435	-00000000.620290	-00000000.110304
000000018.914946	-00000000.743170	-00000000.132155
000000019.970488	-00000000.871930	000000000.139555
000000041.389561	-00000001.807107	000000000.289234
000000041.920860	-00000001.830304	000000000.878953
000000010.245937	-00000000.492148	-00000000.214869
000000015.102220	-00000000.725412	-00000000.105557
000000018.987646	-00000000.912042	-00000000.132714
000000019.802341	-00000001.037797	000000000.138438
000000041.012714	-00000002.149385	000000000.286720
000000042.552254	-00000002.230069	000000000.892566
000000010.600594	-00000000.601945	-00000000.222409
000000014.775837	-00000000.839033	-00000000.103323
000000019.033966	-00000001.164167	000000000.133133
000000040.882603	-00000002.500487	000000000.285952
000000010.235787	-00000000.670889	-00000000.214869
000000014.288991	-00000000.936550	-00000000.099972
000000016.140194	-00000001.128632	000000000.112957
000000024.050684	-00000001.681788	000000000.168318
000000037.098503	-00000002.594180	000000000.259633
000000010.558563	-00000000.784637	-00000000.221780
000000014.290247	-00000001.061949	-00000000.100041
000000015.740941	-00000001.238839	000000000.110234
000000023.965309	-00000001.886111	000000000.167829
000000037.393456	-00000002.942929	000000000.261867
000000041.881279	-00000003.296128	000000000.880000
000000010.222520	-00000000.849426	-00000000.214869
000000014.051231	-00000001.167567	-00000000.098436
000000015.878956	-00000001.389229	000000000.111281
000000023.688932	-00000002.072513	000000000.166014
000000023.913389	-00000002.092150	000000000.502828
000000010.573129	-00000000.971534	-00000000.222409
000000013.851309	-00000001.272756	-00000000.097109
000000015.687062	-00000001.510492	000000000.110025
000000023.600267	-00000002.272447	000000000.165526
000000035.624363	-00000003.430236	000000000.249859
000000035.726887	-00000003.440108	000000000.751833
000000010.166348	-00000001.023697	-00000000.214032
000000013.531242	-00000001.362525	-00000000.094945
000000015.404769	-00000001.619106	000000000.108140
000000035.344448	-00000003.714851	000000000.248114
000000035.277897	-00000003.707856	000000000.743037
000000010.514810	-00000001.151559	-00000000.221571
000000013.498956	-00000001.478376	-00000000.094806
000000013.770570	-00000001.568958	000000000.096760
000000013.857287	-00000001.578838	000000000.292147
000000010.196577	-00000001.206844	-00000000.215079
000000013.346515	-00000001.579664	-00000000.093828
000000016.108631	-00000001.977891	000000000.113306
000000017.216900	-00000002.113969	000000000.363351
000000010.691468	-00000001.360126	-00000000.225759
000000013.252863	-00000001.685977	-00000000.093270
000000013.324694	-00000001.754229	000000000.093828
000000016.100672	-00000002.119694	000000000.113376
000000032.746624	-00000004.311175	000000000.230591
000000033.245770	-00000004.376888	000000000.702409
000000010.302745	-00000001.402142	-00000000.217801
000000013.158379	-00000001.790777	-00000000.092711
000000015.319074	-00000002.152956	000000000.108000
000000031.291708	-00000004.397763	000000000.220608
000000031.770733	-00000004.465086	000000000.672042
000000010.507792	-00000001.523557	-00000000.222409
000000013.300591	-00000001.928494	-00000000.093828
000000015.784308	-00000002.358981	000000000.111421
000000030.263147	-00000004.522858	000000000.213627
000000030.474783	-00000004.554487	000000000.645445
000000031.908543	-00000004.768764	000000000.675812
000000010.177891	-00000001.566527	-00000000.215707
000000012.729786	-00000001.959301	-00000000.089919
000000014.647061	-00000002.319867	000000000.103532
000000016.118681	-00000002.552948	000000000.113934
000000029.916351	-00000004.738285	000000000.211462
000000030.206760	-00000004.784281	000000000.640629
000000010.588148	-00000001.724389	-00000000.224712
000000012.870119	-00000002.096032	-00000000.091036
000000016.283178	-00000002.724869	000000000.115261
000000019.163063	-00000003.206797	000000000.135646
000000029.508945	-00000004.938104	000000000.208879
000000030.114557	-00000005.039449	000000000.639582
000000010.158854	-00000001.745610	-00000000.215916
000000012.141754	-00000002.086335	-00000000.086009
000000015.894409	-00000002.802613	000000000.112678
000000018.838913	-00000003.321809	000000000.133552
000000029.474579	-00000005.197164	000000000.208949
000000029.626366	-00000005.223928	000000000.630157
000000010.507250	-00000001.900020	-00000000.223665
000000011.788520	-00000002.131712	-00000000.083635
000000013.953358	-00000002.523178	-00000000.098994
000000018.632227	-00000003.453279	000000000.132295
000000018.746559	-00000003.474469	000000000.399372
000000010.087553	-00000001.915182	-00000000.215079
000000012.182088	-00000002.312842	-00000000.086568
000000018.601383	-00000003.615742	000000000.132295
000000028.584288	-00000005.556223	000000000.203294
000000028.765182	-00000005.591385	000000000.613822
000000010.266570	-00000002.042148	-00000000.219267
000000012.014327	-00000002.389798	-00000000.085520
000000018.177160	-00000003.698185	000000000.129502
000000028.328932	-00000005.763587	000000000.201828
000000028.685904	-00000005.836213	000000000.613194
000000009.935132	-00000002.066510	-00000000.212566
000000011.591616	-00000002.411060	-00000000.082658
000000014.019589	-00000002.916079	-00000000.099972
000000014.847919	-00000003.156023	000000000.105976
000000018.271353	-00000003.883696	000000000.130410
000000028.267776	-00000006.008502	000000000.201758
000000026.472649	-00000005.626935	000000000.566911
000000028.555647	-00000006.069690	000000000.611519
000000010.004652	-00000002.172223	-00000000.214450
000000011.384464	-00000002.471810	-00000000.081332
000000018.129375	-00000004.019186	000000000.129642
000000025.060907	-00000005.555870	000000000.179209
000000027.843285	-00000006.172708	000000000.199106
000000028.023310	-00000006.212618	000000000.601257
000000009.741532	-00000002.204284	-00000000.209215
000000011.147891	-00000002.522510	-00000000.079796
000000014.897756	-00000003.439418	000000000.106743
000000017.996176	-00000004.154745	000000000.128944
000000018.093611	-00000004.177239	000000000.129642
000000027.695267	-00000006.393956	000000000.595393
000000009.702463	-00000002.284627	-00000000.208796
000000010.298101	-00000002.424881	-00000000.073862
000000016.870207	-00000004.050179	000000000.121125
000000024.532295	-00000005.889683	000000000.176137
000000025.528833	-00000006.128931	000000000.549948
000000009.536487	-00000002.333564	-00000000.205655
000000010.645650	-00000002.604974	-00000000.076515
000000015.320596	-00000003.819854	000000000.110234
000000017.018574	-00000004.243207	000000000.122451
000000024.615803	-00000006.137409	000000000.177115
000000025.260960	-00000006.298265	000000000.545341
000000009.409168	-00000002.389624	-00000000.203351
000000010.292981	-00000002.614084	-00000000.074141
000000012.619080	-00000003.204838	-00000000.090896
000000013.660230	-00000003.532776	000000000.098506
000000024.328957	-00000006.291896	000000000.175439
000000024.798504	-00000006.413329	000000000.536545
000000009.223595	-00000002.428370	-00000000.199791
000000010.134394	-00000002.668163	-00000000.073164
000000012.735684	-00000003.353026	-00000000.091943
000000013.744789	-00000003.682905	000000000.099343
000000024.311760	-00000006.514317	000000000.175718
000000024.838163	-00000006.655366	000000000.538639
000000009.124887	-00000002.487730	-00000000.198115
000000010.072134	-00000002.745979	-00000000.072884
000000013.509770	-00000003.746591	000000000.097877
000000020.968088	-00000005.814965	000000000.151912
000000024.388891	-00000006.763638	000000000.176696
000000021.031439	-00000005.832534	000000000.457173
000000024.393772	-00000006.764992	000000000.530262
000000009.064340	-00000002.556408	-00000000.197278
000000009.576196	-00000002.700767	-00000000.069464
000000013.524622	-00000003.878123	000000000.098226
000000023.771421	-00000006.816346	000000000.172647
000000013.262503	-00000003.802961	000000000.289005
000000024.218483	-00000006.944538	000000000.527749
000000008.926506	-00000002.601839	-00000000.194765
000000009.417860	-00000002.745056	-00000000.068486
000000010.925101	-00000003.184377	-00000000.079447
000000014.036779	-00000004.157884	000000000.102206
000000021.016817	-00000006.225465	000000000.153029
000000023.202873	-00000006.873004	000000000.168947
000000013.219224	-00000003.915713	000000000.288796
000000024.406197	-00000007.229445	000000000.533194
000000008.817298	-00000002.653706	-00000000.192880
000000009.240338	-00000002.781026	-00000000.067369
000000009.581941	-00000002.929493	000000000.069952
000000010.853795	-00000003.318338	000000000.079237
000000013.665262	-00000004.177890	000000000.099762
000000017.209711	-00000005.261537	000000000.376964
000000023.682474	-00000007.240459	000000000.518744
000000008.765161	-00000002.721655	-00000000.192251
000000009.206168	-00000002.858591	-00000000.067299
000000013.656894	-00000004.306002	000000000.099972
000000022.306896	-00000007.033337	000000000.163292
000000023.484896	-00000007.404759	000000000.515812
000000008.741076	-00000002.798041	-00000000.192251
000000009.085634	-00000002.908334	-00000000.066601
000000009.139430	-00000002.969581	000000000.067090
000000013.428591	-00000004.363214	000000000.098575
000000021.959360	-00000007.135028	000000000.161197
000000017.210348	-00000005.591981	000000000.379058
000000020.081909	-00000006.525008	000000000.442304
000000022.278368	-00000007.238680	000000000.490681
000000008.545418	-00000002.817856	-00000000.188482
000000008.926954	-00000002.943668	-00000000.065624
000000009.037304	-00000003.023840	000000000.066531
000000009.177760	-00000003.070836	000000000.202723
000000008.454232	-00000002.869825	-00000000.187016
000000008.853581	-00000003.005386	-00000000.065275
000000008.972753	-00000003.089566	000000000.066252
000000009.027722	-00000003.108494	000000000.200000
000000008.457183	-00000002.953380	-00000000.187644
000000008.855339	-00000003.092423	-00000000.065484
000000008.898318	-00000003.151060	000000000.065903
000000008.934281	-00000003.163795	000000000.198534
000000008.289943	-00000002.976393	-00000000.184503
000000008.780958	-00000003.152686	-00000000.065135
000000008.879879	-00000003.232012	000000000.065973
000000008.934517	-00000003.251898	000000000.199162
000000008.254273	-00000003.045162	-00000000.184293
000000008.762494	-00000003.232655	-00000000.065205
000000008.954369	-00000003.347901	000000000.066741
000000008.943257	-00000003.343747	000000000.200000
000000008.236734	-00000003.120620	-00000000.184503
000000008.724599	-00000003.305455	-00000000.065135
000000009.130194	-00000003.504753	000000000.068277
000000020.174183	-00000007.744143	000000000.150865
000000020.282253	-00000007.785627	000000000.455079
000000007.920330	-00000003.080048	-00000000.178011
000000008.732700	-00000003.395962	-00000000.065414
000000009.583068	-00000003.774871	000000000.071907
000000019.519684	-00000007.689008	000000000.146467
000000020.036800	-00000007.892705	000000000.451100
000000007.651712	-00000003.052724	-00000000.172566
000000008.823476	-00000003.520210	-00000000.066322
000000009.308699	-00000003.760958	000000000.070092
000000019.275684	-00000007.787882	000000000.145140
000000016.787617	-00000006.782638	000000000.379267
000000019.346085	-00000007.816325	000000000.437068
000000007.680302	-00000003.142094	-00000000.173822
000000008.375937	-00000003.426687	-00000000.063180
000000008.915220	-00000003.692805	000000000.067369
000000018.957546	-00000007.852473	000000000.143255
000000016.339846	-00000006.768186	000000000.370471
000000019.157059	-00000007.935113	000000000.434346
000000007.910749	-00000003.317252	-00000000.179686
000000008.733030	-00000003.662064	-00000000.066113
000000008.901065	-00000003.778278	000000000.067509
000000011.413981	-00000004.844948	000000000.086568
000000018.529310	-00000007.865226	000000000.140533
000000018.875414	-00000008.012138	000000000.429529
000000007.835570	-00000003.366426	-00000000.178639
000000008.801805	-00000003.781554	-00000000.066880
000000010.004882	-00000004.350246	000000000.076166
000000011.132838	-00000004.840696	000000000.084753
000000017.350353	-00000007.544148	000000000.132085
000000017.053577	-00000007.415106	000000000.389529
000000007.732686	-00000003.402463	-00000000.176963
000000008.713553	-00000003.834055	-00000000.066462
000000010.953143	-00000004.876653	000000000.083705
000000018.151707	-00000008.081660	000000000.138718
000000009.982862	-00000004.444657	000000000.228901
000000018.257769	-00000008.128882	000000000.418639
000000007.748278	-00000003.490345	-00000000.178011
000000009.026224	-00000004.066018	-00000000.069114
000000018.062292	-00000008.231461	000000000.138578
000000018.295309	-00000008.337652	000000000.421152
000000007.790160	-00000003.591313	-00000000.179686
000000008.645312	-00000003.985544	-00000000.066462
000000010.521976	-00000004.906478	000000000.081052
000000011.953908	-00000005.574199	000000000.092083
000000017.881016	-00000008.338055	000000000.137740
000000017.542271	-00000008.180096	000000000.405445
000000007.695225	-00000003.629304	-00000000.178220
000000009.062420	-00000004.274115	-00000000.069952
000000017.257011	-00000008.231172	000000000.133482
000000017.226574	-00000008.216655	000000000.399791
000000007.690276	-00000003.709349	-00000000.178848
000000008.133106	-00000003.922945	-00000000.063041
000000010.147138	-00000004.949090	000000000.078818
000000011.980633	-00000005.843345	000000000.093060
000000017.346302	-00000008.460357	000000000.134738
000000015.563699	-00000007.590923	000000000.362723
000000017.504667	-00000008.537597	000000000.407958
000000007.603812	-00000003.749785	-00000000.177592
000000008.484209	-00000004.183949	-00000000.066043
000000010.747900	-00000005.358705	000000000.083845
000000017.155474	-00000008.553404	000000000.133831
000000017.178972	-00000008.565120	000000000.402094
000000007.552945	-00000003.806998	-00000000.177173
000000008.215206	-00000004.140805	-00000000.064228
000000011.172950	-00000005.692902	000000000.087545
000000017.044538	-00000008.684627	000000000.133552
000000017.361908	-00000008.846334	000000000.408168
000000007.563877	-00000003.895653	-00000000.178220
000000007.974290	-00000004.107029	-00000000.062622
000000017.003584	-00000008.851505	000000000.133831
000000017.062346	-00000008.882094	000000000.402932
000000007.503049	-00000003.947545	-00000000.177592
000000009.026653	-00000004.749152	-00000000.071209
000000011.010088	-00000005.854168	000000000.087056
000000015.698426	-00000008.347001	000000000.124127
000000017.022816	-00000009.051191	000000000.134599
000000016.666393	-00000008.861679	000000000.395393
000000007.450701	-00000004.003406	-00000000.177173
000000008.738223	-00000004.695217	-00000000.069254
000000010.721308	-00000005.821195	000000000.085171
000000016.512571	-00000008.965595	000000000.131178
000000016.113972	-00000008.749172	000000000.384084
000000007.222644	-00000003.962478	-00000000.172566
000000008.696918	-00000004.771292	-00000000.069254
000000010.740068	-00000005.953317	000000000.085730
000000016.005150	-00000008.871799	000000000.127757
000000016.334312	-00000009.054257	000000000.391204
000000007.309913	-00000004.093748	-00000000.175497
000000008.803270	-00000004.930068	-00000000.070441
000000010.591970	-00000005.992649	000000000.084962
000000015.631207	-00000008.843711	000000000.125383
000000015.767387	-00000008.920758	000000000.379477
000000007.152389	-00000004.087927	-00000000.172566
000000008.820684	-00000005.041437	-00000000.070930
000000011.041554	-00000006.374845	000000000.089011
000000015.640038	-00000009.029779	000000000.126082
000000015.654305	-00000009.038017	000000000.378639
000000007.202808	-00000004.200553	-00000000.174660
000000008.603592	-00000005.017467	-00000000.069533
000000010.564450	-00000006.161005	-00000000.085381
000000015.198768	-00000008.952758	000000000.123149
000000014.928759	-00000008.793711	000000000.362932
000000007.045587	-00000004.191684	-00000000.171728
000000007.975097	-00000004.744684	-00000000.064786
000000014.665775	-00000008.812087	000000000.119449
000000015.339930	-00000009.217159	000000000.374869
000000006.991646	-00000004.242635	-00000000.171309
000000008.275346	-00000005.021603	-00000000.067579
000000010.171749	-00000006.233256	000000000.083286
000000014.809999	-00000009.075580	000000000.121264
000000014.994652	-00000009.188734	000000000.368377
000000007.005365	-00000004.335052	-00000000.172566
000000008.197196	-00000005.072579	-00000000.067299
000000010.986283	-00000006.798518	-00000000.090198
000000014.651212	-00000009.066444	-00000000.120287
000000014.586072	-00000009.114389	000000000.120078
000000014.617143	-00000009.133804	000000000.361047
000000017.516830	-00000010.945731	000000000.432670
000000006.924992	-00000004.369344	-00000000.171518
000000008.457072	-00000005.336015	-00000000.069813
000000014.647649	-00000009.241978	-00000000.120915
000000014.548148	-00000009.268192	000000000.120427
000000014.705522	-00000009.368450	000000000.365236
000000006.827739	-00000004.391749	-00000000.170052
000000007.333682	-00000004.717183	-00000000.060877
000000014.366076	-00000009.329439	000000000.119589
000000014.321352	-00000009.300394	000000000.357697
000000006.697183	-00000004.390866	-00000000.167749
000000007.894349	-00000005.175762	-00000000.065903
000000013.907099	-00000009.117894	-00000000.116098
000000014.375841	-00000009.515162	000000000.120357
000000014.272995	-00000009.447089	000000000.358534
000000006.841494	-00000004.571340	-00000000.172356
000000008.181461	-00000005.466678	-00000000.068696
000000013.851946	-00000009.255574	-00000000.116308
000000013.753398	-00000009.276784	000000000.115819
000000014.330916	-00000009.666326	000000000.362094
000000006.999680	-00000004.765913	-00000000.177382
000000007.554846	-00000005.143912	-00000000.063809
000000013.613601	-00000009.269171	-00000000.114981
000000013.869706	-00000009.532385	000000000.117495
000000013.932918	-00000009.575829	000000000.354136
000000006.924965	-00000004.804019	-00000000.176545
000000007.394642	-00000005.129846	-00000000.062831
000000013.827981	-00000009.592812	-00000000.117495
000000013.654932	-00000009.561286	000000000.116378
000000013.873393	-00000009.714254	000000000.354765
000000006.850120	-00000004.841187	-00000000.175707
000000007.496587	-00000005.298064	-00000000.064088
000000013.123110	-00000009.274497	-00000000.112189
000000013.627961	-00000009.720731	000000000.116866
000000013.714838	-00000009.782699	000000000.352880
000000006.791384	-00000004.889097	-00000000.175288
000000007.596147	-00000005.468443	-00000000.065345
000000013.463684	-00000009.692466	-00000000.115819
000000013.453624	-00000009.774630	000000000.116098
000000013.645124	-00000009.913763	000000000.353299
000000006.756524	-00000004.954088	-00000000.175497
000000007.435238	-00000005.451742	-00000000.064367
000000013.346333	-00000009.785935	-00000000.115540
000000013.604389	-00000009.975151	-00000000.117774
000000013.649157	-00000010.099845	000000000.118542
000000013.485761	-00000009.978938	000000000.351414
000000027.268881	-00000020.177912	000000000.710576
000000006.697012	-00000005.000896	-00000000.175079
000000007.114961	-00000005.312993	-00000000.061994
000000012.779687	-00000009.543045	-00000000.111351
000000012.809802	-00000009.652878	000000000.111979
000000013.062812	-00000009.843534	000000000.342618
000000006.676992	-00000005.077303	-00000000.175707
000000007.187723	-00000005.465672	-00000000.063041
000000012.648164	-00000009.617887	-00000000.110932
000000012.820277	-00000009.837345	000000000.112817
000000012.730528	-00000009.768477	000000000.336126
000000006.585000	-00000005.098651	-00000000.174450
000000007.274167	-00000005.632262	-00000000.064228
000000012.721886	-00000009.850336	-00000000.112328
000000012.497545	-00000009.764153	000000000.110723
000000012.723582	-00000009.940752	000000000.338220
000000006.524553	-00000005.143543	-00000000.174032
000000007.146210	-00000005.633618	-00000000.063529
000000012.685768	-00000010.090715	000000000.113166
000000012.738067	-00000010.132316	000000000.340943
000000006.463824	-00000005.187768	-00000000.173613
000000007.135769	-00000005.727060	-00000000.063879
000000008.718896	-00000006.997654	-00000000.078050
000000012.126908	-00000009.732873	-00000000.108559
000000011.602507	-00000009.395525	000000000.104230
000000011.576935	-00000009.374817	000000000.312042
000000006.503471	-00000005.313559	-00000000.175916
000000006.961620	-00000005.687882	-00000000.062762
000000012.405468	-00000010.135693	-00000000.111840
000000011.111123	-00000009.159303	000000000.100530
000000012.407421	-00000010.227888	000000000.112259
000000012.219852	-00000010.073270	000000000.331728
000000006.110952	-00000005.082425	-00000000.166492
000000006.950161	-00000005.780388	-00000000.063111
000000008.510872	-00000007.078417	-00000000.077283
000000011.309388	-00000009.405918	-00000000.102694
000000011.206957	-00000009.403753	000000000.102136
000000011.166478	-00000009.369788	000000000.305340
000000006.501315	-00000005.503769	-00000000.178429
000000007.197107	-00000006.092801	-00000000.065833
000000010.959751	-00000009.278114	-00000000.100251
000000012.119837	-00000010.260199	-00000000.110862
000000010.957183	-00000009.358318	000000000.100600
000000011.998914	-00000010.248040	000000000.110164
000000011.046275	-00000009.434410	000000000.304293
000000006.445464	-00000005.553767	-00000000.178220
000000006.658834	-00000005.737618	-00000000.061365
000000011.378349	-00000009.804213	-00000000.104859
000000011.176977	-00000009.715998	000000000.103392
000000011.061616	-00000009.615716	000000000.307016
000000006.299036	-00000005.524106	-00000000.175497
000000006.653620	-00000005.835069	-00000000.061784
000000010.984112	-00000009.632808	-00000000.101996
000000011.226572	-00000009.932432	000000000.104649
000000011.381630	-00000010.069615	000000000.318325
000000005.788136	-00000005.166109	-00000000.162513
000000006.774036	-00000006.046058	-00000000.063390
000000012.041072	-00000010.747067	-00000000.112678
000000010.931394	-00000009.842671	000000000.102694
000000011.219027	-00000010.101657	000000000.316231
000000005.794637	-00000005.263477	-00000000.163979
000000006.646996	-00000006.037706	-00000000.062692
000000007.897935	-00000007.173979	-00000000.074490
000000010.822968	-00000009.917422	000000000.102485
000000010.651320	-00000009.760138	000000000.302618
000000005.432795	-00000005.022024	-00000000.154974
000000006.755602	-00000006.244814	-00000000.064228
000000010.750637	-00000010.025131	000000000.102625
000000010.690046	-00000009.968629	000000000.306178
000000005.716458	-00000005.377507	-00000000.164398
000000006.715417	-00000006.317234	-00000000.064367
000000011.105211	-00000010.538452	000000000.106883
000000010.907238	-00000010.350582	000000000.314974
000000005.690979	-00000005.447928	-00000000.165026
000000006.472223	-00000006.195806	-00000000.062552
000000007.092517	-00000006.849164	000000000.068835
000000011.084756	-00000010.704425	000000000.107581
000000010.816498	-00000010.445371	000000000.314974
000000005.843742	-00000005.692721	-00000000.170890
000000006.589817	-00000006.419516	-00000000.064228
000000011.254818	-00000011.060079	000000000.110164
000000021.710815	-00000021.335159	000000000.212510
000000011.352457	-00000011.156029	000000000.333403
000000005.829343	-00000005.778693	-00000000.171937
000000006.689783	-00000006.631657	-00000000.065763
000000007.134534	-00000007.134534	000000000.070441
000000011.320504	-00000011.320504	000000000.111770
000000021.403601	-00000021.403601	000000000.211323
000000011.127419	-00000011.127419	000000000.329634
000000005.813887	-00000005.864845	-00000000.172984
000000006.744297	-00000006.803410	-00000000.066880
000000007.100038	-00000007.225051	000000000.070720
000000021.110872	-00000021.482580	000000000.210276
000000021.274939	-00000021.649534	000000000.635812
000000005.727603	-00000005.879549	-00000000.171937
000000006.845158	-00000007.026751	-00000000.068486
000000006.967254	-00000007.214802	000000000.070022
000000020.818403	-00000021.558088	000000000.209228
000000020.946302	-00000021.690531	000000000.631623
000000005.662250	-00000005.914863	-00000000.171518
000000006.493150	-00000006.782833	-00000000.065554
000000006.828311	-00000007.195539	000000000.069254
000000020.540001	-00000021.644644	000000000.208321
000000020.618580	-00000021.727449	000000000.627435
000000005.569316	-00000005.920357	-00000000.170262
000000006.248716	-00000006.642581	-00000000.063669
000000010.277465	-00000011.021232	000000000.105208
000000020.268497	-00000021.735302	000000000.207483
000000020.319094	-00000021.789560	000000000.624084
000000005.531013	-00000005.983416	-00000000.170681
000000006.719964	-00000007.269615	-00000000.069114
000000009.618372	-00000010.405096	-00000000.098924
000000010.120094	-00000011.044145	000000000.104579
000000019.976715	-00000021.800760	000000000.206436
000000009.969524	-00000010.879827	000000000.309110
000000005.572699	-00000006.135062	-00000000.173613
000000006.454564	-00000007.105921	-00000000.067020
000000009.688569	-00000010.666284	-00000000.100600
000000009.461276	-00000010.507812	000000000.098715
000000009.820683	-00000010.906974	000000000.307435
000000019.795233	-00000021.984833	000000000.619686
000000005.332542	-00000005.974609	-00000000.167749
000000006.512164	-00000007.296263	-00000000.068277
000000009.448630	-00000010.586296	-00000000.099064
000000009.422228	-00000010.649891	000000000.099274
000000009.645633	-00000010.902404	000000000.304922
000000019.629126	-00000022.186691	000000000.620524
000000005.359306	-00000006.111117	-00000000.170262
000000005.511996	-00000006.285227	-00000000.058363
000000006.362532	-00000007.255077	-00000000.067369
000000009.435009	-00000010.758566	-00000000.099902
000000009.630713	-00000011.078867	000000000.102485
000000009.615716	-00000011.061616	000000000.307016
000000005.312299	-00000006.165227	-00000000.170471
000000006.677569	-00000007.749701	-00000000.071418
000000009.164523	-00000010.635953	-00000000.098017
000000009.124523	-00000010.683444	000000000.098087
000000009.414931	-00000011.023468	000000000.303665
000000005.251836	-00000006.203719	-00000000.170262
000000005.995884	-00000007.082624	-00000000.064786
000000008.825838	-00000010.425502	-00000000.095364
000000009.133789	-00000010.885226	000000000.099204
000000009.286243	-00000011.066915	000000000.302618
000000008.853993	-00000010.740752	000000000.097179
000000009.202033	-00000011.162959	000000000.303037
000000008.810270	-00000010.879778	000000000.097738
000000009.035059	-00000011.157369	000000000.300733
000000008.914192	-00000011.206676	000000000.099972
000000008.900007	-00000011.188843	000000000.299477
000000008.649833	-00000011.071281	000000000.098087
000000008.832805	-00000011.305474	000000000.300524
000000008.686814	-00000011.320877	000000000.099623
000000008.812932	-00000011.485236	000000000.303246
000000008.539547	-00000011.332361	000000000.099064
000000008.778556	-00000011.649537	000000000.305550
000000017.172035	-00000022.788059	000000000.597697
000000008.339212	-00000011.269799	000000000.097877
000000008.492207	-00000011.476558	000000000.299058
000000017.002254	-00000022.977228	000000000.598744
000000008.340469	-00000011.479671	000000000.099064
000000008.332967	-00000011.469345	000000000.296964
000000009.120427	-00000012.553190	000000000.325026
000000016.783464	-00000023.100458	000000000.598116
000000008.181906	-00000011.470609	000000000.098366
000000008.377707	-00000011.745111	000000000.302199
000000016.476734	-00000023.099531	000000000.594346
000000008.012668	-00000011.443275	000000000.097528
000000008.188875	-00000011.694925	000000000.299058
000000016.251591	-00000023.209677	000000000.593508
000000007.748249	-00000011.273772	000000000.095504
000000015.901199	-00000023.136389	000000000.588063
000000007.571287	-00000011.224895	000000000.094526
000000007.720760	-00000011.446498	000000000.289215
000000015.788144	-00000023.406887	000000000.591414
000000007.577910	-00000011.448973	000000000.095853
000000007.543324	-00000011.396719	000000000.286283
000000007.455926	-00000011.481120	000000000.095573
000000007.492589	-00000011.537577	000000000.288168
000000007.360825	-00000011.554181	000000000.095643
000000007.407737	-00000011.627817	000000000.288796
000000007.233222	-00000011.575574	000000000.095294
000000007.666250	-00000012.268565	000000000.303037
000000014.760313	-00000023.621439	000000000.583456
000000007.252103	-00000011.834357	000000000.096900
000000014.496155	-00000023.655575	000000000.581152
000000007.014647	-00000011.674334	000000000.095085
000000014.111699	-00000023.485811	000000000.191287
000000014.201634	-00000023.635489	000000000.577592
000000013.845309	-00000023.504671	000000000.190449
000000013.979615	-00000023.732677	000000000.576964
000000006.704836	-00000011.613117	000000000.093619
000000013.711992	-00000023.749866	000000000.574451
