000000003.341397	000000003.877882	-00000000.107225
000000003.505234	000000004.068025	-00000000.037489
000000003.361926	000000003.833542	-00000000.106806
000000003.527414	000000004.022245	-00000000.037350
000000003.415224	000000003.826435	-00000000.107435
000000003.602332	000000004.036072	-00000000.037769
000000003.448485	000000003.796486	-00000000.107435
000000003.597075	000000003.960070	-00000000.037350
000000003.522203	000000003.810298	-00000000.108691
000000003.638283	000000003.935873	-00000000.037420
000000003.562170	000000003.786698	-00000000.108901
000000003.693046	000000003.925824	-00000000.037629
000000003.643475	000000003.806023	-00000000.110367
000000003.810144	000000003.980129	-00000000.038467
000000006.078252	000000006.349424	-00000000.061365
000000003.641667	000000003.738276	-00000000.109319
000000005.441572	000000005.585930	-00000000.163351
000000006.147385	000000006.310467	-00000000.061505
000000003.709344	000000003.741856	-00000000.110367
000000003.787507	000000003.820704	-00000000.037559
000000006.216299	000000006.270784	-00000000.061645
000000003.763157	000000003.730460	-00000000.110995
000000005.573732	000000005.525303	-00000000.164398
000000006.277886	000000006.223339	-00000000.061714
000000003.867182	000000003.767242	-00000000.113089
000000005.700513	000000005.553194	-00000000.166702
000000006.109907	000000005.952007	-00000000.059550
000000003.878244	000000003.712611	-00000000.112461
000000005.719868	000000005.475582	-00000000.165864
000000006.378318	000000006.105911	-00000000.061645
000000003.961469	000000003.726578	-00000000.113927
000000005.745586	000000005.404908	-00000000.165236
000000004.013227	000000003.775266	-00000000.038467
000000006.278405	000000005.906133	-00000000.060178
000000004.023205	000000003.719012	-00000000.114764
000000005.733801	000000005.300271	-00000000.163560
000000006.300333	000000005.823968	-00000000.059899
000000004.196116	000000003.811484	-00000000.118744
000000005.535617	000000005.028201	-00000000.156649
000000006.439741	000000005.849449	-00000000.060737
000000004.497739	000000004.014386	-00000000.126283
000000005.743382	000000005.126164	-00000000.161257
000000006.527843	000000005.826323	-00000000.061086
000000004.720519	000000004.139784	-00000000.131518
000000006.495738	000000005.696609	-00000000.060318
000000004.551967	000000003.922226	-00000000.125864
000000005.915285	000000005.096936	-00000000.163560
000000006.598230	000000005.685399	-00000000.060807
000000005.097275	000000004.315162	-00000000.139895
000000006.533111	000000005.530687	-00000000.059760
000000005.050183	000000004.200193	-00000000.137592
000000004.820521	000000004.009185	-00000000.043773
000000006.634943	000000005.518224	-00000000.060248
000000005.078902	000000004.149637	-00000000.137382
000000006.675102	000000005.453787	-00000000.060178
000000005.247471	000000004.211541	-00000000.140942
000000006.699045	000000005.376552	-00000000.059969
000000005.433201	000000004.283191	-00000000.144922
000000006.706443	000000005.286933	-00000000.059620
000000005.391320	000000004.174406	-00000000.142827
000000005.534692	000000004.285417	-00000000.048869
000000006.973712	000000005.399625	-00000000.061575
000000005.594667	000000004.254283	-00000000.147225
000000005.555959	000000004.224849	-00000000.048729
000000006.933009	000000005.271982	-00000000.060807
000000005.767762	000000004.306992	-00000000.150785
000000006.962726	000000005.199314	-00000000.060667
000000005.861567	000000004.297878	-00000000.152251
000000007.032026	000000005.156095	-00000000.060877
000000006.036786	000000004.345864	-00000000.155812
000000007.068637	000000005.088691	-00000000.060807
000000006.180621	000000004.368031	-00000000.158534
000000006.630968	000000004.686305	-00000000.056688
000000007.585163	000000005.311189	000000000.064646
000000006.456728	000000004.479192	-00000000.164607
000000006.967396	000000004.833455	-00000000.059201
000000006.528627	000000004.445184	-00000000.165445
000000007.191155	000000004.896284	-00000000.060737
000000007.751313	000000005.228326	000000000.065275
000000018.317713	000000012.355453	000000000.462827
000000006.741739	000000004.504686	-00000000.169843
000000007.483044	000000005.000010	-00000000.062831
000000006.948014	000000004.555318	-00000000.174032
000000007.509666	000000004.923553	-00000000.062692
000000011.130698	000000007.297605	-00000000.092921
000000016.643959	000000010.808714	000000000.415707
000000007.113630	000000004.575640	-00000000.177173
000000007.855113	000000005.052578	-00000000.065205
000000010.992112	000000007.070364	-00000000.091245
000000016.985489	000000010.820951	000000000.140603
000000016.400366	000000010.448186	000000000.407330
000000007.356218	000000004.641428	-00000000.182199
000000007.881991	000000004.973166	-00000000.065065
000000011.053393	000000006.974172	-00000000.091245
000000017.223436	000000010.762398	000000000.141789
000000016.304388	000000010.188112	000000000.402723
000000007.557973	000000004.677016	-00000000.186178
000000008.027129	000000004.967338	-00000000.065903
000000011.266892	000000006.972165	-00000000.092502
000000016.967125	000000010.397468	000000000.138927
000000016.494968	000000010.108130	000000000.405236
000000007.889106	000000004.787227	-00000000.193299
000000008.309541	000000005.042353	-00000000.067858
000000011.199073	000000006.795764	-00000000.091455
000000017.314358	000000010.403516	000000000.141021
000000016.625399	000000009.989547	000000000.406283
000000008.153978	000000004.851107	-00000000.198744
000000008.808702	000000005.240626	-00000000.071558
000000011.928270	000000007.096575	-00000000.096900
000000017.051226	000000010.043940	000000000.138159
000000016.970373	000000009.996313	000000000.412566
000000008.532824	000000004.976195	-00000000.206911
000000009.225538	000000005.380175	-00000000.074560
000000011.912002	000000006.946874	-00000000.096272
000000014.566192	000000008.409795	000000000.117425
000000017.112246	000000009.879760	000000000.137950
000000016.857817	000000009.732864	000000000.407749
000000008.931807	000000005.104948	-00000000.215497
000000009.784363	000000005.592224	-00000000.078679
000000014.473661	000000008.188804	000000000.116098
000000017.250029	000000009.759597	000000000.138369
000000017.290176	000000009.782310	000000000.416126
000000009.307490	000000005.212445	-00000000.223456
000000011.906959	000000006.668217	-00000000.285864
000000009.893864	000000005.540830	-00000000.079167
000000012.075050	000000006.762353	-00000000.096621
000000012.086949	000000006.699905	000000000.096481
000000012.198269	000000006.761611	000000000.292147
000000009.659410	000000005.299334	-00000000.230785
000000010.388959	000000005.699578	-00000000.082728
000000012.212506	000000006.700010	-00000000.097249
000000014.807708	000000008.039929	000000000.117634
000000021.262711	000000011.544710	000000000.506807
000000009.872620	000000005.304750	-00000000.234765
000000010.746605	000000005.774359	-00000000.085171
000000014.762524	000000007.849373	000000000.116727
000000014.945024	000000007.946411	000000000.354555
000000021.247887	000000011.297702	000000000.504084
000000010.493651	000000005.520977	-00000000.248377
000000011.398363	000000005.996969	-00000000.089919
000000014.732891	000000007.669458	000000000.115959
000000014.996063	000000007.806457	000000000.354136
000000009.981473	000000005.140796	-00000000.235183
000000011.805860	000000006.080417	-00000000.092711
000000014.897265	000000007.590536	000000000.116727
000000015.072524	000000007.679835	000000000.354346
000000011.409768	000000005.750997	-00000000.267644
000000012.438894	000000006.269719	-00000000.097249
000000015.043480	000000007.500402	000000000.117355
000000018.605232	000000009.276227	000000000.145140
000000023.576349	000000011.754734	000000000.551833
000000010.033805	000000004.948125	-00000000.234346
000000013.111959	000000006.466103	-00000000.102066
000000015.261150	000000007.443360	000000000.118542
000000018.478754	000000009.012691	000000000.143535
000000018.654873	000000009.098589	000000000.434765
000000012.598004	000000006.076556	-00000000.292984
000000014.032537	000000006.768492	-00000000.108768
000000015.659473	000000007.469186	000000000.121125
000000018.556702	000000008.851092	000000000.143535
000000018.733561	000000008.935451	000000000.434765
000000010.190974	000000004.806376	-00000000.236021
000000014.805571	000000006.982760	-00000000.114283
000000018.732925	000000008.735307	000000000.144303
000000026.848009	000000012.519432	000000000.620524
000000015.601520	000000007.192399	-00000000.119938
000000018.844837	000000008.588087	000000000.144582
000000058.597755	000000026.704535	000000001.348901
000000010.264189	000000004.623680	-00000000.235812
000000016.557196	000000007.458473	-00000000.126780
000000019.138311	000000008.520926	000000000.146257
000000016.209770	000000007.132470	-00000000.123638
000000017.921362	000000007.885588	-00000000.136693
000000021.715454	000000009.442148	000000000.165316
000000027.135147	000000011.798697	000000000.206575
000000010.269834	000000004.412269	-00000000.234136
000000016.344898	000000007.022323	-00000000.124197
000000019.496273	000000008.376260	-00000000.148142
000000021.944302	000000009.314803	000000000.166433
000000027.273893	000000011.577081	000000000.206855
000000027.240969	000000011.563105	000000000.619896
000000016.553104	000000006.941293	-00000000.125314
000000021.597420	000000009.056550	-00000000.163501
000000023.318151	000000009.658694	000000000.176207
000000028.408604	000000011.767229	000000000.214674
000000010.271247	000000004.202078	-00000000.232461
000000016.668579	000000006.819295	-00000000.125732
000000023.887617	000000009.772682	-00000000.180186
000000044.169960	000000017.845823	000000000.332587
000000044.761299	000000017.631945	000000000.335868
000000059.831333	000000023.568190	000000001.347016
000000010.343019	000000004.022180	-00000000.232461
000000060.137394	000000023.084583	000000001.349320
000000052.770824	000000019.730204	000000000.393324
000000010.299081	000000003.799532	-00000000.229948
000000065.075119	000000023.044310	000000001.446074
000000010.175047	000000003.553286	-00000000.225759
000000010.254501	000000003.381427	-00000000.226178
000000010.120992	000000003.142651	-00000000.221990
000000010.212690	000000002.976728	-00000000.222827
000000010.214857	000000002.784890	-00000000.221780
000000055.086258	000000014.246276	000000000.397234
000000010.174692	000000002.584043	-00000000.219895
000000044.826572	000000011.176519	000000000.322534
000000044.740223	000000011.154990	000000000.965864
000000054.811157	000000013.158995	000000000.393534
000000044.884472	000000010.775808	000000000.966911
000000010.218241	000000002.406076	-00000000.219895
000000055.479279	000000012.808400	000000000.397513
000000044.986542	000000010.385962	000000000.967121
000000067.118713	000000014.879861	000000000.479962
000000067.154434	000000014.887780	000000001.440839
000000010.258677	000000002.227377	-00000000.219895
000000054.433491	000000011.074618	000000000.387809
000000054.422878	000000011.072460	000000001.163351
000000010.295987	000000002.047999	-00000000.219895
000000073.178528	000000014.224464	000000000.520453
000000010.290809	000000001.860881	-00000000.219058
000000044.029682	000000007.763621	000000000.312132
000000044.050636	000000007.767316	000000000.936964
000000065.606117	000000010.978699	000000000.464393
000000067.871155	000000011.357736	000000001.441467
000000010.242776	000000001.668142	-00000000.217382
000000065.706367	000000010.406866	000000001.393509
000000042.991474	000000006.425119	000000000.303475
000000010.270329	000000001.489127	-00000000.217382
000000032.390877	000000004.552241	000000000.228357
000000032.518597	000000004.281155	000000000.228985
000000032.591560	000000004.290760	000000000.688587
000000010.374096	000000001.319752	-00000000.219058
000000028.717844	000000003.653371	-00000000.202107
000000032.385994	000000003.976500	000000000.227799
000000027.491463	000000003.132257	000000000.193171
000000010.355796	000000001.134144	-00000000.218220
000000024.880625	000000002.724872	-00000000.174741
000000027.676870	000000002.908956	000000000.194288
000000011.728106	000000001.180958	-00000000.246911
000000025.002949	000000002.517664	-00000000.175439
000000029.373426	000000002.828339	000000000.206017
000000061.981812	000000005.968170	000000000.434723
000000010.453658	000000000.960556	-00000000.219895
000000016.599663	000000001.525295	-00000000.116378
000000024.725233	000000002.271930	-00000000.173345
000000025.153303	000000002.200629	000000000.176277
000000047.687344	000000004.172102	000000001.002723
000000010.461643	000000000.869295	-00000000.219895
000000022.711176	000000001.887153	-00000000.159103
000000023.157825	000000001.822560	000000000.162175
000000047.313290	000000003.723637	000000000.994137
000000010.399038	000000000.772782	-00000000.218429
000000016.743423	000000001.244251	-00000000.117215
000000022.088552	000000001.641463	-00000000.154635
000000026.414852	000000001.847106	000000000.184864
000000047.513527	000000003.322469	000000000.997697
000000010.794465	000000000.707507	-00000000.226597
000000020.425674	000000001.338769	-00000000.142906
000000047.320419	000000002.894241	000000000.330982
000000047.959839	000000002.933349	000000001.006493
000000010.440886	000000000.592876	-00000000.219058
000000016.802523	000000000.954116	-00000000.117495
000000020.157038	000000001.144600	-00000000.140952
000000020.980696	000000001.099552	000000000.146676
000000047.523621	000000002.490608	000000000.332238
000000047.724022	000000002.501110	000000001.001048
000000010.505581	000000000.504619	-00000000.220314
000000017.239704	000000000.828082	-00000000.120497
000000017.379538	000000000.834799	-00000000.121474
000000019.197397	000000000.922117	-00000000.134180
000000019.221220	000000000.839217	000000000.134319
000000020.779696	000000000.907261	000000000.145210
000000047.933811	000000002.092835	000000001.005027
000000049.801620	000000002.174386	000000001.044189
000000010.369722	000000000.407428	-00000000.217382
000000017.306225	000000000.679963	-00000000.120915
000000020.087267	000000000.701463	000000000.140323
000000020.832729	000000000.727495	000000000.436649
000000011.072403	000000000.338293	-00000000.232042
000000017.991167	000000000.549680	-00000000.125663
000000020.532461	000000000.537661	000000000.143395
000000020.688370	000000000.541744	000000000.433508
000000010.505195	000000000.229224	-00000000.220105
000000017.195488	000000000.375207	-00000000.120078
000000020.766331	000000000.362478	000000000.145001
000000048.801857	000000000.851840	000000001.022409
000000011.026636	000000000.144347	-00000000.230995
000000017.358089	000000000.227230	-00000000.121195
000000020.518719	000000000.179064	000000000.143255
000000044.677212	000000000.389892	000000000.311923
000000010.497598	000000000.045805	-00000000.219895
000000016.709433	000000000.072909	-00000000.116657
000000018.779364	000000000.081941	-00000000.131108
000000020.819492	000000000.000000	000000000.145350
000000043.328945	000000000.000000	000000000.302498
000000043.750401	000000000.000000	000000000.916440
000000052.638454	000000000.000000	000000001.102618
000000011.037474	-00000000.048160	-00000000.231204
000000016.479441	-00000000.071906	-00000000.115051
000000019.099354	-00000000.083337	-00000000.133342
000000021.208675	-00000000.185085	000000000.148073
000000042.087372	-00000000.367291	000000000.293841
000000043.938690	-00000000.383447	000000000.920419
000000052.836395	-00000000.461096	000000001.106807
000000010.576774	-00000000.138458	-00000000.221571
000000016.238213	-00000000.212570	-00000000.113376
000000019.507853	-00000000.255372	-00000000.136204
000000020.666348	-00000000.360732	000000000.144303
000000042.212543	-00000000.736823	000000000.294749
000000042.434227	-00000000.740692	000000000.889006
000000011.084929	-00000000.241874	-00000000.232251
000000015.755866	-00000000.343794	-00000000.110025
000000019.394911	-00000000.423198	-00000000.135436
000000020.122610	-00000000.526929	000000000.140533
000000041.544746	-00000001.087888	000000000.290141
000000095.676208	-00000002.505370	000000002.004818
000000010.612719	-00000000.324248	-00000000.222409
000000015.192540	-00000000.464174	-00000000.106115
000000016.599478	-00000000.579667	000000000.115959
000000041.373772	-00000001.444804	000000000.289024
000000011.089010	-00000000.435688	-00000000.232461
000000014.798222	-00000000.581424	-00000000.103392
000000016.264109	-00000000.710106	000000000.113655
000000024.765802	-00000001.081298	000000000.173065
000000037.673191	-00000001.644847	000000000.263263
000000010.565498	-00000000.507497	-00000000.221571
000000014.702690	-00000000.706221	-00000000.102764
000000016.337181	-00000000.856195	000000000.114213
000000024.455841	-00000001.281676	000000000.170971
000000037.976955	-00000001.990288	000000000.265497
000000042.432446	-00000002.223790	000000000.890053
000000011.089699	-00000000.629719	-00000000.232670
000000014.466343	-00000000.821458	-00000000.101158
000000016.219296	-00000000.992015	000000000.113445
000000024.164253	-00000001.477949	000000000.169016
000000024.349148	-00000001.489258	000000000.510995
000000010.644819	-00000000.697698	-00000000.223456
000000014.089424	-00000000.923470	-00000000.098575
000000016.279848	-00000001.138398	000000000.113934
000000024.230242	-00000001.694344	000000000.169575
000000035.911430	-00000002.511172	000000000.251325
000000024.564613	-00000001.717725	000000000.515812
000000036.293392	-00000002.537881	000000000.762095
000000011.086989	-00000000.823906	-00000000.232880
000000014.080830	-00000001.046386	-00000000.098575
000000014.225664	-00000001.119584	000000000.099623
000000014.272725	-00000001.123288	000000000.299895
000000010.591168	-00000000.880058	-00000000.222618
000000013.861888	-00000001.151834	-00000000.097109
000000016.297348	-00000001.425833	000000000.114213
000000034.547192	-00000003.022488	000000000.242110
000000017.718418	-00000001.550161	000000000.372566
000000010.961408	-00000001.007212	-00000000.230576
000000013.781605	-00000001.266352	-00000000.096621
000000016.801878	-00000001.617837	000000000.117844
000000032.498894	-00000003.129288	000000000.227938
000000017.704216	-00000001.704722	000000000.372566
000000010.693565	-00000001.076785	-00000000.225131
000000013.730231	-00000001.382562	-00000000.096341
000000017.085470	-00000001.795755	000000000.119938
000000033.126717	-00000003.481758	000000000.232546
000000034.044964	-00000003.578270	000000000.717068
000000011.041543	-00000001.209246	-00000000.232670
000000013.836927	-00000001.515390	-00000000.097179
000000017.188374	-00000001.958368	000000000.120776
000000031.634558	-00000003.604302	000000000.222283
000000032.274071	-00000003.677166	000000000.680419
000000010.583788	-00000001.252674	-00000000.223246
000000013.584846	-00000001.607872	-00000000.095504
000000017.031677	-00000002.091227	000000000.119798
000000030.817806	-00000003.783951	000000000.216768
000000031.585815	-00000003.878250	000000000.666597
000000011.048512	-00000001.405548	-00000000.233299
000000013.689335	-00000001.741503	-00000000.096341
000000017.032608	-00000002.242385	000000000.119938
000000020.700863	-00000002.725320	000000000.145769
000000030.466358	-00000004.010972	000000000.214534
000000030.648752	-00000004.034985	000000000.647540
000000010.649472	-00000001.449330	-00000000.225131
000000012.524240	-00000001.704474	-00000000.088243
000000016.457855	-00000002.313001	000000000.116029
000000019.408781	-00000002.727726	000000000.136833
000000030.261854	-00000004.253026	000000000.213347
000000030.711378	-00000004.316203	000000000.649634
000000010.953038	-00000001.588115	-00000000.231833
000000012.380238	-00000001.795049	-00000000.087336
000000014.250632	-00000002.066243	-00000000.100530
000000017.010658	-00000002.542260	000000000.120078
000000030.025791	-00000004.487384	000000000.211951
000000019.449675	-00000002.906774	000000000.411937
000000030.247360	-00000004.520498	000000000.640629
000000010.503979	-00000001.616717	-00000000.222618
000000012.571652	-00000001.934962	-00000000.088802
000000015.456945	-00000002.448140	000000000.109257
000000019.289083	-00000003.055091	000000000.136344
000000028.997824	-00000004.592804	000000000.204970
000000019.305071	-00000003.057623	000000000.409424
000000029.703150	-00000004.704517	000000000.629948
000000010.736165	-00000001.748496	-00000000.227854
000000013.225429	-00000002.153898	-00000000.093549
000000019.034847	-00000003.185341	000000000.134738
000000029.015816	-00000004.855582	000000000.205389
000000019.395983	-00000003.245775	000000000.411937
000000029.305979	-00000004.904139	000000000.622409
000000010.464310	-00000001.798097	-00000000.222409
000000010.880274	-00000001.869573	-00000000.077073
000000014.457755	-00000002.484297	-00000000.102415
000000019.232828	-00000003.391266	000000000.136344
000000029.051121	-00000005.122497	000000000.205947
000000026.780897	-00000004.722195	000000000.569634
000000029.222685	-00000005.152748	000000000.621571
000000010.428544	-00000001.885788	-00000000.221990
000000012.054205	-00000002.179755	-00000000.085520
000000015.104657	-00000002.731367	-00000000.107162
000000018.946861	-00000003.511593	000000000.134529
000000028.995480	-00000005.373995	000000000.205877
000000027.692217	-00000005.132449	000000000.589948
000000029.206095	-00000005.413030	000000000.622199
000000010.303644	-00000001.956208	-00000000.219686
000000011.779293	-00000002.236369	-00000000.083705
000000019.033287	-00000003.699696	000000000.135367
000000025.472605	-00000004.951373	000000000.181164
000000028.387966	-00000005.518062	000000000.201898
000000027.548231	-00000005.354834	000000000.587854
000000010.129290	-00000002.014841	-00000000.216335
000000010.739337	-00000002.136187	-00000000.076445
000000013.495276	-00000002.684377	-00000000.096062
000000018.657312	-00000003.795873	000000000.132923
000000025.781191	-00000005.245243	000000000.183677
000000028.274426	-00000005.752497	000000000.604398
000000010.033015	-00000002.086870	-00000000.214660
000000011.278330	-00000002.345896	-00000000.080424
000000015.933637	-00000003.386799	000000000.113725
000000025.079092	-00000005.330726	000000000.179000
000000026.189049	-00000005.566654	000000000.560838
000000009.848330	-00000002.138282	-00000000.211100
000000010.807913	-00000002.346628	-00000000.077213
000000025.139009	-00000005.573184	000000000.179767
000000025.729519	-00000005.704097	000000000.552042
000000009.644020	-00000002.182219	-00000000.207121
000000010.621220	-00000002.403337	-00000000.076026
000000013.488655	-00000003.052171	-00000000.096551
000000014.313147	-00000003.304450	000000000.102555
000000025.079674	-00000005.790099	000000000.179698
000000025.279358	-00000005.836200	000000000.543456
000000009.566219	-00000002.252546	-00000000.205864
000000010.337036	-00000002.434049	-00000000.074141
000000013.923998	-00000003.342856	000000000.099972
000000021.469404	-00000005.154348	000000000.154146
000000024.969851	-00000005.994731	000000000.179279
000000021.581879	-00000005.181351	000000000.464922
000000025.071920	-00000006.019236	000000000.540105
000000009.458797	-00000002.314553	-00000000.203979
000000009.975440	-00000002.440975	-00000000.071698
000000011.976356	-00000002.930596	-00000000.086079
000000014.098053	-00000003.515039	000000000.101438
000000024.266504	-00000006.050319	000000000.174601
000000013.862485	-00000003.456306	000000000.299267
000000024.834124	-00000006.191843	000000000.536126
000000009.399478	-00000002.387163	-00000000.203141
000000010.040987	-00000002.550086	-00000000.072326
000000014.512179	-00000003.753105	000000000.104649
000000022.179722	-00000005.736066	000000000.159941
000000024.754932	-00000006.402061	000000000.178511
000000013.725323	-00000003.549610	000000000.296964
000000024.953373	-00000006.453381	000000000.539896
000000009.291273	-00000002.446188	-00000000.201257
000000009.679894	-00000002.548503	-00000000.069882
000000011.407307	-00000003.056579	000000000.082449
000000014.063538	-00000003.768314	000000000.101647
000000020.554401	-00000005.507535	000000000.148561
000000020.550394	-00000005.506462	000000000.445655
000000024.606392	-00000006.593263	000000000.533613
000000009.240636	-00000002.519286	-00000000.200628
000000009.686229	-00000002.640769	-00000000.070092
000000013.365229	-00000003.706506	000000000.096830
000000023.328924	-00000006.469683	000000000.169016
000000024.085478	-00000006.679494	000000000.523561
000000009.141319	-00000002.578119	-00000000.198953
000000009.402959	-00000002.651909	-00000000.068207
000000009.641219	-00000002.764575	000000000.070022
000000009.677782	-00000002.775059	000000000.210890
000000024.593292	-00000007.052013	000000000.535917
000000009.080080	-00000002.646602	-00000000.198115
000000009.417860	-00000002.745056	-00000000.068486
000000009.492084	-00000002.811683	000000000.069114
000000009.538164	-00000002.825333	000000000.208377
000000008.980049	-00000002.702688	-00000000.196440
000000009.345669	-00000002.812727	-00000000.068137
000000009.419373	-00000002.879791	000000000.068765
000000009.436658	-00000002.885076	000000000.206702
000000008.851093	-00000002.748338	-00000000.194136
000000009.320767	-00000002.894175	-00000000.068137
000000009.384346	-00000002.958873	000000000.068696
000000009.420657	-00000002.970322	000000000.206911
000000008.855338	-00000002.834616	-00000000.194765
000000009.333252	-00000002.987597	-00000000.068416
000000009.453271	-00000003.071554	000000000.069394
000000009.498971	-00000003.086403	000000000.209215
000000008.763800	-00000002.889868	-00000000.193299
000000009.287831	-00000003.062667	-00000000.068277
000000009.520937	-00000003.185661	000000000.070092
000000020.682434	-00000006.920246	000000000.152261
000000009.547524	-00000003.194557	000000000.210890
000000021.019724	-00000007.033102	000000000.464293
000000008.245953	-00000002.799124	-00000000.182408
000000009.289159	-00000003.153244	-00000000.068486
000000010.230262	-00000003.522562	000000000.075537
000000020.848175	-00000007.178603	000000000.153937
000000021.316767	-00000007.339952	000000000.472252
000000008.145701	-00000002.844606	-00000000.180733
000000009.365135	-00000003.270452	-00000000.069254
000000009.840937	-00000003.484859	000000000.072884
000000020.388838	-00000007.220066	000000000.151005
000000020.752413	-00000007.348815	000000000.461152
000000008.158207	-00000002.929096	-00000000.181571
000000009.185655	-00000003.297987	-00000000.068137
000000009.772565	-00000003.556923	000000000.072605
000000012.102946	-00000004.405112	000000000.089919
000000019.808237	-00000007.209609	000000000.147165
000000017.352316	-00000006.315726	000000000.386806
000000020.236540	-00000007.365499	000000000.451100
000000008.319932	-00000003.069385	-00000000.185759
000000009.175287	-00000003.384942	-00000000.068277
000000009.375860	-00000003.505491	000000000.069882
000000019.969364	-00000007.466239	000000000.148840
000000019.862459	-00000007.426269	000000000.444189
000000008.283481	-00000003.138330	-00000000.185550
000000008.902270	-00000003.372769	-00000000.066462
000000010.623886	-00000004.078128	000000000.079447
000000011.753491	-00000004.511743	000000000.087894
000000019.184610	-00000007.364282	000000000.143465
000000019.544888	-00000007.502579	000000000.438534
000000008.386231	-00000003.261227	-00000000.188482
000000009.487609	-00000003.689529	-00000000.071069
000000017.398386	-00000006.853406	000000000.130550
000000018.933537	-00000007.458118	000000000.142069
000000017.850798	-00000007.031616	000000000.401885
000000008.218163	-00000003.278714	-00000000.185340
000000009.287869	-00000003.705484	-00000000.069813
000000012.674294	-00000005.120748	000000000.095434
000000018.737928	-00000007.570614	000000000.141091
000000018.966021	-00000007.662770	000000000.428482
000000008.244757	-00000003.373019	-00000000.186597
000000009.421773	-00000003.854549	-00000000.071069
000000018.634195	-00000007.718537	000000000.140812
000000018.926140	-00000007.839464	000000000.429110
000000008.168908	-00000003.425508	-00000000.185550
000000009.664431	-00000004.052632	-00000000.073164
000000018.382032	-00000007.802710	000000000.139416
000000018.157578	-00000007.707434	000000000.413194
000000008.147891	-00000003.500610	-00000000.185759
000000009.830826	-00000004.223656	-00000000.074699
000000017.652977	-00000007.675733	000000000.134389
000000017.887918	-00000007.777888	000000000.408587
000000008.089579	-00000003.559500	-00000000.185131
000000010.068181	-00000004.430106	-00000000.076794
000000011.537798	-00000005.136959	000000000.088173
000000017.969002	-00000008.000315	000000000.137321
000000018.285170	-00000008.141082	000000000.419267
000000008.058208	-00000003.629958	-00000000.185131
000000008.068898	-00000003.634773	-00000000.061784
000000010.111195	-00000004.554761	-00000000.077422
000000017.689217	-00000008.061440	000000000.135716
000000017.703962	-00000008.068160	000000000.407539
000000007.908192	-00000003.645727	-00000000.182408
000000009.589759	-00000004.420939	-00000000.073722
000000017.609131	-00000008.211273	000000000.135646
000000018.040630	-00000008.412484	000000000.416964
000000007.975544	-00000003.761511	-00000000.184712
000000009.767878	-00000004.606830	-00000000.075398
000000017.320190	-00000008.261307	000000000.133970
000000017.262669	-00000008.233871	000000000.400628
000000007.852366	-00000003.787532	-00000000.182618
000000009.511142	-00000004.587630	-00000000.073722
000000011.423394	-00000005.571561	000000000.088732
000000017.463142	-00000008.517344	000000000.135646
000000016.821733	-00000008.204508	000000000.392042
000000007.845915	-00000003.869177	-00000000.183246
000000009.112005	-00000004.493544	-00000000.070930
000000011.177458	-00000005.572875	000000000.087196
000000017.048084	-00000008.499861	000000000.132993
000000017.035814	-00000008.493744	000000000.398744
000000007.785069	-00000003.923998	-00000000.182618
000000009.643938	-00000004.860945	-00000000.075398
000000011.288777	-00000005.751919	000000000.088453
000000016.643597	-00000008.480336	000000000.130410
000000016.773973	-00000008.546766	000000000.394346
000000007.759417	-00000003.996362	-00000000.182827
000000009.067754	-00000004.670200	-00000000.071209
000000011.433291	-00000005.951795	000000000.089988
000000016.178682	-00000008.422090	000000000.127338
000000015.191162	-00000007.908019	000000000.358744
000000017.062346	-00000008.882094	000000000.402932
000000007.396874	-00000003.891684	-00000000.175079
000000008.566472	-00000004.507039	-00000000.067579
000000015.804377	-00000008.403336	000000000.124965
000000016.383913	-00000008.711481	000000000.388691
000000007.609227	-00000004.088585	-00000000.180943
000000008.843927	-00000004.752014	-00000000.070092
000000011.442492	-00000006.148273	-00000000.090687
000000016.064386	-00000008.722250	000000000.127617
000000015.692232	-00000008.520186	000000000.374032
000000007.538197	-00000004.135596	-00000000.180105
000000008.837191	-00000004.848248	-00000000.070371
000000015.550360	-00000008.619705	000000000.124127
000000015.827146	-00000008.773129	000000000.379058
000000007.545435	-00000004.225646	-00000000.181152
000000009.143535	-00000005.120625	-00000000.073164
000000015.329381	-00000008.584866	-00000000.122661
000000015.439734	-00000008.735381	000000000.123848
000000016.823566	-00000009.518315	000000000.134948
000000015.819596	-00000008.950297	000000000.380733
000000018.316969	-00000010.363242	000000000.440838
000000032.100380	-00000018.161520	000000000.772566
000000007.100309	-00000004.058161	-00000000.171309
000000008.681777	-00000004.962044	-00000000.069813
000000015.132337	-00000008.648843	-00000000.121683
000000015.198375	-00000008.774786	000000000.122521
000000015.507113	-00000008.953036	000000000.375079
000000007.349628	-00000004.286176	-00000000.178220
000000008.810907	-00000005.138369	-00000000.071209
000000015.021733	-00000008.760416	-00000000.121404
000000014.966134	-00000008.815727	000000000.121264
000000015.083817	-00000008.885048	000000000.366702
000000007.475196	-00000004.447274	-00000000.182199
000000008.593855	-00000005.112806	-00000000.069813
000000014.772837	-00000008.788915	-00000000.120008
000000014.991490	-00000009.007796	000000000.122102
000000014.885732	-00000008.944250	000000000.363770
000000007.470291	-00000004.533084	-00000000.183037
000000008.548910	-00000005.187606	-00000000.069813
000000014.644282	-00000008.886369	-00000000.119589
000000014.630948	-00000008.965857	000000000.119798
000000015.079897	-00000009.240973	000000000.370471
000000007.353933	-00000004.550752	-00000000.181152
000000007.755023	-00000004.798954	-00000000.063669
000000014.594551	-00000009.119688	000000000.120147
000000014.812150	-00000009.255659	000000000.365864
000000007.466139	-00000004.710783	-00000000.184922
000000008.473987	-00000005.346687	-00000000.069952
000000014.605364	-00000009.215299	-00000000.120566
000000014.590316	-00000009.295056	000000000.120776
000000014.722384	-00000009.379193	000000000.365655
000000007.307026	-00000004.700037	-00000000.181990
000000008.006496	-00000005.149952	-00000000.066462
000000014.431878	-00000009.282896	-00000000.119798
000000014.408010	-00000009.356670	000000000.119938
000000014.463895	-00000009.392962	000000000.361257
000000030.789230	-00000019.994761	000000000.769006
000000007.382787	-00000004.840367	-00000000.184922
000000008.103415	-00000005.312832	-00000000.067648
000000014.743365	-00000009.666174	-00000000.123080
000000014.400858	-00000009.531720	000000000.120566
000000014.356364	-00000009.502270	000000000.360628
000000007.223886	-00000004.826846	-00000000.181990
000000007.782366	-00000005.200010	-00000000.065345
000000014.034864	-00000009.377796	-00000000.117844
000000014.267388	-00000009.623475	000000000.120147
000000014.256320	-00000009.616009	000000000.360210
000000007.288922	-00000004.962851	-00000000.184712
000000008.009459	-00000005.453446	-00000000.067648
000000013.399965	-00000009.209541	000000000.113515
000000013.817566	-00000009.496550	000000000.351204
000000007.048184	-00000004.889500	-00000000.179686
000000007.756158	-00000005.380638	-00000000.065903
000000013.351438	-00000009.262221	-00000000.113445
000000013.425574	-00000009.400688	000000000.114423
000000013.521235	-00000009.467670	000000000.345759
000000006.792967	-00000004.800795	-00000000.174241
000000007.651745	-00000005.407719	-00000000.065414
000000013.163941	-00000009.303354	-00000000.112538
000000013.277900	-00000009.471034	000000000.113864
000000013.478796	-00000009.614331	000000000.346806
000000006.807612	-00000004.900780	-00000000.175707
000000007.636725	-00000005.497655	-00000000.065694
000000013.155293	-00000009.470456	-00000000.113166
000000012.434288	-00000009.034039	000000000.107302
000000013.491445	-00000009.802108	000000000.349320
000000006.708148	-00000004.918617	-00000000.174241
000000007.507817	-00000005.504959	-00000000.064996
000000009.507751	-00000006.971371	-00000000.082309
000000012.757643	-00000009.354291	-00000000.110444
000000011.816408	-00000008.743682	000000000.102625
000000013.118624	-00000009.707272	000000000.113934
000000013.308949	-00000009.848104	000000000.346806
000000006.889272	-00000005.144463	-00000000.180105
000000007.924207	-00000005.917286	-00000000.069045
000000013.044095	-00000009.740487	-00000000.113655
000000011.675767	-00000008.798321	000000000.102066
000000013.041400	-00000009.827400	000000000.114004
000000012.895134	-00000009.717181	000000000.338220
000000027.922159	-00000021.040857	000000000.732356
000000006.780450	-00000005.155974	-00000000.178429
000000007.012607	-00000005.332510	-00000000.061505
000000012.958597	-00000009.853947	-00000000.113655
000000011.701676	-00000008.979012	000000000.102974
000000011.453509	-00000008.788587	000000000.302409
000000012.825710	-00000009.841514	000000000.338639
000000006.292509	-00000004.872181	-00000000.166702
000000007.274167	-00000005.632262	-00000000.064228
000000011.599133	-00000008.981009	-00000000.102415
000000012.832579	-00000009.936044	-00000000.113306
000000011.788354	-00000009.210072	000000000.104440
000000012.046041	-00000009.411400	000000000.320210
000000006.446038	-00000005.081646	-00000000.171937
000000007.413211	-00000005.844104	-00000000.065903
000000011.590996	-00000009.137604	-00000000.103043
000000011.879703	-00000009.449542	000000000.105976
000000012.143415	-00000009.659308	000000000.325026
000000006.268896	-00000005.031321	-00000000.168377
000000007.424320	-00000005.958646	-00000000.066462
000000011.822761	-00000009.488769	-00000000.105836
000000011.703533	-00000009.477334	000000000.105138
000000011.973192	-00000009.695701	000000000.322723
000000006.232494	-00000005.092161	-00000000.168586
000000007.372039	-00000006.023208	-00000000.066462
000000011.496925	-00000009.477334	000000000.104021
000000011.957558	-00000009.857050	000000000.324608
000000006.149386	-00000005.114390	-00000000.167539
000000007.319196	-00000006.087311	-00000000.066462
000000011.444425	-00000009.603013	000000000.104300
000000011.350288	-00000009.524023	000000000.310367
000000006.234242	-00000005.277675	-00000000.171100
000000007.174210	-00000006.073417	-00000000.065624
000000011.732779	-00000010.020740	000000000.107721
000000011.707684	-00000009.999307	000000000.322513
000000006.415168	-00000005.527663	-00000000.177382
000000007.211843	-00000006.214122	-00000000.066462
000000007.501630	-00000006.521068	000000000.069394
000000011.742995	-00000010.208030	000000000.108628
000000011.529433	-00000010.022384	000000000.320000
000000006.404271	-00000005.616395	-00000000.178429
000000007.285150	-00000006.388905	-00000000.067648
000000011.660956	-00000010.316743	000000000.108698
000000011.621243	-00000010.281608	000000000.325026
000000006.399768	-00000005.712012	-00000000.179686
000000007.355946	-00000006.565433	-00000000.068835
000000012.031222	-00000010.832961	000000000.113027
000000022.947752	-00000020.662249	000000000.215581
000000012.051165	-00000010.850918	000000000.339686
000000006.297875	-00000005.720587	-00000000.178220
000000007.631463	-00000006.931933	-00000000.071977
000000007.660125	-00000007.019211	000000000.072535
000000011.965719	-00000010.964561	000000000.113306
000000022.604372	-00000020.713091	000000000.214045
000000011.926531	-00000010.928653	000000000.338848
000000022.968523	-00000021.046774	000000000.652566
000000023.882547	-00000021.884323	000000000.678534
000000006.196322	-00000005.727821	-00000000.176754
000000006.814347	-00000006.299117	-00000000.064786
000000007.613206	-00000007.099430	000000000.072675
000000022.320372	-00000020.814083	000000000.213068
000000022.542690	-00000021.021399	000000000.645655
000000023.632168	-00000022.037354	000000000.676859
000000006.218924	-00000005.850179	-00000000.178848
000000007.487471	-00000007.043509	-00000000.071767
000000007.492935	-00000007.110529	000000000.072116
000000022.021830	-00000020.897936	000000000.211951
000000022.220596	-00000021.086557	000000000.641676
000000006.174858	-00000005.911140	-00000000.179058
000000007.396827	-00000007.080921	-00000000.071488
000000021.973776	-00000021.035315	-00000000.212370
000000021.752306	-00000021.005957	000000000.211113
000000021.913477	-00000021.161598	000000000.638116
000000023.128895	-00000022.335314	000000000.673508
000000005.886711	-00000005.734580	-00000000.172147
000000007.298939	-00000007.110311	-00000000.071139
000000010.400451	-00000010.131671	-00000000.101368
000000011.069378	-00000010.877847	000000000.108349
000000021.454050	-00000021.082836	000000000.209996
000000010.675017	-00000010.490311	000000000.313508
000000021.549702	-00000021.176832	000000000.632880
000000005.950048	-00000005.898350	-00000000.175497
000000007.137189	-00000007.075176	-00000000.070162
000000010.389759	-00000010.299484	-00000000.102136
000000010.288153	-00000010.288153	000000000.101577
000000010.639624	-00000010.639624	000000000.315183
000000005.933543	-00000005.985550	-00000000.176545
000000010.229084	-00000010.318742	-00000000.101438
000000010.155928	-00000010.334747	000000000.101158
000000010.385197	-00000010.568053	000000000.310367
000000021.092743	-00000021.464130	000000000.630367
000000005.832249	-00000005.986971	-00000000.175079
000000010.243315	-00000010.515057	-00000000.102485
000000010.093140	-00000010.451753	000000000.101438
000000010.625942	-00000011.003486	000000000.320419
000000020.807400	-00000021.546694	000000000.627435
000000005.918054	-00000006.182080	-00000000.179267
000000010.033610	-00000010.481246	-00000000.101298
000000010.022199	-00000010.561193	000000000.101647
000000010.226706	-00000010.776699	000000000.311204
000000005.583016	-00000005.934921	-00000000.170681
000000009.571774	-00000010.175095	-00000000.097528
000000009.943294	-00000010.662877	000000000.101787
000000010.057270	-00000010.785101	000000000.308901
000000005.775328	-00000006.247714	-00000000.178220
000000009.693038	-00000010.485869	-00000000.099692
000000009.674216	-00000010.557554	000000000.099972
000000009.895226	-00000010.798744	000000000.306806
000000005.713864	-00000006.290474	-00000000.178011
000000009.661675	-00000010.636675	-00000000.100321
000000009.561644	-00000010.619281	000000000.099762
000000009.807303	-00000010.892114	000000000.307016
000000005.825187	-00000006.526570	-00000000.183246
000000006.485529	-00000007.266422	-00000000.067997
000000009.488583	-00000010.631059	-00000000.099483
000000009.548122	-00000010.792189	000000000.100600
000000009.586009	-00000010.835012	000000000.303037
000000005.655946	-00000006.449371	-00000000.179686
000000009.388855	-00000010.705937	-00000000.099413
000000009.368295	-00000010.776990	000000000.099692
000000009.550125	-00000010.986162	000000000.304922
000000005.599450	-00000006.498482	-00000000.179686
000000009.308127	-00000010.802613	-00000000.099553
000000009.462227	-00000011.078845	000000000.101717
000000009.518820	-00000011.145106	000000000.307016
000000005.497309	-00000006.493684	-00000000.178220
000000009.336264	-00000011.028440	-00000000.100879
000000009.223778	-00000010.992470	000000000.100181
000000018.460409	-00000022.000259	000000000.200502
000000009.517597	-00000011.342630	000000000.310157
000000009.019369	-00000010.941370	000000000.098994
000000009.227471	-00000011.193817	000000000.303875
000000018.384989	-00000022.302774	000000000.605445
000000009.099751	-00000011.237257	000000000.100949
000000009.035059	-00000011.157369	000000000.300733
000000018.214830	-00000022.493443	000000000.606283
000000008.939092	-00000011.237979	000000000.100251
000000017.874699	-00000022.471577	000000000.601466
000000008.772963	-00000011.228880	000000000.099483
000000008.931289	-00000011.431528	000000000.303875
000000017.616367	-00000022.547922	000000000.599372
000000018.410397	-00000023.564232	000000000.626388
000000008.498102	-00000011.074943	000000000.097458
000000008.782501	-00000011.445579	000000000.302199
000000017.425016	-00000022.708723	000000000.599581
000000008.334935	-00000011.060833	000000000.096690
000000008.453647	-00000011.218369	000000000.294241
000000017.141949	-00000022.748135	000000000.596650
000000008.380849	-00000011.326067	000000000.098366
000000008.248383	-00000011.147049	000000000.290471
000000008.193526	-00000011.277422	000000000.097319
000000008.244819	-00000011.348019	000000000.293822
000000008.170291	-00000011.454326	000000000.098226
000000008.145475	-00000011.419536	000000000.293822
000000007.949575	-00000011.353170	000000000.096760
000000008.332237	-00000011.899669	000000000.304293
000000016.165573	-00000023.086832	000000000.590367
000000007.974805	-00000011.603414	000000000.098296
000000015.734383	-00000022.893667	000000000.193939
000000015.872886	-00000023.095192	000000000.587016
000000007.677531	-00000011.382408	000000000.095853
000000015.478083	-00000022.947201	000000000.193241
000000015.653967	-00000023.207960	000000000.586388
000000015.216532	-00000022.989672	000000000.192473
000000015.379110	-00000023.235302	000000000.583665
000000007.412356	-00000011.414028	000000000.095015
000000007.438138	-00000011.453728	000000000.286073
000000015.175761	-00000023.368624	000000000.583665
000000007.172775	-00000011.259002	000000000.093200
000000007.214351	-00000011.324264	000000000.281257
000000007.233222	-00000011.575574	000000000.095294
000000007.311282	-00000011.700498	000000000.289005
000000007.142381	-00000011.655307	000000000.095434
000000007.120094	-00000011.618937	000000000.285445
000000014.428246	-00000023.544758	000000000.578430
000000007.153705	-00000011.905764	000000000.096970
000000007.172907	-00000011.937722	000000000.291728
000000014.175889	-00000023.592642	000000000.576545
000000006.963257	-00000011.821264	000000000.095783
000000007.012642	-00000011.905103	000000000.289424
000000006.804834	-00000011.786318	000000000.095015
000000006.903486	-00000011.957189	000000000.289215
000000013.701994	-00000023.732550	000000000.574032
