000000004.393855	000000004.922899	-00000000.138220
000000005.020626	000000005.625135	-00000000.052639
000000004.456814	000000004.906570	-00000000.138848
000000005.217440	000000005.743953	-00000000.054175
000000003.433979	000000003.714857	-00000000.105969
000000004.546968	000000004.918881	-00000000.140314
000000005.172336	000000005.595401	-00000000.053197
000000004.548617	000000004.835322	-00000000.139058
000000005.220967	000000005.550052	-00000000.053197
000000004.576812	000000004.781001	-00000000.138639
000000005.179307	000000005.410374	-00000000.052290
000000004.639289	000000004.762363	-00000000.139267
000000005.310056	000000005.450925	-00000000.053127
000000004.026081	000000004.061369	-00000000.119791
000000005.343342	000000005.390176	-00000000.052988
000000004.011667	000000003.976811	-00000000.118325
000000005.375972	000000005.329262	-00000000.052848
000000004.010411	000000003.906770	-00000000.117278
000000005.357808	000000005.219346	-00000000.052220
000000004.087683	000000003.913105	-00000000.118534
000000005.410374	000000005.179307	-00000000.052290
000000004.165368	000000003.918387	-00000000.119791
000000005.360680	000000005.042824	-00000000.051382
000000004.294845	000000003.970113	-00000000.122513
000000005.367767	000000004.961913	-00000000.051033
000000004.440335	000000004.033316	-00000000.125655
000000005.507089	000000005.002287	-00000000.051941
000000004.475362	000000003.994414	-00000000.125655
000000005.572913	000000004.974015	-00000000.052150
000000004.442399	000000003.895879	-00000000.123770
000000004.623702	000000004.054878	-00000000.042935
000000004.574689	000000003.941804	-00000000.126492
000000004.727090	000000004.073122	-00000000.043563
000000004.723373	000000003.998630	-00000000.129634
000000005.655415	000000004.787662	-00000000.051731
000000004.788834	000000003.982831	-00000000.130471
000000005.104985	000000004.245771	-00000000.046356
000000004.885346	000000003.991495	-00000000.132147
000000005.846522	000000004.776809	-00000000.052709
000000005.013557	000000004.023805	-00000000.134660
000000005.505850	000000004.418912	-00000000.049288
000000005.072035	000000003.998470	-00000000.135288
000000005.928998	000000004.674046	-00000000.052709
000000005.122545	000000003.966298	-00000000.135707
000000005.503066	000000004.260929	-00000000.048590
000000005.300210	000000004.030374	-00000000.139477
000000006.009669	000000004.569859	-00000000.052709
000000005.343191	000000003.989950	-00000000.139686
000000005.832986	000000004.355697	-00000000.050824
000000005.539059	000000004.061406	-00000000.143874
000000005.951416	000000004.363759	-00000000.051522
000000005.590518	000000004.024597	-00000000.144293
000000006.208390	000000004.469401	-00000000.053407
000000005.764225	000000004.073751	-00000000.147853
000000006.198158	000000004.380425	-00000000.052988
000000005.832414	000000004.046089	-00000000.148691
000000006.466204	000000004.485765	-00000000.054943
000000006.024518	000000004.101948	-00000000.152670
000000006.496837	000000004.423539	-00000000.054873
000000009.910569	000000006.747867	-00000000.083705
000000006.201403	000000004.143645	-00000000.156230
000000006.734740	000000004.500010	-00000000.056548
000000009.885933	000000006.605569	-00000000.083007
000000006.379464	000000004.182560	-00000000.159791
000000006.773753	000000004.441067	-00000000.056548
000000009.985013	000000006.546462	-00000000.083356
000000006.567074	000000004.224084	-00000000.163560
000000006.938403	000000004.462931	-00000000.057595
000000010.008120	000000006.437439	-00000000.083077
000000017.639879	000000011.237843	000000000.438115
000000006.789705	000000004.283985	-00000000.168168
000000007.163140	000000004.519605	-00000000.059131
000000009.903232	000000006.248474	-00000000.081751
000000013.076583	000000008.171156	000000000.107651
000000018.678402	000000011.671561	000000000.461362
000000007.005365	000000004.335052	-00000000.172566
000000007.457407	000000004.614784	-00000000.061226
000000010.042416	000000006.214435	-00000000.082449
000000015.475041	000000009.483118	000000000.126710
000000015.983497	000000009.794700	000000000.392670
000000007.239516	000000004.393046	-00000000.177382
000000007.702569	000000004.674033	-00000000.062901
000000010.566453	000000006.411881	-00000000.086288
000000013.062911	000000007.848989	000000000.106394
000000016.105782	000000009.677330	000000000.131178
000000015.879827	000000009.541563	000000000.388063
000000007.432235	000000004.421715	-00000000.181152
000000008.018066	000000004.770248	-00000000.065135
000000016.034529	000000009.445059	000000000.129921
000000015.910800	000000009.372177	000000000.386806
000000007.781451	000000004.538008	-00000000.188691
000000008.163047	000000004.760548	-00000000.065973
000000010.642194	000000006.206344	-00000000.086009
000000011.214755	000000006.474842	000000000.090407
000000013.284506	000000007.669813	000000000.107093
000000016.168301	000000009.334772	000000000.130340
000000016.061247	000000009.272965	000000000.388482
000000007.976997	000000004.559229	-00000000.192461
000000008.490777	000000004.852879	-00000000.068277
000000016.283957	000000009.213019	000000000.130619
000000016.454817	000000009.309688	000000000.396021
000000008.313063	000000004.655539	-00000000.199581
000000008.689849	000000004.866549	-00000000.069533
000000010.687816	000000005.985465	-00000000.085520
000000011.159876	000000006.186020	000000000.089081
000000013.468815	000000007.465886	000000000.107511
000000016.258783	000000009.012391	000000000.129782
000000016.176916	000000008.967010	000000000.387435
000000008.476089	000000004.650141	-00000000.202513
000000009.021298	000000004.949254	-00000000.071837
000000011.090402	000000006.021597	000000000.088104
000000011.176103	000000006.068129	000000000.266388
000000008.498731	000000004.566533	-00000000.202094
000000009.346023	000000005.021799	-00000000.074071
000000010.913971	000000005.864288	-00000000.086498
000000011.407405	000000006.065425	000000000.090198
000000013.632379	000000007.248464	000000000.107791
000000016.454533	000000008.749030	000000000.390367
000000008.635585	000000004.543401	-00000000.204398
000000009.672680	000000005.089043	-00000000.076305
000000011.530860	000000006.002586	000000000.090756
000000013.721724	000000007.143077	000000000.108000
000000016.672146	000000008.678969	000000000.393717
000000020.201675	000000010.516327	000000000.477068
000000008.621574	000000004.440403	-00000000.203141
000000010.134548	000000005.219635	-00000000.079586
000000011.538253	000000005.879034	000000000.090407
000000013.623158	000000006.941346	000000000.106743
000000014.003551	000000007.135166	000000000.329215
000000020.310493	000000010.348713	000000000.477487
000000009.043893	000000004.558497	-00000000.212147
000000010.554753	000000005.320034	-00000000.082518
000000013.638467	000000006.799889	000000000.106394
000000014.020546	000000006.990386	000000000.328168
000000008.661890	000000004.271572	-00000000.202304
000000010.959518	000000005.404636	-00000000.085311
000000012.888392	000000006.286089	000000000.100111
000000014.072028	000000006.863387	000000000.327958
000000009.122072	000000004.399965	-00000000.212147
000000011.366534	000000005.482565	-00000000.088104
000000012.437322	000000005.932298	000000000.096202
000000013.872397	000000006.616794	000000000.107302
000000014.131386	000000006.740325	000000000.327958
000000008.771291	000000004.136809	-00000000.203141
000000011.983739	000000005.651898	-00000000.092502
000000013.204582	000000006.157398	000000000.101717
000000017.681635	000000008.245082	000000000.136204
000000021.076096	000000009.827945	000000000.487121
000000023.105780	000000010.774403	000000000.534032
000000009.905669	000000004.566576	-00000000.228482
000000012.486665	000000005.756431	-00000000.095992
000000013.667286	000000006.228541	000000000.104859
000000017.434433	000000007.945329	000000000.133761
000000017.758549	000000008.093037	000000000.408796
000000008.814805	000000003.970780	-00000000.202513
000000012.746122	000000005.741709	-00000000.097598
000000014.241827	000000006.340870	000000000.108838
000000017.512239	000000007.796951	000000000.133831
000000017.828497	000000007.937758	000000000.408796
000000009.800836	000000004.312471	-00000000.224293
000000013.811714	000000006.077300	-00000000.105347
000000014.553389	000000006.327993	000000000.110793
000000017.552101	000000007.631871	000000000.133621
000000017.988773	000000007.821741	000000000.410890
000000023.700804	000000010.305403	000000000.541362
000000008.836833	000000003.796603	-00000000.201466
000000013.083268	000000005.621016	-00000000.099413
000000015.629791	000000006.634453	000000000.118542
000000017.581215	000000007.462783	000000000.133342
000000026.072184	000000011.066985	000000000.593299
000000009.054028	000000003.796669	-00000000.205655
000000013.473027	000000005.649709	-00000000.101996
000000015.520264	000000006.508187	-00000000.117495
000000017.183741	000000007.117739	000000000.129851
000000030.610653	000000012.679347	000000000.694032
000000008.827720	000000003.611516	-00000000.199791
000000013.179376	000000005.391825	-00000000.099413
000000015.363598	000000006.285414	-00000000.115889
000000016.501986	000000006.751140	-00000000.124476
000000017.931299	000000007.244715	000000000.135018
000000008.701036	000000003.471362	-00000000.196230
000000017.684103	000000007.055242	-00000000.132923
000000018.700937	000000007.366495	000000000.140323
000000008.870770	000000003.449654	-00000000.199372
000000013.830660	000000005.378449	-00000000.103602
000000020.220860	000000007.762061	000000000.151214
000000026.405199	000000010.136006	000000000.592461
000000021.730267	000000008.124614	000000000.161965
000000027.672592	000000010.346358	000000000.618849
000000008.835824	000000003.259708	-00000000.197278
000000013.716022	000000005.060108	-00000000.102066
000000023.510536	000000008.557136	000000000.174671
000000027.724247	000000010.090801	000000000.618011
000000008.815858	000000003.078635	-00000000.195602
000000013.320771	000000004.651822	-00000000.098506
000000044.419380	000000015.294819	000000000.327980
000000044.268925	000000015.243013	000000000.980734
000000008.785584	000000002.982304	-00000000.194346
000000059.645958	000000019.957258	000000001.317488
000000008.830265	000000002.911785	-00000000.194765
000000065.950813	000000021.428719	000000001.452566
000000008.702989	000000002.785849	-00000000.191414
000000008.841545	000000002.745373	-00000000.193927
000000060.300911	000000018.435839	000000001.320838
000000062.184422	000000019.011686	000000001.362095
000000009.142801	000000002.751671	-00000000.200000
000000072.259979	000000021.404381	000000001.578640
000000008.734538	000000002.545886	-00000000.190576
000000013.267566	000000003.867143	-00000000.096481
000000008.746799	000000002.466853	-00000000.190367
000000008.739057	000000002.382540	-00000000.189738
000000013.226912	000000003.606070	-00000000.095713
000000008.991555	000000002.367279	-00000000.194765
000000008.672714	000000002.202589	-00000000.187435
000000012.938918	000000003.286067	-00000000.093200
000000009.060634	000000002.217123	-00000000.195393
000000008.826613	000000002.078392	-00000000.189948
000000013.081898	000000003.080378	-00000000.093828
000000009.029690	000000002.043210	-00000000.193927
000000008.783381	000000001.907059	-00000000.188272
000000013.006629	000000002.824016	-00000000.092921
000000009.132491	000000001.899561	-00000000.195393
000000044.194710	000000008.991515	000000000.944713
000000054.432678	000000011.074453	000000001.163561
000000008.766297	000000001.743725	-00000000.187225
000000012.730282	000000002.532211	-00000000.090617
000000054.184502	000000010.532400	000000000.385366
000000044.340191	000000008.618860	000000000.946179
000000054.154308	000000010.526531	000000001.155603
000000009.095495	000000001.726834	-00000000.193927
000000044.285919	000000008.207910	000000000.943456
000000054.352242	000000010.073592	000000001.157906
000000008.795394	000000001.590466	-00000000.187225
000000013.028381	000000002.355915	-00000000.092432
000000009.134102	000000001.569526	-00000000.194136
000000066.648422	000000011.153120	000000001.415498
000000008.782341	000000001.430295	-00000000.186388
000000013.136601	000000002.139431	-00000000.092921
000000073.418518	000000011.628351	000000001.557069
000000009.090932	000000001.399228	-00000000.192670
000000055.224419	000000008.253345	000000001.169634
000000008.776282	000000001.272500	-00000000.185759
000000012.983910	000000001.882577	-00000000.091594
000000071.986603	000000010.117057	000000001.522723
000000009.004995	000000001.225526	-00000000.190367
000000043.235859	000000005.692109	000000000.304453
000000008.747564	000000001.112831	-00000000.184712
000000013.094146	000000001.665786	-00000000.092153
000000043.095303	000000005.291438	000000000.303126
000000043.126595	000000005.295280	000000000.910158
000000009.094512	000000001.076406	-00000000.191833
000000064.796478	000000007.382627	000000001.366074
000000008.765654	000000000.959995	-00000000.184712
000000013.280269	000000001.454426	-00000000.093270
000000032.002934	000000003.363644	000000000.224657
000000041.957855	000000004.409948	000000000.294539
000000058.763351	000000006.176277	000000001.237697
000000009.042280	000000000.910510	-00000000.190367
000000029.920879	000000002.881053	000000000.209857
000000042.074371	000000004.051301	000000000.295098
000000008.781073	000000000.806867	-00000000.184712
000000013.303629	000000001.222432	-00000000.093270
000000028.560205	000000002.498694	000000000.200153
000000031.279751	000000002.736624	000000000.219212
000000009.056794	000000000.752562	-00000000.190367
000000027.384651	000000002.155219	000000000.191775
000000031.352287	000000002.467479	000000000.219561
000000031.445843	000000002.474842	000000000.660733
000000008.843669	000000000.657198	-00000000.185759
000000013.123492	000000000.975244	-00000000.091873
000000027.841333	000000001.946856	000000000.194847
000000031.232969	000000002.184022	000000000.218583
000000009.128407	000000000.598307	-00000000.191623
000000024.453707	000000001.495653	000000000.171041
000000026.230345	000000001.604317	000000000.183468
000000008.843810	000000000.502188	-00000000.185550
000000013.338187	000000000.757397	-00000000.093270
000000024.156260	000000001.265976	000000000.168877
000000026.443066	000000001.385822	000000000.184864
000000009.087527	000000000.436505	-00000000.190576
000000013.064618	000000000.627539	-00000000.091315
000000023.936611	000000001.045095	000000000.167271
000000026.284317	000000001.147598	000000000.183677
000000028.202444	000000001.231345	000000000.197081
000000060.918591	000000002.659763	000000001.277278
000000008.851227	000000000.347766	-00000000.185550
000000013.269438	000000000.521358	-00000000.092711
000000023.854879	000000000.833031	000000000.166643
000000009.203686	000000000.281198	-00000000.192880
000000021.901958	000000000.573523	000000000.152959
000000023.941210	000000000.626923	000000000.167201
000000046.493858	000000001.217485	000000000.974241
000000008.855948	000000000.193237	-00000000.185550
000000013.436474	000000000.293185	-00000000.093828
000000021.256245	000000000.371029	000000000.148422
000000024.615652	000000000.429668	000000000.171879
000000046.352768	000000000.809091	000000000.971100
000000009.167204	000000000.120005	-00000000.192042
000000019.347872	000000000.253278	-00000000.135087
000000024.548466	000000000.214231	000000000.171390
000000046.518024	000000000.405957	000000000.974451
000000008.867970	000000000.038694	-00000000.185759
000000013.439544	000000000.058641	-00000000.093828
000000018.859362	000000000.082290	-00000000.131667
000000019.619522	000000000.000000	000000000.136972
000000046.068878	000000000.000000	000000000.321627
000000046.379826	000000000.000000	000000000.971519
000000009.177899	-00000000.040046	-00000000.192251
000000018.279381	-00000000.079759	-00000000.127617
000000019.248798	-00000000.167982	000000000.134389
000000047.687725	-00000000.416164	000000000.998953
000000008.937273	-00000000.116995	-00000000.187225
000000013.438520	-00000000.175920	-00000000.093828
000000017.658056	-00000000.231157	-00000000.123289
000000018.406748	-00000000.321291	000000000.128525
000000046.702641	-00000000.815198	000000000.978430
000000009.095840	-00000000.198472	-00000000.190576
000000017.095514	-00000000.373025	-00000000.119380
000000018.893063	-00000000.494732	000000000.131946
000000019.319138	-00000000.505889	000000000.404817
000000008.903891	-00000000.272038	-00000000.186597
000000013.433404	-00000000.410428	-00000000.093828
000000018.888025	-00000000.659584	000000000.131946
000000019.443880	-00000000.678995	000000000.407539
000000009.200881	-00000000.361504	-00000000.192880
000000014.098778	-00000000.553943	-00000000.098506
000000017.146353	-00000000.673682	-00000000.119798
000000018.811619	-00000000.821333	000000000.131457
000000019.487156	-00000000.850828	000000000.408587
000000040.152931	-00000001.753115	000000000.841885
000000008.927746	-00000000.428830	-00000000.187225
000000013.504102	-00000000.648649	-00000000.094387
000000017.179775	-00000000.825204	-00000000.120078
000000018.803736	-00000000.985462	000000000.131457
000000019.608782	-00000001.027653	000000000.411309
000000042.562241	-00000002.230592	000000000.892775
000000009.183188	-00000000.521459	-00000000.192670
000000014.456359	-00000000.820892	-00000000.101089
000000017.321674	-00000000.983596	-00000000.121125
000000018.155630	-00000001.110446	000000000.126989
000000042.012257	-00000002.569580	000000000.881676
000000008.938855	-00000000.585883	-00000000.187644
000000013.490725	-00000000.884229	-00000000.094387
000000018.264952	-00000001.277210	000000000.127827
000000040.320553	-00000002.819488	000000000.282183
000000040.562031	-00000002.836374	000000000.851728
000000009.312274	-00000000.692021	-00000000.195602
000000014.001051	-00000001.040458	-00000000.098017
000000018.273048	-00000001.438120	000000000.127966
000000040.625439	-00000003.197291	000000000.853613
000000008.927269	-00000000.741799	-00000000.187644
000000013.513100	-00000001.122852	-00000000.094666
000000018.369383	-00000001.607113	000000000.128734
000000039.936474	-00000003.493989	000000000.279879
000000040.137840	-00000003.511606	000000000.843979
000000009.268911	-00000000.851693	-00000000.194974
000000013.542618	-00000001.244392	-00000000.094945
000000014.930579	-00000001.437651	000000000.104719
000000018.085909	-00000001.741475	000000000.126850
000000038.341728	-00000003.691889	000000000.268918
000000040.016102	-00000003.853112	000000000.842095
000000008.972649	-00000000.903498	-00000000.188901
000000013.292455	-00000001.338480	-00000000.093270
000000014.997025	-00000001.576251	000000000.105277
000000018.089912	-00000001.901326	000000000.126989
000000023.311026	-00000002.450088	000000000.163641
000000040.716740	-00000004.279502	000000000.857592
000000009.242697	-00000001.012240	-00000000.194765
000000013.121223	-00000001.437008	-00000000.092153
000000014.783989	-00000001.684423	000000000.103881
000000023.010563	-00000002.621722	000000000.161686
000000035.432934	-00000004.037073	000000000.747016
000000040.856647	-00000004.655027	000000000.861362
000000008.915798	-00000001.055254	-00000000.188063
000000012.859923	-00000001.522072	-00000000.090407
000000014.391568	-00000001.767062	000000000.101228
000000022.689053	-00000002.785865	000000000.159592
000000022.922789	-00000002.814564	000000000.483770
000000009.084772	-00000001.155729	-00000000.191833
000000012.746953	-00000001.621617	-00000000.089709
000000014.226888	-00000001.873005	000000000.100181
000000022.416023	-00000002.951125	000000000.157846
000000034.316292	-00000004.517826	000000000.725027
000000008.945557	-00000001.217437	-00000000.189110
000000012.514332	-00000001.703126	-00000000.088173
000000013.813903	-00000001.941417	000000000.097389
000000034.364666	-00000004.829639	000000000.726911
000000009.241317	-00000001.339927	-00000000.195602
000000012.390134	-00000001.796484	-00000000.087405
000000013.677756	-00000002.044154	000000000.096551
000000012.804946	-00000001.913712	000000000.271204
000000008.834014	-00000001.359685	-00000000.187225
000000012.245501	-00000001.884763	-00000000.086498
000000013.224825	-00000002.094606	000000000.093479
000000012.985252	-00000002.056662	000000000.275393
000000016.313034	-00000002.583731	000000000.345969
000000009.177053	-00000001.494578	-00000000.194765
000000012.139760	-00000001.977085	-00000000.085870
000000014.271205	-00000002.388181	000000000.101019
000000031.642963	-00000005.295216	000000000.672042
000000008.897619	-00000001.528891	-00000000.189110
000000011.984070	-00000002.059240	-00000000.084892
000000012.940059	-00000002.281682	000000000.091734
000000015.362627	-00000002.708846	000000000.108908
000000030.876799	-00000005.444413	000000000.656754
000000009.267631	-00000001.675861	-00000000.197278
000000011.729480	-00000002.121035	-00000000.083217
000000013.450600	-00000002.492921	000000000.095504
000000029.530500	-00000005.473155	000000000.629110
000000008.987450	-00000001.706321	-00000000.191623
000000011.474741	-00000002.178548	-00000000.081541
000000013.889686	-00000002.699881	000000000.098785
000000028.810057	-00000005.600108	000000000.204900
000000029.187189	-00000005.673415	000000000.622828
000000009.217360	-00000001.833447	-00000000.196859
000000011.651445	-00000002.317616	-00000000.082937
000000013.532431	-00000002.753204	000000000.096411
000000018.765100	-00000003.817803	000000000.133691
000000028.862249	-00000005.872091	000000000.616964
000000008.956301	-00000001.862913	-00000000.191623
000000011.474133	-00000002.386623	-00000000.081820
000000014.036077	-00000002.983460	000000000.100181
000000017.977915	-00000003.821324	000000000.128316
000000028.042809	-00000005.960683	000000000.200153
000000028.584984	-00000006.075926	000000000.612147
000000009.193727	-00000001.996154	-00000000.197068
000000011.022898	-00000002.393306	-00000000.078749
000000013.853302	-00000003.071203	000000000.099064
000000015.444626	-00000003.423991	000000000.110444
000000028.325897	-00000006.279700	000000000.607749
000000008.883419	-00000002.010113	-00000000.190785
000000010.455415	-00000002.365819	-00000000.074839
000000013.767513	-00000003.178481	000000000.098645
000000015.404416	-00000003.556390	000000000.110374
000000017.694130	-00000004.085011	000000000.126780
000000017.788095	-00000004.106706	000000000.382409
000000009.138027	-00000002.151720	-00000000.196649
000000010.872381	-00000002.560106	-00000000.077981
000000012.702290	-00000002.990992	-00000000.091105
000000013.622571	-00000003.270490	000000000.097807
000000017.434168	-00000004.185574	000000000.125174
000000027.706465	-00000006.651734	000000000.596859
000000008.856697	-00000002.167220	-00000000.190995
000000010.723355	-00000002.623988	-00000000.077073
000000013.574106	-00000003.384405	000000000.097668
000000015.504948	-00000003.865818	000000000.111561
000000017.290249	-00000004.310943	000000000.124406
000000027.530952	-00000006.864237	000000000.594346
000000008.934349	-00000002.269036	-00000000.193089
000000010.622512	-00000002.697774	-00000000.076515
000000013.940986	-00000003.605384	000000000.100530
000000017.397188	-00000004.499219	000000000.125453
000000026.797674	-00000006.930350	000000000.193241
000000027.440966	-00000007.096716	000000000.593718
000000008.807856	-00000002.318915	-00000000.190785
000000010.405161	-00000002.739450	-00000000.075118
000000014.102174	-00000003.778666	000000000.101926
000000017.067493	-00000004.573221	000000000.123359
000000024.524258	-00000006.571255	000000000.177254
000000026.644049	-00000007.139251	000000000.577801
000000008.845160	-00000002.411467	-00000000.192042
000000009.551162	-00000002.603945	-00000000.069114
000000013.731400	-00000003.808054	000000000.099483
000000023.820364	-00000006.605971	000000000.172577
000000024.181820	-00000006.706212	000000000.525655
000000027.563421	-00000007.644013	000000000.599163
000000008.698688	-00000002.453284	-00000000.189319
000000009.162351	-00000002.584050	-00000000.066462
000000013.322762	-00000003.820240	000000000.096760
000000016.869730	-00000004.837317	000000000.122521
000000023.194679	-00000006.650967	000000000.168458
000000024.122377	-00000006.916980	000000000.525655
000000008.667349	-00000002.526302	-00000000.189110
000000009.177854	-00000002.675100	-00000000.066741
000000012.454764	-00000003.689269	000000000.090687
000000013.940899	-00000004.129482	000000000.101508
000000023.317928	-00000006.907085	000000000.169784
000000023.792686	-00000007.047715	000000000.519791
000000008.597104	-00000002.587435	-00000000.188063
000000009.115858	-00000002.743562	-00000000.066462
000000012.431659	-00000003.800740	000000000.090756
000000020.636553	-00000006.309227	000000000.150656
000000020.808685	-00000006.361853	000000000.151912
000000023.453012	-00000007.170305	000000000.513718
000000008.507361	-00000002.641606	-00000000.186597
000000009.416266	-00000002.923829	-00000000.068835
000000012.398018	-00000003.909080	000000000.090756
000000023.174757	-00000007.306973	000000000.169645
000000019.880638	-00000006.268341	000000000.436649
000000023.551643	-00000007.425805	000000000.517278
000000008.426855	-00000002.697458	-00000000.185340
000000009.133253	-00000002.923577	-00000000.066950
000000011.685612	-00000003.740594	-00000000.085660
000000012.353923	-00000004.014033	000000000.090687
000000022.273201	-00000007.237002	000000000.163501
000000019.958298	-00000006.484844	000000000.439581
000000023.210197	-00000007.541451	000000000.511204
000000008.289055	-00000002.733320	-00000000.182827
000000008.964941	-00000002.956194	-00000000.065903
000000012.346873	-00000004.131206	000000000.090896
000000020.460337	-00000006.845932	000000000.451937
000000023.228834	-00000007.772259	000000000.513089
000000008.198616	-00000002.783055	-00000000.181361
000000008.739952	-00000002.966814	-00000000.064437
000000010.608460	-00000003.652786	000000000.078330
000000012.442721	-00000004.284372	000000000.091873
000000020.006685	-00000006.888854	000000000.147723
000000012.279593	-00000004.228203	000000000.272042
000000019.908253	-00000006.854961	000000000.441047
000000022.857626	-00000007.870512	000000000.506388
000000008.117385	-00000002.834718	-00000000.180105
000000008.647645	-00000003.019893	-00000000.063948
000000010.321672	-00000003.655096	000000000.076445
000000011.481093	-00000004.065669	000000000.085032
000000012.923300	-00000004.576381	000000000.095713
000000012.176257	-00000004.311839	000000000.270576
000000018.952364	-00000006.711384	000000000.421152
000000022.326281	-00000007.906150	000000000.496126
000000008.007651	-00000002.875041	-00000000.178220
000000008.366851	-00000003.004007	-00000000.062063
000000010.054466	-00000003.659526	000000000.074699
000000012.422434	-00000004.521396	000000000.092292
000000021.580006	-00000007.854479	000000000.481047
000000007.841559	-00000002.892904	-00000000.175079
000000008.377845	-00000003.090750	-00000000.062343
000000008.551609	-00000003.197315	000000000.063739
000000009.919117	-00000003.708606	000000000.073932
000000012.700966	-00000004.748696	000000000.094666
000000016.238335	-00000006.071264	000000000.363142
000000020.855116	-00000007.797408	000000000.466388
000000007.872112	-00000002.982476	-00000000.176335
000000008.210287	-00000003.110600	-00000000.061295
000000008.915476	-00000003.422331	000000000.066671
000000012.472330	-00000004.787679	000000000.093270
000000016.138067	-00000006.194823	000000000.362094
000000021.028955	-00000008.072259	000000000.471833
000000007.733969	-00000003.007576	-00000000.173822
000000008.136230	-00000003.164007	-00000000.060946
000000008.559633	-00000003.371729	000000000.064228
000000009.852882	-00000003.881153	000000000.073932
000000019.919754	-00000007.846600	000000000.149469
000000015.981069	-00000006.295110	000000000.359791
000000020.585625	-00000008.108893	000000000.463456
000000007.753859	-00000003.093476	-00000000.174869
000000008.061871	-00000003.216360	-00000000.060597
000000008.261006	-00000003.337663	000000000.062203
000000019.665089	-00000007.945212	000000000.148073
000000015.944065	-00000006.441821	000000000.360210
000000020.254524	-00000008.183359	000000000.457592
000000007.569261	-00000003.096667	-00000000.171309
000000007.885413	-00000003.226008	-00000000.059480
000000008.065271	-00000003.340745	000000000.060946
000000008.128357	-00000003.366876	000000000.184293
000000007.541950	-00000003.162602	-00000000.171309
000000007.810852	-00000003.275362	-00000000.059131
000000007.962173	-00000003.379742	000000000.060388
000000008.015839	-00000003.402522	000000000.182408
000000007.486506	-00000003.216457	-00000000.170681
000000007.873848	-00000003.382872	-00000000.059829
000000007.914036	-00000003.441121	000000000.060248
000000007.949167	-00000003.456396	000000000.181571
000000007.412397	-00000003.261533	-00000000.169634
000000007.761652	-00000003.415209	-00000000.059201
000000007.901975	-00000003.518186	000000000.060388
000000007.918702	-00000003.525633	000000000.181571
000000007.292497	-00000003.285030	-00000000.167539
000000007.749788	-00000003.491025	-00000000.059341
000000007.934669	-00000003.616037	000000000.060877
000000008.005903	-00000003.648500	000000000.184293
000000007.236313	-00000003.335986	-00000000.166911
000000007.809841	-00000003.600386	-00000000.060039
000000008.075006	-00000003.765437	000000000.062203
000000008.064370	-00000003.760478	000000000.186388
000000018.258097	-00000008.513890	000000000.421990
000000007.279267	-00000003.433125	-00000000.168586
000000007.760036	-00000003.659871	-00000000.059899
000000008.222351	-00000003.921860	000000000.063599
000000017.632648	-00000008.410342	000000000.409215
000000007.005896	-00000003.379243	-00000000.162932
000000007.691775	-00000003.710072	-00000000.059620
000000008.259716	-00000004.028533	000000000.064158
000000010.452720	-00000005.098132	000000000.081192
000000017.463142	-00000008.517344	000000000.135646
000000017.531626	-00000008.550745	000000000.408587
000000006.760937	-00000003.334125	-00000000.157906
000000007.650138	-00000003.772630	-00000000.059550
000000007.937874	-00000003.957678	000000000.061924
000000015.902596	-00000007.928742	000000000.124057
000000016.123180	-00000008.038721	000000000.377382
000000006.704801	-00000003.379498	-00000000.157278
000000007.357967	-00000003.708721	-00000000.057526
000000007.938674	-00000004.044957	000000000.062203
000000016.937622	-00000008.630149	000000000.132714
000000017.103575	-00000008.714706	000000000.402094
000000006.710608	-00000003.456190	-00000000.158115
000000007.618691	-00000003.923884	-00000000.059829
000000007.743415	-00000004.030967	000000000.060946
000000016.985844	-00000008.842270	000000000.133691
000000017.159895	-00000008.932877	000000000.405236
000000006.848302	-00000003.603066	-00000000.162094
000000007.716904	-00000004.060060	-00000000.060877
000000009.641553	-00000005.126504	000000000.076235
000000016.722620	-00000008.891575	000000000.132225
000000009.012918	-00000004.792253	000000000.213822
000000016.807636	-00000008.936779	000000000.398744
000000006.728529	-00000003.615369	-00000000.160000
000000007.135041	-00000003.833796	-00000000.056548
000000009.183414	-00000004.986187	000000000.072954
000000016.345600	-00000008.874937	000000000.129851
000000016.113972	-00000008.749172	000000000.384084
000000006.679193	-00000003.664330	-00000000.159581
000000007.644871	-00000004.194120	-00000000.060877
000000009.366949	-00000005.192184	000000000.074769
000000010.652609	-00000005.904838	000000000.085032
000000016.136341	-00000008.944520	000000000.128804
000000014.375595	-00000007.968523	000000000.344293
000000016.273104	-00000009.020329	000000000.389738
000000006.734192	-00000003.771329	-00000000.161675
000000007.555631	-00000004.231357	-00000000.060458
000000009.173326	-00000005.190018	000000000.073582
000000010.983621	-00000006.214234	000000000.088104
000000016.031561	-00000009.070221	000000000.128595
000000015.828299	-00000008.955220	000000000.380943
000000006.718385	-00000003.839873	-00000000.162094
000000007.431601	-00000004.247510	-00000000.059760
000000009.179646	-00000005.299871	000000000.074001
000000010.911654	-00000006.299847	000000000.087964
000000015.908500	-00000009.184776	000000000.128246
000000016.061247	-00000009.272965	000000000.388482
000000006.684620	-00000003.898355	-00000000.162094
000000008.240789	-00000004.805887	-00000000.066601
000000009.563851	-00000005.633539	000000000.077492
000000015.793278	-00000009.302952	000000000.127966
000000016.083088	-00000009.473663	000000000.390995
000000006.650347	-00000003.956540	-00000000.162094
000000007.218838	-00000004.294757	-00000000.058643
000000009.857183	-00000005.922793	000000000.080284
000000015.214349	-00000009.141703	000000000.123917
000000015.374209	-00000009.237757	000000000.375707
000000006.572831	-00000003.988492	-00000000.161047
000000007.813704	-00000004.741472	-00000000.063809
000000009.924490	-00000006.081735	000000000.081262
000000015.423884	-00000009.451769	000000000.126291
000000015.250386	-00000009.345448	000000000.374660
000000006.580283	-00000004.072002	-00000000.162094
000000007.142784	-00000004.420089	-00000000.058643
000000008.743163	-00000005.463335	000000000.071977
000000009.981283	-00000006.236998	000000000.082169
000000013.644761	-00000008.526194	000000000.112328
000000014.642579	-00000009.149699	000000000.361676
000000006.476854	-00000004.086591	-00000000.160419
000000006.867143	-00000004.332844	-00000000.056688
000000009.656596	-00000006.151930	000000000.079935
000000014.851762	-00000009.461616	000000000.122940
000000014.891026	-00000009.486630	000000000.369843
000000006.499806	-00000004.180816	-00000000.161885
000000007.871933	-00000005.063397	-00000000.065345
000000009.694796	-00000006.295874	000000000.080703
000000014.307371	-00000009.291315	000000000.119100
000000014.614822	-00000009.490976	000000000.365026
000000006.513240	-00000004.270267	-00000000.163141
000000007.300600	-00000004.786483	-00000000.060946
000000009.522744	-00000006.302967	000000000.079726
000000014.600986	-00000009.664181	000000000.122242
000000014.598139	-00000009.662297	000000000.366702
000000006.342722	-00000004.238071	-00000000.159791
000000007.416528	-00000004.955566	-00000000.062273
000000009.666343	-00000006.520030	000000000.081401
000000014.109876	-00000009.517232	000000000.118821
000000014.049106	-00000009.476241	000000000.354974
000000006.247648	-00000004.253872	-00000000.158325
000000007.868943	-00000005.357773	-00000000.066462
000000013.515340	-00000009.288836	000000000.114493
000000013.916438	-00000009.564503	000000000.353717
000000016.388275	-00000011.263349	000000000.416545
000000006.251362	-00000004.336724	-00000000.159372
000000007.033127	-00000004.879054	-00000000.059760
000000009.190662	-00000006.435371	000000000.078330
000000013.720463	-00000009.607171	000000000.116936
000000013.685028	-00000009.582359	000000000.349948
000000006.278596	-00000004.437273	-00000000.161047
000000007.553751	-00000005.338463	-00000000.064577
000000009.638893	-00000006.875356	000000000.082658
000000013.424438	-00000009.575559	000000000.115121
000000013.503215	-00000009.631749	000000000.347435
000000005.996216	-00000004.316658	-00000000.154764
000000006.395047	-00000004.603775	-00000000.055012
000000009.756508	-00000007.088518	000000000.084194
000000013.291825	-00000009.657077	000000000.114702
000000013.499533	-00000009.807984	000000000.349529
000000006.200199	-00000004.546174	-00000000.161047
000000007.104604	-00000005.209311	-00000000.061505
000000013.102547	-00000009.695374	000000000.113795
000000013.188398	-00000009.758901	000000000.343665
000000005.960021	-00000004.450559	-00000000.155812
000000007.082911	-00000005.289061	-00000000.061714
000000008.960472	-00000006.752200	000000000.078330
000000013.073345	-00000009.851472	000000000.114283
000000013.174596	-00000009.927770	000000000.345550
000000006.008497	-00000004.568967	-00000000.158115
000000007.068326	-00000005.374880	-00000000.061994
000000012.590211	-00000009.660809	000000000.110793
000000013.142982	-00000010.084965	000000000.347016
000000005.992113	-00000004.639589	-00000000.158744
000000006.989526	-00000005.411869	-00000000.061714
000000012.710303	-00000009.930377	000000000.112608
000000012.739340	-00000009.953063	000000000.338639
000000005.896437	-00000004.648376	-00000000.157278
000000006.345206	-00000005.002157	-00000000.056409
000000012.654466	-00000010.065817	000000000.112887
000000012.769363	-00000010.157210	000000000.341780
000000005.793271	-00000004.649591	-00000000.155602
000000006.987595	-00000005.608138	-00000000.062552
000000012.532438	-00000010.058345	-00000000.112189
000000012.628314	-00000010.226207	000000000.113445
000000012.587004	-00000010.192755	000000000.339267
000000005.558919	-00000004.541828	-00000000.150367
000000006.752540	-00000005.517056	-00000000.060877
000000012.422853	-00000010.240610	000000000.112398
000000012.482148	-00000010.289489	000000000.338848
000000005.849603	-00000004.865064	-00000000.159372
000000006.396608	-00000005.320003	-00000000.058084
000000012.287054	-00000010.310062	000000000.111979
000000012.468469	-00000010.462288	000000000.340943
000000005.959538	-00000005.045122	-00000000.163560
000000006.784972	-00000005.743902	-00000000.062063
000000011.600851	-00000009.820845	-00000000.106115
000000011.930478	-00000010.189591	000000000.109536
000000012.057393	-00000010.297987	000000000.332147
000000005.892563	-00000005.077357	-00000000.162932
000000006.143702	-00000005.293752	-00000000.056618
000000011.561869	-00000010.050579	000000000.106953
000000011.793524	-00000010.251954	000000000.327330
000000005.825480	-00000005.108809	-00000000.162304
000000006.518292	-00000005.716389	-00000000.060528
000000011.421296	-00000010.104710	000000000.106464
000000011.456510	-00000010.135863	000000000.320419
000000005.586744	-00000004.986360	-00000000.156859
000000006.147363	-00000005.486731	-00000000.057526
000000011.496464	-00000010.260986	-00000000.107581
000000011.288095	-00000010.163846	000000000.106045
000000011.427061	-00000010.288972	000000000.322094
000000005.742833	-00000005.216422	-00000000.162513
000000006.291701	-00000005.714979	-00000000.059341
000000007.601855	-00000006.905039	-00000000.071698
000000011.508618	-00000010.545706	000000000.108977
000000011.425292	-00000010.469352	000000000.324608
000000005.675068	-00000005.245979	-00000000.161885
000000006.116757	-00000005.654273	-00000000.058154
000000010.728190	-00000009.917037	-00000000.101996
000000010.589744	-00000009.875095	000000000.101089
000000010.485312	-00000009.777712	000000000.300314
000000005.658201	-00000005.322704	-00000000.162723
000000006.212853	-00000005.844468	-00000000.059550
000000011.107387	-00000010.448786	-00000000.106464
000000010.176754	-00000009.657379	000000000.097947
000000011.344579	-00000010.765603	000000000.109187
000000009.870180	-00000009.366451	000000000.285026
000000010.994264	-00000010.433167	000000000.317487
000000005.575427	-00000005.337310	-00000000.161675
000000006.183285	-00000005.919208	-00000000.059760
000000010.235955	-00000009.884748	000000000.099343
000000010.025397	-00000009.681414	000000000.291937
000000005.585930	-00000005.441572	-00000000.163351
000000005.980976	-00000005.826408	-00000000.058294
000000010.106513	-00000009.931643	000000000.098924
000000009.812174	-00000009.642396	000000000.288168
000000005.389125	-00000005.342300	-00000000.158953
000000006.064835	-00000006.012139	-00000000.059620
000000009.935251	-00000009.848926	-00000000.097668
000000010.125522	-00000010.125522	000000000.099972
000000009.854906	-00000009.854906	000000000.291937
000000005.546420	-00000005.595034	-00000000.165026
000000005.857260	-00000005.908598	-00000000.058084
000000009.750366	-00000009.835828	-00000000.096690
000000010.183963	-00000010.363276	000000000.101438
000000009.866638	-00000010.040363	000000000.294869
000000005.078801	-00000005.213535	-00000000.152461
000000006.084585	-00000006.246001	-00000000.060877
000000009.873494	-00000010.135426	-00000000.098785
000000009.787498	-00000010.135251	000000000.098366
000000010.118953	-00000010.478482	000000000.305131
000000005.295828	-00000005.532094	-00000000.160419
000000006.361765	-00000006.645586	-00000000.064228
000000009.622962	-00000010.140487	000000000.097598
000000009.910131	-00000010.443100	000000000.301571
000000005.082943	-00000005.403327	-00000000.155393
000000005.947244	-00000006.322106	-00000000.060597
000000009.749916	-00000010.364466	-00000000.099343
000000009.840997	-00000010.553177	000000000.100740
000000009.450424	-00000010.134339	000000000.290262
000000005.307058	-00000005.741143	-00000000.163770
000000005.756090	-00000006.226903	-00000000.059201
000000009.714750	-00000010.601789	000000000.100391
000000009.469698	-00000010.334362	000000000.293613
000000005.283644	-00000005.816839	-00000000.164607
000000005.493103	-00000006.047435	-00000000.057037
000000006.649546	-00000007.320579	-00000000.069045
000000010.132320	-00000011.154815	-00000000.105208
000000006.604158	-00000007.334661	000000000.068905
000000009.929656	-00000011.028001	000000000.103602
000000009.586538	-00000010.646930	000000000.300105
000000005.265969	-00000005.900020	-00000000.165655
000000005.659856	-00000006.341333	-00000000.059341
000000009.939058	-00000011.234062	000000000.104719
000000009.950371	-00000011.246848	000000000.314555
000000004.785801	-00000005.457160	-00000000.152042
000000005.637269	-00000006.428074	-00000000.059690
000000005.812541	-00000006.686563	000000000.061854
000000010.155546	-00000011.682619	000000000.108070
000000009.996146	-00000011.499251	000000000.319162
000000019.441324	-00000022.364685	000000000.620733
000000004.875046	-00000005.657769	-00000000.156440
000000005.646234	-00000006.552777	-00000000.060388
000000010.072694	-00000011.793610	000000000.108279
000000019.041353	-00000022.294559	000000000.204691
000000010.051250	-00000011.768502	000000000.324189
000000019.083092	-00000022.343430	000000000.615498
000000004.890086	-00000005.776403	-00000000.158534
000000005.672830	-00000006.701017	-00000000.061295
000000005.849225	-00000006.970835	000000000.063529
000000018.775368	-00000022.375612	000000000.203923
000000018.784561	-00000022.386568	000000000.612147
000000018.503065	-00000022.446012	000000000.203085
000000018.563051	-00000022.518782	000000000.611309
000000006.198655	-00000007.654702	000000000.068765
000000018.224674	-00000022.505598	000000000.202177
000000018.315498	-00000022.617758	000000000.609634
000000005.969770	-00000007.505030	000000000.066950
000000009.181868	-00000011.543189	000000000.102974
000000017.921761	-00000022.530741	000000000.200990
000000018.017847	-00000022.651537	000000000.606283
000000005.799390	-00000007.422881	000000000.065763
000000008.976126	-00000011.488916	000000000.101787
000000008.777408	-00000011.234569	000000000.298639
000000005.777005	-00000007.528739	000000000.066252
000000008.254604	-00000010.757609	000000000.094666
000000008.636430	-00000011.255215	000000000.297173
000000017.565002	-00000022.891157	000000000.604398
000000005.753211	-00000007.634770	000000000.066741
000000008.256701	-00000010.957012	000000000.095783
000000008.471697	-00000011.242322	000000000.294869
000000017.244236	-00000022.883873	000000000.600210
000000008.357057	-00000011.293914	000000000.098087
000000008.367321	-00000011.307785	000000000.294660
000000008.128872	-00000011.188433	000000000.096551
000000008.250695	-00000011.356108	000000000.294032
000000007.955437	-00000011.153111	000000000.095643
000000008.110641	-00000011.370700	000000000.292566
000000007.903690	-00000011.287640	000000000.096202
000000007.936557	-00000011.334578	000000000.289843
000000007.606650	-00000011.067745	000000000.093758
000000007.854331	-00000011.428123	000000000.290471
000000007.582471	-00000011.241476	000000000.094666
000000007.648081	-00000011.338747	000000000.286492
000000007.588949	-00000011.465651	000000000.095992
000000007.703351	-00000011.638493	000000000.292356
000000007.526728	-00000011.590144	000000000.096481
000000007.530706	-00000011.596270	000000000.289634
000000007.274859	-00000011.419242	000000000.094526
000000007.644096	-00000011.998828	000000000.298011
000000007.323306	-00000011.719739	000000000.096481
000000007.358964	-00000011.776805	000000000.290890
000000014.675545	-00000023.485781	000000000.580105
000000007.147606	-00000011.663834	000000000.095504
000000007.062632	-00000011.525167	000000000.283142
000000007.867103	-00000012.837945	000000000.315393
000000014.480483	-00000023.630001	000000000.580524
000000007.091902	-00000011.802906	000000000.096132
000000014.232530	-00000023.686907	000000000.578848
000000006.922655	-00000011.752336	000000000.095224
000000007.083682	-00000012.025705	000000000.292356
000000013.979615	-00000023.732677	000000000.576964
000000006.764835	-00000011.717038	000000000.094456
000000006.898487	-00000011.948529	000000000.289005
000000013.696995	-00000023.723892	000000000.573822
