000000003.719914	000000004.317173	-00000000.119372
000000003.896881	000000004.522552	-00000000.041678
000000003.698119	000000004.216897	-00000000.117487
000000004.007729	000000004.490280	-00000000.126073
000000004.561178	000000005.110368	-00000000.047822
000000005.579952	000000006.251809	-00000000.058503
000000003.878706	000000004.270122	-00000000.120838
000000004.652665	000000005.122185	-00000000.048310
000000003.963327	000000004.287503	-00000000.122304
000000004.391734	000000004.750951	-00000000.045169
000000003.959489	000000004.209061	-00000000.121047
000000004.131553	000000004.391970	-00000000.042097
000000003.843969	000000004.015463	-00000000.116440
000000004.183552	000000004.370195	-00000000.042237
000000005.794738	000000006.053263	-00000000.058503
000000003.962580	000000004.067703	-00000000.118953
000000004.340151	000000004.455289	-00000000.043423
000000004.012004	000000004.047169	-00000000.119372
000000004.336625	000000004.374635	-00000000.043005
000000005.758700	000000005.809175	-00000000.057107
000000004.139472	000000004.103506	-00000000.122094
000000004.381737	000000004.343665	-00000000.043074
000000004.196609	000000004.088155	-00000000.122723
000000004.355010	000000004.242463	-00000000.042446
000000004.210458	000000004.030637	-00000000.122094
000000004.319631	000000004.135147	-00000000.041748
000000004.296446	000000004.041693	-00000000.123560
000000004.370119	000000004.110998	-00000000.041888
000000004.287503	000000003.963327	-00000000.122304
000000004.391141	000000004.059130	-00000000.041748
000000004.336727	000000003.939205	-00000000.122723
000000004.493015	000000004.081167	-00000000.042376
000000005.758757	000000005.230886	-00000000.054314
000000004.527575	000000004.041015	-00000000.127120
000000004.782111	000000004.268198	-00000000.044750
000000004.570183	000000004.007943	-00000000.127330
000000005.202605	000000004.562562	-00000000.048310
000000004.642855	000000004.000540	-00000000.128377
000000005.522514	000000004.758502	-00000000.050893
000000004.662328	000000003.946952	-00000000.127958
000000005.556197	000000004.703668	-00000000.050824
000000004.704280	000000003.912508	-00000000.128168
000000005.658538	000000004.706156	-00000000.051382
000000004.800181	000000003.921913	-00000000.129843
000000005.699391	000000004.656598	-00000000.051382
000000004.834223	000000003.879874	-00000000.129843
000000005.521448	000000004.431430	-00000000.049427
000000004.844343	000000003.818972	-00000000.129215
000000005.151554	000000004.061157	-00000000.045797
000000004.869579	000000003.770431	-00000000.129005
000000005.076103	000000003.930339	-00000000.044820
000000004.918213	000000003.739896	-00000000.129424
000000005.922111	000000004.503278	-00000000.051941
000000005.375234	000000004.013877	-00000000.140524
000000005.792924	000000004.325781	-00000000.050475
000000005.498746	000000004.031847	-00000000.142827
000000005.814324	000000004.263239	-00000000.050335
000000007.620716	000000005.587740	-00000000.065973
000000005.639202	000000004.059645	-00000000.145550
000000005.989270	000000004.311657	-00000000.051522
000000005.592768	000000003.952577	-00000000.143456
000000006.075665	000000004.293856	-00000000.051941
000000005.520257	000000003.829538	-00000000.140733
000000006.318311	000000004.383168	-00000000.053686
000000005.503880	000000003.747459	-00000000.139477
000000006.414180	000000004.367260	-00000000.054175
000000007.179290	000000004.842493	000000000.060458
000000005.760820	000000003.849257	-00000000.145131
000000006.460361	000000004.316676	-00000000.054244
000000005.710582	000000003.744021	-00000000.143037
000000006.146554	000000004.029857	-00000000.051312
000000007.640102	000000004.961541	000000000.063599
000000010.835360	000000007.036565	000000000.090198
000000012.594069	000000008.178684	000000000.314555
000000005.751445	000000003.699454	-00000000.143246
000000006.156256	000000003.959837	-00000000.051103
000000016.636463	000000010.598596	000000000.413194
000000005.893430	000000003.718477	-00000000.145969
000000006.215948	000000003.921971	-00000000.051312
000000007.013187	000000004.382326	000000000.057735
000000006.969427	000000004.354981	000000000.172147
000000012.887504	000000008.053006	000000000.318325
000000016.923326	000000010.574868	000000000.418011
000000006.053180	000000003.745821	-00000000.149110
000000006.130890	000000003.793910	-00000000.050335
000000006.718641	000000004.117188	000000000.055012
000000012.761224	000000007.820088	000000000.313508
000000006.025807	000000003.656549	-00000000.147644
000000006.890422	000000004.181211	-00000000.056269
000000007.122887	000000004.279862	000000000.058014
000000012.377193	000000007.436968	000000000.100809
000000012.888968	000000007.744474	000000000.314974
000000006.220737	000000003.700950	-00000000.151623
000000007.012585	000000004.172050	-00000000.056967
000000012.697628	000000007.479475	000000000.308691
000000006.183706	000000003.606230	-00000000.149948
000000006.634095	000000003.868890	-00000000.053616
000000008.166421	000000004.714885	000000000.065833
000000012.435822	000000007.179825	000000000.100251
000000012.944241	000000007.473361	000000000.313089
000000006.301741	000000003.601742	-00000000.152042
000000006.954103	000000003.974597	-00000000.055920
000000008.250771	000000004.668061	000000000.066182
000000013.000262	000000007.355194	000000000.312880
000000018.682438	000000010.570015	000000000.449634
000000006.420162	000000003.595464	-00000000.154136
000000006.770404	000000003.791609	-00000000.054175
000000008.352415	000000004.629819	000000000.066671
000000012.314345	000000006.825953	000000000.098296
000000013.903403	000000007.706782	000000000.332984
000000017.672186	000000009.795853	000000000.423246
000000006.749315	000000003.702801	-00000000.161257
000000007.118848	000000003.905534	-00000000.056688
000000008.330983	000000004.523355	000000000.066182
000000013.609891	000000007.389568	000000000.324398
000000006.843020	000000003.676887	-00000000.162723
000000007.038145	000000003.781732	-00000000.055780
000000008.440774	000000004.488039	000000000.066741
000000008.421473	000000004.477777	000000000.199791
000000014.018133	000000007.453573	000000000.332566
000000018.255352	000000009.706543	000000000.433089
000000007.184524	000000003.779961	-00000000.170052
000000007.380617	000000003.883131	-00000000.058224
000000008.293349	000000004.317245	000000000.065275
000000008.451359	000000004.399499	000000000.199581
000000017.532358	000000009.126768	000000000.414032
000000007.190571	000000003.703388	-00000000.169424
000000007.583131	000000003.905569	-00000000.059550
000000008.072323	000000004.113054	000000000.063250
000000008.489429	000000004.325581	000000000.199581
000000007.311893	000000003.685498	-00000000.171518
000000007.724079	000000003.893256	-00000000.060388
000000008.045263	000000004.011220	000000000.062762
000000008.571590	000000004.273637	000000000.200628
000000007.298944	000000003.599441	-00000000.170471
000000007.524579	000000003.710712	-00000000.058573
000000008.142876	000000003.971546	000000000.063250
000000008.635516	000000004.211823	000000000.201257
000000007.348085	000000003.544296	-00000000.170890
000000007.736809	000000003.731794	-00000000.059969
000000008.475070	000000004.042401	000000000.065554
000000008.617799	000000004.110479	000000000.200000
000000007.613842	000000003.590921	-00000000.176335
000000008.022322	000000003.783572	-00000000.061924
000000008.655028	000000004.035906	000000000.066671
000000008.725830	000000004.068922	000000000.201676
000000007.844636	000000003.616427	-00000000.180943
000000008.327470	000000003.839016	-00000000.064018
000000008.608024	000000003.922903	000000000.066043
000000008.688225	000000003.959452	000000000.200000
000000017.212692	000000007.844275	000000000.396231
000000008.049093	000000003.625852	-00000000.184922
000000008.460945	000000003.811378	-00000000.064786
000000008.724147	000000003.884240	000000000.066671
000000013.903823	000000006.190381	000000000.106255
000000008.740712	000000003.891616	000000000.200419
000000017.380959	000000007.738501	000000000.398534
000000008.089579	000000003.559500	-00000000.185131
000000008.548801	000000003.761563	-00000000.065205
000000009.977370	000000004.338284	000000000.075956
000000014.039848	000000006.104700	000000000.106883
000000017.365309	000000007.550651	000000000.396649
000000027.047338	000000011.760518	000000000.617801
000000008.239750	000000003.540076	-00000000.187854
000000008.553738	000000003.674976	-00000000.064996
000000010.116101	000000004.294030	000000000.076724
000000014.046562	000000005.962412	000000000.106534
000000017.080822	000000007.250379	000000000.388691
000000008.270329	000000003.468037	-00000000.187854
000000009.332446	000000003.913419	-00000000.070650
000000013.968718	000000005.786033	000000000.105557
000000017.374363	000000007.196696	000000000.393927
000000008.605639	000000003.520660	-00000000.194765
000000009.440283	000000003.862122	-00000000.071209
000000012.859727	000000005.195667	000000000.096830
000000017.668247	000000007.138435	000000000.399163
000000020.143286	000000008.138416	000000000.455079
000000008.914617	000000003.556571	-00000000.201047
000000009.287869	000000003.705484	-00000000.069813
000000011.581973	000000004.620739	-00000000.087056
000000012.839450	000000005.057594	000000000.096341
000000017.943819	000000007.068258	000000000.403979
000000009.001222	000000003.500384	-00000000.202304
000000009.385090	000000003.649662	-00000000.070301
000000011.482057	000000004.465127	-00000000.086009
000000012.827083	000000004.923856	000000000.095923
000000014.731540	000000005.654908	000000000.110164
000000017.724804	000000006.803915	000000000.397697
000000020.496929	000000007.868034	000000000.459896
000000028.225281	000000010.834670	000000000.633299
000000009.143617	000000003.464206	-00000000.204817
000000010.005703	000000003.790822	-00000000.074699
000000012.747798	000000004.766206	000000000.095015
000000019.787542	000000007.398259	000000000.442513
000000021.491913	000000008.035497	000000000.480629
000000009.098460	000000003.356599	-00000000.203141
000000010.207273	000000003.765662	-00000000.075956
000000013.587625	000000004.945491	000000000.100949
000000020.105011	000000007.317626	000000000.448168
000000028.447653	000000010.354099	000000000.634136
000000009.325008	000000003.348020	-00000000.207539
000000010.653852	000000003.825124	-00000000.079028
000000013.696247	000000004.850095	000000000.101438
000000020.196377	000000007.151912	000000000.448796
000000022.100096	000000007.826055	000000000.491100
000000009.202849	000000003.213779	-00000000.204189
000000010.762352	000000003.758382	-00000000.079586
000000014.352622	000000004.942004	000000000.105976
000000017.113470	000000005.892640	000000000.126361
000000019.955521	000000006.871237	000000000.442095
000000021.723251	000000007.479915	000000000.481257
000000031.686832	000000010.910651	000000000.701990
000000009.514561	000000003.229758	-00000000.210471
000000010.984122	000000003.728607	-00000000.080983
000000014.385719	000000004.813395	000000000.105906
000000017.818567	000000005.962009	000000000.131178
000000020.924913	000000007.001378	000000000.462199
000000009.342990	000000003.080856	-00000000.206073
000000011.320138	000000003.732822	-00000000.083217
000000015.016816	000000004.879260	000000000.110234
000000016.747698	000000005.441657	000000000.122940
000000020.795046	000000006.756720	000000000.458011
000000009.731351	000000003.115030	-00000000.214032
000000011.580851	000000003.707059	-00000000.084892
000000014.877623	000000004.690896	000000000.108908
000000016.985285	000000005.355440	000000000.124336
000000020.815075	000000006.562968	000000000.457173
000000022.197662	000000006.998896	000000000.487540
000000038.378689	000000012.100754	000000000.842932
000000009.452623	000000002.935118	-00000000.207330
000000012.223958	000000003.795640	-00000000.089360
000000015.023182	000000004.593048	000000000.109676
000000017.213066	000000005.262562	000000000.125663
000000021.550383	000000006.588613	000000000.472042
000000009.659776	000000002.907263	-00000000.211309
000000012.630058	000000003.801216	-00000000.092083
000000015.225686	000000004.510054	000000000.110862
000000017.411741	000000005.157593	000000000.126780
000000020.547007	000000006.086300	000000000.149608
000000021.837124	000000006.468451	000000000.477068
000000027.166992	000000008.047230	000000000.593508
000000009.502409	000000002.769700	-00000000.207330
000000012.672349	000000003.693653	-00000000.092153
000000014.937643	000000004.283300	000000000.108489
000000017.907867	000000005.134999	000000000.130061
000000022.498201	000000006.451255	000000000.490262
000000027.466833	000000007.875988	000000000.598534
000000030.436481	000000008.727521	000000000.663246
000000009.660932	000000002.724664	-00000000.210262
000000013.194940	000000003.721358	-00000000.095713
000000017.556919	000000004.868964	000000000.127199
000000022.071932	000000006.121089	000000000.479791
000000024.152916	000000006.698197	000000000.525026
000000027.284029	000000007.566531	000000000.593089
000000009.433551	000000002.571881	-00000000.204817
000000013.390922	000000003.650784	-00000000.096900
000000017.840214	000000004.780271	000000000.128944
000000020.805536	000000005.574827	000000000.150376
000000022.056908	000000005.910131	000000000.478325
000000027.213820	000000007.291921	000000000.590157
000000009.987393	000000002.629461	-00000000.216335
000000013.934793	000000003.668725	-00000000.100600
000000016.806849	000000004.424874	-00000000.121334
000000017.958700	000000004.644436	000000000.129502
000000028.012049	000000007.244408	000000000.606074
000000009.573901	000000002.431461	-00000000.206911
000000014.450881	000000003.670056	-00000000.104091
000000016.796362	000000004.265733	-00000000.120985
000000018.978521	000000004.731877	000000000.136553
000000039.559982	000000009.863411	000000000.854032
000000009.963784	000000002.438123	-00000000.214869
000000015.006869	000000003.672158	-00000000.107860
000000017.376886	000000004.252097	-00000000.124895
000000018.805176	000000004.514723	000000000.135018
000000020.467888	000000004.913905	000000000.146956
000000009.653805	000000002.273169	-00000000.207749
000000015.340083	000000003.612110	-00000000.110025
000000019.983843	000000004.613634	000000000.143186
000000034.611774	000000007.990758	000000000.744084
000000010.472878	000000002.369771	-00000000.224922
000000016.326832	000000003.694385	-00000000.116866
000000020.316225	000000004.503998	000000000.145280
000000034.299519	000000007.604020	000000000.735917
000000009.692006	000000002.104341	-00000000.207749
000000015.596229	000000003.386273	-00000000.111421
000000020.491693	000000004.355644	000000000.146257
000000034.863316	000000007.410427	000000000.746597
000000037.366821	000000007.942563	000000000.800210
000000010.493066	000000002.182561	-00000000.224503
000000017.818193	000000003.706190	-00000000.127059
000000020.920883	000000004.256402	000000000.149050
000000022.758657	000000004.630301	000000000.486492
000000035.132393	000000007.147766	000000000.750995
000000052.081371	000000010.596075	000000001.113299
000000009.668422	000000001.923169	-00000000.206492
000000015.819680	000000003.146730	-00000000.112608
000000018.271584	000000003.634444	-00000000.130061
000000020.996492	000000004.081305	000000000.149329
000000022.601917	000000004.393368	000000000.482304
000000018.941183	000000003.596096	-00000000.134599
000000021.650745	000000004.012729	000000000.153727
000000022.885155	000000004.241513	000000000.487540
000000047.991978	000000008.894787	000000001.022409
000000009.582454	000000001.732790	-00000000.203979
000000019.640972	000000003.551666	-00000000.139346
000000021.970526	000000003.873996	000000000.155752
000000026.973227	000000004.756108	000000000.191217
000000027.101250	000000004.778681	000000000.192124
000000060.719772	000000010.706534	000000001.291519
000000009.636624	000000001.655875	-00000000.204817
000000019.572666	000000003.363199	-00000000.138648
000000021.583151	000000003.708664	-00000000.152890
000000022.013357	000000003.683773	000000000.155822
000000024.893242	000000004.165700	000000000.176207
000000026.569887	000000004.446274	000000000.188075
000000062.112507	000000010.394069	000000001.319163
000000009.650707	000000001.571718	-00000000.204817
000000022.443750	000000003.655197	-00000000.158754
000000024.642225	000000003.902945	000000000.174182
000000026.321253	000000004.168877	000000000.186051
000000026.622236	000000004.216548	000000000.564608
000000023.937532	000000003.684339	-00000000.169086
000000026.267620	000000003.925722	000000000.185422
000000033.991646	000000005.080085	000000000.239946
000000060.900127	000000009.101585	000000001.289844
000000009.557936	000000001.385835	-00000000.202304
000000025.759998	000000003.735022	-00000000.181722
000000026.449415	000000003.717223	000000000.186469
000000033.797028	000000004.749862	000000000.238270
000000062.343506	000000008.761808	000000001.318744
000000063.986984	000000008.992785	000000001.353509
000000009.668731	000000001.315856	-00000000.204398
000000033.956158	000000004.470413	000000000.239108
000000034.207256	000000004.503471	000000000.722723
000000009.669927	000000001.230170	-00000000.204189
000000032.415768	000000003.980156	000000000.228008
000000034.430584	000000004.227544	000000000.242180
000000063.876186	000000007.843009	000000001.348064
000000033.631588	000000003.831835	000000000.236316
000000042.007195	000000004.786115	000000000.295168
000000063.912388	000000007.281897	000000001.347435
000000009.600478	000000001.051423	-00000000.202304
000000036.816303	000000003.869550	000000000.258446
000000041.957855	000000004.409948	000000000.294539
000000042.108765	000000004.425809	000000000.886911
000000009.479970	000000000.954583	-00000000.199581
000000039.496361	000000003.803067	000000000.277016
000000049.679012	000000004.783545	000000000.348435
000000049.699184	000000004.785487	000000001.045864
000000009.577542	000000000.880053	-00000000.201466
000000081.719849	000000007.149560	000000001.718326
000000009.804054	000000000.814654	-00000000.206073
000000053.862129	000000004.239041	000000000.377197
000000061.536179	000000004.843002	000000001.292985
000000009.591443	000000000.712767	-00000000.201466
000000068.896614	000000004.817720	000000001.446702
000000010.225811	000000000.670235	-00000000.214660
000000009.662313	000000000.548666	-00000000.202723
000000089.557419	000000004.693506	000000001.878535
000000009.596828	000000000.460969	-00000000.201257
000000111.928787	000000004.886917	000000002.346807
000000112.128555	000000004.895638	000000002.350996
000000009.660426	000000000.379559	-00000000.202513
000000009.683356	000000000.295853	-00000000.202932
000000009.655583	000000000.210686	-00000000.202304
000000009.787760	000000000.042707	-00000000.205026
000000009.797757	-00000000.042751	-00000000.205236
000000009.737029	-00000000.127465	-00000000.203979
000000009.783288	-00000000.298906	-00000000.205026
000000010.809287	-00000000.424698	-00000000.226597
000000009.806540	-00000000.471042	-00000000.205655
000000016.150986	-00000000.775787	-00000000.112887
000000073.832458	-00000003.869395	000000001.548692
000000010.380996	-00000000.589476	-00000000.217801
000000037.978104	-00000002.322840	000000000.265637
000000048.178795	-00000002.946741	000000000.336985
000000048.159420	-00000002.945556	000000001.010681
000000009.756920	-00000000.639502	-00000000.204817
000000033.467457	-00000002.340273	000000000.234221
000000053.138943	-00000003.715837	000000000.371892
000000053.437759	-00000003.736732	000000001.122095
000000010.418979	-00000000.774264	-00000000.218848
000000029.926729	-00000002.355285	000000000.209577
000000031.541695	-00000002.482385	000000000.220887
000000033.206509	-00000002.613409	000000000.232546
000000053.482853	-00000004.209192	000000001.123770
000000009.784126	-00000000.812998	-00000000.205655
000000027.394918	-00000002.276342	-00000000.191915
000000028.370934	-00000002.482135	000000000.198826
000000030.442968	-00000002.663414	000000000.213347
000000031.263693	-00000002.735219	000000000.657383
000000010.204762	-00000000.937686	-00000000.214660
000000025.143461	-00000002.310359	-00000000.176277
000000028.557222	-00000002.749748	000000000.200292
000000030.896345	-00000002.974980	000000000.216698
000000033.696724	-00000003.244626	000000000.709110
000000037.836662	-00000003.643256	000000000.796231
000000009.848027	-00000000.991644	-00000000.207330
000000015.809665	-00000001.591950	-00000000.110932
000000020.824184	-00000002.096885	-00000000.146118
000000023.222000	-00000002.338332	-00000000.162943
000000028.412798	-00000002.986305	000000000.199455
000000033.295780	-00000003.499528	000000000.233733
000000033.209747	-00000003.490485	000000000.699477
000000010.236535	-00000001.121083	-00000000.215707
000000020.725571	-00000002.269819	-00000000.145559
000000020.973791	-00000002.389662	000000000.147374
000000032.747330	-00000003.731087	000000000.230102
000000032.830349	-00000003.740546	000000000.692147
000000009.839149	-00000001.164540	-00000000.207539
000000015.372325	-00000001.819435	-00000000.108070
000000019.354433	-00000002.290748	-00000000.136065
000000020.624607	-00000002.532383	000000000.145071
000000027.870016	-00000003.422008	000000000.196034
000000032.743301	-00000004.020372	000000000.230312
000000032.746838	-00000004.020806	000000000.691100
000000010.274917	-00000001.307135	-00000000.216963
000000018.262365	-00000002.323266	-00000000.128525
000000019.778843	-00000002.603934	000000000.139276
000000032.964737	-00000004.339890	000000000.232127
000000032.750156	-00000004.311640	000000000.691938
000000009.817327	-00000001.336080	-00000000.207539
000000015.209421	-00000002.069911	-00000000.107162
000000017.508173	-00000002.382758	-00000000.123359
000000019.369171	-00000002.722159	000000000.136553
000000030.222246	-00000004.247459	000000000.213068
000000032.856293	-00000004.617651	000000000.231638
000000027.523415	-00000003.868164	000000000.582199
000000032.740982	-00000004.601445	000000000.692566
000000010.468215	-00000001.517819	-00000000.221571
000000016.942419	-00000002.456534	-00000000.119519
000000019.324900	-00000002.888126	000000000.136414
000000027.315954	-00000004.082397	000000000.192822
000000027.310629	-00000004.081601	000000000.578430
000000009.911092	-00000001.525463	-00000000.210052
000000015.813398	-00000002.433915	-00000000.111700
000000019.071796	-00000003.020676	000000000.134808
000000027.141014	-00000004.298714	000000000.191845
000000027.175222	-00000004.304132	000000000.576335
000000010.163834	-00000001.655285	-00000000.215707
000000015.317811	-00000002.494664	-00000000.108349
000000017.229988	-00000002.883311	000000000.121963
000000019.094025	-00000003.195244	000000000.135157
000000027.546286	-00000004.609667	000000000.194987
000000027.116905	-00000004.537814	000000000.575917
000000009.804132	-00000001.684658	-00000000.208377
000000014.428189	-00000002.479216	-00000000.102206
000000017.519304	-00000003.089126	000000000.124197
000000021.980373	-00000003.875733	000000000.155822
000000027.367142	-00000004.825565	000000000.194009
000000027.125502	-00000004.782958	000000000.576964
000000010.123558	-00000001.830637	-00000000.215497
000000013.776234	-00000002.491149	-00000000.097738
000000015.734427	-00000002.845248	-00000000.111630
000000017.413019	-00000003.227312	000000000.123638
000000022.063704	-00000004.089266	000000000.156659
000000022.138044	-00000004.103044	000000000.471623
000000027.456287	-00000005.088722	000000000.584922
000000009.684836	-00000001.838724	-00000000.206492
000000013.125217	-00000002.491900	-00000000.093270
000000017.030817	-00000003.310456	000000000.121125
000000021.997728	-00000004.275925	000000000.156450
000000021.856043	-00000004.248384	000000000.466388
000000010.050844	-00000001.999237	-00000000.214660
000000012.769514	-00000002.540014	-00000000.090896
000000015.319492	-00000003.047236	-00000000.109047
000000017.363842	-00000003.532714	000000000.123708
000000022.057568	-00000004.487663	000000000.157148
000000021.808340	-00000004.436957	000000000.466178
000000009.700212	-00000002.017647	-00000000.207539
000000012.570638	-00000002.614697	-00000000.089639
000000015.409800	-00000003.205243	-00000000.109885
000000017.029135	-00000003.619654	000000000.121544
000000021.866585	-00000004.647886	000000000.468273
000000010.063273	-00000002.184951	-00000000.215707
000000012.088054	-00000002.624574	-00000000.086358
000000014.198822	-00000003.082866	-00000000.101438
000000017.182392	-00000003.809244	000000000.122870
000000024.738739	-00000005.484446	000000000.176905
000000041.169399	-00000009.127036	000000000.294400
000000009.809793	-00000002.219729	-00000000.210681
000000011.664810	-00000002.639477	-00000000.083496
000000014.268910	-00000003.228725	-00000000.102136
000000015.595344	-00000003.528866	-00000000.111630
000000024.202763	-00000005.587648	000000000.173415
000000024.110371	-00000005.566318	000000000.518325
000000041.430870	-00000009.565070	000000000.890681
000000010.373947	-00000002.442740	-00000000.223246
000000011.505062	-00000002.709083	-00000000.082518
000000015.271948	-00000003.596066	-00000000.109536
000000020.895720	-00000005.016619	000000000.150027
000000024.347549	-00000005.845330	000000000.174811
000000015.155923	-00000003.638615	000000000.326492
000000020.668051	-00000004.961960	000000000.445236
000000009.992918	-00000002.445251	-00000000.215497
000000011.111882	-00000002.719060	-00000000.079866
000000014.443504	-00000003.534303	-00000000.103811
000000015.184757	-00000003.785985	000000000.109257
000000017.571629	-00000004.381099	000000000.126431
000000020.802633	-00000005.186679	000000000.149678
000000014.890773	-00000003.712687	000000000.321466
000000010.029340	-00000002.547128	-00000000.216754
000000010.990810	-00000002.791310	-00000000.079167
000000015.034966	-00000003.888307	000000000.108419
000000017.290695	-00000004.471678	000000000.124685
000000020.301561	-00000005.250340	000000000.146397
000000014.935242	-00000003.862516	000000000.323142
000000009.494308	-00000002.499643	-00000000.205655
000000010.559884	-00000002.780185	-00000000.076235
000000015.039099	-00000004.029714	000000000.108698
000000014.833366	-00000003.974589	000000000.321676
000000009.250281	-00000002.521916	-00000000.200838
000000010.178258	-00000002.774912	-00000000.073652
000000014.085552	-00000003.840162	-00000000.101926
000000015.012997	-00000004.163473	000000000.108768
000000014.817386	-00000004.109225	000000000.322094
000000009.073962	-00000002.559122	-00000000.197487
000000010.067037	-00000002.839198	-00000000.073024
000000012.492364	-00000003.523211	-00000000.090617
000000015.062604	-00000004.319132	000000000.109396
000000014.761741	-00000004.232861	000000000.321676
000000008.811325	-00000002.568267	-00000000.192251
000000009.177854	-00000002.675100	-00000000.066741
000000014.861343	-00000004.402131	000000000.108210
000000014.772171	-00000004.375717	000000000.322723
000000008.673695	-00000002.610486	-00000000.189738
000000009.422273	-00000002.835782	-00000000.068696
000000014.937117	-00000004.566735	000000000.109047
000000018.054592	-00000005.519843	000000000.131806
000000014.714303	-00000004.498614	000000000.322304
000000008.440525	-00000002.620853	-00000000.185131
000000010.017915	-00000003.110645	-00000000.073233
000000014.944381	-00000004.711945	000000000.109396
000000017.881758	-00000005.638096	000000000.130899
000000014.731695	-00000004.644886	000000000.323560
000000008.274504	-00000002.648690	-00000000.181990
000000009.218967	-00000002.951015	-00000000.067579
000000014.826610	-00000004.817458	000000000.108838
000000017.841385	-00000005.797018	000000000.130968
000000029.329868	-00000009.529852	000000000.215302
000000014.757160	-00000004.794892	000000000.325026
000000029.580879	-00000009.611410	000000000.651519
000000008.279560	-00000002.730190	-00000000.182618
000000009.126386	-00000003.009431	-00000000.067090
000000029.169725	-00000009.760054	000000000.214744
000000026.025776	-00000008.708103	000000000.574869
000000029.562246	-00000009.891390	000000000.652985
000000008.018740	-00000002.721995	-00000000.177382
000000008.863050	-00000003.008600	-00000000.065345
000000026.265867	-00000009.044064	000000000.193939
000000026.449806	-00000009.107399	000000000.585969
000000029.361366	-00000010.109929	000000000.650472
000000008.004119	-00000002.795163	-00000000.177592
000000008.921424	-00000003.115501	-00000000.065973
000000025.780617	-00000009.129395	000000000.190937
000000010.451602	-00000003.701106	000000000.232251
000000026.227959	-00000009.287807	000000000.582828
000000007.452479	-00000002.675714	-00000000.165864
000000009.185655	-00000003.297987	-00000000.068137
000000013.919654	-00000004.997666	-00000000.103253
000000010.204813	-00000003.714248	000000000.075816
000000026.122818	-00000009.507928	000000000.194079
000000010.249798	-00000003.730621	000000000.228482
000000007.325667	-00000002.702581	-00000000.163560
000000007.983814	-00000002.945385	-00000000.059411
000000010.451197	-00000003.855650	-00000000.077771
000000012.552694	-00000004.630933	-00000000.093409
000000010.153279	-00000003.796155	000000000.075677
000000010.198123	-00000003.812922	000000000.228063
000000007.320503	-00000002.773490	-00000000.163979
000000008.378608	-00000003.174370	-00000000.062552
000000010.213120	-00000003.920450	000000000.076375
000000009.903115	-00000003.801450	000000000.222199
000000006.913982	-00000002.688700	-00000000.155393
000000008.201469	-00000003.189377	-00000000.061435
000000010.261157	-00000003.990346	-00000000.076864
000000010.411119	-00000004.101048	000000000.078120
000000024.813631	-00000009.774349	000000000.186190
000000009.999795	-00000003.939024	000000000.225131
000000006.871684	-00000002.741524	-00000000.154974
000000007.978280	-00000003.183011	-00000000.059969
000000009.687248	-00000003.864820	-00000000.072815
000000010.198773	-00000004.120572	000000000.076794
000000009.946501	-00000004.018647	000000000.224712
000000023.220861	-00000009.381837	000000000.524608
000000006.856751	-00000002.805171	-00000000.155183
000000006.839578	-00000002.798145	-00000000.051592
000000008.579552	-00000003.509987	-00000000.064716
000000009.921553	-00000004.059014	-00000000.074839
000000010.153189	-00000004.205588	000000000.076724
000000009.717081	-00000004.024947	000000000.220314
000000006.149732	-00000002.578796	-00000000.139686
000000007.451202	-00000003.124548	-00000000.056409
000000010.014858	-00000004.199579	-00000000.075816
000000010.005644	-00000004.247144	000000000.075886
000000009.718400	-00000004.125216	000000000.221152
000000006.182109	-00000002.656044	-00000000.140942
000000006.982643	-00000002.999980	-00000000.053058
000000009.830826	-00000004.223656	-00000000.074699
000000010.023223	-00000004.358221	000000000.076305
000000009.874571	-00000004.293586	000000000.225550
000000006.076335	-00000002.673651	-00000000.139058
000000008.347437	-00000003.672960	-00000000.063669
000000010.395894	-00000004.628550	000000000.079447
000000009.571856	-00000004.261665	000000000.219477
000000006.198622	-00000002.792276	-00000000.142408
000000007.558323	-00000003.404776	-00000000.057875
000000009.947082	-00000004.480834	-00000000.076166
000000010.373305	-00000004.727387	000000000.079586
000000009.588888	-00000004.369908	000000000.220733
000000006.046907	-00000002.787662	-00000000.139477
000000006.402254	-00000002.951479	-00000000.049218
000000009.144778	-00000004.215801	-00000000.070301
000000012.958888	-00000005.974129	-00000000.099623
000000010.340720	-00000004.821957	000000000.079656
000000012.914571	-00000006.022163	000000000.099483
000000009.486961	-00000004.423843	000000000.219267
000000006.130861	-00000002.891502	-00000000.141990
000000006.285810	-00000002.964580	-00000000.048520
000000010.012074	-00000004.722001	-00000000.077283
000000010.072606	-00000004.804387	000000000.077911
000000009.538234	-00000004.549504	000000000.221361
000000005.880270	-00000002.836305	-00000000.136754
000000006.313741	-00000003.045387	-00000000.048939
000000008.034033	-00000003.875157	-00000000.062273
000000009.799358	-00000004.726649	-00000000.075956
000000009.652813	-00000004.707991	000000000.074979
000000020.725685	-00000010.108592	000000000.160988
000000009.552086	-00000004.658864	000000000.222618
000000006.258799	-00000003.086498	-00000000.146178
000000006.286925	-00000003.100368	-00000000.048939
000000007.632201	-00000003.763785	-00000000.059411
000000009.811548	-00000004.838520	-00000000.076375
000000009.799293	-00000004.885747	000000000.076445
000000020.341362	-00000010.141829	000000000.158684
000000009.537908	-00000004.755425	000000000.223246
000000005.642389	-00000002.843998	-00000000.132356
000000006.339996	-00000003.195621	-00000000.049567
000000009.751093	-00000004.914955	-00000000.076235
000000012.742499	-00000006.422749	-00000000.099623
000000018.523575	-00000009.438232	000000000.145140
000000020.350094	-00000010.368891	000000000.159452
000000009.611852	-00000004.897483	000000000.225969
000000005.750679	-00000002.961794	-00000000.135497
000000009.681161	-00000004.986125	-00000000.076026
000000018.775585	-00000009.670062	-00000000.147444
000000017.766396	-00000009.248600	000000000.139835
000000009.453462	-00000004.921161	000000000.223246
000000017.709721	-00000009.219097	000000000.418220
000000020.982073	-00000010.922576	000000000.495498
000000005.521111	-00000002.904797	-00000000.130681
000000007.370330	-00000003.877718	-00000000.174450
000000005.495639	-00000002.891396	-00000000.043354
000000007.840799	-00000004.125244	-00000000.061854
000000016.899204	-00000008.985466	000000000.133621
000000017.107771	-00000009.096363	000000000.405864
000000005.654078	-00000003.038046	-00000000.134450
000000007.601902	-00000004.084649	-00000000.060248
000000009.213893	-00000004.950803	-00000000.073024
000000016.776211	-00000009.108739	000000000.133272
000000016.693863	-00000009.064028	000000000.397906
000000005.443279	-00000002.986285	-00000000.130052
000000007.529431	-00000004.130787	-00000000.179895
000000007.916649	-00000004.343223	-00000000.063041
000000011.064022	-00000006.069930	-00000000.088104
000000017.700682	-00000009.710927	-00000000.140952
000000017.631903	-00000009.773523	000000000.140742
000000017.567257	-00000009.737689	000000000.420733
000000005.478074	-00000003.067868	-00000000.131518
000000007.580327	-00000004.245187	-00000000.181990
000000007.808649	-00000004.373054	-00000000.062482
000000009.134810	-00000005.115740	-00000000.073094
000000017.815935	-00000009.977403	-00000000.142557
000000015.265668	-00000008.636899	000000000.122451
000000017.711308	-00000010.020576	000000000.142069
000000017.377192	-00000009.831541	000000000.418220
000000004.965008	-00000002.837736	-00000000.119791
000000007.475009	-00000004.272320	-00000000.060109
000000009.298182	-00000005.314349	-00000000.074769
000000018.223049	-00000010.415331	-00000000.146537
000000015.198375	-00000008.774786	000000000.122521
000000017.207506	-00000009.934758	000000000.138718
000000017.186834	-00000009.922824	000000000.415707
000000004.879600	-00000002.845699	-00000000.118325
000000008.793632	-00000005.128294	-00000000.071069
000000017.362671	-00000010.125610	-00000000.140323
000000017.301092	-00000010.191122	000000000.140184
000000017.177118	-00000010.118095	000000000.417592
000000005.155308	-00000003.067086	-00000000.125655
000000006.909459	-00000004.110696	-00000000.056129
000000008.654012	-00000005.148596	-00000000.070301
000000011.214980	-00000006.672212	-00000000.091105
000000016.860069	-00000010.130552	000000000.137321
000000016.976759	-00000010.200666	000000000.414869
000000005.034327	-00000003.054904	-00000000.123351
000000006.907519	-00000004.191586	-00000000.056409
000000009.318312	-00000005.654490	-00000000.076096
000000017.020880	-00000010.328524	-00000000.138997
000000017.299648	-00000010.601238	000000000.141650
000000017.066113	-00000010.458127	000000000.419267
000000004.420862	-00000002.735712	-00000000.108901
000000004.838387	-00000002.994084	-00000000.039723
000000008.826441	-00000005.461967	-00000000.072465
000000010.935263	-00000006.766946	-00000000.089779
000000016.960548	-00000010.598127	000000000.139625
000000017.194645	-00000010.744406	000000000.424712
000000004.498285	-00000002.838207	-00000000.111414
000000006.645963	-00000004.193290	-00000000.164607
000000007.053198	-00000004.450237	-00000000.058224
000000008.372501	-00000005.282655	-00000000.069114
000000010.452941	-00000006.595315	-00000000.086288
000000014.556581	-00000009.273565	000000000.120497
000000016.403564	-00000010.450223	000000000.135786
000000017.049635	-00000010.861815	000000000.423456
000000004.506980	-00000002.898987	-00000000.112251
000000007.400963	-00000004.760459	-00000000.061435
000000011.126675	-00000007.156918	-00000000.092362
000000013.641320	-00000008.774392	-00000000.113236
000000014.257052	-00000009.258638	000000000.118681
000000016.135628	-00000010.478600	000000000.134319
000000013.826644	-00000008.979128	000000000.345340
000000017.574678	-00000011.413130	000000000.438953
000000004.397901	-00000002.883390	-00000000.110157
000000005.536079	-00000003.629613	-00000000.046216
000000008.287394	-00000005.433454	-00000000.069184
000000016.156654	-00000010.592767	-00000000.134878
000000013.867183	-00000009.178488	000000000.116098
000000013.864479	-00000009.176699	000000000.348272
000000017.782883	-00000011.770234	000000000.446702
000000004.206314	-00000002.810569	-00000000.105969
000000008.314493	-00000005.555567	-00000000.069813
000000016.022030	-00000010.705578	-00000000.134529
000000013.604175	-00000009.176132	000000000.114562
000000007.849264	-00000005.294395	000000000.198325
000000013.601522	-00000009.174343	000000000.343665
000000004.313852	-00000002.937197	-00000000.109319
000000006.412930	-00000004.366408	-00000000.162513
000000007.439126	-00000005.065121	-00000000.062831
000000014.258326	-00000009.708148	-00000000.120427
000000007.993829	-00000005.494007	000000000.067718
000000013.531822	-00000009.300164	000000000.114632
000000007.794524	-00000005.357028	000000000.198115
000000013.710452	-00000009.422933	000000000.348482
000000004.526282	-00000003.139993	-00000000.115393
000000005.151601	-00000003.573793	-00000000.043773
000000006.589448	-00000004.571263	-00000000.055990
000000008.084809	-00000005.608632	-00000000.068696
000000008.035686	-00000005.626648	000000000.068486
000000013.802376	-00000009.664528	000000000.117634
000000007.903083	-00000005.533799	000000000.202094
000000013.848823	-00000009.697050	000000000.354136
000000004.065983	-00000002.873553	-00000000.104293
000000004.875231	-00000003.445473	-00000000.041678
000000008.011059	-00000005.661656	-00000000.068486
000000013.719243	-00000009.695803	-00000000.117285
000000007.864164	-00000005.609454	000000000.067439
000000004.647580	-00000003.315087	000000000.119581
000000007.952165	-00000005.672224	000000000.204607
000000003.943385	-00000002.838831	-00000000.101780
000000006.783270	-00000004.883256	-00000000.175079
000000003.895460	-00000002.804330	-00000000.033510
000000007.782805	-00000005.602818	-00000000.066950
000000013.772075	-00000009.914474	-00000000.118472
000000007.814914	-00000005.677867	000000000.067439
000000013.437446	-00000009.762876	000000000.115959
000000004.642739	-00000003.373147	000000000.120209
000000007.821479	-00000005.682637	000000000.202513
000000013.038494	-00000009.473021	000000000.337592
000000004.095840	-00000003.003194	-00000000.106387
000000004.249859	-00000003.116126	-00000000.036791
000000008.096506	-00000005.936604	-00000000.070092
000000007.797221	-00000005.769640	000000000.067718
000000013.681311	-00000010.123637	000000000.118821
000000004.757789	-00000003.520579	000000000.123979
000000007.562634	-00000005.596055	000000000.197068
000000003.861197	-00000002.883292	-00000000.100942
000000004.230517	-00000003.159077	-00000000.036861
000000008.084455	-00000006.036948	-00000000.070441
000000004.544126	-00000003.424244	000000000.039723
000000007.674700	-00000005.783301	000000000.067090
000000004.663009	-00000003.513829	000000000.122304
000000007.481574	-00000005.637770	000000000.196230
000000003.668765	-00000002.789793	-00000000.096545
000000005.825457	-00000004.429780	-00000000.153299
000000003.764998	-00000002.862971	-00000000.033021
000000004.569604	-00000003.506381	000000000.040212
000000007.703273	-00000005.910930	000000000.067788
000000004.663895	-00000003.578732	000000000.123141
000000003.565228	-00000002.760494	-00000000.094450
000000003.668710	-00000002.840619	-00000000.032393
000000004.586111	-00000003.583063	000000000.040631
000000004.640365	-00000003.625451	000000000.123351
000000003.509597	-00000002.766743	-00000000.093613
000000003.785136	-00000002.983960	-00000000.033650
000000007.311123	-00000005.763625	-00000000.064996
000000004.484235	-00000003.566922	000000000.040003
000000004.545956	-00000003.616017	000000000.121675
000000003.508710	-00000002.816038	-00000000.094241
000000003.618576	-00000002.904214	-00000000.032393
000000004.522880	-00000003.662555	000000000.040631
000000004.545307	-00000003.680717	000000000.122513
000000003.429807	-00000002.802270	-00000000.092775
000000003.693763	-00000003.017931	-00000000.033301
000000007.488194	-00000006.118112	-00000000.067509
000000004.714511	-00000003.886343	000000000.042656
000000004.451297	-00000003.669366	000000000.120838
000000003.289922	-00000002.736199	-00000000.089634
000000003.475080	-00000002.890194	-00000000.031555
000000004.642116	-00000003.895198	000000000.042306
000000004.526330	-00000003.798042	000000000.123770
000000003.212504	-00000002.719585	-00000000.088168
000000005.463546	-00000004.625233	-00000000.149948
000000003.442095	-00000002.913948	-00000000.031485
000000003.193627	-00000002.727615	000000000.029321
000000004.638363	-00000003.961536	000000000.042586
000000004.531025	-00000003.869861	000000000.124817
000000003.241667	-00000002.793199	-00000000.089634
000000003.393808	-00000002.924292	-00000000.031276
000000003.969676	-00000003.450787	000000000.036721
000000004.512174	-00000003.922373	000000000.125236
000000007.319077	-00000006.362377	000000000.203141
000000003.284819	-00000002.880709	-00000000.091518
000000003.443342	-00000003.019730	-00000000.031974
000000004.231497	-00000003.743712	000000000.039444
000000004.402894	-00000003.895351	000000000.123141
000000003.125295	-00000002.789432	-00000000.087749
000000003.222889	-00000002.876539	-00000000.030159
000000004.436466	-00000003.994612	000000000.041678
000000011.986633	-00000010.792813	000000000.112608
000000004.324154	-00000003.893486	000000000.121885
000000002.982425	-00000002.709044	-00000000.084398
000000003.094036	-00000002.810425	-00000000.029182
000000004.493015	-00000004.081167	-00000000.042376
000000004.401438	-00000004.033175	000000000.041678
000000011.869876	-00000010.876738	000000000.112398
000000004.348982	-00000003.985108	000000000.123560
000000002.988037	-00000002.762113	-00000000.085236
000000002.995963	-00000002.769439	-00000000.028484
000000004.413171	-00000004.079493	-00000000.041957
000000004.205181	-00000003.921395	000000000.040142
000000025.391983	-00000023.678408	000000000.242389
000000004.284793	-00000003.995634	000000000.122723
000000025.613701	-00000023.885162	000000000.733613
000000003.080333	-00000002.897688	-00000000.088586
000000004.558602	-00000004.288305	-00000000.131100
000000003.088217	-00000002.905105	-00000000.029601
000000004.362835	-00000004.104146	-00000000.041818
000000005.448082	-00000005.125044	-00000000.052220
000000004.308619	-00000004.088727	000000000.041469
000000024.952271	-00000023.678822	000000000.240155
000000004.300527	-00000004.081047	000000000.124189
000000025.092447	-00000023.811844	000000000.724608
000000026.985260	-00000025.608055	000000000.779267
000000002.968265	-00000002.841496	-00000000.086073
000000003.055525	-00000002.925029	-00000000.029531
000000004.290738	-00000004.107488	-00000000.041469
000000007.360709	-00000007.046346	-00000000.071139
000000004.258388	-00000004.112278	000000000.041329
000000004.271941	-00000004.125366	000000000.124398
000000024.869316	-00000024.016020	000000000.724189
000000026.530624	-00000025.620327	000000000.772566
000000003.086584	-00000003.006817	-00000000.090262
000000004.490228	-00000004.374187	-00000000.131309
000000003.108675	-00000003.028337	-00000000.030299
000000005.980976	-00000005.826408	-00000000.058294
000000024.102974	-00000023.480078	-00000000.234919
000000004.250869	-00000004.177318	000000000.041608
000000024.680185	-00000024.253149	000000000.724817
000000025.920967	-00000025.472464	000000000.761257
000000002.975024	-00000002.949175	-00000000.087749
000000003.039520	-00000003.013110	-00000000.029880
000000004.708415	-00000004.667504	-00000000.046286
000000002.927351	-00000002.927351	000000000.028902
000000004.157687	-00000004.157687	000000000.041050
000000025.337149	-00000025.337149	000000000.750576
000000002.970290	-00000002.996325	-00000000.088377
000000002.970870	-00000002.996909	-00000000.029461
000000005.139183	-00000005.184227	-00000000.050963
000000002.943747	-00000002.995579	000000000.029321
000000004.079193	-00000004.151017	000000000.040631
000000002.957188	-00000003.009257	000000000.088377
000000004.078397	-00000004.150208	000000000.121885
000000025.002958	-00000025.443195	000000000.747226
000000003.020770	-00000003.100907	-00000000.090681
000000004.562549	-00000004.683587	-00000000.136963
000000002.937626	-00000003.015558	-00000000.029391
000000005.826408	-00000005.980976	-00000000.058294
000000002.924440	-00000003.028347	000000000.029391
000000022.874542	-00000023.687283	000000000.229893
000000002.993321	-00000003.099674	000000000.090262
000000024.467447	-00000025.336782	000000000.737801
000000002.882977	-00000003.011597	-00000000.087330
000000002.938859	-00000003.069972	-00000000.029670
000000002.932319	-00000003.090020	000000000.029740
000000022.687613	-00000023.907757	000000000.230102
000000024.004543	-00000025.295509	000000000.730472
000000002.781233	-00000002.956537	-00000000.085026
000000002.850292	-00000003.029949	-00000000.029042
000000006.002057	-00000006.380374	-00000000.061156
000000009.496405	-00000010.094975	-00000000.096760
000000003.062098	-00000003.283698	000000000.031346
000000022.293982	-00000023.907370	000000000.228217
000000010.725481	-00000011.501670	000000000.329424
000000023.598787	-00000025.306601	000000000.724817
000000002.836765	-00000003.068795	-00000000.087539
000000002.810167	-00000003.040021	-00000000.028902
000000009.471544	-00000010.336377	000000000.097877
000000010.592997	-00000011.560227	000000000.109466
000000010.604440	-00000011.572716	000000000.328796
000000002.877099	-00000003.167439	-00000000.089634
000000002.823872	-00000003.108840	-00000000.029321
000000005.156928	-00000005.677335	-00000000.053546
000000002.997632	-00000003.329208	000000000.031276
000000021.491951	-00000023.869228	000000000.224238
000000010.523116	-00000011.687104	000000000.329424
000000022.538065	-00000025.031057	000000000.705550
000000002.782775	-00000003.117836	-00000000.087539
000000002.809952	-00000003.148285	-00000000.029461
000000002.657042	-00000003.003239	000000000.027995
000000009.442105	-00000010.672359	000000000.099483
000000021.315966	-00000024.093317	000000000.224587
000000022.159781	-00000025.047075	000000000.700524
000000002.788421	-00000003.179585	-00000000.088586
000000002.788965	-00000003.180205	-00000000.029531
000000002.735699	-00000003.147062	000000000.029112
000000009.125559	-00000010.497754	000000000.097109
000000020.514465	-00000023.599194	000000000.218304
000000009.346791	-00000010.752253	000000000.298429
000000021.828856	-00000025.111225	000000000.696964
000000002.858461	-00000003.317407	-00000000.091728
000000003.980961	-00000004.620133	-00000000.127749
000000002.780689	-00000003.227148	-00000000.029740
000000004.569207	-00000005.302825	-00000000.048869
000000020.528553	-00000024.035847	000000000.220678
000000009.252605	-00000010.833408	000000000.298429
000000021.505001	-00000025.179121	000000000.693613
000000002.932760	-00000003.464315	-00000000.095079
000000004.237644	-00000005.005707	-00000000.137382
000000002.733038	-00000003.228395	-00000000.029531
000000004.445225	-00000005.250912	-00000000.048031
000000005.291626	-00000006.250721	-00000000.057177
000000002.673931	-00000003.186667	000000000.029042
000000009.204494	-00000010.969489	000000000.099972
000000009.247685	-00000011.020962	000000000.301361
000000021.143076	-00000025.197336	000000000.689006
000000019.832436	-00000024.058668	000000000.217676
000000009.093924	-00000011.031812	000000000.299477
000000020.852430	-00000025.296022	000000000.686702
000000009.420697	-00000011.633592	000000000.104509
000000009.293024	-00000011.475929	000000000.309320
000000018.892859	-00000023.751579	000000000.211881
000000008.987140	-00000011.298383	000000000.302409
000000020.109037	-00000025.280525	000000000.676650
000000018.580212	-00000023.781586	000000000.210694
000000019.789177	-00000025.328991	000000000.673299
000000018.426760	-00000024.014221	000000000.211323
000000019.415230	-00000025.302422	000000000.668063
000000018.144281	-00000024.078274	000000000.210485
000000008.922959	-00000011.841167	000000000.310576
000000019.061319	-00000025.295225	000000000.663456
000000017.612274	-00000023.801622	000000000.206715
000000008.789553	-00000011.878399	000000000.309529
000000018.726862	-00000025.307901	000000000.659477
000000017.303976	-00000023.816881	000000000.205528
000000018.452410	-00000025.397562	000000000.657592
000000017.008375	-00000023.844864	000000000.204481
000000018.131376	-00000025.419250	000000000.654032
000000016.656254	-00000023.787596	000000000.202736
000000017.817112	-00000025.445473	000000000.650681
000000016.357412	-00000023.800184	000000000.201619
000000017.195675	-00000025.019861	000000000.211951
000000017.526428	-00000025.501112	000000000.648168
000000016.126730	-00000023.908861	000000000.201340
000000017.213774	-00000025.520470	000000000.644817
000000015.807090	-00000023.881907	000000000.199943
000000016.896605	-00000025.527985	000000000.641257
000000015.598082	-00000024.018940	000000000.199943
000000016.629629	-00000025.607382	000000000.639582
000000015.258937	-00000023.951733	000000000.198268
000000016.319582	-00000025.616611	000000000.636231
000000014.943359	-00000023.914373	000000000.196872
000000016.031839	-00000025.656307	000000000.633718
000000014.713201	-00000024.009762	000000000.196592
000000015.708086	-00000025.633266	000000000.629739
000000014.441317	-00000024.034386	000000000.195755
000000015.416859	-00000025.657961	000000000.627016
000000014.124449	-00000023.978556	000000000.194288
000000015.131474	-00000025.688147	000000000.624503
000000013.834662	-00000023.962339	000000000.193171
000000014.866738	-00000025.749947	000000000.622828
