000000004.242008	000000004.923092	-00000000.136126
000000004.399493	000000005.105864	-00000000.047054
000000004.344136	000000004.953538	-00000000.138011
000000004.390280	000000005.006155	-00000000.139477
000000004.373883	000000004.900522	-00000000.137592
000000004.467957	000000005.005923	-00000000.046844
000000007.357813	000000008.243733	-00000000.077143
000000004.443370	000000004.891769	-00000000.138429
000000007.315173	000000008.053377	-00000000.075956
000000004.519821	000000004.889515	-00000000.139477
000000007.446263	000000008.055322	-00000000.076584
000000004.774678	000000005.075632	-00000000.145969
000000007.482016	000000007.953617	-00000000.076235
000000004.874098	000000005.091549	-00000000.147644
000000007.703268	000000008.046939	-00000000.077771
000000004.960202	000000005.091790	-00000000.148901
000000007.556887	000000007.757361	-00000000.075607
000000005.025563	000000005.069612	-00000000.149529
000000007.969252	000000008.039103	-00000000.079028
000000005.140615	000000005.095949	-00000000.151623
000000008.152729	000000008.081892	-00000000.080145
000000005.163404	000000005.029966	-00000000.150995
000000008.194294	000000007.982528	-00000000.079866
000000005.257657	000000005.033111	-00000000.152461
000000008.386441	000000008.028271	-00000000.081052
000000005.272249	000000004.959637	-00000000.151623
000000006.722700	000000006.324085	-00000000.064437
000000008.499882	000000007.995891	-00000000.081471
000000005.403429	000000004.994878	-00000000.154136
000000007.247586	000000006.699600	-00000000.068905
000000008.738225	000000008.077532	-00000000.083077
000000005.476413	000000004.974423	-00000000.154974
000000007.964553	000000007.234491	-00000000.075118
000000005.579285	000000004.979702	-00000000.156649
000000007.684204	000000006.858414	-00000000.071907
000000009.027075	000000008.056973	-00000000.084473
000000005.652596	000000004.957193	-00000000.157487
000000007.961790	000000006.982302	-00000000.073932
000000009.104558	000000007.984483	-00000000.084543
000000005.748657	000000004.953360	-00000000.158953
000000009.310246	000000008.022222	-00000000.085800
000000005.867970	000000004.967604	-00000000.161047
000000007.204739	000000006.099261	-00000000.065903
000000009.395164	000000007.953593	-00000000.085939
000000005.888037	000000004.897028	-00000000.160419
000000009.641042	000000008.018370	-00000000.087545
000000006.054422	000000004.946671	-00000000.163770
000000007.279113	000000005.947285	-00000000.065624
000000009.788085	000000007.997200	-00000000.088243
000000006.089562	000000004.887390	-00000000.163560
000000007.439917	000000005.971164	-00000000.066601
000000009.990077	000000008.017884	-00000000.089430
000000006.194792	000000004.883580	-00000000.165236
000000007.428917	000000005.856486	-00000000.066043
000000010.122489	000000007.979927	-00000000.089988
000000006.276699	000000004.859939	-00000000.166283
000000007.622062	000000005.901631	-00000000.067299
000000010.381501	000000008.038217	-00000000.091664
000000006.382536	000000004.853394	-00000000.167958
000000007.617553	000000005.792522	-00000000.066811
000000006.448679	000000004.815457	-00000000.168586
000000007.836071	000000005.851472	-00000000.068277
000000006.635583	000000004.865411	-00000000.172356
000000007.628780	000000005.593653	-00000000.066043
000000006.661561	000000004.795638	-00000000.171937
000000007.839613	000000005.643714	-00000000.067439
000000006.850120	000000004.841187	-00000000.175707
000000007.896731	000000005.580858	-00000000.067509
000000006.908535	000000004.792621	-00000000.176126
000000007.945132	000000005.511734	-00000000.067509
000000007.074057	000000004.816554	-00000000.179267
000000007.968131	000000005.425307	-00000000.067299
000000008.165821	000000005.507916	000000000.068765
000000008.338289	000000005.624247	000000000.210681
000000007.207261	000000004.815738	-00000000.181571
000000007.940341	000000005.305566	-00000000.066671
000000008.263607	000000005.469562	000000000.069184
000000008.353703	000000005.529196	000000000.209843
000000007.349343	000000004.818440	-00000000.184084
000000007.961251	000000005.219625	-00000000.066462
000000008.294250	000000005.386349	000000000.069045
000000008.351327	000000005.423415	000000000.208586
000000007.441563	000000004.786574	-00000000.185340
000000007.989676	000000005.139132	-00000000.066322
000000008.383106	000000005.340628	000000000.069394
000000037.421505	000000023.840128	000000000.929425
000000037.564846	000000023.931448	000000000.932985
000000007.643703	000000004.822817	-00000000.189319
000000008.017304	000000005.058542	-00000000.066182
000000008.420913	000000005.261970	000000000.069324
000000007.762013	000000004.803279	-00000000.191204
000000008.078149	000000004.998910	-00000000.066322
000000017.700378	000000010.846806	000000000.144931
000000022.364206	000000013.704803	000000000.183118
000000022.334274	000000013.686460	000000000.548691
000000007.923295	000000004.807974	-00000000.194136
000000008.241150	000000005.000853	-00000000.067299
000000008.717179	000000005.237810	000000000.070999
000000008.698339	000000005.226490	000000000.212566
000000008.050872	000000004.789765	-00000000.196230
000000008.370415	000000004.979873	-00000000.067997
000000016.051760	000000009.455209	000000000.130061
000000008.273729	000000004.825096	-00000000.200628
000000008.534487	000000004.977166	-00000000.068975
000000008.807263	000000005.084876	000000000.070999
000000008.918105	000000005.148870	000000000.215707
000000008.445722	000000004.827127	-00000000.203770
000000008.733868	000000004.991817	-00000000.070231
000000008.860005	000000005.012750	000000000.071069
000000016.249146	000000009.193324	000000000.130340
000000008.866979	000000005.016695	000000000.213403
000000008.600924	000000004.816749	-00000000.206492
000000008.864344	000000004.964271	-00000000.070930
000000008.999618	000000004.988569	000000000.071837
000000016.057627	000000008.900888	000000000.128176
000000008.971630	000000004.973056	000000000.214869
000000008.782876	000000004.818450	-00000000.209843
000000009.038833	000000004.958874	-00000000.071977
000000015.958930	000000008.664991	000000000.126780
000000020.801094	000000011.294073	000000000.165246
000000040.662735	000000022.078064	000000000.969215
000000008.930273	000000004.798409	-00000000.212356
000000009.398875	000000005.050198	-00000000.074490
000000011.574622	000000006.219269	-00000000.091734
000000016.413595	000000008.727263	000000000.129782
000000028.209488	000000014.999251	000000000.223051
000000028.301092	000000015.047958	000000000.671414
000000009.086830	000000004.780813	-00000000.215079
000000009.451438	000000004.972642	-00000000.074560
000000015.681970	000000008.163517	000000000.123429
000000028.422462	000000014.795797	000000000.671205
000000008.994881	000000004.632668	-00000000.211937
000000009.814510	000000005.054805	-00000000.077073
000000011.992656	000000006.110563	000000000.093968
000000019.022526	000000009.692461	000000000.149050
000000009.258161	000000004.666497	-00000000.217173
000000009.876107	000000004.977968	-00000000.077213
000000011.724528	000000005.909648	-00000000.091664
000000012.036573	000000006.001214	000000000.093898
000000009.361298	000000004.616481	-00000000.218639
000000010.224100	000000005.041968	-00000000.079586
000000012.079497	000000005.891564	000000000.093828
000000012.131059	000000005.916713	000000000.282723
000000009.581327	000000004.621484	-00000000.222827
000000010.294730	000000004.965589	-00000000.079796
000000011.753826	000000005.669373	-00000000.091105
000000012.148502	000000005.794538	000000000.093968
000000012.344659	000000005.888100	000000000.286492
000000023.841074	000000011.371609	000000000.553299
000000009.485654	000000004.473725	-00000000.219686
000000010.636133	000000005.016326	-00000000.082100
000000012.098914	000000005.641817	000000000.093200
000000012.458999	000000005.809727	000000000.287958
000000009.660524	000000004.453563	-00000000.222827
000000010.897452	000000005.023795	-00000000.083775
000000012.029395	000000005.482111	000000000.092292
000000012.372760	000000005.638591	000000000.284817
000000009.252355	000000004.167882	-00000000.212566
000000011.086756	000000004.994219	-00000000.084892
000000012.222940	000000005.442004	000000000.093409
000000012.448894	000000005.542604	000000000.285445
000000009.938103	000000004.372869	-00000000.227435
000000011.358739	000000004.997964	-00000000.086637
000000012.159921	000000005.287284	000000000.092572
000000009.470660	000000004.068917	-00000000.215916
000000011.585674	000000004.977599	-00000000.088034
000000012.306849	000000005.223948	000000000.093339
000000026.872847	000000011.406847	000000000.611519
000000010.234186	000000004.291551	-00000000.232461
000000011.739332	000000004.922710	-00000000.088871
000000012.370446	000000005.124006	000000000.093479
000000012.469638	000000005.165093	000000000.282723
000000009.864098	000000004.035509	-00000000.223246
000000012.040989	000000004.926098	-00000000.090826
000000012.479590	000000005.042082	000000000.093968
000000012.560586	000000005.074806	000000000.283770
000000010.158948	000000004.053009	-00000000.229110
000000012.315715	000000004.913472	-00000000.092572
000000012.457988	000000004.907332	000000000.093479
000000009.895753	000000003.848248	-00000000.222409
000000012.647038	000000004.918164	-00000000.094736
000000024.804626	000000009.521605	000000000.185492
000000029.724476	000000011.410157	000000000.222283
000000029.858688	000000011.461677	000000000.669948
000000009.732622	000000003.687361	-00000000.218011
000000010.835840	000000004.105333	-00000000.242723
000000012.923253	000000004.896183	-00000000.096481
000000025.102201	000000009.385329	000000000.187098
000000037.355659	000000013.966708	000000000.835393
000000009.848848	000000003.633432	-00000000.219895
000000013.293847	000000004.904359	-00000000.098924
000000016.961039	000000006.173313	000000000.126012
000000073.082657	000000026.599913	000000001.629111
000000009.955459	000000003.574375	-00000000.221571
000000011.922085	000000004.280466	-00000000.265340
000000013.646720	000000004.899673	-00000000.101228
000000017.014263	000000006.025067	000000000.126012
000000009.920199	000000003.464289	-00000000.220105
000000013.981618	000000004.882600	-00000000.103392
000000017.075649	000000005.879617	000000000.126082
000000040.534946	000000013.957301	000000000.898011
000000047.719311	000000016.431076	000000001.057173
000000009.628167	000000003.268322	-00000000.212984
000000011.152390	000000003.785726	-00000000.246702
000000012.146449	000000004.123164	-00000000.268691
000000014.421394	000000004.895403	-00000000.106325
000000017.116823	000000005.727209	000000000.126012
000000017.341036	000000005.802230	000000000.383037
000000009.979149	000000003.290630	-00000000.220105
000000014.492056	000000004.778763	-00000000.106534
000000017.185173	000000005.583801	000000000.126151
000000017.333958	000000005.632144	000000000.381780
000000009.912266	000000003.172941	-00000000.218011
000000015.057011	000000004.819787	-00000000.110374
000000017.204636	000000005.424601	000000000.125942
000000017.315701	000000005.459620	000000000.380314
000000009.910933	000000003.077426	-00000000.217382
000000015.279946	000000004.744550	-00000000.111700
000000017.404324	000000005.321035	000000000.127059
000000017.477417	000000005.343383	000000000.382827
000000009.994852	000000003.008109	-00000000.218639
000000014.813269	000000004.458288	-00000000.108000
000000016.412373	000000004.939563	-00000000.119659
000000017.421329	000000005.160433	000000000.126850
000000035.458965	000000010.503424	000000000.774660
000000009.963132	000000002.903988	-00000000.217382
000000015.437225	000000004.499541	-00000000.112259
000000017.830969	000000005.112948	000000000.129502
000000021.349102	000000006.121756	000000000.155054
000000049.205807	000000014.109538	000000001.072252
000000009.997717	000000002.819648	-00000000.217592
000000015.389284	000000004.340227	-00000000.111630
000000017.410391	000000004.910238	-00000000.126291
000000021.286077	000000005.903152	000000000.154216
000000041.937634	000000011.630335	000000000.911624
000000010.012296	000000002.729665	-00000000.217382
000000015.899307	000000004.334649	-00000000.115051
000000021.394735	000000005.732702	000000000.154635
000000021.747879	000000005.827327	000000000.471623
000000010.364459	000000002.728734	-00000000.224503
000000016.507072	000000004.345949	-00000000.119170
000000018.624851	000000004.903514	-00000000.134459
000000021.405224	000000005.535767	000000000.154356
000000021.797903	000000005.637321	000000000.471623
000000010.068101	000000002.556972	-00000000.217592
000000015.739926	000000003.997432	-00000000.113376
000000019.403530	000000004.927869	-00000000.139765
000000021.394499	000000005.334248	000000000.153937
000000021.914173	000000005.463817	000000000.473089
000000010.138587	000000002.480896	-00000000.218639
000000017.833406	000000004.363807	-00000000.128176
000000020.164570	000000004.934239	-00000000.144931
000000021.401340	000000005.138007	000000000.153658
000000022.320717	000000005.358730	000000000.480838
000000009.945755	000000002.341914	-00000000.214032
000000016.731981	000000003.939859	-00000000.120008
000000018.990168	000000004.471591	-00000000.136204
000000020.888208	000000004.918520	-00000000.149818
000000021.903305	000000005.056777	000000000.156939
000000025.644794	000000005.920568	000000000.183747
000000040.417747	000000009.331173	000000000.868901
000000010.170589	000000002.301369	-00000000.218429
000000016.931530	000000003.831214	-00000000.121195
000000018.989452	000000004.296874	-00000000.135925
000000021.895903	000000004.954537	-00000000.156729
000000025.539282	000000005.661922	000000000.182630
000000025.963779	000000005.756031	000000000.557068
000000010.073044	000000002.187072	-00000000.215916
000000016.446398	000000003.570863	-00000000.117495
000000022.729841	000000004.935133	-00000000.162384
000000025.519249	000000005.424284	000000000.182141
000000049.307384	000000010.480608	000000001.055917
000000010.081957	000000002.097050	-00000000.215707
000000017.925886	000000003.728590	-00000000.127827
000000019.883928	000000004.135863	-00000000.141789
000000023.780436	000000004.946338	-00000000.169575
000000025.526415	000000005.193408	000000000.181862
000000010.070457	000000002.003138	-00000000.215079
000000016.525829	000000003.287192	-00000000.117634
000000019.350422	000000003.849038	-00000000.137740
000000025.914326	000000005.037235	000000000.184305
000000030.704550	000000005.968360	000000000.218374
000000049.698696	000000009.660448	000000001.060524
000000010.234888	000000001.943154	-00000000.218220
000000020.984631	000000003.984056	-00000000.149120
000000030.647308	000000005.680143	000000000.217606
000000030.867432	000000005.720941	000000000.657592
000000010.103882	000000001.827080	-00000000.215079
000000016.167395	000000002.923541	-00000000.114702
000000021.294121	000000003.850604	-00000000.151074
000000030.646471	000000005.403800	000000000.217257
000000052.134136	000000009.192655	000000001.108901
000000010.503723	000000001.804870	-00000000.223246
000000023.396530	000000004.020259	-00000000.165735
000000030.810812	000000005.155962	000000000.218095
000000034.943249	000000005.847494	000000000.247346
000000035.025181	000000005.861205	000000000.743875
000000009.976344	000000001.624751	-00000000.211728
000000016.176476	000000002.634506	-00000000.114423
000000034.686768	000000005.493845	000000000.245182
000000010.474335	000000001.612154	-00000000.221990
000000034.674053	000000005.182072	000000000.244763
000000039.233303	000000005.863456	000000000.276947
000000039.265205	000000005.868224	000000000.831623
000000010.042758	000000001.456131	-00000000.212566
000000015.507460	000000002.248475	-00000000.109396
000000020.416010	000000002.960181	-00000000.144023
000000038.976002	000000005.477720	000000000.274782
000000010.510781	000000001.430454	-00000000.222199
000000039.309834	000000005.175238	000000000.276807
000000044.177708	000000005.816105	000000000.311085
000000044.317776	000000005.834546	000000000.936336
000000010.017053	000000001.274330	-00000000.211518
000000017.885414	000000002.275312	-00000000.125872
000000044.028275	000000005.405993	000000000.309689
000000048.822155	000000005.994607	000000000.343408
000000048.852329	000000005.998312	000000001.030995
000000010.405074	000000001.231522	-00000000.219477
000000017.328623	000000002.050978	-00000000.121823
000000048.564610	000000005.533238	000000000.341244
000000053.591957	000000006.106032	000000000.376569
000000053.551712	000000006.101447	000000001.129006
000000009.998013	000000001.094961	-00000000.210681
000000016.043678	000000001.757069	-00000000.112678
000000053.305073	000000005.602589	000000000.374196
000000058.108498	000000006.107450	000000000.407915
000000058.216484	000000006.118799	000000001.226179
000000010.385193	000000001.045734	-00000000.218639
000000017.451323	000000001.757256	-00000000.122451
000000062.141071	000000005.983505	000000000.435840
000000009.975778	000000000.916645	-00000000.209843
000000015.354938	000000001.410921	-00000000.107651
000000071.405495	000000006.247171	000000000.500417
000000071.401535	000000006.246825	000000001.501362
000000010.362008	000000000.861016	-00000000.217801
000000010.010196	000000000.743886	-00000000.210262
000000015.935669	000000001.184225	-00000000.111561
000000089.499268	000000006.258399	000000000.626359
000000089.521713	000000006.259968	000000001.879792
000000010.365480	000000000.679389	-00000000.217592
000000010.021654	000000000.569071	-00000000.210262
000000015.654400	000000000.888921	-00000000.109466
000000010.265909	000000000.493107	-00000000.215288
000000009.950138	000000000.390942	-00000000.208586
000000016.047226	000000000.630497	-00000000.112119
000000010.232979	000000000.312646	-00000000.214450
000000009.905469	000000000.216138	-00000000.207539
000000015.845842	000000000.345758	-00000000.110653
000000010.216884	000000000.133746	-00000000.214032
000000017.248102	000000000.225790	-00000000.120427
000000009.897734	000000000.043187	-00000000.207330
000000015.889462	000000000.069331	-00000000.110932
000000010.177670	-00000000.044409	-00000000.213194
000000009.906978	-00000000.129689	-00000000.207539
000000016.248211	-00000000.212701	-00000000.113445
000000010.215327	-00000000.222899	-00000000.214032
000000009.913198	-00000000.302876	-00000000.207749
000000016.641829	-00000000.508454	-00000000.116238
000000111.779137	-00000003.903414	000000000.780854
000000010.269821	-00000000.403502	-00000000.215288
000000017.226288	-00000000.676823	-00000000.120357
000000010.006267	-00000000.480635	-00000000.209843
000000016.710325	-00000000.802655	-00000000.116796
000000010.311124	-00000000.585508	-00000000.216335
000000010.136023	-00000000.664350	-00000000.212775
000000016.524141	-00000001.083049	-00000000.115610
000000102.018387	-00000007.133821	000000000.713973
000000102.088264	-00000007.138707	000000002.143666
000000010.478801	-00000000.778709	-00000000.220105
000000071.307755	-00000005.612042	000000000.499370
000000010.222520	-00000000.849426	-00000000.214869
000000061.742641	-00000005.401781	000000000.432699
000000010.583085	-00000000.972449	-00000000.222618
000000052.983646	-00000005.101745	000000000.371612
000000057.562363	-00000005.542625	000000000.403726
000000010.325508	-00000001.039724	-00000000.217382
000000053.175793	-00000005.589001	000000000.373288
000000053.235023	-00000005.595227	000000001.121257
000000010.415425	-00000001.140675	-00000000.219477
000000010.504360	-00000001.243273	-00000000.221571
000000022.591757	-00000002.673911	-00000000.158824
000000043.750370	-00000005.371870	000000000.307734
000000048.901947	-00000006.004404	000000001.032042
000000010.711304	-00000001.362650	-00000000.226178
000000017.677097	-00000002.248811	-00000000.124406
000000039.577511	-00000005.210478	000000000.278692
000000043.860455	-00000005.774338	000000000.308851
000000043.960934	-00000005.787567	000000000.928796
000000010.609846	-00000001.443937	-00000000.224293
000000018.578283	-00000002.528393	-00000000.130899
000000039.530537	-00000005.555655	000000000.278692
000000010.458321	-00000001.516384	-00000000.221361
000000019.000845	-00000002.754991	-00000000.134040
000000034.812511	-00000005.202765	000000000.245740
000000065.389275	-00000009.772492	000000001.384922
000000010.612675	-00000001.633447	-00000000.224922
000000018.847595	-00000002.900922	-00000000.133133
000000034.607758	-00000005.481330	000000000.244623
000000075.679832	-00000011.986507	000000001.605027
000000010.805240	-00000001.759745	-00000000.229319
000000017.202929	-00000002.801675	-00000000.121683
000000019.127523	-00000003.115115	-00000000.135297
000000034.805172	-00000005.824388	000000000.246369
000000034.995602	-00000005.856255	000000000.743246
000000010.789472	-00000001.853970	-00000000.229319
000000018.626554	-00000003.200628	-00000000.131946
000000030.154079	-00000005.316978	000000000.213766
000000082.942009	-00000014.624914	000000001.764189
000000027.591829	-00000004.989416	-00000000.195755
000000030.047537	-00000005.568982	000000000.213347
000000011.020677	-00000002.092341	-00000000.234974
000000026.515690	-00000005.034161	-00000000.188424
000000030.203934	-00000005.871050	000000000.214813
000000030.629864	-00000005.953843	000000000.653613
000000063.045898	-00000012.254881	000000001.345341
000000020.036955	-00000003.985598	-00000000.142627
000000025.323259	-00000005.037109	-00000000.180256
000000026.026165	-00000005.295083	000000000.185422
000000060.604847	-00000012.330195	000000001.295498
000000011.099941	-00000002.308791	-00000000.237487
000000020.667147	-00000004.298773	-00000000.147374
000000022.958057	-00000004.775283	-00000000.163711
000000024.269947	-00000005.048156	-00000000.173065
000000025.793125	-00000005.482498	000000000.184096
000000057.934269	-00000012.314309	000000000.413500
000000058.040325	-00000012.336852	000000001.242933
000000013.306969	-00000002.889226	-00000000.285236
000000014.743183	-00000003.201059	-00000000.316021
000000019.270527	-00000004.184042	-00000000.137670
000000023.286850	-00000005.056071	-00000000.166363
000000025.666197	-00000005.690059	000000000.183537
000000045.103779	-00000009.999267	000000000.322534
000000045.153545	-00000010.010301	000000000.968796
000000011.174972	-00000002.528638	-00000000.240000
000000019.613657	-00000004.438118	-00000000.140393
000000022.364056	-00000005.060469	-00000000.160080
000000025.829922	-00000005.963307	000000000.185073
000000026.107389	-00000006.027366	000000000.561257
000000013.235055	-00000003.116442	-00000000.284817
000000019.506046	-00000004.593064	-00000000.139904
000000021.666895	-00000005.101876	-00000000.155403
000000023.676630	-00000005.684256	000000000.169994
000000011.284519	-00000002.761304	-00000000.243351
000000019.737190	-00000004.829659	-00000000.141859
000000021.462420	-00000005.351182	000000000.154425
000000069.302727	-00000017.279110	000000001.496127
000000019.529526	-00000004.959868	-00000000.140672
000000021.395542	-00000005.533263	000000000.154286
000000057.785740	-00000014.944408	000000001.250262
000000011.582669	-00000003.049462	-00000000.250890
000000014.367150	-00000003.782555	-00000000.311204
000000015.856074	-00000004.174556	-00000000.343456
000000019.137373	-00000005.038450	-00000000.138159
000000020.916693	-00000005.506906	-00000000.151005
000000021.220873	-00000005.686116	000000000.153378
000000037.276558	-00000009.988224	000000000.808377
000000011.864282	-00000003.234574	-00000000.257592
000000018.726065	-00000005.105311	-00000000.135506
000000020.723125	-00000005.649773	-00000000.149957
000000021.189716	-00000005.876429	000000000.153518
000000021.493879	-00000005.960781	000000000.467225
000000011.614286	-00000003.275568	-00000000.252775
000000014.885918	-00000004.198263	-00000000.323979
000000018.170712	-00000005.124671	-00000000.131806
000000020.846272	-00000005.879257	-00000000.151214
000000021.224140	-00000006.085925	000000000.154146
000000034.950623	-00000010.021930	000000000.253839
000000034.934196	-00000010.017220	000000000.761257
000000017.549284	-00000005.115150	-00000000.127617
000000020.659769	-00000006.021774	-00000000.150237
000000021.141459	-00000006.262385	000000000.153937
000000042.148689	-00000012.485010	000000000.306896
000000042.102127	-00000012.471218	000000000.919791
000000050.106518	-00000014.842226	000000001.094660
000000011.698956	-00000003.520986	-00000000.255916
000000015.384796	-00000004.630298	-00000000.336545
000000017.120958	-00000005.152823	-00000000.124825
000000021.277262	-00000006.505112	000000000.155333
000000027.311398	-00000008.349933	000000000.199385
000000032.389252	-00000009.902388	000000000.236455
000000032.497673	-00000009.935535	000000000.711833
000000056.562580	-00000017.292917	000000001.238954
000000016.817492	-00000005.221970	-00000000.122940
000000016.842230	-00000005.310335	000000000.123289
000000026.941847	-00000008.494732	000000000.197221
000000047.627716	-00000015.016961	000000001.046074
000000011.940424	-00000003.822160	-00000000.262618
000000016.333189	-00000005.228295	-00000000.119729
000000016.871332	-00000005.481828	000000000.123848
000000026.400686	-00000008.578103	000000000.193800
000000010.776721	-00000003.553630	-00000000.237696
000000016.068518	-00000005.298603	-00000000.118123
000000016.728022	-00000005.597117	000000000.123149
000000025.101515	-00000008.398849	000000000.184794
000000037.012169	-00000012.384099	000000000.272479
000000037.061840	-00000012.400719	000000000.818639
000000011.871900	-00000004.029967	-00000000.262618
000000015.453523	-00000005.245764	-00000000.113934
000000016.829821	-00000005.794971	000000000.124266
000000051.103527	-00000017.596355	000000001.132147
000000014.337566	-00000005.006902	-00000000.318115
000000014.802956	-00000005.169424	-00000000.109466
000000016.596680	-00000005.795820	-00000000.122731
000000016.929428	-00000005.995025	000000000.125383
000000016.963825	-00000006.007205	000000000.376964
000000012.072639	-00000004.334521	-00000000.268691
000000014.681989	-00000005.271372	-00000000.108908
000000016.613361	-00000006.046769	000000000.123429
000000024.281065	-00000008.837585	000000000.180396
000000068.187935	-00000024.818378	000000001.520001
000000013.591411	-00000005.014136	-00000000.303456
000000014.035001	-00000005.177785	-00000000.104440
000000016.558674	-00000006.108817	-00000000.123219
000000016.672358	-00000006.233539	000000000.124266
000000023.032207	-00000008.611390	000000000.171669
000000027.194996	-00000010.167792	000000000.608168
000000012.219537	-00000004.629568	-00000000.273717
000000014.026687	-00000005.314236	-00000000.104719
000000016.682676	-00000006.403880	000000000.124755
000000022.330700	-00000008.571953	000000000.166992
000000024.589909	-00000009.439182	000000000.183886
000000058.102634	-00000022.303513	000000001.303666
000000013.017295	-00000005.062149	-00000000.292566
000000013.336708	-00000005.186362	-00000000.099902
000000016.505457	-00000006.418621	-00000000.123638
000000021.473515	-00000008.458642	000000000.161127
000000049.961765	-00000019.680464	000000001.124817
000000012.118306	-00000004.834714	-00000000.273299
000000013.374532	-00000005.335897	-00000000.100530
000000019.309481	-00000007.703701	-00000000.145140
000000020.768412	-00000008.390983	000000000.156380
000000012.279229	-00000005.023565	-00000000.277906
000000012.809169	-00000005.240369	-00000000.096621
000000019.287794	-00000007.890845	-00000000.145489
000000020.444956	-00000008.468577	000000000.154495
000000024.482210	-00000010.140863	000000000.185003
000000024.532858	-00000010.161842	000000000.556231
000000011.995204	-00000005.030006	-00000000.272461
000000012.643067	-00000005.301678	-00000000.095713
000000019.328861	-00000008.105264	-00000000.146327
000000020.020493	-00000008.498195	000000000.151842
000000011.840622	-00000005.087132	-00000000.269948
000000012.513631	-00000005.376280	-00000000.095085
000000019.018515	-00000008.170999	-00000000.144512
000000019.560415	-00000008.505111	000000000.148910
000000034.666439	-00000015.073397	000000000.791833
000000011.585301	-00000005.097655	-00000000.265131
000000012.264874	-00000005.396674	-00000000.093549
000000019.019552	-00000008.468050	000000000.145350
000000022.180344	-00000009.875325	000000000.169505
000000044.516441	-00000019.819998	000000001.020734
000000011.440104	-00000005.153391	-00000000.262827
000000012.126140	-00000005.462428	-00000000.092851
000000018.753845	-00000008.546619	000000000.143884
000000021.938633	-00000009.998011	000000000.168318
000000022.052624	-00000010.049959	000000000.507644
000000011.213109	-00000005.169314	-00000000.258639
000000012.096172	-00000005.576412	-00000000.092990
000000012.479554	-00000005.819312	000000000.096132
000000018.451977	-00000008.604299	000000000.142138
000000012.422754	-00000005.792826	000000000.287121
000000032.175930	-00000015.003882	000000000.743665
000000010.932465	-00000005.156085	-00000000.253194
000000012.065138	-00000005.690289	-00000000.093130
000000012.419271	-00000005.923688	000000000.096062
000000012.443921	-00000005.935446	000000000.288796
000000010.733969	-00000005.177452	-00000000.249634
000000012.033035	-00000005.804047	-00000000.093270
000000012.331154	-00000006.014306	000000000.095783
000000012.355708	-00000006.026281	000000000.287958
000000010.455242	-00000005.155955	-00000000.244189
000000011.999865	-00000005.917678	-00000000.093409
000000012.376640	-00000006.170765	000000000.096551
000000017.602930	-00000008.776497	000000000.137321
000000012.347385	-00000006.156179	000000000.289005
000000024.623192	-00000012.276671	000000000.576335
000000010.320573	-00000005.201997	-00000000.242094
000000012.001344	-00000006.049175	-00000000.093828
000000012.375779	-00000006.305775	000000000.096970
000000016.358482	-00000008.335063	000000000.128176
000000010.088132	-00000005.195729	-00000000.237696
000000012.010329	-00000006.185726	-00000000.094317
000000016.178682	-00000008.422090	000000000.127338
000000019.362974	-00000010.079726	000000000.152401
000000033.370899	-00000017.371790	000000000.788063
000000009.909688	-00000005.213739	-00000000.234555
000000012.000140	-00000006.313579	-00000000.094666
000000015.875010	-00000008.440893	000000000.125523
000000018.612082	-00000009.896219	000000000.147165
000000037.199249	-00000019.779192	000000000.882514
000000009.670058	-00000005.195910	-00000000.229948
000000011.935779	-00000006.413325	-00000000.094596
000000015.344743	-00000008.245028	-00000000.121614
000000015.897414	-00000008.631592	000000000.126291
000000019.157745	-00000010.401807	000000000.152191
000000034.398144	-00000018.676670	000000000.819896
000000009.580523	-00000005.256054	-00000000.228901
000000012.054699	-00000006.613434	-00000000.095992
000000014.895225	-00000008.171800	-00000000.118612
000000015.296725	-00000008.479114	000000000.122102
000000016.474222	-00000009.131810	000000000.394555
000000022.245445	-00000012.330853	000000000.532775
000000009.298767	-00000005.207560	-00000000.223246
000000011.961629	-00000006.698834	-00000000.095713
000000012.921351	-00000007.236304	-00000000.103392
000000014.605227	-00000008.179320	-00000000.116866
000000015.169930	-00000008.582734	000000000.121683
000000016.054541	-00000009.083222	000000000.386388
000000030.786432	-00000017.418125	000000000.740943
000000009.244289	-00000005.283546	-00000000.223037
000000012.006897	-00000006.862507	-00000000.096551
000000014.912594	-00000008.609790	000000000.120217
000000016.520142	-00000009.537908	000000000.399581
000000009.085557	-00000005.298540	-00000000.220314
000000012.317994	-00000007.183642	-00000000.099553
000000014.028346	-00000008.181090	-00000000.113376
000000014.776580	-00000008.704071	000000000.119729
000000016.358749	-00000009.636040	000000000.397697
000000008.927275	-00000005.311170	-00000000.217592
000000011.859520	-00000007.055673	-00000000.096341
000000014.125772	-00000008.487620	000000000.115051
000000014.345834	-00000008.619846	000000000.350576
000000016.848213	-00000010.123427	000000000.411728
000000008.795114	-00000005.337006	-00000000.215497
000000012.019769	-00000007.293775	-00000000.098157
000000013.455985	-00000008.165292	-00000000.109885
000000013.855065	-00000008.490395	000000000.113445
000000024.516554	-00000015.023763	000000000.602304
000000028.327019	-00000017.358820	000000000.695917
000000008.578173	-00000005.308334	-00000000.211309
000000011.351926	-00000007.024785	-00000000.093200
000000013.619320	-00000008.510296	000000000.112119
000000015.125860	-00000009.451687	000000000.373613
000000008.353958	-00000005.270955	-00000000.206911
000000012.905492	-00000008.142759	-00000000.106534
000000013.595140	-00000008.661059	000000000.112538
000000015.599319	-00000009.937862	000000000.387435
000000035.347214	-00000022.518660	000000000.877906
000000008.215150	-00000005.284162	-00000000.204607
000000008.477467	-00000005.452890	-00000000.070371
000000011.622875	-00000007.476085	-00000000.096481
000000013.292604	-00000008.632318	000000000.110653
000000014.430354	-00000009.371181	000000000.360419
000000030.009438	-00000019.488356	000000000.749529
000000035.216438	-00000022.869823	000000000.879582
000000008.110196	-00000005.317278	-00000000.203141
000000008.345932	-00000005.471833	-00000000.069673
000000012.702877	-00000008.328371	-00000000.106045
000000013.066672	-00000008.648642	000000000.109396
000000029.863239	-00000019.766047	000000000.750157
000000007.955419	-00000005.315641	-00000000.200419
000000008.272921	-00000005.527789	-00000000.069464
000000012.513313	-00000008.361129	-00000000.105068
000000008.406237	-00000005.670078	000000000.070790
000000013.189666	-00000008.896543	000000000.111072
000000014.372359	-00000009.694279	000000000.363142
000000022.171892	-00000014.955130	000000000.560210
000000007.817824	-00000005.322967	-00000000.198115
000000008.174773	-00000005.566005	-00000000.069045
000000012.191902	-00000008.301170	-00000000.102974
000000008.422364	-00000005.788531	000000000.071348
000000012.617064	-00000008.671469	000000000.106883
000000014.759740	-00000010.144089	000000000.125034
000000014.839257	-00000010.198739	000000000.377173
000000007.647856	-00000005.305506	-00000000.194974
000000007.945132	-00000005.511734	-00000000.067509
000000012.217592	-00000008.475645	-00000000.103811
000000012.770269	-00000008.941839	000000000.108838
000000035.617111	-00000024.939369	000000000.910786
000000007.527784	-00000005.320112	-00000000.193089
000000007.847734	-00000005.546230	-00000000.067090
000000007.913010	-00000005.644295	000000000.067858
000000012.423100	-00000008.861311	000000000.106534
000000035.365562	-00000025.226009	000000000.909948
000000038.564335	-00000027.507673	000000000.992252
000000007.375590	-00000005.309665	-00000000.190367
000000007.717881	-00000005.556079	-00000000.066392
000000012.078330	-00000008.775420	000000000.104230
000000015.136338	-00000010.997193	000000000.130619
000000017.017984	-00000012.364290	000000000.440629
000000007.337037	-00000005.379738	-00000000.190576
000000007.717486	-00000005.658695	-00000000.066811
000000008.062488	-00000005.965927	000000000.070022
000000007.988585	-00000005.911242	000000000.208168
000000007.281800	-00000005.437578	-00000000.190367
000000007.707874	-00000005.755743	-00000000.067160
000000007.962202	-00000005.999950	000000000.069603
000000007.952665	-00000005.992763	000000000.208586
000000007.226113	-00000005.494864	-00000000.190157
000000007.657352	-00000005.822786	-00000000.067160
000000011.431943	-00000008.772038	000000000.100600
000000014.819480	-00000011.371387	000000000.130410
000000014.824522	-00000011.375257	000000000.391414
000000019.543938	-00000014.996592	000000000.516021
000000007.059309	-00000005.465901	-00000000.187016
000000007.693222	-00000005.956728	-00000000.067928
000000010.974504	-00000008.497369	-00000000.096900
000000011.252519	-00000008.791431	000000000.099692
000000014.475406	-00000011.309426	000000000.128246
000000014.582880	-00000011.393394	000000000.387644
000000007.168371	-00000005.651088	-00000000.191204
000000007.562418	-00000005.961730	-00000000.067230
000000011.206676	-00000008.914192	000000000.099972
000000014.342061	-00000011.408191	000000000.383875
000000043.855568	-00000034.884293	000000001.173823
000000006.955044	-00000005.582013	-00000000.186806
000000007.634883	-00000006.127641	-00000000.068347
000000010.715351	-00000008.599978	-00000000.095923
000000007.802355	-00000006.318223	000000000.070092
000000010.918634	-00000008.841736	000000000.098087
000000007.839683	-00000006.348450	000000000.211309
000000010.660105	-00000008.632382	000000000.287330
000000012.190745	-00000009.871871	000000000.328587
000000007.068655	-00000005.775333	-00000000.191204
000000007.581119	-00000006.194034	-00000000.068347
000000010.423071	-00000008.516006	-00000000.093968
000000010.802481	-00000008.904878	000000000.097738
000000011.967606	-00000009.865333	000000000.108279
000000012.088705	-00000009.965159	000000000.328168
000000006.810444	-00000005.664187	-00000000.185550
000000007.542155	-00000006.272744	-00000000.068486
000000009.994700	-00000008.312505	-00000000.090756
000000010.479233	-00000008.793120	000000000.095504
000000013.326250	-00000011.182052	000000000.364398
000000007.050721	-00000005.968876	-00000000.193508
000000007.548185	-00000006.390011	-00000000.069045
000000009.860723	-00000008.347718	-00000000.090198
000000010.622613	-00000009.072568	000000000.097528
000000036.932423	-00000031.543268	000000001.017383
000000006.763572	-00000005.827867	-00000000.187016
000000007.560314	-00000006.514383	-00000000.069673
000000009.628416	-00000008.296374	-00000000.088732
000000010.233613	-00000008.895944	000000000.094666
000000013.551611	-00000011.780235	000000000.376126
000000006.975543	-00000006.117387	-00000000.194346
000000009.367696	-00000008.215249	-00000000.086987
000000009.893464	-00000008.752997	000000000.092222
000000011.353892	-00000010.045075	000000000.105836
000000016.975103	-00000015.018302	000000000.474765
000000006.616077	-00000005.905075	-00000000.185759
000000009.198663	-00000008.210121	-00000000.086079
000000009.742391	-00000008.772088	000000000.091524
000000011.845440	-00000010.665682	000000000.111281
000000006.778911	-00000006.157529	-00000000.191833
000000009.134069	-00000008.296804	-00000000.086149
000000009.606489	-00000008.802726	000000000.090966
000000011.218901	-00000010.280228	000000000.318744
000000013.776691	-00000012.624012	000000000.391414
000000040.799351	-00000037.385715	000000001.159163
000000006.299105	-00000005.822833	-00000000.179686
000000009.046633	-00000008.362621	-00000000.086009
000000009.434233	-00000008.797565	000000000.090058
000000013.263846	-00000012.368736	000000000.379895
000000018.433382	-00000017.189407	000000000.527958
000000006.641286	-00000006.247499	-00000000.190995
000000008.842208	-00000008.317919	-00000000.084753
000000009.444144	-00000008.962158	000000000.090896
000000006.405963	-00000006.132376	-00000000.185759
000000008.733168	-00000008.360189	-00000000.084403
000000009.322416	-00000009.002553	000000000.090477
000000012.844592	-00000012.403878	000000000.374032
000000033.607376	-00000032.454266	000000000.978639
000000006.681632	-00000006.508957	-00000000.195393
000000008.573926	-00000008.352348	-00000000.083566
000000009.165045	-00000009.006465	000000000.089709
000000011.359588	-00000011.163036	000000000.333613
000000017.969971	-00000017.659040	000000000.527749
000000033.116085	-00000032.543087	000000000.972566
000000006.262461	-00000006.208048	-00000000.184712
000000008.465203	-00000008.391651	-00000000.083217
000000008.888116	-00000008.888116	000000000.087754
000000009.664030	-00000009.664030	000000000.286283
000000006.552940	-00000006.610376	-00000000.194974
000000008.321251	-00000008.394186	-00000000.082518
000000008.992447	-00000009.150781	000000000.089570
000000012.034319	-00000012.246212	000000000.119868
000000012.270229	-00000012.486277	000000000.366702
000000006.188044	-00000006.352205	-00000000.185759
000000008.240705	-00000008.459320	-00000000.082449
000000008.703857	-00000009.013108	000000000.087475
000000009.250820	-00000009.579505	000000000.278953
000000006.699292	-00000006.998171	-00000000.202932
000000008.076675	-00000008.437006	-00000000.081541
000000008.824491	-00000009.299072	000000000.089500
000000009.850114	-00000010.379854	000000000.099902
000000033.281528	-00000035.071411	000000001.012775
000000006.124192	-00000006.510208	-00000000.187225
000000007.947929	-00000008.448897	-00000000.080983
000000008.517952	-00000009.134385	000000000.087196
000000013.977901	-00000014.989463	000000000.429320
000000016.037085	-00000017.197666	000000000.492566
000000023.373775	-00000025.065306	000000000.717906
000000006.291103	-00000006.805677	-00000000.194136
000000007.785655	-00000008.422474	-00000000.080075
000000008.491961	-00000009.267350	000000000.087754
000000009.186012	-00000010.024773	000000000.284817
000000005.875197	-00000006.468087	-00000000.183037
000000007.698412	-00000008.475291	-00000000.079935
000000008.457605	-00000009.393122	000000000.088243
000000009.238667	-00000010.260579	000000000.289215
000000025.200621	-00000027.988125	000000000.788901
000000005.665411	-00000006.347556	-00000000.178220
000000006.710615	-00000007.518609	-00000000.211100
000000007.584208	-00000008.497387	-00000000.079517
000000008.726494	-00000009.863506	000000000.091943
000000012.032887	-00000013.600704	000000000.126780
000000025.174040	-00000028.454075	000000000.795812
000000005.972363	-00000006.810175	-00000000.189738
000000007.410866	-00000008.450474	-00000000.078469
000000007.400166	-00000008.512917	000000000.078749
000000008.633526	-00000009.931736	000000000.091873
000000006.447852	-00000007.483100	-00000000.206911
000000007.291149	-00000008.461795	-00000000.077981
000000007.806176	-00000009.139857	000000000.083915
000000006.078693	-00000007.180442	-00000000.197068
000000007.139496	-00000008.433514	-00000000.077143
000000007.886812	-00000009.399137	000000000.085660
000000010.175080	-00000012.126188	000000000.110513
000000007.321082	-00000008.881183	000000000.080354
000000011.054770	-00000013.410508	000000000.121334
000000012.053389	-00000014.621930	000000000.132295
000000012.171866	-00000014.765655	000000000.400838
000000007.085975	-00000008.750450	000000000.078609
000000008.036226	-00000009.923912	000000000.089151
000000009.603195	-00000011.858958	000000000.106534
000000011.935589	-00000014.739225	000000000.397278
000000018.315498	-00000022.617758	000000000.609634
000000006.872394	-00000008.639784	000000000.077073
000000011.862527	-00000014.913239	000000000.399163
000000018.117428	-00000022.776728	000000000.609634
000000007.141500	-00000009.140702	000000000.080983
000000009.530207	-00000012.198109	000000000.108070
000000006.817962	-00000008.885341	000000000.078190
000000009.441660	-00000012.304610	000000000.108279
000000009.506768	-00000012.389462	000000000.327121
000000006.770254	-00000008.984430	000000000.078539
000000009.273744	-00000012.306673	000000000.107581
000000009.356172	-00000012.416059	000000000.325655
000000007.000894	-00000009.461165	000000000.082169
000000009.106515	-00000012.306749	000000000.106883
000000010.769878	-00000014.554655	000000000.379267
000000006.912186	-00000009.513808	000000000.082100
000000008.822442	-00000012.143049	000000000.104789
000000020.227131	-00000027.840256	000000000.720838
000000006.625659	-00000009.288832	000000000.079656
000000006.486992	-00000009.264384	000000000.078958
000000006.898611	-00000009.852238	000000000.251937
000000020.953886	-00000029.925251	000000000.765236
000000006.774054	-00000009.856309	000000000.083496
000000020.929783	-00000030.453022	000000000.774032
000000006.016769	-00000008.920227	000000000.075118
000000006.876565	-00000010.194926	000000000.257592
000000006.716909	-00000010.148143	000000000.084962
000000003.608876	-00000005.452417	000000000.136963
000000018.320290	-00000027.678938	000000000.695288
000000003.638100	-00000005.602183	000000000.046635
000000006.562740	-00000010.105734	000000000.084124
000000003.566603	-00000005.492088	000000000.137173
000000006.071338	-00000009.530091	000000000.078888
000000017.769974	-00000027.893272	000000000.692775
000000003.518578	-00000005.630902	000000000.046356
000000023.517958	-00000037.636597	000000000.929634
000000010.907377	-00000017.799221	000000000.437278
000000003.620630	-00000006.025740	000000000.049078
000000006.731383	-00000011.202904	000000000.091245
000000010.519920	-00000017.508087	000000000.427854
000000012.049248	-00000020.053316	000000000.490053
000000003.517155	-00000005.970944	000000000.048380
000000003.582435	-00000006.081768	000000000.147853
000000010.361660	-00000017.590609	000000000.427644
000000003.464916	-00000006.001410	000000000.048380
000000003.494233	-00000006.052190	000000000.146388
