000000004.862942	000000005.643722	-00000000.052010
000000004.832887	000000005.510851	-00000000.051173
000000004.480401	000000005.019865	-00000000.140942
000000004.860818	000000005.446086	-00000000.050963
000000004.544203	000000005.002777	-00000000.141571
000000004.881264	000000005.373853	-00000000.050684
000000004.574113	000000004.948248	-00000000.141152
000000004.894034	000000005.294336	-00000000.050335
000000004.637671	000000004.929990	-00000000.141780
000000004.892087	000000005.200442	-00000000.049846
000000004.701258	000000004.910998	-00000000.142408
000000004.923453	000000005.143106	-00000000.049707
000000004.736958	000000004.862624	-00000000.142199
000000004.926280	000000005.056968	-00000000.049288
000000004.842559	000000004.885004	-00000000.144084
000000004.984303	000000005.027990	-00000000.049427
000000004.870803	000000004.828482	-00000000.143665
000000005.099007	000000005.054702	-00000000.050125
000000005.013014	000000004.883462	-00000000.146597
000000005.157248	000000005.023969	-00000000.050265
000000005.019328	000000004.804962	-00000000.145550
000000005.244235	000000005.020263	-00000000.050684
000000005.155735	000000004.850031	-00000000.148272
000000005.331546	000000005.015418	-00000000.051103
000000005.219888	000000004.825215	-00000000.148901
000000005.397139	000000004.989064	-00000000.051312
000000005.358004	000000004.866868	-00000000.151623
000000005.447873	000000004.948499	-00000000.051382
000000005.362976	000000004.786639	-00000000.150576
000000005.654977	000000005.047260	-00000000.052918
000000005.532328	000000004.851721	-00000000.154136
000000005.773989	000000005.063653	-00000000.053616
000000009.367696	000000008.215249	-00000000.086987
000000005.612325	000000004.835889	-00000000.155183
000000005.810382	000000005.006546	-00000000.053546
000000009.439030	000000008.133188	-00000000.086987
000000005.700096	000000004.825488	-00000000.156440
000000005.869115	000000004.968572	-00000000.053686
000000007.143682	000000006.047573	-00000000.065345
000000008.601420	000000007.281640	-00000000.078679
000000005.826543	000000004.845885	-00000000.158744
000000005.958379	000000004.955532	-00000000.054105
000000007.027043	000000005.844330	-00000000.063809
000000009.794806	000000008.146255	-00000000.088941
000000005.938289	000000004.851786	-00000000.160628
000000006.558946	000000005.358884	-00000000.059131
000000010.167528	000000008.307219	-00000000.091664
000000006.003793	000000004.818553	-00000000.161257
000000006.933004	000000005.564324	-00000000.062063
000000008.196386	000000006.578296	-00000000.073373
000000010.224036	000000008.205657	-00000000.091524
000000006.147683	000000004.846442	-00000000.163979
000000006.902768	000000005.441703	-00000000.061365
000000010.318813	000000008.134696	-00000000.091734
000000006.252983	000000004.841577	-00000000.165655
000000007.068592	000000005.473089	-00000000.062412
000000010.334061	000000008.001485	-00000000.091245
000000006.358661	000000004.835238	-00000000.167330
000000006.996687	000000005.320405	-00000000.061365
000000010.530849	000000008.007844	-00000000.092362
000000006.456690	000000004.821439	-00000000.168796
000000007.227134	000000005.396757	-00000000.062971
000000010.632380	000000007.939574	-00000000.092641
000000006.603333	000000004.841763	-00000000.171518
000000007.241696	000000005.309831	-00000000.062692
000000008.564233	000000006.279555	-00000000.074141
000000010.830287	000000007.941095	-00000000.093758
000000006.702131	000000004.824844	-00000000.172984
000000007.409490	000000005.334070	-00000000.063739
000000006.850120	000000004.841187	-00000000.175707
000000007.349595	000000005.194180	-00000000.062831
000000008.778683	000000006.204160	-00000000.075049
000000011.571528	000000008.177948	-00000000.098924
000000006.974252	000000004.838211	-00000000.177801
000000007.673995	000000005.323640	-00000000.065205
000000007.074057	000000004.816554	-00000000.179267
000000007.596174	000000005.172051	-00000000.064158
000000016.834061	000000011.354716	000000000.425341
000000007.190634	000000004.804628	-00000000.181152
000000007.873826	000000005.261122	-00000000.066113
000000007.324260	000000004.801995	-00000000.183456
000000007.785635	000000005.104486	-00000000.064996
000000021.255636	000000013.803572	000000000.530890
000000007.492014	000000004.819026	-00000000.186597
000000007.981266	000000005.133722	-00000000.066252
000000014.809592	000000009.434751	000000000.122591
000000007.550694	000000004.764132	-00000000.187016
000000008.042676	000000005.074551	-00000000.066392
000000014.942244	000000009.336950	000000000.123010
000000007.711003	000000004.771713	-00000000.189948
000000008.273726	000000005.119936	-00000000.067928
000000014.937892	000000009.153952	000000000.122312
000000007.760897	000000004.709428	-00000000.190157
000000008.300992	000000005.037166	-00000000.067788
000000010.002899	000000006.010348	000000000.081471
000000030.251369	000000018.176857	000000000.739267
000000007.973542	000000004.743759	-00000000.194346
000000008.559480	000000005.092355	-00000000.069533
000000009.925727	000000005.846700	000000000.080424
000000007.945543	000000004.633704	-00000000.192670
000000008.638144	000000005.037617	-00000000.069813
000000010.036990	000000005.794859	000000000.080913
000000010.104300	000000005.833720	000000000.244398
000000008.063798	000000004.608840	-00000000.194555
000000008.829367	000000005.046399	-00000000.070999
000000009.930516	000000005.618416	000000000.079656
000000010.128718	000000005.730553	000000000.243770
000000007.929249	000000004.440593	-00000000.190367
000000008.934141	000000005.003359	-00000000.071488
000000010.075374	000000005.584871	000000000.080424
000000010.292017	000000005.704958	000000000.246492
000000008.344608	000000004.578009	-00000000.199372
000000009.187872	000000005.040639	-00000000.073164
000000010.035847	000000005.449020	000000000.079726
000000010.288692	000000005.586304	000000000.245236
000000008.225716	000000004.419836	-00000000.195602
000000009.293171	000000004.993401	-00000000.073652
000000010.162479	000000005.403486	000000000.080354
000000010.416496	000000005.538549	000000000.247121
000000008.414387	000000004.427023	-00000000.199162
000000009.416039	000000004.954018	-00000000.074281
000000010.111677	000000005.263806	000000000.079586
000000010.233860	000000005.327410	000000000.241676
000000008.479363	000000004.367159	-00000000.199791
000000009.627821	000000004.958653	-00000000.075607
000000010.353244	000000005.275241	000000000.081122
000000010.431398	000000005.315063	000000000.245236
000000008.615356	000000004.342497	-00000000.202094
000000009.733232	000000004.905953	-00000000.076096
000000010.416782	000000005.193616	000000000.081262
000000010.638436	000000005.304129	000000000.249005
000000022.806873	000000011.371088	000000000.533822
000000008.518422	000000004.200821	-00000000.198953
000000009.946076	000000004.904862	-00000000.077422
000000010.623487	000000005.181420	000000000.082518
000000010.810121	000000005.272448	000000000.251937
000000008.905952	000000004.295722	-00000000.207121
000000010.105588	000000004.874357	-00000000.078330
000000010.668298	000000005.088517	000000000.082518
000000022.437723	000000010.702246	000000000.173554
000000008.626610	000000004.068573	-00000000.199791
000000010.428113	000000004.918218	-00000000.080494
000000010.911680	000000005.088200	000000000.084054
000000018.098524	000000008.439481	000000000.139416
000000020.781132	000000009.690401	000000000.160080
000000030.236856	000000014.099678	000000000.698849
000000058.235622	000000027.155718	000000001.345969
000000008.897851	000000004.101966	-00000000.205236
000000010.588691	000000004.881454	-00000000.081401
000000018.107788	000000008.252194	000000000.138927
000000020.637419	000000009.405014	000000000.158335
000000030.358747	000000013.835279	000000000.698849
000000008.404603	000000003.785997	-00000000.193089
000000011.004700	000000004.957256	-00000000.084264
000000018.672415	000000008.313495	000000000.142697
000000020.764381	000000009.244899	000000000.158684
000000008.940632	000000003.933972	-00000000.204607
000000011.075000	000000004.873116	-00000000.084473
000000014.168233	000000006.160523	000000000.107860
000000020.917629	000000009.095244	000000000.159243
000000021.316971	000000009.268883	000000000.486911
000000008.653115	000000003.717672	-00000000.197278
000000011.401921	000000004.898652	-00000000.086637
000000014.193839	000000006.024927	000000000.107651
000000009.007928	000000003.777338	-00000000.204607
000000011.628671	000000004.876306	-00000000.088034
000000014.181206	000000005.874048	000000000.107162
000000014.437070	000000005.980030	000000000.327330
000000033.400158	000000013.834798	000000000.757278
000000008.642653	000000003.535803	-00000000.195602
000000011.892906	000000004.865516	-00000000.089709
000000014.222654	000000005.746325	000000000.107093
000000014.488706	000000005.853817	000000000.327330
000000040.666634	000000016.430387	000000000.918744
000000009.063193	000000003.615848	-00000000.204398
000000012.185684	000000004.861595	-00000000.091594
000000014.207130	000000005.596337	000000000.106604
000000014.650863	000000005.771128	000000000.329843
000000008.675091	000000003.373558	-00000000.194974
000000012.209006	000000004.747823	-00000000.091455
000000014.292768	000000005.486480	000000000.106883
000000014.625997	000000005.614394	000000000.328168
000000009.087521	000000003.442954	-00000000.203560
000000012.614666	000000004.779270	-00000000.094177
000000014.255803	000000005.330027	000000000.106255
000000014.758717	000000005.518058	000000000.330053
000000008.770165	000000003.235485	-00000000.195812
000000012.533931	000000004.624011	-00000000.093270
000000014.320566	000000005.212260	000000000.106394
000000014.768728	000000005.375378	000000000.329215
000000028.410072	000000010.340421	000000000.633299
000000009.099176	000000003.266938	-00000000.202513
000000012.799683	000000004.595555	-00000000.094945
000000014.224113	000000005.037023	000000000.105347
000000014.994137	000000005.309702	000000000.333194
000000008.627082	000000003.012712	-00000000.191414
000000012.763773	000000004.457309	-00000000.094387
000000014.645725	000000005.042928	000000000.108140
000000015.172244	000000005.224223	000000000.336126
000000009.098002	000000003.088356	-00000000.201257
000000013.985818	000000004.747545	-00000000.103113
000000014.992632	000000005.016465	000000000.110374
000000018.444447	000000006.171425	000000000.135786
000000015.046596	000000005.034521	000000000.332356
000000008.830265	000000002.911785	-00000000.194765
000000013.295464	000000004.384186	-00000000.097738
000000015.349677	000000004.987412	000000000.112678
000000018.421516	000000005.985514	000000000.135227
000000018.988432	000000006.169716	000000000.418220
000000009.207647	000000002.947391	-00000000.202513
000000012.837982	000000004.109470	-00000000.094107
000000014.018925	000000004.487493	-00000000.102764
000000015.180819	000000004.859418	-00000000.111281
000000018.396753	000000005.800474	000000000.134669
000000018.860384	000000005.946656	000000000.414241
000000008.765161	000000002.721655	-00000000.192251
000000012.405407	000000003.851981	-00000000.090687
000000014.277200	000000004.433188	-00000000.104370
000000018.437107	000000005.636789	000000000.134599
000000018.901999	000000005.778921	000000000.414032
000000009.133227	000000002.748789	-00000000.199791
000000014.104682	000000004.245028	-00000000.102834
000000016.249590	000000004.890571	-00000000.118472
000000018.447243	000000005.464322	000000000.134319
000000018.836676	000000005.579678	000000000.411519
000000008.859316	000000002.582255	-00000000.193299
000000013.747579	000000004.007054	-00000000.099972
000000018.378876	000000005.270058	000000000.133482
000000009.170187	000000002.586260	-00000000.199581
000000013.955261	000000003.935791	-00000000.101228
000000017.227528	000000004.858665	-00000000.124965
000000018.481981	000000005.125507	000000000.133901
000000033.305397	000000009.236404	000000000.723979
000000008.893389	000000002.424616	-00000000.193089
000000013.969780	000000003.808599	-00000000.101089
000000016.429928	000000004.479312	-00000000.118891
000000017.848131	000000004.865959	-00000000.129153
000000018.709528	000000005.013203	000000000.135227
000000061.825005	000000016.565960	000000001.340734
000000008.923876	000000002.349460	-00000000.193299
000000017.860903	000000004.702383	-00000000.128944
000000019.130131	000000004.947388	000000000.137950
000000023.544777	000000006.089093	000000000.169784
000000023.811209	000000006.157997	000000000.515184
000000036.258854	000000009.377177	000000000.784503
000000008.663024	000000002.200128	-00000000.187225
000000013.685206	000000003.475600	-00000000.098575
000000016.146994	000000004.100814	-00000000.116308
000000023.461180	000000005.849529	000000000.168807
000000023.844639	000000005.945136	000000000.514765
000000009.274282	000000002.269403	-00000000.200000
000000020.018873	000000004.898587	-00000000.143884
000000023.462713	000000005.632899	000000000.168458
000000023.788673	000000005.711155	000000000.512461
000000008.865540	000000002.087558	-00000000.190785
000000013.588043	000000003.199559	-00000000.097458
000000023.540207	000000005.434685	000000000.168667
000000023.964247	000000005.532582	000000000.515184
000000009.244217	000000002.091753	-00000000.198534
000000014.259157	000000003.226518	-00000000.102066
000000019.116243	000000004.325564	-00000000.136833
000000022.102802	000000004.900074	000000000.158056
000000023.479345	000000005.205245	000000000.167899
000000042.723106	000000009.471484	000000000.916650
000000008.890853	000000001.930393	-00000000.190576
000000013.602726	000000002.953441	-00000000.097179
000000018.322638	000000003.978234	-00000000.130899
000000023.572783	000000005.010550	000000000.168248
000000024.086491	000000005.119742	000000000.515812
000000042.872585	000000009.112849	000000000.918116
000000009.230374	000000001.919921	-00000000.197487
000000013.696512	000000002.848879	-00000000.097668
000000024.262344	000000004.936230	000000000.172856
000000027.554811	000000005.606090	000000000.196313
000000027.941324	000000005.684727	000000000.597278
000000008.932994	000000001.776883	-00000000.190785
000000013.848351	000000002.754608	-00000000.098575
000000025.344995	000000004.926568	000000000.180256
000000027.602684	000000005.365418	000000000.196313
000000009.154429	000000001.738023	-00000000.195183
000000022.153715	000000004.206014	-00000000.157427
000000027.127342	000000005.027756	000000000.192613
000000051.304817	000000009.508786	000000001.092985
000000008.913454	000000001.611815	-00000000.189738
000000013.697513	000000002.476914	-00000000.097179
000000015.970591	000000002.887953	-00000000.113306
000000018.558556	000000003.355934	-00000000.131667
000000028.135271	000000004.961008	000000000.199455
000000032.025169	000000005.646901	000000000.227031
000000032.245380	000000005.685730	000000000.685864
000000009.173515	000000001.576298	-00000000.194974
000000014.851968	000000002.552035	-00000000.105208
000000017.434063	000000002.995720	-00000000.123498
000000029.459633	000000004.929852	000000000.208530
000000031.836523	000000005.327607	000000000.225355
000000008.584985	000000001.398154	-00000000.182199
000000013.580739	000000002.211764	-00000000.096062
000000019.887491	000000003.238884	-00000000.140672
000000031.733654	000000005.026117	000000000.224308
000000037.195435	000000005.891178	000000000.262914
000000037.227684	000000005.896286	000000000.789529
000000009.100813	000000001.400749	-00000000.192880
000000036.859722	000000005.508723	000000000.260192
000000037.406265	000000005.590404	000000000.792252
000000008.805965	000000001.276804	-00000000.186388
000000013.577686	000000001.968671	-00000000.095783
000000036.946003	000000005.192422	000000000.260471
000000041.699173	000000005.860436	000000000.293981
000000041.770245	000000005.870425	000000000.883561
000000009.084248	000000001.236312	-00000000.192042
000000037.525272	000000004.940296	000000000.264241
000000041.362072	000000005.445420	000000000.291258
000000008.866579	000000001.127971	-00000000.187225
000000013.490939	000000001.716264	-00000000.094945
000000041.715698	000000005.122044	000000000.293422
000000046.569977	000000005.718074	000000000.982828
000000009.104441	000000001.077582	-00000000.192042
000000046.249641	000000005.269481	000000000.324978
000000051.157730	000000005.828687	000000001.078535
000000008.805408	000000000.964349	-00000000.185550
000000013.439315	000000001.471844	-00000000.094387
000000050.858608	000000005.345455	000000000.357022
000000055.044659	000000005.785427	000000001.159372
000000008.982595	000000000.904500	-00000000.189110
000000019.053183	000000001.918555	-00000000.133691
000000054.566288	000000005.254136	000000000.382713
000000059.581299	000000005.737027	000000001.253823
000000008.820896	000000000.810526	-00000000.185550
000000013.303629	000000001.222432	-00000000.093270
000000068.666031	000000006.007499	000000000.481218
000000068.742271	000000006.014170	000000001.445446
000000009.116574	000000000.757529	-00000000.191623
000000073.307190	000000005.769401	000000001.540315
000000008.833698	000000000.656457	-00000000.185550
000000013.482494	000000001.001922	-00000000.094387
000000018.658094	000000001.386536	-00000000.130619
000000009.128407	000000000.598307	-00000000.191623
000000012.782262	000000000.837794	-00000000.089430
000000008.843810	000000000.502188	-00000000.185550
000000013.058644	000000000.741524	-00000000.091315
000000009.037596	000000000.434107	-00000000.189529
000000015.551690	000000000.747001	-00000000.108698
000000008.851227	000000000.347766	-00000000.185550
000000013.349374	000000000.524498	-00000000.093270
000000016.017252	000000000.629320	-00000000.111910
000000009.103754	000000000.278145	-00000000.190785
000000008.875940	000000000.193674	-00000000.185969
000000013.356495	000000000.291440	-00000000.093270
000000103.231621	000000001.801915	000000002.162724
000000009.087228	000000000.118958	-00000000.190367
000000008.837977	000000000.038563	-00000000.185131
000000013.359547	000000000.058292	-00000000.093270
000000009.007938	-00000000.039305	-00000000.188691
000000008.877292	-00000000.116210	-00000000.185969
000000013.438520	-00000000.175920	-00000000.093828
000000009.015876	-00000000.196727	-00000000.188901
000000013.506456	-00000000.294712	-00000000.094317
000000008.853925	-00000000.270512	-00000000.185550
000000013.353443	-00000000.407985	-00000000.093270
000000009.120960	-00000000.358364	-00000000.191204
000000008.907774	-00000000.427871	-00000000.186806
000000013.584007	-00000000.652487	-00000000.094945
000000018.777891	-00000000.901967	-00000000.131248
000000009.292989	-00000000.527694	-00000000.194974
000000014.126898	-00000000.802183	-00000000.098785
000000008.958807	-00000000.587191	-00000000.188063
000000013.690291	-00000000.897309	-00000000.095783
000000009.232512	-00000000.686094	-00000000.193927
000000072.942665	-00000005.740712	000000000.510819
000000072.888573	-00000005.736455	000000001.531519
000000009.066757	-00000000.753389	-00000000.190576
000000013.822026	-00000001.148522	-00000000.096830
000000015.605835	-00000001.296745	-00000000.109327
000000064.190666	-00000005.615955	000000001.349739
000000009.388381	-00000000.862671	-00000000.197487
000000054.874855	-00000005.283848	000000000.384877
000000059.354031	-00000005.715143	000000000.416293
000000059.312599	-00000005.711154	000000001.248168
000000009.131808	-00000000.919525	-00000000.192251
000000014.168006	-00000001.426643	-00000000.099413
000000054.916161	-00000005.771921	000000000.385505
000000054.865685	-00000005.766616	000000001.155603
000000009.481217	-00000001.038362	-00000000.199791
000000013.787226	-00000001.509947	-00000000.096830
000000045.891964	-00000005.228729	000000000.322464
000000050.422543	-00000005.744923	000000000.354299
000000009.154083	-00000001.083457	-00000000.193089
000000014.140950	-00000001.673692	-00000000.099413
000000045.755260	-00000005.618040	000000000.321836
000000080.696152	-00000009.908241	000000001.703038
000000009.570748	-00000001.217553	-00000000.202094
000000041.352158	-00000005.444115	000000000.291188
000000009.292284	-00000001.264624	-00000000.196440
000000014.505923	-00000001.974170	-00000000.102206
000000036.837074	-00000005.177114	000000000.259703
000000041.639755	-00000005.852086	000000000.293562
000000041.770245	-00000005.870425	000000000.883561
000000009.706351	-00000001.407354	-00000000.205445
000000017.011694	-00000002.466578	-00000000.120008
000000036.592693	-00000005.468815	000000000.258307
000000009.426901	-00000001.450939	-00000000.199791
000000014.785528	-00000002.275710	-00000000.104440
000000033.086754	-00000005.240427	000000000.233872
000000036.622593	-00000005.800449	000000000.258865
000000036.812946	-00000005.830597	000000000.780733
000000009.690178	-00000001.578146	-00000000.205655
000000015.860644	-00000002.583070	-00000000.112189
000000032.349380	-00000005.413429	000000000.228985
000000009.478970	-00000001.628785	-00000000.201466
000000014.585875	-00000002.506312	-00000000.103323
000000032.448624	-00000005.721568	000000000.230033
000000070.703529	-00000012.466941	000000001.503875
000000009.887441	-00000001.787941	-00000000.210471
000000028.071243	-00000005.202697	000000000.199315
000000032.446621	-00000006.013626	000000000.230382
000000032.636906	-00000006.048892	000000000.695288
000000053.162766	-00000009.853136	000000001.132566
000000009.488389	-00000001.801427	-00000000.202304
000000014.883760	-00000002.825770	-00000000.105766
000000027.651764	-00000005.374959	000000000.196662
000000050.807693	-00000009.876016	000000001.084189
000000010.070457	-00000002.003138	-00000000.215079
000000018.173510	-00000003.614936	-00000000.129363
000000027.525414	-00000005.600109	000000000.196104
000000009.621906	-00000002.001359	-00000000.205864
000000015.429380	-00000003.209316	-00000000.110025
000000024.387428	-00000005.072592	-00000000.173903
000000027.514620	-00000005.848413	000000000.196383
000000027.890652	-00000005.928341	000000000.597278
000000010.112124	-00000002.195557	-00000000.216754
000000016.837280	-00000003.655732	-00000000.120287
000000023.462748	-00000005.094262	-00000000.167620
000000023.625788	-00000005.237711	000000000.168947
000000027.452776	-00000006.086134	000000000.196313
000000045.641586	-00000010.118496	000000000.979268
000000055.792839	-00000012.368975	000000001.197069
000000009.692776	-00000002.193251	-00000000.208168
000000015.214970	-00000003.442796	-00000000.108908
000000022.617638	-00000005.117849	-00000000.161895
000000023.121237	-00000005.337958	000000000.165665
000000010.101460	-00000002.378578	-00000000.217382
000000017.208927	-00000004.052164	-00000000.123429
000000021.676628	-00000005.104168	-00000000.155473
000000022.918200	-00000005.502173	000000000.164548
000000009.779269	-00000002.392972	-00000000.210890
000000015.978189	-00000003.909838	-00000000.114842
000000018.076237	-00000004.423227	-00000000.129921
000000020.543385	-00000005.026934	-00000000.147654
000000022.917828	-00000005.714056	000000000.164897
000000040.588268	-00000010.119792	000000000.876231
000000010.135932	-00000002.574199	-00000000.219058
000000011.550698	-00000002.933504	-00000000.249634
000000016.767286	-00000004.258348	-00000000.120776
000000020.091667	-00000005.102633	-00000000.144722
000000022.963902	-00000005.938869	000000000.165595
000000023.307882	-00000006.027828	000000000.504293
000000047.990234	-00000012.411119	000000001.038325
000000009.803696	-00000002.581098	-00000000.212356
000000016.516743	-00000004.348495	-00000000.119240
000000018.847265	-00000004.962071	-00000000.136065
000000022.872566	-00000006.128685	000000000.165316
000000037.933243	-00000010.164182	000000000.822618
000000009.964067	-00000002.716516	-00000000.216335
000000017.404341	-00000004.744968	-00000000.125942
000000018.983059	-00000005.264468	000000000.137531
000000045.463745	-00000012.608212	000000000.988273
000000009.949605	-00000002.806079	-00000000.216545
000000015.158300	-00000004.275083	-00000000.109955
000000016.842556	-00000004.750092	-00000000.122172
000000018.849882	-00000005.405117	000000000.136903
000000035.116798	-00000010.069580	000000000.765236
000000043.112743	-00000012.362380	000000000.939477
000000010.414257	-00000003.035479	-00000000.227225
000000017.165272	-00000005.003221	-00000000.124825
000000018.610237	-00000005.512603	000000000.135506
000000050.710442	-00000015.021117	000000001.107854
000000010.052294	-00000003.025397	-00000000.219895
000000016.613459	-00000005.000083	-00000000.121125
000000018.666615	-00000005.706957	000000000.136274
000000018.768145	-00000005.737998	000000000.411100
000000018.911560	-00000005.781844	000000000.414241
000000057.174480	-00000017.479994	000000001.252357
000000010.378790	-00000003.222700	-00000000.227644
000000016.282692	-00000005.055911	-00000000.119030
000000018.520731	-00000005.839564	000000000.135576
000000018.936665	-00000005.970707	000000000.415916
000000010.159835	-00000003.252189	-00000000.223456
000000015.933193	-00000005.100255	-00000000.116796
000000018.611723	-00000006.047315	000000000.136623
000000019.359264	-00000006.290206	000000000.426388
000000010.368440	-00000003.418999	-00000000.228691
000000015.555692	-00000005.129498	-00000000.114353
000000018.501345	-00000006.190463	000000000.136204
000000030.197485	-00000010.103937	000000000.667016
000000010.215136	-00000003.467571	-00000000.225969
000000015.368301	-00000005.216835	-00000000.113306
000000016.631266	-00000005.726604	000000000.122800
000000016.637478	-00000005.728743	000000000.368587
000000009.637035	-00000003.365403	-00000000.213822
000000014.821836	-00000005.176017	-00000000.109606
000000016.618364	-00000005.884871	000000000.123080
000000016.586851	-00000005.873713	000000000.368587
000000049.393005	-00000017.490980	000000001.097592
000000010.143652	-00000003.641943	-00000000.225759
000000013.502914	-00000004.848042	-00000000.300524
000000014.446700	-00000005.186895	-00000000.107162
000000014.743418	-00000005.366165	000000000.109536
000000023.078287	-00000008.399810	000000000.171460
000000027.818197	-00000010.124995	000000000.620105
000000010.458539	-00000003.858359	-00000000.233508
000000011.799858	-00000004.353198	-00000000.263456
000000014.138199	-00000005.215857	-00000000.105208
000000014.386934	-00000005.379054	000000000.107232
000000023.294470	-00000008.709446	000000000.173624
000000053.097668	-00000019.852404	000000001.187435
000000010.228135	-00000003.875094	-00000000.229110
000000013.736801	-00000005.204408	-00000000.102555
000000014.348782	-00000005.507981	000000000.107302
000000014.896676	-00000005.718298	000000000.334241
000000011.563681	-00000004.496870	-00000000.259895
000000013.476505	-00000005.240726	-00000000.100949
000000014.197826	-00000005.592672	000000000.106534
000000014.613654	-00000005.756472	000000000.329005
000000025.339016	-00000009.981304	000000000.570472
000000010.428244	-00000004.160447	-00000000.235183
000000013.263077	-00000005.291431	-00000000.099692
000000014.120666	-00000005.705119	000000000.106325
000000014.488706	-00000005.853817	000000000.327330
000000043.938877	-00000017.752459	000000000.992671
000000011.270611	-00000004.610929	-00000000.255079
000000012.994272	-00000005.316097	-00000000.098017
000000013.950241	-00000005.778379	000000000.105417
000000014.474017	-00000005.995334	000000000.328168
000000010.022126	-00000004.202626	-00000000.227644
000000012.615402	-00000005.290077	-00000000.095504
000000014.018947	-00000005.950690	000000000.106325
000000014.384336	-00000006.105788	000000000.327330
000000010.802615	-00000004.641170	-00000000.246283
000000012.155311	-00000005.222334	-00000000.092362
000000013.698843	-00000005.885488	-00000000.104091
000000013.993996	-00000006.084763	000000000.106534
000000010.496321	-00000004.618492	-00000000.240210
000000012.045205	-00000005.300017	-00000000.091873
000000014.031716	-00000006.247323	000000000.107232
000000027.875294	-00000012.410880	000000000.639163
000000010.938745	-00000004.927545	-00000000.251309
000000011.898205	-00000005.359750	-00000000.091105
000000013.912969	-00000006.340505	000000000.106743
000000010.468595	-00000004.826088	-00000000.241466
000000011.551300	-00000005.325222	-00000000.088802
000000013.983989	-00000006.520841	000000000.107721
000000018.461040	-00000008.608524	000000000.142208
000000032.474949	-00000015.143316	000000000.750576
000000010.697358	-00000005.045201	-00000000.247749
000000011.133572	-00000005.250933	-00000000.085939
000000017.545832	-00000008.368932	000000000.135716
000000010.202673	-00000004.921185	-00000000.237278
000000011.168386	-00000005.386990	-00000000.086568
000000017.301363	-00000008.438439	000000000.134389
000000025.142742	-00000012.262935	000000000.585969
000000010.383509	-00000005.120580	-00000000.242513
000000011.076109	-00000005.462132	-00000000.086219
000000016.887001	-00000008.419548	000000000.131736
000000030.090042	-00000015.002342	000000000.704294
000000010.043810	-00000005.062497	-00000000.235602
000000010.670838	-00000005.378545	-00000000.083426
000000014.510554	-00000007.313921	-00000000.113445
000000016.670324	-00000008.493955	000000000.130619
000000020.038248	-00000010.209997	000000000.157009
000000020.052158	-00000010.217085	000000000.471414
000000009.963696	-00000005.131641	-00000000.234765
000000010.330128	-00000005.320365	-00000000.081122
000000016.302860	-00000008.486732	000000000.128316
000000043.365318	-00000022.574556	000000001.024084
000000009.794664	-00000005.153222	-00000000.231833
000000010.088613	-00000005.307876	-00000000.079586
000000010.171309	-00000005.408181	000000000.080424
000000016.095741	-00000008.558258	000000000.127268
000000027.797922	-00000014.780417	000000000.659477
000000037.269875	-00000019.816742	000000000.884189
000000009.573182	-00000005.143857	-00000000.227644
000000009.883353	-00000005.310517	-00000000.078330
000000010.088574	-00000005.477649	000000000.080145
000000015.897414	-00000008.631592	000000000.126291
000000017.461672	-00000009.480914	000000000.138718
000000022.905737	-00000012.436801	000000000.545969
000000009.396450	-00000005.155069	-00000000.224503
000000009.740196	-00000005.343655	-00000000.077562
000000009.812994	-00000005.439432	000000000.078330
000000015.602836	-00000008.648793	000000000.124546
000000014.865274	-00000008.239956	000000000.356021
000000027.911737	-00000015.471729	000000000.668482
000000009.194091	-00000005.148938	-00000000.220733
000000009.579772	-00000005.364930	-00000000.076654
000000009.860889	-00000005.579023	000000000.079098
000000015.265668	-00000008.636899	000000000.122451
000000031.012674	-00000017.546127	000000000.746388
000000034.911011	-00000019.751699	000000000.840210
000000009.088048	-00000005.194248	-00000000.219267
000000009.445773	-00000005.398704	-00000000.075956
000000009.716569	-00000005.609863	000000000.078330
000000015.068475	-00000008.699788	000000000.121474
000000017.372046	-00000010.029756	000000000.140044
000000017.437925	-00000010.067791	000000000.421780
000000008.861009	-00000005.167588	-00000000.214869
000000009.458768	-00000005.516191	-00000000.076445
000000009.684476	-00000005.704592	000000000.078469
000000015.181537	-00000008.942609	000000000.123010
000000010.070235	-00000005.931822	000000000.244817
000000017.366634	-00000010.229730	000000000.422199
000000008.729654	-00000005.193598	-00000000.212775
000000009.418865	-00000005.603636	-00000000.076515
000000009.720040	-00000005.840390	000000000.079167
000000009.906681	-00000005.952535	000000000.242094
000000008.547244	-00000005.186595	-00000000.209424
000000009.386703	-00000005.695992	-00000000.076654
000000009.668704	-00000005.924989	000000000.079167
000000009.760589	-00000005.981297	000000000.239791
000000008.399637	-00000005.197854	-00000000.206911
000000009.107051	-00000005.635614	-00000000.074769
000000009.633592	-00000006.019736	000000000.079307
000000014.051814	-00000008.780548	000000000.115679
000000014.303434	-00000008.937778	000000000.353299
000000019.856930	-00000012.407988	000000000.490471
000000008.244038	-00000005.201601	-00000000.204189
000000009.319694	-00000005.880289	-00000000.076933
000000009.496356	-00000006.049846	000000000.078609
000000019.427479	-00000012.376669	000000000.482513
000000033.272926	-00000021.197191	000000000.826388
000000008.122655	-00000005.224667	-00000000.202304
000000009.343716	-00000006.010080	-00000000.077562
000000009.510293	-00000006.176056	000000000.079167
000000013.468720	-00000008.746690	000000000.112119
000000013.759565	-00000008.935566	000000000.343665
000000015.461694	-00000010.040941	000000000.386178
000000016.970970	-00000011.021076	000000000.423875
000000008.001503	-00000005.246015	-00000000.200419
000000009.349452	-00000006.129769	-00000000.078050
000000009.464374	-00000006.264332	000000000.079237
000000013.191752	-00000008.731430	000000000.110444
000000015.017918	-00000009.940143	000000000.125732
000000015.181729	-00000010.048568	000000000.381361
000000022.434946	-00000014.849367	000000000.563561
000000007.897229	-00000005.276760	-00000000.198953
000000009.370435	-00000006.261124	-00000000.078679
000000009.459088	-00000006.380236	000000000.079656
000000012.965832	-00000008.745564	000000000.109187
000000013.700986	-00000009.241432	000000000.346178
000000014.919403	-00000010.063265	000000000.376964
000000007.842616	-00000005.339847	-00000000.198744
000000009.282376	-00000006.320145	-00000000.078400
000000012.682993	-00000008.716780	000000000.107442
000000014.413615	-00000009.906203	000000000.122102
000000014.839257	-00000010.198739	000000000.377173
000000007.631426	-00000005.294108	-00000000.194555
000000009.267951	-00000006.429407	-00000000.078749
000000011.609589	-00000008.053858	-00000000.098645
000000012.286982	-00000008.603436	000000000.104719
000000014.457681	-00000010.123377	000000000.123219
000000014.856158	-00000010.402394	000000000.379895
000000016.182894	-00000011.331385	000000000.413822
000000025.838579	-00000018.092367	000000000.660733
000000007.568607	-00000005.348963	-00000000.194136
000000009.399316	-00000006.642779	-00000000.080354
000000011.587861	-00000008.189490	-00000000.099064
000000012.130025	-00000008.652263	000000000.104021
000000014.431102	-00000010.293605	000000000.371309
000000017.434530	-00000012.435929	000000000.448587
000000026.925037	-00000019.205442	000000000.692775
000000007.335020	-00000005.280458	-00000000.189319
000000009.284180	-00000006.683653	-00000000.079866
000000011.892260	-00000008.640232	000000000.102625
000000012.763488	-00000009.273217	000000000.330471
000000027.435837	-00000019.933302	000000000.710367
000000007.320911	-00000005.367914	-00000000.190157
000000009.233565	-00000006.770330	-00000000.079935
000000011.201242	-00000008.213091	-00000000.096970
000000011.808370	-00000008.737734	000000000.102555
000000015.679808	-00000011.602448	000000000.408587
000000017.086248	-00000012.643159	000000000.445236
000000023.620171	-00000017.478006	000000000.615498
000000007.089541	-00000005.294012	-00000000.185340
000000009.166120	-00000006.844666	-00000000.079866
000000011.396252	-00000008.587691	000000000.099623
000000019.881662	-00000014.981907	000000000.521466
000000007.098781	-00000005.398038	-00000000.186806
000000009.368715	-00000007.124137	-00000000.082169
000000011.225676	-00000008.613764	000000000.098785
000000015.014885	-00000011.521327	000000000.396440
000000006.869585	-00000005.319001	-00000000.181990
000000008.697373	-00000006.734226	-00000000.076794
000000011.087041	-00000008.662146	000000000.098226
000000013.755650	-00000010.747091	000000000.365655
000000006.893570	-00000005.434453	-00000000.183874
000000009.494250	-00000007.484663	-00000000.084403
000000010.846684	-00000008.627842	000000000.096760
000000015.108849	-00000012.018121	000000000.404398
000000025.045792	-00000019.922321	000000000.670367
000000006.682144	-00000005.362988	-00000000.179477
000000008.734493	-00000007.010172	-00000000.078190
000000010.980805	-00000008.892080	000000000.098645
000000012.356319	-00000010.005950	000000000.111002
000000012.493767	-00000010.117252	000000000.336754
000000014.490593	-00000011.734251	000000000.390576
000000006.627347	-00000005.414770	-00000000.179267
000000009.300229	-00000007.598606	-00000000.083845
000000010.625012	-00000008.758584	000000000.096132
000000012.296998	-00000010.136863	000000000.333822
000000014.912231	-00000012.292695	000000000.404817
000000021.176451	-00000017.456518	000000000.574869
000000006.495288	-00000005.402074	-00000000.176963
000000009.225877	-00000007.673081	-00000000.083775
000000010.555835	-00000008.857397	000000000.096202
000000014.421453	-00000012.101036	000000000.394346
000000021.145849	-00000017.743473	000000000.578220
000000025.450073	-00000021.355148	000000000.695917
000000006.486053	-00000005.490849	-00000000.178011
000000009.036452	-00000007.649921	-00000000.082658
000000010.424911	-00000008.903716	000000000.095713
000000013.714716	-00000011.713474	000000000.377801
000000022.921211	-00000019.576565	000000000.631414
000000006.316707	-00000005.442822	-00000000.174660
000000008.060295	-00000006.945195	-00000000.074281
000000010.316628	-00000008.968108	000000000.095434
000000011.906705	-00000010.350341	000000000.330471
000000017.339422	-00000015.072929	000000000.481257
000000022.455231	-00000019.520035	000000000.623246
000000006.366687	-00000005.583435	-00000000.177382
000000008.901567	-00000007.806464	-00000000.082658
000000009.968358	-00000008.819258	000000000.092921
000000010.979424	-00000009.713773	000000000.102345
000000013.088875	-00000011.580058	000000000.366073
000000014.593946	-00000012.911633	000000000.408168
000000022.411329	-00000019.827869	000000000.626807
000000006.071575	-00000005.419088	-00000000.170471
000000008.713738	-00000007.777308	-00000000.081541
000000009.526884	-00000008.578045	000000000.089500
000000011.288095	-00000010.163846	000000000.106045
000000011.300754	-00000010.175244	000000000.318534
000000013.373673	-00000012.041709	000000000.376964
000000017.616098	-00000015.861607	000000000.496545
000000005.868642	-00000005.330699	-00000000.166073
000000008.852793	-00000008.041311	-00000000.083496
000000009.171506	-00000008.404137	000000000.086847
000000011.705397	-00000010.726020	000000000.332566
000000005.763167	-00000005.327417	-00000000.164398
000000005.889123	-00000005.443850	-00000000.055990
000000008.767597	-00000008.104683	-00000000.083356
000000009.090506	-00000008.477034	000000000.086777
000000013.022552	-00000012.143726	000000000.372984
000000015.040646	-00000014.025629	000000000.430786
000000005.643637	-00000005.309003	-00000000.162304
000000005.819542	-00000005.474479	-00000000.055780
000000008.791224	-00000008.269957	-00000000.084264
000000008.965408	-00000008.507855	000000000.086288
000000010.147740	-00000009.629846	000000000.097668
000000014.874166	-00000014.115056	000000000.429529
000000018.674294	-00000017.721243	000000000.539267
000000005.560983	-00000005.323483	-00000000.161257
000000005.720983	-00000005.476650	-00000000.055292
000000008.646486	-00000008.277209	-00000000.083566
000000008.862050	-00000008.557982	000000000.086009
000000009.428476	-00000009.104974	000000000.274555
000000012.736713	-00000012.299701	000000000.370890
000000018.569281	-00000017.932146	000000000.540733
000000005.514315	-00000005.371808	-00000000.161257
000000005.658648	-00000005.512410	-00000000.055152
000000008.509459	-00000008.289549	-00000000.082937
000000008.808429	-00000008.656019	000000000.086219
000000013.776977	-00000013.538597	000000000.404608
000000005.410426	-00000005.363416	-00000000.159581
000000005.681345	-00000005.631980	-00000000.055850
000000008.429695	-00000008.356451	-00000000.082868
000000008.647705	-00000008.647705	000000000.085381
000000009.225719	-00000009.225719	000000000.273299
000000012.527184	-00000012.527184	000000000.371100
000000005.307107	-00000005.353623	-00000000.157906
000000005.610860	-00000005.660039	-00000000.055641
000000008.293091	-00000008.365780	-00000000.082239
000000008.592938	-00000008.744238	000000000.085590
000000009.677434	-00000009.847829	000000000.289215
000000014.912079	-00000015.174642	000000000.445655
000000005.232281	-00000005.371086	-00000000.157068
000000005.540321	-00000005.687299	-00000000.055431
000000005.591864	-00000005.790545	000000000.056199
000000008.412107	-00000008.710993	000000000.084543
000000008.466028	-00000008.766829	000000000.255288
000000009.799479	-00000010.147658	000000000.295498
000000005.129901	-00000005.358765	-00000000.155393
000000005.428245	-00000005.670419	-00000000.054803
000000008.225636	-00000008.668013	000000000.083426
000000009.683024	-00000010.203779	000000000.294660
000000005.062392	-00000005.381481	-00000000.154764
000000005.344297	-00000005.681155	-00000000.054454
000000007.824599	-00000008.317794	-00000000.079726
000000008.122402	-00000008.710210	000000000.083147
000000008.448107	-00000009.059485	000000000.259477
000000016.037085	-00000017.197666	000000000.492566
000000005.008451	-00000005.418112	-00000000.154555
000000005.280941	-00000005.712890	-00000000.054314
000000005.310009	-00000005.794859	000000000.054873
000000008.120397	-00000008.861858	000000000.083915
000000005.308975	-00000005.793729	000000000.164607
000000004.893757	-00000005.387606	-00000000.152461
000000005.183822	-00000005.706943	-00000000.053826
000000005.352914	-00000005.945014	000000000.055850
000000008.102974	-00000008.999265	000000000.084543
000000005.264903	-00000005.847267	000000000.164817
000000007.927459	-00000008.804335	000000000.248168
000000004.899814	-00000005.489778	-00000000.154136
000000005.073895	-00000005.684819	-00000000.053197
000000005.274327	-00000005.961542	000000000.055571
000000005.240175	-00000005.922940	000000000.165655
000000004.871497	-00000005.554878	-00000000.154764
000000005.063653	-00000005.773989	-00000000.053616
000000005.182740	-00000005.962060	000000000.055152
000000005.188289	-00000005.968443	000000000.165655
000000004.822836	-00000005.597178	-00000000.154764
000000004.973908	-00000005.772504	-00000000.053197
000000005.221435	-00000006.113515	000000000.056129
000000005.161980	-00000006.043901	000000000.166492
000000004.851327	-00000005.730619	-00000000.157278
000000004.962111	-00000005.861483	-00000000.053616
000000004.994338	-00000005.952020	000000000.054244
000000007.231184	-00000008.617790	000000000.078539
000000005.109041	-00000006.088717	000000000.166492
000000007.251115	-00000008.796306	000000000.079586
000000005.023916	-00000006.094497	000000000.165445
000000007.612186	-00000009.234321	000000000.250681
000000012.337211	-00000014.966233	000000000.406283
000000005.179180	-00000006.395755	000000000.057456
000000006.991579	-00000008.633881	000000000.077562
000000007.424352	-00000009.168311	000000000.247121
000000006.735444	-00000008.467613	000000000.075537
000000006.920845	-00000008.700694	000000000.232880
000000009.889588	-00000012.432917	000000000.332775
000000006.765954	-00000008.660027	000000000.076724
000000007.078554	-00000009.060136	000000000.240838
000000013.627755	-00000017.442732	000000000.463665
000000006.580551	-00000008.575941	000000000.075467
000000007.230500	-00000009.422971	000000000.248796
000000006.499444	-00000008.625053	000000000.075398
000000006.600463	-00000008.759110	000000000.229738
000000006.352553	-00000008.584982	000000000.074560
000000014.742423	-00000019.923243	000000000.519163
000000006.377315	-00000008.777620	000000000.075747
000000006.534739	-00000008.994296	000000000.232880
000000007.962744	-00000010.959776	000000000.283770
000000006.283053	-00000008.808515	000000000.075537
000000006.074027	-00000008.674609	000000000.073932
000000007.775991	-00000011.105266	000000000.283979
000000006.054735	-00000008.809694	000000000.074630
000000007.582516	-00000011.032630	000000000.280419
000000006.027953	-00000008.936807	000000000.075258
000000007.485951	-00000011.098379	000000000.280419
000000005.933178	-00000008.964054	000000000.075049
000000005.751248	-00000008.856146	000000000.073722
000000007.416357	-00000011.420188	000000000.285236
000000005.765084	-00000009.049369	000000000.074909
000000006.054039	-00000009.502937	000000000.236021
000000007.327159	-00000011.501337	000000000.285655
000000005.558718	-00000008.895807	000000000.073233
000000007.290090	-00000011.666583	000000000.288168
000000005.439077	-00000008.875768	000000000.072675
000000007.093974	-00000011.576314	000000000.284398
000000005.237810	-00000008.717179	000000000.070999
000000005.535445	-00000009.212527	000000000.225131
000000006.961788	-00000011.586361	000000000.283142
000000005.379776	-00000009.133047	000000000.074001
000000005.279871	-00000009.145006	000000000.073722
000000005.833720	-00000010.104300	000000000.244398
