000000004.308109	000000004.999807	-00000000.046076
000000004.200792	000000004.706590	-00000000.132147
000000004.408029	000000004.938779	-00000000.046216
000000004.268593	000000004.699354	-00000000.132984
000000004.518195	000000004.974144	-00000000.046914
000000004.356945	000000004.713316	-00000000.134450
000000004.622520	000000005.000614	-00000000.047542
000000004.439012	000000004.718809	-00000000.135707
000000004.665982	000000004.960085	-00000000.047542
000000004.521503	000000004.723224	-00000000.136963
000000004.688344	000000004.897509	-00000000.047333
000000007.343689	000000007.671318	-00000000.074141
000000004.583478	000000004.705072	-00000000.137592
000000004.689037	000000004.813432	-00000000.046914
000000007.466176	000000007.664244	-00000000.074699
000000004.666594	000000004.707497	-00000000.138848
000000004.815343	000000004.857550	-00000000.047752
000000006.089579	000000006.142953	-00000000.060388
000000007.575014	000000007.641408	-00000000.075118
000000004.728797	000000004.687710	-00000000.139477
000000005.638734	000000005.589741	-00000000.055431
000000007.740832	000000007.673573	-00000000.076096
000000004.876946	000000004.750911	-00000000.142618
000000005.773253	000000005.624054	-00000000.056269
000000007.800338	000000007.598753	-00000000.076026
000000004.983218	000000004.770394	-00000000.144503
000000005.778771	000000005.531970	-00000000.055850
000000007.989151	000000007.647948	-00000000.077213
000000005.039222	000000004.740427	-00000000.144922
000000005.972496	000000005.618363	-00000000.057246
000000008.135706	000000007.653307	-00000000.077981
000000005.095080	000000004.709844	-00000000.145340
000000005.911152	000000005.464213	-00000000.056199
000000008.260927	000000007.636322	-00000000.078539
000000005.158189	000000004.685369	-00000000.145969
000000005.854982	000000005.318292	-00000000.055222
000000008.386467	000000007.617730	-00000000.079098
000000005.198879	000000004.640177	-00000000.145969
000000006.184665	000000005.520024	-00000000.057875
000000008.542149	000000007.624159	-00000000.079935
000000005.254208	000000004.607816	-00000000.146388
000000006.187490	000000005.426283	-00000000.057456
000000008.743684	000000007.668005	-00000000.081192
000000005.347236	000000004.607473	-00000000.147853
000000006.067948	000000005.228478	-00000000.055920
000000008.825417	000000007.604465	-00000000.081332
000000005.425393	000000004.592934	-00000000.148901
000000005.975965	000000005.059027	-00000000.054663
000000007.845839	000000006.641993	-00000000.071767
000000009.021188	000000007.636999	-00000000.082518
000000005.511387	000000004.583772	-00000000.150157
000000005.966067	000000004.961926	-00000000.054175
000000009.187436	000000007.641110	-00000000.083426
000000005.628600	000000004.598759	-00000000.152251
000000006.311146	000000005.156423	-00000000.056897
000000009.400898	000000007.680856	-00000000.084753
000000005.715300	000000004.587013	-00000000.153508
000000006.823823	000000005.476697	-00000000.061086
000000009.490963	000000007.617303	-00000000.084962
000000005.865031	000000004.623618	-00000000.156440
000000006.368765	000000005.020730	-00000000.056618
000000009.769104	000000007.701341	-00000000.086847
000000005.936777	000000004.596744	-00000000.157278
000000006.681164	000000005.173110	-00000000.058992
000000006.056247	000000004.605277	-00000000.159372
000000006.487258	000000004.933025	-00000000.056897
000000010.164699	000000007.729416	-00000000.089151
000000006.152279	000000004.594125	-00000000.160838
000000006.834528	000000005.103584	-00000000.059550
000000006.288888	000000004.611204	-00000000.163351
000000006.701392	000000004.913664	-00000000.058014
000000006.328889	000000004.556148	-00000000.163351
000000006.914442	000000004.977686	-00000000.059480
000000006.539865	000000004.621919	-00000000.167749
000000006.916786	000000004.888301	-00000000.059131
000000006.571734	000000004.558974	-00000000.167539
000000007.230317	000000005.015850	-00000000.061435
000000006.784813	000000004.619615	-00000000.171937
000000007.166358	000000004.879400	-00000000.060528
000000008.306754	000000005.602977	000000000.069952
000000006.907998	000000004.615777	-00000000.174032
000000007.358327	000000004.916677	-00000000.061784
000000008.130189	000000005.381255	000000000.068067
000000006.973097	000000004.571763	-00000000.174660
000000007.384227	000000004.841311	-00000000.061645
000000008.277476	000000005.375456	000000000.068905
000000008.368096	000000005.434305	000000000.209005
000000007.122038	000000004.581049	-00000000.177382
000000007.602808	000000004.890290	-00000000.063111
000000008.138529	000000005.184814	000000000.067369
000000008.457360	000000005.387933	000000000.210052
000000007.178654	000000004.529394	-00000000.177801
000000007.636736	000000004.818421	-00000000.063041
000000008.242826	000000005.150690	000000000.067858
000000008.478621	000000005.298030	000000000.209424
000000007.362435	000000004.556013	-00000000.181361
000000007.814546	000000004.835788	-00000000.064158
000000008.210725	000000005.031538	000000000.067230
000000008.516006	000000005.218616	000000000.209215
000000007.427555	000000004.507151	-00000000.181990
000000007.873547	000000004.777785	-00000000.064297
000000008.280034	000000004.975146	000000000.067439
000000008.466956	000000005.087460	000000000.206911
000000007.552526	000000004.493280	-00000000.184084
000000008.018066	000000004.770248	-00000000.065135
000000008.280054	000000004.877325	000000000.067090
000000008.459342	000000004.982934	000000000.205655
000000007.634631	000000004.452385	-00000000.185131
000000008.076666	000000004.710172	-00000000.065275
000000008.434881	000000004.869881	000000000.067997
000000008.692988	000000005.018899	000000000.210262
000000007.716595	000000004.410398	-00000000.186178
000000008.221642	000000004.699056	-00000000.066113
000000008.511871	000000004.815785	000000000.068277
000000008.719051	000000004.933002	000000000.209843
000000007.815850	000000004.377086	-00000000.187644
000000008.375758	000000004.690650	-00000000.067020
000000008.658524	000000004.799498	000000000.069114
000000008.849210	000000004.905197	000000000.211937
000000007.958933	000000004.366420	-00000000.190157
000000008.477741	000000004.651048	-00000000.067509
000000008.805533	000000004.781014	000000000.069952
000000008.838962	000000004.799165	000000000.210681
000000019.637255	000000010.662160	000000000.468063
000000008.067189	000000004.334657	-00000000.191833
000000008.711798	000000004.681017	-00000000.069045
000000008.988188	000000004.779104	000000000.071069
000000017.761011	000000009.443697	000000000.421362
000000019.641275	000000010.443451	000000000.465969
000000008.175492	000000004.301334	-00000000.193508
000000008.831961	000000004.646719	-00000000.069673
000000015.389263	000000008.011144	000000000.121125
000000017.337257	000000009.025206	000000000.409424
000000008.097170	000000004.170316	-00000000.190785
000000009.005525	000000004.638150	-00000000.070720
000000015.316030	000000007.803907	000000000.120008
000000017.290644	000000008.810023	000000000.406492
000000008.454657	000000004.261497	-00000000.198325
000000009.179600	000000004.626899	-00000000.071767
000000015.750462	000000007.852890	000000000.122870
000000017.635286	000000008.792629	000000000.412775
000000008.168718	000000004.028366	-00000000.190785
000000009.497651	000000004.683723	-00000000.073932
000000015.890292	000000007.750213	000000000.123429
000000017.765261	000000008.664697	000000000.414032
000000022.707544	000000011.075210	000000000.529215
000000008.617791	000000004.156729	-00000000.200419
000000009.565182	000000004.613696	-00000000.074141
000000016.282242	000000007.766232	000000000.125942
000000018.020674	000000008.595421	000000000.418220
000000021.332436	000000010.175050	000000000.495079
000000022.956734	000000010.949800	000000000.532775
000000008.301078	000000003.915042	-00000000.192251
000000009.813100	000000004.628158	-00000000.075747
000000012.651749	000000005.899607	000000000.097458
000000016.521587	000000007.704143	000000000.127268
000000018.403074	000000008.581494	000000000.425341
000000020.115622	000000009.380068	000000000.464922
000000022.987988	000000010.719474	000000000.531309
000000008.661786	000000003.993138	-00000000.199791
000000009.943925	000000004.584212	-00000000.076445
000000012.702750	000000005.788977	000000000.097458
000000018.586432	000000008.470325	000000000.427854
000000008.258753	000000003.720297	-00000000.189738
000000010.330012	000000004.653331	-00000000.079098
000000012.661431	000000005.637232	000000000.096760
000000013.033435	000000005.802859	000000000.298848
000000020.586800	000000009.165833	000000000.472042
000000023.180698	000000010.320712	000000000.531519
000000008.107881	000000003.567553	-00000000.185550
000000010.489214	000000004.615365	-00000000.080005
000000012.673461	000000005.510578	000000000.096481
000000020.849373	000000009.065565	000000000.476231
000000023.324892	000000010.141952	000000000.532775
000000044.797729	000000019.478607	000000001.023247
000000008.368352	000000003.595328	-00000000.190785
000000010.740407	000000004.614443	-00000000.081611
000000012.647429	000000005.368515	000000000.095923
000000012.948663	000000005.496381	000000000.294660
000000021.047329	000000008.934061	000000000.478953
000000008.795868	000000003.688413	-00000000.199791
000000011.038477	000000004.628818	-00000000.083566
000000012.656841	000000005.242635	000000000.095643
000000013.097739	000000005.425261	000000000.296964
000000021.059834	000000008.723269	000000000.477487
000000025.548903	000000010.582703	000000000.579267
000000008.124463	000000003.323806	-00000000.183874
000000011.328340	000000004.634546	-00000000.085451
000000012.692838	000000005.128239	000000000.095573
000000013.153853	000000005.314502	000000000.297173
000000008.738181	000000003.486181	-00000000.197068
000000011.498383	000000004.587389	-00000000.086428
000000012.690587	000000004.998955	000000000.095224
000000013.209032	000000005.203176	000000000.297382
000000008.488729	000000003.301086	-00000000.190785
000000011.752333	000000004.570232	-00000000.088034
000000012.715055	000000004.880853	000000000.095085
000000013.169930	000000005.055463	000000000.295498
000000023.670408	000000009.086218	000000000.531100
000000025.789169	000000009.899534	000000000.578639
000000008.825740	000000003.343774	-00000000.197696
000000011.988141	000000004.541900	-00000000.089500
000000012.775898	000000004.776712	000000000.095224
000000013.147993	000000004.915833	000000000.294032
000000025.855848	000000009.667106	000000000.578220
000000041.803875	000000015.629828	000000000.934870
000000008.273032	000000003.052083	-00000000.184712
000000012.233717	000000004.513257	-00000000.091036
000000013.014426	000000004.736864	000000000.096690
000000013.331313	000000004.852201	000000000.297173
000000023.975697	000000008.726439	000000000.534451
000000025.967407	000000009.451364	000000000.578848
000000008.572233	000000003.077746	-00000000.190785
000000012.592628	000000004.521215	-00000000.093409
000000013.196659	000000004.673182	000000000.097738
000000013.448545	000000004.762379	000000000.298848
000000023.947268	000000008.480172	000000000.532147
000000026.067745	000000009.231072	000000000.579267
000000008.400549	000000002.933603	-00000000.186388
000000012.603282	000000004.401263	-00000000.093200
000000013.454401	000000004.632722	000000000.099343
000000022.776987	000000007.842746	000000000.168179
000000026.118948	000000008.993475	000000000.578639
000000042.463379	000000014.621313	000000000.940733
000000008.851855	000000003.004800	-00000000.195812
000000013.152539	000000004.464685	-00000000.096970
000000017.059927	000000005.708171	000000000.125593
000000026.566202	000000008.888927	000000000.586807
000000048.666779	000000016.283676	000000001.074974
000000008.374509	000000002.761499	-00000000.184712
000000012.687671	000000004.183766	-00000000.093270
000000016.880842	000000005.484918	000000000.123917
000000017.276907	000000005.613607	000000000.380524
000000026.994572	000000008.771069	000000000.594555
000000008.807729	000000002.819376	-00000000.193717
000000013.447501	000000004.304579	-00000000.098575
000000016.966211	000000005.349426	000000000.124197
000000017.344307	000000005.468639	000000000.380943
000000048.667038	000000015.344658	000000001.068901
000000008.574198	000000002.662359	-00000000.188063
000000012.682356	000000003.937976	-00000000.092711
000000017.060061	000000005.215784	000000000.124546
000000017.544344	000000005.363844	000000000.384293
000000008.759856	000000002.636417	-00000000.191623
000000012.869445	000000003.873263	-00000000.093828
000000015.014354	000000004.518807	-00000000.109466
000000017.162455	000000005.083751	000000000.124965
000000017.580898	000000005.207699	000000000.384084
000000008.475381	000000002.470348	-00000000.184922
000000012.825953	000000003.738425	-00000000.093270
000000017.071592	000000004.895200	000000000.123987
000000017.616062	000000005.051325	000000000.383875
000000045.573032	000000013.067856	000000000.993089
000000008.794912	000000002.480422	-00000000.191414
000000017.046207	000000004.727332	000000000.123498
000000017.408983	000000004.827938	000000000.378430
000000045.348137	000000012.576152	000000000.985760
000000008.584723	000000002.340464	-00000000.186388
000000013.043607	000000003.556095	-00000000.094387
000000016.362392	000000004.460900	-00000000.118402
000000017.260675	000000004.624984	000000000.124755
000000017.691879	000000004.740525	000000000.383665
000000045.417526	000000012.169590	000000000.984922
000000008.769183	000000002.308733	-00000000.189948
000000016.903551	000000004.450334	-00000000.122032
000000017.639219	000000004.561812	000000000.127199
000000022.088284	000000005.712419	000000000.477906
000000045.628471	000000011.800324	000000000.987226
000000008.585503	000000002.180440	-00000000.185550
000000012.948609	000000003.288528	-00000000.093270
000000017.494190	000000004.442958	-00000000.126012
000000018.085871	000000004.509314	000000000.130131
000000021.423607	000000005.341505	000000000.154146
000000021.923874	000000005.466236	000000000.473299
000000046.185650	000000011.515375	000000000.997069
000000008.924675	000000002.183854	-00000000.192461
000000012.967101	000000003.173029	-00000000.093200
000000014.433791	000000003.531926	-00000000.103742
000000018.124802	000000004.435111	-00000000.130270
000000018.639877	000000004.475039	000000000.133831
000000021.741663	000000005.219711	000000000.156101
000000022.184614	000000005.326055	000000000.477906
000000008.631980	000000002.032562	-00000000.185759
000000012.770425	000000003.007036	-00000000.091594
000000015.622355	000000003.678576	-00000000.112049
000000019.331032	000000004.462920	000000000.138508
000000021.747410	000000005.020785	000000000.155822
000000022.181541	000000005.121012	000000000.476859
000000008.668892	000000001.961570	-00000000.186178
000000013.098529	000000002.963894	-00000000.093758
000000020.042870	000000004.443397	000000000.143325
000000021.868498	000000004.848129	000000000.156380
000000022.381557	000000004.961872	000000000.480210
000000042.117935	000000009.337321	000000000.903665
000000008.617288	000000001.870997	-00000000.184712
000000012.625518	000000002.741269	-00000000.090198
000000021.303535	000000004.528206	000000000.152052
000000022.384888	000000004.758055	000000000.479372
000000033.552887	000000007.131886	000000000.718534
000000008.789900	000000001.828302	-00000000.188063
000000013.461547	000000002.800006	-00000000.095992
000000021.998774	000000004.475701	000000000.156729
000000026.168047	000000005.323949	000000000.559372
000000042.382244	000000008.622765	000000000.905969
000000008.609406	000000001.712517	-00000000.183874
000000012.632207	000000002.512702	-00000000.089919
000000016.349293	000000003.252076	-00000000.116378
000000022.616140	000000004.396132	000000000.160848
000000026.022303	000000005.058223	000000000.185073
000000026.439238	000000005.139267	000000000.564189
000000008.830292	000000001.676483	-00000000.188272
000000013.115394	000000002.490035	-00000000.093200
000000023.676201	000000004.388124	000000000.168109
000000026.026123	000000004.823657	000000000.184794
000000026.365112	000000004.886485	000000000.561676
000000008.559277	000000001.547769	-00000000.182199
000000012.831578	000000002.320327	-00000000.091036
000000015.380181	000000002.781190	-00000000.109117
000000025.240007	000000004.450494	000000000.178930
000000026.613516	000000004.692681	000000000.566074
000000030.167891	000000005.319413	000000000.641676
000000008.808938	000000001.513652	-00000000.187225
000000013.137142	000000002.257374	-00000000.093060
000000026.323322	000000004.405014	000000000.186330
000000045.516960	000000007.616927	000000000.966702
000000008.584985	000000001.398154	-00000000.182199
000000012.712204	000000002.070314	-00000000.089919
000000015.544814	000000002.531634	-00000000.109955
000000027.417561	000000004.342515	000000000.193800
000000045.492821	000000007.205355	000000000.964817
000000008.794488	000000001.353601	-00000000.186388
000000012.660603	000000001.948653	-00000000.089430
000000028.037916	000000004.190295	000000000.197919
000000042.437637	000000006.342347	000000000.299566
000000045.791283	000000006.843553	000000000.969844
000000008.578396	000000001.243808	-00000000.181571
000000012.429719	000000001.802223	-00000000.087685
000000023.696537	000000003.330331	000000000.167062
000000042.441856	000000005.964814	000000000.299217
000000049.136227	000000006.905646	000000001.039372
000000008.777146	000000001.194517	-00000000.185550
000000012.712500	000000001.730095	-00000000.089570
000000017.795517	000000002.421864	-00000000.125383
000000023.863497	000000003.141689	000000000.168039
000000025.211828	000000003.319200	000000000.177533
000000042.601349	000000005.608574	000000000.299985
000000049.670406	000000006.539233	000000001.049425
000000008.519454	000000001.083811	-00000000.179895
000000012.578317	000000001.600164	-00000000.088522
000000026.490412	000000003.252614	000000000.186330
000000042.618893	000000005.232942	000000000.299775
000000051.402615	000000006.311448	000000001.084817
000000008.766871	000000001.037628	-00000000.184922
000000012.631523	000000001.495039	-00000000.088802
000000042.503967	000000004.842715	000000000.298658
000000049.329956	000000005.620439	000000001.040001
000000008.497318	000000000.930608	-00000000.179058
000000012.564567	000000001.376044	-00000000.088243
000000042.544609	000000004.471619	000000000.298658
000000049.178265	000000005.168844	000000001.035812
000000008.733908	000000000.879458	-00000000.183874
000000012.665640	000000001.275363	-00000000.088871
000000042.462566	000000004.088680	000000000.297821
000000049.191643	000000004.736617	000000001.035184
000000008.542132	000000000.784912	-00000000.179686
000000012.427342	000000001.141912	-00000000.087126
000000021.507320	000000001.881647	000000000.150725
000000042.626133	000000003.729303	000000000.298728
000000042.976376	000000003.759946	000000000.903665
000000008.708072	000000000.723585	-00000000.183037
000000012.805555	000000001.064060	-00000000.089709
000000022.848789	000000001.798239	000000000.160010
000000042.617176	000000003.354045	000000000.298449
000000042.768341	000000003.365942	000000000.898639
000000008.524619	000000000.633489	-00000000.179058
000000012.445378	000000000.924851	-00000000.087126
000000042.704678	000000002.986202	000000000.298868
000000042.845951	000000002.996081	000000000.899686
000000008.679468	000000000.568882	-00000000.182199
000000012.712413	000000000.833216	-00000000.088941
000000042.709148	000000002.612203	000000000.298728
000000042.780655	000000002.616577	000000000.897802
000000044.217655	000000002.704468	000000000.927959
000000008.444541	000000000.479516	-00000000.177173
000000012.299886	000000000.698438	-00000000.086009
000000023.237543	000000001.217828	000000000.162454
000000042.810204	000000002.243588	000000000.299287
000000042.921669	000000002.249429	000000000.900315
000000008.688075	000000000.417318	-00000000.182199
000000012.605160	000000000.605469	-00000000.088104
000000042.828152	000000001.869918	000000000.299287
000000043.568924	000000001.902260	000000000.913508
000000049.591866	000000002.165228	000000001.039791
000000008.451624	000000000.332065	-00000000.177173
000000012.390138	000000000.486810	-00000000.086568
000000023.195295	000000000.809998	000000000.162035
000000026.093460	000000000.911204	000000000.182281
000000042.882816	000000001.497501	000000000.299566
000000046.581383	000000001.626658	000000000.976336
000000049.778732	000000001.738312	000000001.043351
000000008.704028	000000000.265932	-00000000.182408
000000012.623802	000000000.385692	-00000000.088173
000000030.938641	000000000.810157	000000000.216070
000000042.814281	000000001.121131	000000000.299007
000000043.195717	000000001.131120	000000000.905131
000000046.333950	000000001.213297	000000000.970891
000000008.496114	000000000.185386	-00000000.178011
000000012.276778	000000000.267880	-00000000.085730
000000042.812435	000000000.747294	000000000.298938
000000043.173950	000000000.753604	000000000.904503
000000008.697347	000000000.113855	-00000000.182199
000000012.748597	000000000.166888	-00000000.089011
000000042.927319	000000000.374621	000000000.299706
000000046.298080	000000000.404037	000000000.969844
000000008.458064	000000000.036906	-00000000.177173
000000012.399579	000000000.054104	-00000000.086568
000000042.978951	000000000.000000	000000000.300055
000000046.809731	000000000.000000	000000000.980524
000000049.869061	000000000.000000	000000001.044608
000000008.728002	-00000000.038083	-00000000.182827
000000012.609572	-00000000.055020	-00000000.088034
000000043.037312	-00000000.375581	000000000.300473
000000049.787182	-00000000.434486	000000001.042933
000000008.417432	-00000000.110190	-00000000.176335
000000012.238653	-00000000.160213	-00000000.085451
000000043.092384	-00000000.752180	000000000.300892
000000049.811485	-00000000.869463	000000001.043561
000000008.696022	-00000000.189748	-00000000.182199
000000012.856626	-00000000.280533	-00000000.089779
000000043.114170	-00000001.128984	000000000.301102
000000049.971905	-00000001.308560	000000001.047121
000000008.464193	-00000000.258604	-00000000.177382
000000012.273973	-00000000.375004	-00000000.085730
000000043.262577	-00000001.510762	000000000.302219
000000046.351570	-00000001.618633	000000000.971519
000000008.691386	-00000000.341485	-00000000.182199
000000012.609963	-00000000.495447	-00000000.088104
000000042.997990	-00000001.877333	000000000.300473
000000049.811607	-00000002.174822	000000001.044398
000000008.368514	-00000000.401969	-00000000.175497
000000012.385418	-00000000.594914	-00000000.086568
000000042.999943	-00000002.253531	000000000.300613
000000050.479637	-00000002.645526	000000001.058849
000000008.694084	-00000000.493686	-00000000.182408
000000012.489575	-00000000.709210	-00000000.087336
000000043.108391	-00000002.636622	000000000.301521
000000043.329506	-00000002.650146	000000000.909320
000000008.440035	-00000000.553189	-00000000.177173
000000012.492889	-00000000.818827	-00000000.087405
000000042.993961	-00000003.006431	000000000.300892
000000043.165100	-00000003.018398	000000000.906388
000000008.674173	-00000000.644602	-00000000.182199
000000012.874186	-00000000.956717	-00000000.090128
000000043.055809	-00000003.388566	000000000.301521
000000043.137119	-00000003.394965	000000000.906388
000000008.478912	-00000000.704543	-00000000.178220
000000012.636143	-00000001.049983	-00000000.088522
000000043.134178	-00000003.773752	000000000.302289
000000043.185528	-00000003.778244	000000000.908063
000000008.781073	-00000000.806867	-00000000.184712
000000012.447258	-00000001.143742	-00000000.087266
000000043.268818	-00000004.166314	000000000.303475
000000046.484760	-00000004.475973	000000000.978220
000000008.534958	-00000000.859425	-00000000.179686
000000012.814882	-00000001.290391	-00000000.089919
000000018.336823	-00000001.846421	-00000000.128665
000000043.310371	-00000004.552104	000000000.304034
000000046.404156	-00000004.877273	000000000.977383
000000008.606640	-00000000.942580	-00000000.181361
000000013.151045	-00000001.440274	-00000000.092362
000000043.994289	-00000005.012516	000000000.309130
000000044.343319	-00000005.052283	000000000.934870
000000008.528587	-00000001.009425	-00000000.179895
000000013.028741	-00000001.542053	-00000000.091594
000000028.912165	-00000003.549967	000000000.203364
000000043.869473	-00000005.386494	000000000.308572
000000044.376930	-00000005.448802	000000000.936545
000000046.738670	-00000005.738787	000000000.986388
000000008.866579	-00000001.127971	-00000000.187225
000000013.659575	-00000001.737718	-00000000.096132
000000043.890194	-00000005.778254	000000000.309060
000000050.503036	-00000006.648851	000000001.067016
000000008.470046	-00000001.152723	-00000000.179058
000000013.316913	-00000001.812352	-00000000.093828
000000043.352879	-00000006.092850	000000000.305640
000000050.750008	-00000007.132448	000000001.073508
000000008.944487	-00000001.296889	-00000000.189319
000000014.438662	-00000002.093506	-00000000.101857
000000015.586630	-00000002.259954	-00000000.109955
000000043.416740	-00000006.488675	000000000.306477
000000050.547401	-00000007.554360	000000001.070576
000000008.725318	-00000001.342955	-00000000.184922
000000013.480923	-00000002.074913	-00000000.095224
000000019.994066	-00000003.077381	-00000000.141231
000000043.437473	-00000006.879820	000000000.307036
000000050.627674	-00000008.018636	000000001.073718
000000008.969830	-00000001.460829	-00000000.190367
000000043.573036	-00000007.291625	000000000.308432
000000043.998409	-00000007.362809	000000000.934451
000000008.690698	-00000001.493335	-00000000.184712
000000013.639764	-00000002.343740	-00000000.096621
000000043.507748	-00000007.671589	000000000.308432
000000043.509109	-00000007.671830	000000000.925445
000000009.031512	-00000001.633164	-00000000.192251
000000020.378984	-00000003.685121	-00000000.144582
000000043.616127	-00000008.083771	000000000.309689
000000043.332371	-00000008.031180	000000000.923142
000000008.791002	-00000001.669024	-00000000.187435
000000013.557486	-00000002.573969	-00000000.096341
000000016.848614	-00000003.198809	-00000000.119729
000000043.543922	-00000008.464081	000000000.309689
000000043.329338	-00000008.422370	000000000.924608
000000009.187943	-00000001.827595	-00000000.196230
000000020.664642	-00000004.110453	-00000000.147095
000000028.093758	-00000005.715739	000000000.200153
000000029.975166	-00000006.098516	000000000.213557
000000043.861607	-00000008.923745	000000000.937592
000000008.887783	-00000001.848662	-00000000.190157
000000014.097911	-00000002.932370	-00000000.100530
000000026.859278	-00000005.709116	000000000.191705
000000029.734962	-00000006.320361	000000000.212230
000000046.813656	-00000009.950550	000000001.002514
000000009.281659	-00000002.015246	-00000000.198953
000000015.547368	-00000003.375664	-00000000.111072
000000025.822401	-00000005.724689	000000000.184654
000000029.688438	-00000006.581768	000000000.212300
000000046.685997	-00000010.350037	000000001.001676
000000008.951679	-00000002.025558	-00000000.192251
000000014.083599	-00000003.186793	-00000000.100809
000000025.079674	-00000005.790099	000000000.179698
000000030.101431	-00000006.949463	000000000.647121
000000009.342392	-00000002.199841	-00000000.201047
000000023.589119	-00000005.663247	000000000.169365
000000025.514364	-00000006.125457	000000000.183188
000000034.540726	-00000008.292495	000000000.744084
000000008.963521	-00000002.193360	-00000000.193299
000000014.764039	-00000003.612737	-00000000.106115
000000022.684961	-00000005.655996	000000000.163222
000000025.459940	-00000006.347876	000000000.183188
000000025.910913	-00000006.460317	000000000.559372
000000009.438238	-00000002.397007	-00000000.203979
000000016.941744	-00000004.302655	-00000000.122032
000000021.831196	-00000005.645931	000000000.157427
000000025.481024	-00000006.589841	000000000.183747
000000035.765209	-00000009.249513	000000000.773822
000000009.030229	-00000002.377461	-00000000.195602
000000015.162911	-00000003.992061	-00000000.109466
000000020.926363	-00000005.509452	-00000000.151074
000000021.481667	-00000005.755995	000000000.155263
000000035.799019	-00000009.592318	000000000.776335
000000050.922096	-00000013.644535	000000001.104294
000000009.462488	-00000002.579770	-00000000.205445
000000018.041084	-00000004.918564	-00000000.130550
000000019.420694	-00000005.294689	-00000000.140533
000000020.987360	-00000005.820310	000000000.152052
000000021.493879	-00000005.960781	000000000.467225
000000050.781822	-00000014.083045	000000001.103875
000000009.141319	-00000002.578119	-00000000.198953
000000014.041880	-00000003.960220	-00000000.101857
000000016.149607	-00000004.554660	-00000000.117146
000000019.556614	-00000005.515535	-00000000.141859
000000020.753134	-00000005.950866	000000000.150725
000000021.556372	-00000006.181190	000000000.469738
000000047.447083	-00000013.605231	000000001.033927
000000009.444818	-00000002.752914	-00000000.206073
000000017.280476	-00000005.036799	-00000000.125663
000000020.978464	-00000006.214104	000000000.152750
000000035.736958	-00000010.585770	000000000.780733
000000009.209816	-00000002.771840	-00000000.201466
000000015.292042	-00000004.602382	-00000000.111491
000000017.973177	-00000005.409312	-00000000.131038
000000020.990379	-00000006.417403	000000000.153239
000000021.406967	-00000006.544766	000000000.468901
000000009.548105	-00000002.964765	-00000000.209424
000000017.180389	-00000005.334653	-00000000.125593
000000019.903589	-00000006.275578	000000000.145699
000000019.928312	-00000006.283373	000000000.437697
000000043.947174	-00000013.856491	000000000.965236
000000009.236213	-00000002.956535	-00000000.203141
000000014.466539	-00000004.630776	-00000000.106045
000000016.704617	-00000005.347190	-00000000.122451
000000017.632158	-00000005.729036	000000000.129433
000000020.846651	-00000006.773488	000000000.153029
000000027.950869	-00000009.081788	000000000.205179
000000043.995735	-00000014.295080	000000000.969006
000000009.428444	-00000003.109035	-00000000.207958
000000010.558338	-00000003.481618	-00000000.232880
000000015.840595	-00000005.223445	-00000000.116447
000000017.050444	-00000005.704998	000000000.125523
000000027.026566	-00000009.042962	000000000.198966
000000017.303110	-00000005.789540	000000000.382199
000000043.821907	-00000014.662605	000000000.967959
000000009.258945	-00000003.142988	-00000000.204817
000000015.188390	-00000005.155764	-00000000.111979
000000016.820366	-00000005.791717	000000000.124197
000000032.499802	-00000011.190578	000000000.720000
000000044.467442	-00000015.311367	000000000.985131
000000047.757122	-00000016.444096	000000001.058011
000000009.495453	-00000003.315961	-00000000.210681
000000015.614853	-00000005.452950	-00000000.115470
000000016.712626	-00000005.918251	000000000.123778
000000016.982676	-00000006.013881	000000000.377382
000000047.734322	-00000016.903610	000000001.060734
000000009.353237	-00000003.358155	-00000000.208168
000000015.180799	-00000005.450464	-00000000.112608
000000016.669741	-00000006.067289	000000000.123848
000000017.014101	-00000006.192626	000000000.379267
000000051.248989	-00000018.653107	000000001.142409
000000009.473655	-00000003.495016	-00000000.211518
000000012.634665	-00000004.661174	-00000000.282094
000000015.076367	-00000005.561965	-00000000.112189
000000016.709826	-00000006.247548	000000000.124546
000000016.987507	-00000006.351368	000000000.379895
000000009.489540	-00000003.595265	-00000000.212566
000000014.634509	-00000005.544519	-00000000.109257
000000016.635998	-00000006.385961	000000000.124406
000000017.239449	-00000006.617604	000000000.386806
000000024.510445	-00000009.408678	000000000.549948
000000051.597008	-00000019.806234	000000001.157697
000000010.035523	-00000003.902602	-00000000.225550
000000014.250053	-00000005.541543	-00000000.106743
000000016.681980	-00000006.571207	000000000.125174
000000023.952997	-00000009.435337	000000000.539267
000000033.515591	-00000013.202143	000000000.754555
000000009.453208	-00000003.771447	-00000000.213194
000000013.950380	-00000005.565637	-00000000.104859
000000016.670359	-00000006.735262	000000000.125523
000000022.409487	-00000009.054021	000000000.168737
000000023.536034	-00000009.509175	000000000.531728
000000032.537014	-00000013.145807	000000000.735079
000000044.708271	-00000018.063313	000000001.010053
000000012.390269	-00000005.068993	-00000000.280419
000000013.586604	-00000005.558426	-00000000.102485
000000016.518562	-00000006.842213	000000000.124825
000000021.562822	-00000008.931614	000000000.162943
000000022.981081	-00000009.519075	000000000.521047
000000035.875610	-00000014.860165	000000000.813404
000000009.533467	-00000003.997715	-00000000.216545
000000012.668262	-00000005.312243	-00000000.287749
000000013.214818	-00000005.541433	-00000000.100041
000000020.959385	-00000008.896731	000000000.158963
000000022.565830	-00000009.578627	000000000.513508
000000025.243912	-00000010.715405	000000000.574451
000000010.334134	-00000004.439894	-00000000.235602
000000012.899514	-00000005.542068	-00000000.098017
000000017.561272	-00000007.635859	000000000.133691
000000020.514135	-00000008.919800	000000000.156171
000000022.151312	-00000009.631664	000000000.505969
000000030.109648	-00000013.092048	000000000.687749
000000009.572059	-00000004.211806	-00000000.219058
000000012.704214	-00000005.589988	-00000000.096900
000000012.944624	-00000005.763318	000000000.098924
000000020.079239	-00000008.939854	000000000.153448
000000021.710213	-00000009.666010	000000000.497801
000000051.731865	-00000023.032511	000000001.186179
000000011.239560	-00000005.063053	-00000000.258220
000000012.445249	-00000005.606175	-00000000.095294
000000012.739147	-00000005.805564	000000000.097738
000000019.727480	-00000008.990331	000000000.151354
000000021.106472	-00000009.618773	000000000.485864
000000009.660524	-00000004.453563	-00000000.222827
000000012.168821	-00000005.609904	-00000000.093549
000000012.597371	-00000005.874250	000000000.097040
000000019.548582	-00000009.115654	000000000.150586
000000012.613038	-00000005.881556	000000000.291518
000000020.668346	-00000009.637808	000000000.477697
000000022.661787	-00000010.567365	000000000.523770
000000011.384593	-00000005.369323	-00000000.263665
000000011.974694	-00000005.647633	-00000000.092432
000000012.428297	-00000005.927993	000000000.096132
000000020.204453	-00000009.637030	000000000.468901
000000022.550659	-00000010.756113	000000000.523351
000000009.671377	-00000004.664918	-00000000.224922
000000011.672765	-00000005.630273	-00000000.090477
000000012.394068	-00000006.044991	000000000.096272
000000018.910166	-00000009.223104	000000000.146886
000000012.724133	-00000006.205974	000000000.296545
000000019.688259	-00000009.602605	000000000.458848
000000022.428978	-00000010.939343	000000000.522723
000000010.921515	-00000005.385895	-00000000.255079
000000011.560409	-00000005.700963	-00000000.089988
000000012.376640	-00000006.170765	000000000.096551
000000012.544229	-00000006.254322	000000000.293613
000000009.704553	-00000004.891497	-00000000.227644
000000011.215543	-00000005.653099	-00000000.087685
000000012.420328	-00000006.328473	000000000.097319
000000018.033533	-00000009.188543	000000000.141301
000000019.018818	-00000009.690572	000000000.447121
000000010.434772	-00000005.374261	-00000000.245864
000000010.730175	-00000005.526403	-00000000.084264
000000012.081449	-00000006.222355	-00000000.094875
000000012.346890	-00000006.427384	000000000.097179
000000017.606737	-00000009.165486	000000000.138578
000000012.335614	-00000006.421515	000000000.291309
000000018.569933	-00000009.666896	000000000.438534
000000009.715033	-00000005.111326	-00000000.229948
000000010.761188	-00000005.661735	-00000000.084892
000000012.431599	-00000006.609999	000000000.098296
000000017.146425	-00000009.116916	000000000.135576
000000018.202387	-00000009.678381	000000000.431833
000000019.879620	-00000010.570181	000000000.471623
000000010.128022	-00000005.441982	-00000000.240838
000000010.394258	-00000005.585036	-00000000.082379
000000011.962205	-00000006.427525	-00000000.094806
000000016.565300	-00000008.994224	000000000.131597
000000017.827290	-00000009.679428	000000000.424922
000000009.650644	-00000005.294525	-00000000.230576
000000010.257453	-00000005.627431	-00000000.081681
000000012.159904	-00000006.671152	-00000000.096830
000000016.215055	-00000008.988152	000000000.129433
000000017.576000	-00000009.742537	000000000.420943
000000009.656412	-00000005.407851	-00000000.231833
000000010.068358	-00000005.638552	-00000000.080564
000000012.066325	-00000006.757467	-00000000.096551
000000015.285758	-00000008.560435	-00000000.122312
000000015.970638	-00000009.035752	000000000.128106
000000017.124844	-00000009.688770	000000000.412147
000000009.435251	-00000005.392690	-00000000.227644
000000009.793044	-00000005.597186	-00000000.078749
000000011.798534	-00000006.743418	-00000000.094875
000000014.906610	-00000008.519830	-00000000.119868
000000015.761279	-00000009.099778	000000000.127059
000000017.221466	-00000009.942819	000000000.416545
000000009.241013	-00000005.389199	-00000000.224084
000000009.579702	-00000005.586717	-00000000.077422
000000010.884063	-00000006.347398	-00000000.087964
000000014.883523	-00000008.679814	-00000000.120287
000000015.560643	-00000009.165919	000000000.126082
000000016.849770	-00000009.925273	000000000.409634
000000009.176448	-00000005.459413	-00000000.223665
000000009.582148	-00000005.700779	-00000000.077841
000000012.314994	-00000007.326652	-00000000.100041
000000014.420488	-00000008.579289	-00000000.117146
000000015.120062	-00000009.085050	000000000.123149
000000016.531132	-00000009.932906	000000000.403979
000000008.948964	-00000005.430365	-00000000.219267
000000009.301214	-00000005.644115	-00000000.075956
000000012.242040	-00000007.428652	-00000000.099972
000000014.259583	-00000008.652927	-00000000.116447
000000014.886734	-00000009.122602	000000000.121893
000000016.205135	-00000009.930519	000000000.398115
000000008.841723	-00000005.471425	-00000000.217801
000000009.285620	-00000005.746116	-00000000.076235
000000012.108721	-00000007.493104	-00000000.099413
000000013.962443	-00000008.640223	-00000000.114632
000000014.484308	-00000009.050800	000000000.119240
000000015.948286	-00000009.965595	000000000.393927
000000008.632987	-00000005.447010	-00000000.213822
000000009.243580	-00000005.832265	-00000000.076305
000000013.692000	-00000008.639009	-00000000.113027
000000014.354173	-00000009.144617	000000000.118821
000000015.725801	-00000010.018440	000000000.390576
000000008.509448	-00000005.473461	-00000000.211937
000000008.746593	-00000005.625997	-00000000.072605
000000013.515167	-00000008.693248	-00000000.112189
000000013.988685	-00000009.084358	000000000.116447
000000015.470079	-00000010.046387	000000000.386388
000000008.269056	-00000005.421431	-00000000.207121
000000008.613538	-00000005.647283	-00000000.071907
000000013.263175	-00000008.695719	-00000000.110723
000000013.783797	-00000009.123297	000000000.115400
000000015.081686	-00000009.982350	000000000.378848
000000008.179867	-00000005.465612	-00000000.206073
000000008.480783	-00000005.666678	-00000000.071209
000000013.062069	-00000008.727796	-00000000.109676
000000013.488113	-00000009.097847	000000000.113585
000000015.035442	-00000010.141534	000000000.379895
000000007.941785	-00000005.407369	-00000000.201257
000000008.348353	-00000005.684191	-00000000.070511
000000008.455329	-00000005.811186	000000000.071628
000000013.416448	-00000009.220869	000000000.113655
000000014.765102	-00000010.147774	000000000.375288
000000007.894295	-00000005.476467	-00000000.201257
000000008.175188	-00000005.671329	-00000000.069464
000000008.240469	-00000005.770039	000000000.070231
000000013.122497	-00000009.188471	000000000.111840
000000008.247052	-00000005.774648	000000000.210890
000000014.610468	-00000010.230359	000000000.373613
000000007.674747	-00000005.423975	-00000000.196859
000000008.051889	-00000005.690513	-00000000.068835
000000008.197944	-00000005.847536	000000000.070301
000000012.822007	-00000009.145848	000000000.109955
000000008.245182	-00000005.881231	000000000.212147
000000007.586553	-00000005.461536	-00000000.195812
000000007.880191	-00000005.672926	-00000000.067788
000000008.211322	-00000005.965875	000000000.070860
000000012.814517	-00000009.310291	000000000.110583
000000008.242075	-00000005.988218	000000000.213403
000000014.397344	-00000010.460282	000000000.372775
000000007.409600	-00000005.432944	-00000000.192461
000000007.790065	-00000005.711912	-00000000.067439
000000008.158948	-00000006.037304	000000000.070860
000000012.748858	-00000009.433660	000000000.110723
000000008.093063	-00000005.988552	000000000.210890
000000014.281404	-00000010.567683	000000000.372147
000000007.337875	-00000005.479451	-00000000.191833
000000007.747936	-00000005.785658	-00000000.067509
000000008.145884	-00000006.138363	000000000.071209
000000008.264065	-00000006.227420	000000000.216754
000000015.298500	-00000011.528247	000000000.401257
000000007.178364	-00000005.458555	-00000000.188901
000000007.721031	-00000005.871209	-00000000.067718
000000008.084073	-00000006.203127	000000000.071139
000000008.074566	-00000006.195832	000000000.213194
000000007.075119	-00000005.478143	-00000000.187435
000000007.748569	-00000005.999583	-00000000.068416
000000008.037514	-00000006.279594	000000000.071209
000000008.035947	-00000006.278370	000000000.213613
000000006.917125	-00000005.453022	-00000000.184503
000000007.719477	-00000006.085545	-00000000.068626
000000008.013712	-00000006.374394	000000000.071488
000000013.504854	-00000010.742247	000000000.361466
000000006.830290	-00000005.481887	-00000000.183456
000000007.736266	-00000006.209010	-00000000.069254
000000007.965552	-00000006.450377	000000000.071558
000000008.173783	-00000006.618999	000000000.220314
000000012.843406	-00000010.400385	000000000.346178
000000014.552752	-00000011.784586	000000000.392252
000000006.712512	-00000005.484352	-00000000.181571
000000007.689532	-00000006.282611	-00000000.069324
000000007.978404	-00000006.576889	000000000.072186
000000011.381186	-00000009.381926	000000000.102974
000000012.852446	-00000010.594739	000000000.348901
000000006.656710	-00000005.536327	-00000000.181361
000000007.711296	-00000006.413417	-00000000.070022
000000007.890066	-00000006.620551	000000000.071907
000000011.122695	-00000009.333049	000000000.101368
000000012.476128	-00000010.468715	000000000.341152
000000006.486053	-00000005.490849	-00000000.178011
000000007.670300	-00000006.493388	-00000000.070162
000000010.865936	-00000009.280386	000000000.099762
000000012.612369	-00000010.771980	000000000.347435
000000006.490908	-00000005.592924	-00000000.179477
000000007.666371	-00000006.605768	-00000000.070650
000000010.295057	-00000008.870789	-00000000.094875
000000010.678880	-00000009.283009	000000000.098785
000000011.997251	-00000010.429050	000000000.332984
000000013.951520	-00000012.127871	000000000.387225
000000006.344136	-00000005.563658	-00000000.176754
000000007.630988	-00000006.692197	-00000000.070860
000000010.066890	-00000008.828425	-00000000.093479
000000010.440188	-00000009.236698	000000000.097319
000000012.325107	-00000010.904333	000000000.344712
000000006.243131	-00000005.572207	-00000000.175288
000000007.624521	-00000006.805145	-00000000.071348
000000009.758193	-00000008.709520	-00000000.091315
000000010.336892	-00000009.307380	000000000.097109
000000010.877254	-00000009.793924	000000000.306597
000000012.437516	-00000011.198790	000000000.350576
000000013.670866	-00000012.309302	000000000.385341
000000006.142463	-00000005.579421	-00000000.173822
000000009.570787	-00000008.693491	-00000000.090268
000000010.174179	-00000009.322918	000000000.096341
000000011.034621	-00000010.111367	000000000.313508
000000012.339315	-00000011.306900	000000000.350576
000000006.034807	-00000005.578518	-00000000.172147
000000009.399099	-00000008.688437	-00000000.089360
000000010.004675	-00000009.329511	000000000.095504
000000011.158010	-00000010.405013	000000000.319581
000000005.949486	-00000005.596717	-00000000.171100
000000009.293787	-00000008.742723	-00000000.089081
000000009.879358	-00000009.375161	000000000.095085
000000010.878229	-00000010.323054	000000000.314136
000000012.691267	-00000012.043563	000000000.366492
000000005.835421	-00000005.586200	-00000000.169215
000000008.783731	-00000008.408594	-00000000.084892
000000009.682077	-00000009.349874	000000000.093968
000000010.715812	-00000010.348140	000000000.312042
000000005.786450	-00000005.636910	-00000000.169215
000000009.025185	-00000008.791945	-00000000.087964
000000009.550191	-00000009.384947	000000000.093479
000000010.275684	-00000010.097887	000000000.301780
000000012.279479	-00000012.067010	000000000.360628
000000005.673137	-00000005.623844	-00000000.167330
000000008.237950	-00000008.166372	-00000000.080983
000000009.390149	-00000009.390149	000000000.092711
000000010.257870	-00000010.257870	000000000.303875
000000011.897997	-00000011.897997	000000000.352461
000000005.595689	-00000005.644735	-00000000.166492
000000008.694370	-00000008.770576	-00000000.086219
000000009.237760	-00000009.400412	000000000.092013
000000010.104895	-00000010.282816	000000000.301990
000000005.476454	-00000005.621737	-00000000.164398
000000008.540747	-00000008.767322	-00000000.085451
000000009.030338	-00000009.351190	000000000.090756
000000009.986997	-00000010.341838	000000000.301152
000000005.461755	-00000005.705424	-00000000.165445
000000008.374019	-00000008.747614	-00000000.084543
000000008.913975	-00000009.393369	000000000.090407
000000009.910131	-00000010.443100	000000000.301571
000000005.329555	-00000005.665483	-00000000.162932
000000008.228848	-00000008.747522	-00000000.083845
000000008.763466	-00000009.397666	000000000.089709
000000009.661798	-00000010.361010	000000000.296754
000000011.352782	-00000012.174368	000000000.348691
000000005.354563	-00000005.792534	-00000000.165236
000000008.036805	-00000008.694167	-00000000.082658
000000008.600054	-00000009.385311	000000000.088871
000000009.652067	-00000010.533382	000000000.299267
000000005.202978	-00000005.728032	-00000000.162094
000000007.940459	-00000008.741763	-00000000.082449
000000008.216723	-00000009.125596	000000000.085730
000000009.586538	-00000010.646930	000000000.300105
000000011.392796	-00000012.652981	000000000.356649
000000005.265969	-00000005.900020	-00000000.165655
000000007.803943	-00000008.743580	-00000000.081820
000000008.309052	-00000009.391676	000000000.087545
000000009.572760	-00000010.820037	000000000.302618
000000005.102217	-00000005.817964	-00000000.162094
000000007.733938	-00000008.818866	-00000000.081890
000000008.167736	-00000009.395905	000000000.086917
000000009.294317	-00000010.691890	000000000.296754
000000005.031674	-00000005.839545	-00000000.161466
000000007.591411	-00000008.810266	-00000000.081192
000000007.975028	-00000009.337558	000000000.085730
000000009.388959	-00000010.993059	000000000.302827
000000005.090341	-00000006.012953	-00000000.165026
000000007.449628	-00000008.799856	-00000000.080494
000000007.835390	-00000009.337853	000000000.085102
000000008.881376	-00000010.584413	000000000.289424
000000007.677277	-00000009.313281	000000000.084264
000000008.782314	-00000010.653799	000000000.289215
000000007.595712	-00000009.379923	000000000.084264
000000008.569464	-00000010.582406	000000000.285236
000000007.438869	-00000009.351939	000000000.083426
000000008.495461	-00000010.680258	000000000.285864
000000007.338506	-00000009.392859	000000000.083217
000000008.155725	-00000010.438852	000000000.277487
000000007.207560	-00000009.393075	000000000.082658
000000007.960853	-00000010.374785	000000000.273927
000000007.113280	-00000009.439641	000000000.082518
000000008.152805	-00000010.819138	000000000.283770
000000009.344137	-00000012.400089	000000000.325236
000000007.000894	-00000009.461165	000000000.082169
000000008.159179	-00000011.026498	000000000.287330
000000006.894553	-00000009.489537	000000000.081890
000000007.598397	-00000010.458296	000000000.270785
000000006.747604	-00000009.459792	000000000.081122
000000007.924857	-00000011.110239	000000000.285864
000000004.175535	-00000005.963282	000000000.050824
000000006.659060	-00000009.510123	000000000.081052
000000007.621159	-00000010.884143	000000000.278325
000000006.405899	-00000009.320641	000000000.078958
000000007.412632	-00000010.785446	000000000.274136
000000006.436153	-00000009.541990	000000000.080354
000000004.204208	-00000006.232995	000000000.157487
000000007.502723	-00000011.123244	000000000.281047
000000006.220179	-00000009.397665	000000000.078679
000000007.559878	-00000011.421730	000000000.286911
000000003.904967	-00000006.013122	000000000.050056
000000006.137933	-00000009.451588	000000000.078679
000000007.144097	-00000011.000944	000000000.274765
000000003.787870	-00000005.945765	000000000.049218
000000006.039100	-00000009.479488	000000000.078469
000000003.846221	-00000006.037358	000000000.149948
000000003.820625	-00000006.114278	000000000.050335
000000003.830476	-00000006.130043	000000000.151414
000000003.730549	-00000006.087702	000000000.049846
000000003.755941	-00000006.129138	000000000.150576
000000003.697883	-00000006.154311	000000000.050125
000000003.722909	-00000006.195961	000000000.151414
000000003.659262	-00000006.212195	000000000.050335
000000006.571180	-00000011.155650	000000000.271204
000000003.384917	-00000005.862849	000000000.047263
000000005.559865	-00000009.629968	000000000.077632
000000006.238631	-00000010.805626	000000000.261361
