000000004.413827	000000004.945276	-00000000.138848
000000007.164712	000000008.027382	-00000000.075118
000000007.268108	000000008.001563	-00000000.075467
000000004.750563	000000005.139130	-00000000.146597
000000007.358021	000000007.959862	-00000000.075677
000000004.959637	000000005.272249	-00000000.151623
000000007.482016	000000007.953617	-00000000.076235
000000004.784221	000000004.997663	-00000000.144922
000000007.328431	000000007.655379	-00000000.221990
000000007.620288	000000007.960257	-00000000.076933
000000004.988108	000000005.120436	-00000000.149738
000000007.759241	000000007.965084	-00000000.077632
000000004.821443	000000004.863703	-00000000.143456
000000008.039652	000000008.110120	-00000000.079726
000000005.019909	000000004.976293	-00000000.148063
000000008.095916	000000008.025572	-00000000.079586
000000004.998691	000000004.869509	-00000000.146178
000000008.237271	000000008.024395	-00000000.080284
000000005.105993	000000004.887925	-00000000.148063
000000008.278090	000000007.924547	-00000000.080005
000000005.133889	000000004.829481	-00000000.147644
000000008.485314	000000007.982187	-00000000.081332
000000005.227230	000000004.832001	-00000000.149110
000000008.628079	000000007.975714	-00000000.082030
000000005.306200	000000004.819813	-00000000.150157
000000006.358319	000000005.775490	-00000000.059969
000000008.771371	000000007.967353	-00000000.082728
000000005.415189	000000004.833241	-00000000.152042
000000006.371175	000000005.686491	-00000000.059620
000000008.892787	000000007.937116	-00000000.083217
000000005.449643	000000004.779209	-00000000.151833
000000006.518292	000000005.716389	-00000000.060528
000000009.014339	000000007.905364	-00000000.083705
000000005.566881	000000004.796732	-00000000.153927
000000006.757315	000000005.822475	-00000000.062273
000000009.143586	000000007.878618	-00000000.084264
000000005.654312	000000004.786728	-00000000.155183
000000007.097889	000000006.008807	-00000000.064926
000000009.341738	000000007.908365	-00000000.085451
000000005.803483	000000004.826706	-00000000.158115
000000007.011667	000000005.831542	-00000000.063669
000000009.771742	000000008.127071	-00000000.088732
000000005.822155	000000004.756901	-00000000.157487
000000007.101007	000000005.801766	-00000000.064018
000000009.997166	000000008.168027	-00000000.090128
000000005.925822	000000004.755975	-00000000.159162
000000007.120172	000000005.714542	-00000000.063739
000000006.037763	000000004.759789	-00000000.161047
000000007.099092	000000005.596473	-00000000.063111
000000006.134406	000000004.749764	-00000000.162513
000000007.076499	000000005.479211	-00000000.062482
000000006.247245	000000004.750515	-00000000.164398
000000007.108125	000000005.405144	-00000000.062343
000000006.304484	000000004.707782	-00000000.164817
000000007.163034	000000005.348891	-00000000.062412
000000006.458205	000000004.735352	-00000000.167749
000000007.161054	000000005.250702	-00000000.061994
000000006.491168	000000004.672972	-00000000.167539
000000007.190370	000000005.176326	-00000000.061854
000000006.621510	000000004.679621	-00000000.169843
000000007.218935	000000005.101839	-00000000.061714
000000007.706530	000000005.396171	000000000.197068
000000006.744242	000000004.678647	-00000000.171937
000000007.254966	000000005.032948	-00000000.061645
000000006.867455	000000004.675883	-00000000.174032
000000007.265547	000000004.946935	-00000000.061365
000000007.461156	000000005.032613	000000000.062831
000000006.941249	000000004.637994	-00000000.174869
000000007.333383	000000004.900010	-00000000.061575
000000007.081790	000000004.643025	-00000000.177382
000000007.417677	000000004.863242	-00000000.061924
000000007.749127	000000005.032342	000000000.064507
000000015.704854	000000010.198852	000000000.392252
000000017.063204	000000011.080974	000000000.426178
000000007.231349	000000004.651361	-00000000.180105
000000007.585988	000000004.879471	-00000000.062971
000000014.565016	000000009.278938	000000000.120566
000000016.855698	000000010.738263	000000000.418639
000000007.356218	000000004.641428	-00000000.182199
000000007.704392	000000004.861110	-00000000.063599
000000013.203787	000000008.250642	000000000.108698
000000015.838064	000000009.896721	000000000.391204
000000016.897892	000000010.558975	000000000.417382
000000007.498461	000000004.640189	-00000000.184712
000000007.874070	000000004.872622	-00000000.064646
000000012.516880	000000007.745680	-00000000.102764
000000015.040205	000000009.216650	000000000.123149
000000015.872679	000000009.726790	000000000.389948
000000021.984768	000000013.472283	000000000.540105
000000007.649783	000000004.642002	-00000000.187435
000000007.967584	000000004.834849	-00000000.065065
000000012.737876	000000007.729533	-00000000.104021
000000013.508628	000000008.116802	000000000.110025
000000015.017205	000000009.023248	000000000.122312
000000015.819838	000000009.505517	000000000.386597
000000007.784515	000000004.631299	-00000000.189738
000000008.078223	000000004.806038	-00000000.065624
000000009.719650	000000005.782584	-00000000.078958
000000009.865745	000000005.869502	-00000000.080145
000000015.155687	000000008.927382	000000000.122800
000000015.781584	000000009.296063	000000000.383665
000000007.936907	000000004.628667	-00000000.192461
000000008.422191	000000004.911676	-00000000.068067
000000011.298693	000000006.589203	-00000000.091315
000000013.233637	000000007.717629	-00000000.106953
000000014.644133	000000008.454794	000000000.118053
000000015.593697	000000009.003025	000000000.377173
000000008.072478	000000004.613801	-00000000.194765
000000008.976957	000000005.130754	-00000000.072186
000000013.448071	000000007.686206	-00000000.108140
000000014.952347	000000008.459631	000000000.119938
000000015.567248	000000008.807525	000000000.374660
000000018.238653	000000010.318933	000000000.438953
000000019.726637	000000011.160794	000000000.474765
000000008.260725	000000004.626228	-00000000.198325
000000008.995215	000000005.037562	-00000000.071977
000000013.811275	000000007.734686	-00000000.110513
000000014.955633	000000008.290043	000000000.119380
000000018.380474	000000010.188463	000000000.440210
000000020.085608	000000011.133635	000000000.481047
000000008.405966	000000004.611670	-00000000.200838
000000008.758286	000000004.804961	-00000000.069743
000000015.291045	000000008.302360	000000000.121474
000000018.732271	000000010.170794	000000000.446492
000000008.542766	000000004.590194	-00000000.203141
000000009.011292	000000004.841942	-00000000.071418
000000013.944160	000000007.492468	-00000000.110513
000000015.265793	000000008.116966	000000000.120706
000000018.529005	000000009.852047	000000000.439581
000000047.730507	000000025.378759	000000001.132357
000000008.715217	000000004.585298	-00000000.206283
000000008.982406	000000004.725872	-00000000.070860
000000015.575530	000000008.108108	000000000.122591
000000017.908312	000000009.322477	000000000.140952
000000018.463514	000000009.611498	000000000.436021
000000047.826004	000000024.896641	000000001.129425
000000008.781563	000000004.522802	-00000000.206911
000000009.307783	000000004.793823	-00000000.073094
000000015.716971	000000008.008197	000000000.123149
000000017.899885	000000009.120447	000000000.140254
000000019.116806	000000009.740499	000000000.449424
000000008.892119	000000004.481997	-00000000.208586
000000009.322473	000000004.698913	-00000000.072884
000000011.429852	000000005.761120	-00000000.089360
000000011.705456	000000005.836125	000000000.091315
000000018.086182	000000009.017438	000000000.141091
000000018.726868	000000009.336872	000000000.438325
000000020.167397	000000010.055094	000000000.472042
000000008.895026	000000004.386541	-00000000.207749
000000009.757738	000000004.811984	-00000000.075956
000000011.719989	000000005.716220	000000000.091036
000000022.950167	000000011.193544	000000000.534869
000000009.266152	000000004.469461	-00000000.215497
000000009.961480	000000004.804848	-00000000.077213
000000011.525734	000000005.497493	000000000.089151
000000022.586756	000000010.773330	000000000.524189
000000009.277675	000000004.375636	-00000000.214869
000000010.129651	000000004.777453	-00000000.078190
000000011.672960	000000005.443191	000000000.089919
000000011.851906	000000005.526635	000000000.273927
000000009.506174	000000004.382406	-00000000.219267
000000010.470635	000000004.827029	-00000000.080494
000000011.556227	000000005.266476	000000000.088662
000000011.936073	000000005.439582	000000000.274765
000000009.179430	000000004.135032	-00000000.210890
000000010.612652	000000004.780651	-00000000.081262
000000011.656556	000000005.189833	000000000.089081
000000012.010488	000000005.347414	000000000.275393
000000009.572059	000000004.211806	-00000000.219058
000000010.864482	000000004.780487	-00000000.082868
000000011.573016	000000005.032091	000000000.088104
000000011.882492	000000005.166655	000000000.271414
000000030.806459	000000013.395030	000000000.703665
000000045.210316	000000019.658005	000000001.032671
000000009.204269	000000003.954466	-00000000.209843
000000011.089540	000000004.764442	-00000000.084264
000000011.745356	000000004.985608	000000000.089081
000000011.853502	000000005.031513	000000000.269738
000000021.443058	000000009.102038	000000000.487958
000000009.727087	000000004.078906	-00000000.220943
000000011.287464	000000004.733227	-00000000.085451
000000011.797654	000000004.886748	000000000.089151
000000012.090931	000000005.008227	000000000.274136
000000026.435635	000000010.949998	000000000.599372
000000009.160841	000000003.747799	-00000000.207330
000000011.550464	000000004.725420	-00000000.087126
000000012.025282	000000004.858529	000000000.090547
000000012.199063	000000004.928741	000000000.275602
000000048.091751	000000019.430328	000000001.086493
000000009.583212	000000003.823314	-00000000.216126
000000011.721291	000000004.676321	-00000000.088104
000000012.234693	000000004.819374	000000000.091804
000000048.185059	000000018.980600	000000001.084817
000000009.336671	000000003.630833	-00000000.209843
000000012.125127	000000004.715204	-00000000.090826
000000012.397646	000000004.759010	000000000.092711
000000020.407572	000000007.833733	000000000.152610
000000028.943979	000000011.110553	000000000.649424
000000048.535534	000000018.631046	000000001.089006
000000009.554986	000000003.620060	-00000000.214032
000000011.200462	000000004.243475	-00000000.250890
000000012.362186	000000004.683613	-00000000.092292
000000020.812347	000000007.781418	000000000.155124
000000023.472433	000000008.775983	000000000.174950
000000028.918093	000000010.812032	000000000.646702
000000052.142471	000000019.495270	000000001.166074
000000009.398616	000000003.467332	-00000000.209843
000000012.693419	000000004.682849	-00000000.094456
000000014.316451	000000005.281618	-00000000.106534
000000016.058956	000000005.844982	000000000.119310
000000024.102528	000000008.772603	000000000.179069
000000029.086502	000000010.586621	000000000.648377
000000052.348190	000000019.053183	000000001.166912
000000009.870770	000000003.543969	-00000000.219686
000000012.978501	000000004.659758	-00000000.096272
000000016.147055	000000005.717972	000000000.119589
000000045.104927	000000015.972492	000000001.002304
000000009.570964	000000003.342330	-00000000.212356
000000013.311331	000000004.648525	-00000000.098436
000000016.092335	000000005.541035	000000000.118821
000000045.062984	000000015.516430	000000000.998325
000000009.703905	000000003.294032	-00000000.214660
000000011.370137	000000003.859641	-00000000.251518
000000013.739621	000000004.663973	-00000000.101298
000000016.168524	000000005.409912	000000000.119030
000000037.270428	000000012.470510	000000000.823247
000000009.513899	000000003.137213	-00000000.209843
000000011.735706	000000003.869856	-00000000.258848
000000014.121682	000000004.656632	-00000000.103811
000000016.205608	000000005.265522	000000000.118961
000000016.535246	000000005.372627	000000000.364189
000000009.579000	000000003.066262	-00000000.210681
000000011.216762	000000003.590514	-00000000.246702
000000014.533206	000000004.652116	-00000000.106534
000000016.222330	000000005.114881	000000000.118751
000000046.159313	000000014.553975	000000001.013823
000000009.452623	000000002.935118	-00000000.207330
000000011.944679	000000003.708922	-00000000.261990
000000014.678299	000000004.557733	-00000000.107302
000000016.247221	000000004.967274	000000000.118612
000000051.963764	000000015.886917	000000001.138221
000000010.148030	000000003.054211	-00000000.221990
000000015.186711	000000004.570681	-00000000.110723
000000016.395418	000000004.856544	000000000.119380
000000030.330402	000000008.984275	000000000.662618
000000035.315174	000000010.460831	000000000.771519
000000009.579196	000000002.792081	-00000000.209005
000000015.437225	000000004.499541	-00000000.112259
000000016.648647	000000004.773922	000000000.120915
000000030.182880	000000008.654802	000000000.219212
000000016.962547	000000004.863932	000000000.369634
000000052.415714	000000015.029964	000000001.142200
000000010.016961	000000002.825075	-00000000.218011
000000016.390213	000000004.622519	-00000000.118891
000000020.524828	000000005.692039	000000000.148701
000000032.708080	000000009.070753	000000000.710995
000000009.655403	000000002.632365	-00000000.209634
000000011.825699	000000003.224056	-00000000.256754
000000013.747885	000000003.748103	-00000000.099483
000000014.751239	000000004.021649	-00000000.106743
000000016.150146	000000004.403035	-00000000.116866
000000020.515764	000000005.497182	000000000.148282
000000048.662327	000000013.039031	000000001.055289
000000010.074409	000000002.652370	-00000000.218220
000000017.319370	000000004.559810	-00000000.125034
000000020.572636	000000005.320446	000000000.148352
000000020.936440	000000005.414532	000000000.452985
000000009.719254	000000002.468376	-00000000.210052
000000015.856232	000000004.026970	-00000000.114213
000000020.676498	000000005.155230	000000000.148771
000000021.099304	000000005.260647	000000000.455498
000000010.090031	000000002.469015	-00000000.217592
000000018.163654	000000004.444618	-00000000.130550
000000020.613741	000000004.948921	000000000.148003
000000049.424446	000000011.865760	000000001.064713
000000009.751122	000000002.296084	-00000000.209843
000000015.486087	000000003.646489	-00000000.111072
000000019.603380	000000004.615983	-00000000.140603
000000020.743834	000000004.789092	000000000.148631
000000052.477802	000000012.115456	000000001.128168
000000010.229096	000000002.314608	-00000000.219686
000000017.058321	000000003.859904	-00000000.122102
000000020.276875	000000004.588188	-00000000.145140
000000020.980089	000000004.651174	000000000.150027
000000025.265924	000000005.601321	000000000.180675
000000045.592785	000000010.107677	000000000.978220
000000009.672465	000000002.100098	-00000000.207330
000000014.413808	000000003.129544	-00000000.102974
000000016.602751	000000003.604811	-00000000.118612
000000021.078362	000000004.576561	-00000000.150586
000000025.196468	000000005.355675	000000000.179837
000000025.700083	000000005.462721	000000000.550367
000000010.258146	000000002.133698	-00000000.219477
000000017.847563	000000003.712299	-00000000.127268
000000021.890924	000000004.553319	-00000000.156101
000000022.802292	000000004.639179	000000000.162454
000000025.252045	000000005.137587	000000000.179907
000000025.942715	000000005.278105	000000000.554555
000000036.935059	000000007.514523	000000000.789529
000000045.438942	000000009.244658	000000000.971309
000000009.550754	000000001.899763	-00000000.203979
000000015.809875	000000003.144779	-00000000.112538
000000017.879280	000000003.556410	-00000000.127268
000000019.056194	000000003.790513	-00000000.135646
000000023.499582	000000004.567856	000000000.167131
000000025.335180	000000004.924660	000000000.180186
000000045.714169	000000008.885934	000000000.975498
000000010.097375	000000001.917047	-00000000.215288
000000025.328030	000000004.694273	000000000.179837
000000029.516594	000000005.470577	000000000.209577
000000046.251995	000000008.572301	000000000.985341
000000009.739866	000000001.761255	-00000000.207330
000000015.350661	000000002.775852	-00000000.108908
000000025.939205	000000004.573781	000000000.183886
000000029.464729	000000005.195427	000000000.208879
000000029.970974	000000005.284691	000000000.637487
000000010.040613	000000001.725293	-00000000.213403
000000017.000427	000000002.921208	-00000000.120427
000000027.289858	000000004.566756	000000000.193171
000000029.587847	000000004.951307	000000000.209438
000000033.555939	000000005.615338	000000000.712671
000000049.066807	000000008.210967	000000001.042095
000000009.690178	000000001.578146	-00000000.205655
000000015.712600	000000002.558959	-00000000.111142
000000029.323753	000000004.644426	000000000.207274
000000048.869976	000000007.740244	000000001.036440
000000010.019788	000000001.542193	-00000000.212356
000000017.325556	000000002.666658	-00000000.122382
000000030.480726	000000004.555375	000000000.215162
000000033.101555	000000004.947061	000000000.233663
000000049.350689	000000007.375510	000000000.348365
000000049.024654	000000007.326784	000000001.038325
000000009.676667	000000001.403050	-00000000.204817
000000015.834036	000000002.295826	-00000000.111700
000000022.039000	000000003.195503	-00000000.155473
000000045.858196	000000006.444950	000000000.323302
000000049.641151	000000006.976609	000000001.050053
000000010.045177	000000001.367089	-00000000.212356
000000019.331324	000000002.630877	-00000000.136204
000000045.873035	000000006.039300	000000000.323023
000000052.921631	000000006.967265	000000001.118116
000000009.709599	000000001.235217	-00000000.205026
000000015.603857	000000001.985061	-00000000.109815
000000046.053020	000000005.654600	000000000.323931
000000054.736839	000000006.720839	000000001.155184
000000010.077434	000000001.192743	-00000000.212566
000000015.421977	000000001.825311	-00000000.108419
000000017.199526	000000002.035698	-00000000.120915
000000021.221357	000000002.511713	-00000000.149190
000000045.921772	000000005.232125	000000000.322674
000000052.995430	000000006.038067	000000001.117278
000000009.610416	000000001.052512	-00000000.202513
000000015.437319	000000001.690661	-00000000.108419
000000045.856289	000000004.819690	000000000.321906
000000052.648384	000000005.533568	000000001.108901
000000009.967399	000000001.003664	-00000000.209843
000000045.996136	000000004.428924	000000000.322604
000000052.734478	000000005.077753	000000001.109739
000000009.627322	000000000.884627	-00000000.202513
000000015.335022	000000001.409091	-00000000.107511
000000046.212345	000000004.043056	000000000.323861
000000046.522049	000000004.070152	000000000.978220
000000009.983397	000000000.829556	-00000000.209843
000000021.634909	000000001.797722	-00000000.151563
000000046.136208	000000003.630998	000000000.323093
000000046.196983	000000003.635781	000000000.970681
000000009.591443	000000000.712767	-00000000.201466
000000015.237611	000000001.132350	-00000000.106674
000000046.096310	000000003.223368	000000000.322604
000000047.433014	000000003.316839	000000000.331959
000000046.147167	000000003.226924	000000000.969006
000000009.916542	000000000.649965	-00000000.208168
000000046.132668	000000002.821595	000000000.322674
000000047.540005	000000002.907671	000000000.332517
000000046.133652	000000002.821655	000000000.968168
000000009.522568	000000000.540731	-00000000.199791
000000015.055380	000000000.854906	-00000000.105277
000000046.435143	000000002.433563	000000000.324629
000000046.396137	000000002.431519	000000000.973194
000000009.876445	000000000.474400	-00000000.207121
000000046.324738	000000002.022582	000000000.323721
000000053.128090	000000002.319623	000000000.371263
000000053.197636	000000002.322659	000000001.115393
000000009.530555	000000000.374456	-00000000.199791
000000014.908134	000000000.585742	-00000000.104160
000000046.430565	000000001.621391	000000000.324349
000000049.898632	000000001.742499	000000001.045864
000000009.883220	000000000.301960	-00000000.207121
000000046.412960	000000001.215366	000000000.324140
000000046.513851	000000001.218008	000000000.974660
000000009.535638	000000000.208068	-00000000.199791
000000014.876097	000000000.324598	-00000000.103881
000000046.461792	000000000.810994	000000000.324419
000000049.641548	000000000.866496	000000001.040001
000000009.886984	000000000.129428	-00000000.207121
000000046.377106	000000000.404727	000000000.323791
000000050.057114	000000000.436842	000000001.048587
000000009.537817	000000000.041617	-00000000.199791
000000014.919495	000000000.065099	-00000000.104160
000000046.508865	000000000.000000	000000000.324698
000000053.338299	000000000.000000	000000001.117278
000000009.857743	-00000000.043013	-00000000.206492
000000046.707081	-00000000.407607	000000000.326095
000000050.786922	-00000000.443211	000000001.063875
000000053.246288	-00000000.464673	000000001.115393
000000009.537090	-00000000.124847	-00000000.199791
000000014.878363	-00000000.194768	-00000000.103881
000000017.078121	-00000000.223565	-00000000.119240
000000046.581768	-00000000.813088	000000000.325257
000000053.410145	-00000000.932278	000000001.118953
000000009.885478	-00000000.215702	-00000000.207121
000000049.761726	-00000001.303057	000000000.347527
000000049.802002	-00000001.304111	000000001.043561
000000009.533459	-00000000.291274	-00000000.199791
000000014.952658	-00000000.456845	-00000000.104440
000000046.470539	-00000001.622787	000000000.324629
000000053.465672	-00000001.867062	000000001.120629
000000009.840248	-00000000.386624	-00000000.206283
000000046.454609	-00000002.028252	000000000.324629
000000053.816914	-00000002.349697	000000001.128378
000000009.526924	-00000000.457611	-00000000.199791
000000015.262032	-00000000.733088	-00000000.106674
000000046.574947	-00000002.440890	000000000.325606
000000047.683399	-00000002.498981	000000000.333355
000000046.635754	-00000002.444076	000000000.978220
000000009.861946	-00000000.560002	-00000000.206911
000000046.741516	-00000002.858834	000000000.326932
000000046.452984	-00000002.841186	000000000.974870
000000009.517487	-00000000.623809	-00000000.199791
000000015.356675	-00000001.006530	-00000000.107442
000000047.043976	-00000003.289635	000000000.329236
000000046.526157	-00000003.253426	000000000.976964
000000009.870611	-00000000.733513	-00000000.207330
000000046.554905	-00000003.663950	000000000.326025
000000046.795006	-00000003.682847	000000000.983247
000000009.594821	-00000000.797268	-00000000.201676
000000015.466320	-00000001.285152	-00000000.108349
000000046.760239	-00000004.090991	000000000.327700
000000053.295116	-00000004.662719	000000000.373497
000000049.828690	-00000004.359446	000000001.047749
000000009.916042	-00000000.911156	-00000000.208586
000000047.618595	-00000004.585149	000000000.333983
000000047.838200	-00000004.606295	000000001.006702
000000049.828556	-00000004.797944	000000001.048587
000000009.609288	-00000000.967604	-00000000.202304
000000015.003759	-00000001.510799	-00000000.105277
000000016.167845	-00000001.628016	-00000000.113445
000000047.725945	-00000005.016199	000000000.335031
000000047.895611	-00000005.034031	000000001.008796
000000050.202400	-00000005.276485	000000001.057383
000000009.998013	-00000001.094961	-00000000.210681
000000047.312737	-00000005.390605	000000000.332448
000000054.068256	-00000006.160300	000000001.139896
000000009.680294	-00000001.145738	-00000000.204189
000000016.047596	-00000001.899358	-00000000.112817
000000046.827187	-00000005.749656	000000000.329376
000000053.893944	-00000006.617344	000000000.379082
000000054.210907	-00000006.656262	000000001.144084
000000010.116231	-00000001.286947	-00000000.213613
000000046.804970	-00000006.161991	000000000.329585
000000053.764744	-00000007.078263	000000000.378594
000000054.031807	-00000007.113422	000000001.141571
000000009.738075	-00000001.325294	-00000000.205864
000000016.675867	-00000002.269486	-00000000.117495
000000046.808830	-00000006.578552	000000000.330004
000000054.413197	-00000007.647276	000000001.150995
000000010.131807	-00000001.469042	-00000000.214450
000000047.046337	-00000007.031122	000000000.332099
000000047.373360	-00000007.079996	000000001.003351
000000009.782633	-00000001.505691	-00000000.207330
000000016.791853	-00000002.584513	-00000000.118612
000000019.717333	-00000003.034788	-00000000.139276
000000047.546158	-00000007.530571	000000000.336078
000000046.944408	-00000007.435264	000000000.995603
000000010.124362	-00000001.648857	-00000000.214869
000000047.153168	-00000007.890734	000000000.333774
000000046.729824	-00000007.819890	000000000.992461
000000009.873106	-00000001.696510	-00000000.209843
000000019.198164	-00000003.298848	-00000000.135995
000000021.425467	-00000003.681568	-00000000.151773
000000033.433411	-00000005.895212	000000000.237014
000000047.259773	-00000008.333173	000000000.335031
000000046.768108	-00000008.246479	000000000.994765
000000010.035013	-00000001.814626	-00000000.213613
000000016.993969	-00000003.073010	-00000000.120566
000000033.154549	-00000006.144833	000000000.235408
000000047.205547	-00000008.749031	000000001.005655
000000009.959863	-00000001.890939	-00000000.212356
000000016.661951	-00000003.163370	-00000000.118402
000000018.007877	-00000003.418902	-00000000.127966
000000029.251776	-00000005.685969	000000000.208042
000000033.256718	-00000006.464451	000000000.236525
000000050.238472	-00000009.765370	000000001.072042
000000010.070457	-00000002.003138	-00000000.215079
000000017.486975	-00000003.478376	-00000000.124476
000000026.764978	-00000005.323885	-00000000.190519
000000029.132452	-00000005.927064	000000000.207553
000000033.525669	-00000006.820875	000000000.716650
000000050.249317	-00000010.223339	000000001.074137
000000010.042804	-00000002.088906	-00000000.214869
000000019.492321	-00000004.054409	-00000000.138997
000000029.108963	-00000006.187301	000000000.207762
000000029.377111	-00000006.244298	000000000.629110
000000010.581092	-00000002.297380	-00000000.226806
000000025.094683	-00000005.448590	-00000000.179279
000000025.334265	-00000005.616471	000000000.181164
000000029.014809	-00000006.432428	000000000.207483
000000039.119228	-00000008.672523	000000000.279739
000000039.140881	-00000008.677324	000000000.839791
000000054.475132	-00000012.076846	000000001.168797
000000010.043823	-00000002.272685	-00000000.215707
000000021.954420	-00000004.967778	-00000000.157148
000000024.080616	-00000005.448887	-00000000.172367
000000024.865318	-00000005.740611	000000000.178162
000000039.207699	-00000009.051810	000000000.280926
000000039.209793	-00000009.052294	000000000.842932
000000010.335020	-00000002.433574	-00000000.222409
000000023.039326	-00000005.425041	-00000000.165246
000000024.551743	-00000005.894352	000000000.176277
000000054.518547	-00000013.088745	000000001.174451
000000010.158010	-00000002.485649	-00000000.219058
000000019.018414	-00000004.653776	-00000000.136693
000000021.796385	-00000005.333541	-00000000.156659
000000024.547882	-00000006.120475	000000000.176626
000000054.499260	-00000013.588191	000000001.176545
000000010.281284	-00000002.611114	-00000000.222199
000000017.988487	-00000004.568494	-00000000.129572
000000019.626448	-00000004.984483	-00000000.141371
000000021.361330	-00000005.425086	-00000000.153867
000000023.389877	-00000006.049034	000000000.168667
000000024.072552	-00000006.225585	000000000.520838
000000010.171093	-00000002.677825	-00000000.220314
000000017.512775	-00000004.610729	-00000000.126431
000000018.837595	-00000004.959525	-00000000.135995
000000020.626587	-00000005.430527	-00000000.148910
000000024.418011	-00000006.542786	000000000.176486
000000039.128700	-00000010.484504	000000000.282811
000000039.188675	-00000010.500574	000000000.849843
000000010.918997	-00000002.976860	-00000000.237068
000000018.619942	-00000005.076378	-00000000.134738
000000020.351379	-00000005.643937	000000000.147444
000000047.881931	-00000013.278834	000000001.040838
000000010.219033	-00000002.882065	-00000000.222409
000000018.555685	-00000005.233244	-00000000.134599
000000020.262903	-00000005.810294	000000000.147165
000000020.845194	-00000005.977263	000000000.454241
000000047.533577	-00000013.630033	000000001.035812
000000010.375863	-00000003.024288	-00000000.226388
000000011.911606	-00000003.471916	-00000000.259895
000000018.442108	-00000005.375384	-00000000.134110
000000020.192251	-00000005.981217	000000000.147025
000000047.422409	-00000014.047158	000000001.036022
000000010.320355	-00000003.106074	-00000000.225759
000000017.934874	-00000005.397784	-00000000.130759
000000020.206226	-00000006.177663	000000000.147514
000000020.450872	-00000006.252459	000000000.447958
000000017.428690	-00000005.411752	-00000000.127408
000000020.256454	-00000006.386836	000000000.148282
000000033.677895	-00000010.618599	000000000.739686
000000010.350272	-00000003.313148	-00000000.227644
000000014.387544	-00000004.605489	-00000000.316440
000000016.961756	-00000005.429501	-00000000.124336
000000020.247501	-00000006.578812	000000000.148631
000000027.817726	-00000009.038527	000000000.204202
000000051.478905	-00000016.726511	000000001.133823
000000016.562349	-00000005.461444	-00000000.121753
000000019.658293	-00000006.482333	-00000000.144512
000000020.170353	-00000006.748906	000000000.148491
000000026.495518	-00000008.865276	000000000.195056
000000055.085518	-00000018.431356	000000001.216755
000000010.215136	-00000003.467571	-00000000.225969
000000014.806740	-00000005.026211	-00000000.327539
000000016.125828	-00000005.473981	-00000000.118891
000000016.479988	-00000005.674515	000000000.121683
000000025.774208	-00000008.874772	000000000.190309
000000027.848867	-00000009.589134	000000000.616964
000000055.149456	-00000018.989481	000000001.221781
000000015.869749	-00000005.541965	-00000000.117355
000000016.363857	-00000005.794746	000000000.121195
000000025.139635	-00000008.902412	000000000.186190
000000027.321184	-00000009.674938	000000000.607121
000000055.339771	-00000019.596840	000000001.229739
000000010.557679	-00000003.790594	-00000000.234974
000000014.754404	-00000005.297372	-00000000.328377
000000015.387854	-00000005.524804	-00000000.114144
000000016.040161	-00000005.838141	000000000.119170
000000025.201942	-00000009.172756	000000000.187237
000000026.897499	-00000009.789889	000000000.599581
000000028.776472	-00000010.473779	000000000.641466
000000012.165673	-00000004.488154	-00000000.271623
000000014.210481	-00000005.242523	-00000000.317278
000000015.170184	-00000005.596576	-00000000.112887
000000015.791909	-00000005.904353	000000000.117704
000000024.549580	-00000009.178712	000000000.182979
000000026.455187	-00000009.891189	000000000.591623
000000039.237957	-00000014.670471	000000000.877487
000000010.602108	-00000004.016779	-00000000.237487
000000014.005253	-00000005.306116	-00000000.313717
000000014.653212	-00000005.551605	-00000000.109396
000000016.038521	-00000006.156611	000000000.119938
000000016.119398	-00000006.187657	000000000.361676
000000013.800010	-00000005.366530	-00000000.310157
000000013.998418	-00000005.443687	-00000000.104859
000000015.713270	-00000006.110557	-00000000.117704
000000016.012094	-00000006.307332	000000000.120147
000000023.306391	-00000009.180632	000000000.174881
000000026.185511	-00000010.314747	000000000.589529
000000047.980415	-00000018.899988	000000001.080210
000000010.753256	-00000004.290114	-00000000.242513
000000013.625304	-00000005.435945	-00000000.102415
000000015.668636	-00000006.251152	-00000000.117774
000000015.919359	-00000006.431839	000000000.119868
000000022.604191	-00000009.132686	000000000.170203
000000015.767939	-00000006.370661	000000000.356231
000000026.057423	-00000010.527883	000000000.588691
000000013.121286	-00000005.368060	-00000000.296964
000000013.392245	-00000005.478912	-00000000.101019
000000015.715294	-00000006.429296	-00000000.118542
000000016.130543	-00000006.681489	000000000.121893
000000021.710640	-00000008.992842	000000000.164060
000000023.793917	-00000009.855763	000000000.539477
000000025.899902	-00000010.728090	000000000.587225
000000031.275702	-00000012.954820	000000000.709110
000000010.676745	-00000004.477131	-00000000.242513
000000013.067269	-00000005.479561	-00000000.098924
000000015.732365	-00000006.597128	-00000000.119100
000000021.125072	-00000008.967061	000000000.160220
000000023.660988	-00000010.043494	000000000.538430
000000055.485065	-00000023.552013	000000001.262619
000000012.437704	-00000005.343659	-00000000.283560
000000012.669822	-00000005.443385	-00000000.096272
000000015.747697	-00000006.765745	-00000000.119659
000000019.854595	-00000008.530207	-00000000.150865
000000020.605837	-00000008.959673	000000000.156869
000000022.829788	-00000009.926674	000000000.521466
000000010.761703	-00000004.735262	-00000000.246283
000000012.658449	-00000005.569851	-00000000.096551
000000019.230227	-00000008.461502	-00000000.146676
000000020.234539	-00000009.008997	000000000.154635
000000022.632692	-00000010.076724	000000000.518953
000000028.724705	-00000012.789062	000000000.658639
000000011.905001	-00000005.362812	-00000000.273508
000000012.199079	-00000005.495285	-00000000.093409
000000015.855155	-00000007.142227	-00000000.121404
000000018.991541	-00000008.555065	-00000000.145420
000000019.791176	-00000009.019359	000000000.151842
000000022.043526	-00000010.045814	000000000.507435
000000023.671999	-00000010.787951	000000000.544922
000000033.779453	-00000015.394183	000000000.777592
000000010.877169	-00000005.014443	-00000000.250890
000000011.959954	-00000005.513614	-00000000.091943
000000015.892118	-00000007.326367	-00000000.122172
000000018.607401	-00000008.578129	-00000000.143046
000000019.530457	-00000009.107202	000000000.150446
000000021.782862	-00000010.157516	000000000.503456
000000023.413857	-00000010.918061	000000000.541152
000000011.375550	-00000005.365058	-00000000.263456
000000011.775720	-00000005.553790	-00000000.090896
000000018.260506	-00000008.612213	-00000000.140952
000000018.989933	-00000009.057734	000000000.146886
000000021.377556	-00000010.196571	000000000.496126
000000039.668945	-00000018.921116	000000000.920629
000000010.625909	-00000005.125330	-00000000.247121
000000011.555676	-00000005.573797	-00000000.089570
000000011.746952	-00000005.729371	000000000.091245
000000018.586609	-00000009.065294	000000000.144372
000000011.699733	-00000005.706341	000000000.272670
000000020.757589	-00000010.124153	000000000.483770
000000026.113226	-00000012.736272	000000000.608587
000000010.876680	-00000005.363785	-00000000.254032
000000011.309289	-00000005.577124	-00000000.088034
000000011.615965	-00000005.791506	000000000.090617
000000018.032488	-00000008.990666	000000000.140672
000000011.685280	-00000005.826066	000000000.273508
000000020.972662	-00000010.456583	000000000.490890
000000010.668757	-00000005.377497	-00000000.250262
000000011.108387	-00000005.599088	-00000000.086847
000000011.645171	-00000005.933511	000000000.091245
000000017.784056	-00000009.061429	000000000.139346
000000011.749798	-00000005.986821	000000000.276231
000000020.907335	-00000010.652820	000000000.491519
000000010.372555	-00000005.342217	-00000000.244398
000000011.067993	-00000005.700391	-00000000.086917
000000011.548600	-00000006.011821	000000000.090896
000000018.067970	-00000009.405590	000000000.142208
000000020.645084	-00000010.747150	000000000.487540
000000010.263605	-00000005.399944	-00000000.242932
000000010.752337	-00000005.657078	-00000000.084822
000000011.566332	-00000006.149928	000000000.091455
000000011.643524	-00000006.190972	000000000.276231
000000010.031145	-00000005.389929	-00000000.238534
000000010.702561	-00000005.750694	-00000000.084822
000000011.450707	-00000006.217227	000000000.090966
000000011.589055	-00000006.292344	000000000.276231
000000009.843482	-00000005.400319	-00000000.235183
000000010.651970	-00000005.843871	-00000000.084822
000000011.509715	-00000006.379939	000000000.091873
000000017.579428	-00000009.744436	000000000.140323
000000018.852665	-00000010.450203	000000000.451519
000000009.630243	-00000005.393196	-00000000.231204
000000011.071704	-00000006.200452	-00000000.088592
000000011.505822	-00000006.509681	000000000.092292
000000017.302248	-00000009.789142	000000000.138787
000000017.777468	-00000010.058007	000000000.427854
000000018.812963	-00000010.643863	000000000.452775
000000020.927464	-00000011.840189	000000000.503665
000000009.452612	-00000005.402613	-00000000.228063
000000010.886948	-00000006.222404	-00000000.087545
000000011.387957	-00000006.574840	000000000.091804
000000016.220261	-00000009.364772	000000000.130759
000000018.892530	-00000010.907607	000000000.456964
000000020.875294	-00000012.052357	000000000.504922
000000009.241013	-00000005.389199	-00000000.224084
000000011.030911	-00000006.433037	-00000000.089151
000000015.620955	-00000009.201446	000000000.126570
000000018.831083	-00000011.092356	000000000.457801
000000009.073341	-00000005.398071	-00000000.221152
000000010.647786	-00000006.334767	-00000000.086498
000000014.764242	-00000008.783801	-00000000.119938
000000015.351492	-00000009.224107	000000000.125034
000000018.733568	-00000011.256264	000000000.457801
000000008.837851	-00000005.362939	-00000000.216545
000000010.480965	-00000006.360005	-00000000.085590
000000014.370718	-00000008.720366	-00000000.117355
000000015.236309	-00000009.336823	000000000.124755
000000018.361841	-00000011.252151	000000000.451100
000000020.706089	-00000012.688707	000000000.508691
000000008.697195	-00000005.381988	-00000000.214241
000000010.518600	-00000006.509108	-00000000.086358
000000013.987954	-00000008.656009	-00000000.114842
000000014.848961	-00000009.278661	000000000.122242
000000017.516830	-00000010.945731	000000000.432670
000000020.340212	-00000012.709975	000000000.502409
000000008.539978	-00000005.388325	-00000000.211518
000000013.751200	-00000008.676361	-00000000.113515
000000014.657785	-00000009.338039	000000000.121334
000000016.290749	-00000010.378351	000000000.404608
000000018.533678	-00000011.807255	000000000.460314
000000020.422461	-00000013.010542	000000000.507225
000000008.400137	-00000005.403150	-00000000.209215
000000009.394176	-00000006.042538	-00000000.077981
000000011.059393	-00000007.113641	-00000000.091804
000000013.489938	-00000008.677019	-00000000.111979
000000014.055777	-00000009.127928	000000000.117006
000000016.308565	-00000010.590906	000000000.407330
000000008.260695	-00000005.415949	-00000000.206911
000000010.662389	-00000006.990568	-00000000.089011
000000013.271538	-00000008.701201	-00000000.110793
000000014.092327	-00000009.327508	000000000.117983
000000016.265545	-00000010.765929	000000000.408587
000000018.341465	-00000012.139951	000000000.460733
000000008.129990	-00000005.432285	-00000000.204817
000000009.836046	-00000006.572236	-00000000.082588
000000011.124792	-00000007.433349	-00000000.093409
000000012.929037	-00000008.638906	-00000000.108559
000000013.736817	-00000009.265600	000000000.115679
000000016.013493	-00000010.801237	000000000.404608
000000017.861841	-00000012.047964	000000000.451309
000000007.974842	-00000005.429876	-00000000.202094
000000011.299207	-00000007.693356	-00000000.095434
000000012.861423	-00000008.757031	-00000000.108628
000000013.638955	-00000009.373795	000000000.115540
000000016.289402	-00000011.195395	000000000.414032
000000007.927154	-00000005.499262	-00000000.202094
000000009.530872	-00000006.611802	-00000000.080983
000000010.812610	-00000007.500975	-00000000.091873
000000012.480513	-00000008.658040	-00000000.106045
000000013.302705	-00000009.314654	000000000.113376
000000016.133757	-00000011.296978	000000000.412566
000000007.625760	-00000005.389354	-00000000.195602
000000012.306488	-00000008.697366	-00000000.105208
000000013.212772	-00000009.424579	000000000.113306
000000016.115952	-00000011.495397	000000000.414660
000000018.427532	-00000013.144231	000000000.474136
000000007.545983	-00000005.432330	-00000000.194765
000000007.815267	-00000005.626187	-00000000.067230
000000012.108389	-00000008.716793	-00000000.104160
000000012.911596	-00000009.380824	000000000.111421
000000015.351774	-00000011.153717	000000000.397487
000000018.384922	-00000013.357429	000000000.476021
000000007.466040	-00000005.474327	-00000000.193927
000000007.628780	-00000005.593653	-00000000.066043
000000011.999603	-00000008.798473	-00000000.103881
000000012.708668	-00000009.403919	000000000.110374
000000014.112630	-00000010.442797	000000000.367749
000000016.041464	-00000011.870058	000000000.418011
000000007.297821	-00000005.449542	-00000000.190785
000000007.555640	-00000005.642064	-00000000.065833
000000011.706033	-00000008.741309	-00000000.101996
000000012.482368	-00000009.406139	000000000.109117
000000013.757472	-00000010.366999	000000000.360838
000000016.112930	-00000012.141964	000000000.422618
000000017.789698	-00000013.405499	000000000.466597
000000007.170405	-00000005.452503	-00000000.188691
000000007.362839	-00000005.598833	-00000000.064577
000000011.597466	-00000008.818918	-00000000.101717
000000012.352210	-00000009.478185	000000000.108698
000000013.587161	-00000010.425796	000000000.358744
000000007.011878	-00000005.429176	-00000000.185759
000000007.305793	-00000005.656750	-00000000.064507
000000007.667158	-00000005.990240	000000000.067928
000000012.190229	-00000009.524051	000000000.108000
000000013.503542	-00000010.550123	000000000.358953
000000015.835543	-00000012.372082	000000000.420943
000000006.924976	-00000005.459211	-00000000.184712
000000007.224740	-00000005.695526	-00000000.064228
000000007.567636	-00000006.019570	000000000.067509
000000011.644926	-00000009.262793	000000000.103881
000000012.591859	-00000010.016017	000000000.112328
000000013.590923	-00000010.810708	000000000.363770
000000015.374877	-00000012.229730	000000000.411519
000000006.830290	-00000005.481887	-00000000.183456
000000007.065581	-00000005.670729	-00000000.063250
000000007.312765	-00000005.921761	000000000.065694
000000011.470395	-00000009.288543	000000000.103043
000000007.761985	-00000006.285532	000000000.209215
000000013.542684	-00000010.966649	000000000.365026
000000015.290878	-00000012.382309	000000000.412147
000000006.666058	-00000005.446398	-00000000.180314
000000006.946133	-00000005.675229	-00000000.062622
000000007.199082	-00000005.934465	000000000.065135
000000011.527790	-00000009.502777	000000000.104300
000000007.243966	-00000005.971465	000000000.196649
000000013.839910	-00000011.408741	000000000.375707
000000006.625963	-00000005.510755	-00000000.180524
000000006.904031	-00000005.742022	-00000000.062692
000000007.246604	-00000006.080623	000000000.066043
000000007.199238	-00000006.040878	000000000.196859
000000006.577621	-00000005.568367	-00000000.180524
000000006.846029	-00000005.795591	-00000000.062622
000000007.200869	-00000006.150123	000000000.066113
000000007.199465	-00000006.148924	000000000.198325
000000006.490908	-00000005.592924	-00000000.179477
000000006.810343	-00000005.868167	-00000000.062762
000000007.184660	-00000006.245530	000000000.066462
000000007.236078	-00000006.290226	000000000.200838
000000013.936428	-00000012.114752	000000000.386806
000000006.471921	-00000005.675722	-00000000.180314
000000006.736320	-00000005.907595	-00000000.062552
000000007.084949	-00000006.268233	000000000.066043
000000010.867083	-00000009.614383	000000000.101298
000000011.598780	-00000010.261733	000000000.324398
000000013.425831	-00000011.878172	000000000.375498
000000006.302802	-00000005.625466	-00000000.176963
000000006.803877	-00000006.072693	-00000000.063669
000000010.492949	-00000009.447894	000000000.098575
000000011.538507	-00000010.389319	000000000.325236
000000006.320076	-00000005.740753	-00000000.178848
000000006.765429	-00000006.145283	-00000000.063809
000000007.048200	-00000006.458485	000000000.066741
000000010.505946	-00000009.626925	000000000.099483
000000011.919160	-00000010.921898	000000000.338639
000000013.467103	-00000012.340326	000000000.382618
000000006.144931	-00000005.680316	-00000000.175288
000000006.814347	-00000006.299117	-00000000.064786
000000009.975422	-00000009.302231	000000000.095224
000000011.275001	-00000010.514109	000000000.322932
000000006.175231	-00000005.809077	-00000000.177592
000000006.744551	-00000006.344640	-00000000.064646
000000009.930133	-00000009.423345	000000000.095573
000000011.850018	-00000011.245247	000000000.342199
000000005.943751	-00000005.689904	-00000000.172356
000000006.739491	-00000006.451660	-00000000.065135
000000009.253257	-00000008.858067	-00000000.089430
000000009.523827	-00000009.197053	000000000.092432
000000011.564447	-00000011.167657	000000000.336754
000000013.017195	-00000012.570560	000000000.379058
000000005.965487	-00000005.811320	-00000000.174450
000000006.690097	-00000006.517204	-00000000.065205
000000009.053836	-00000008.819857	-00000000.088243
000000009.628647	-00000009.462045	000000000.094247
000000011.552124	-00000011.352241	000000000.339267
000000013.106668	-00000012.879887	000000000.384922
000000005.893246	-00000005.842041	-00000000.173822
000000006.746597	-00000006.687977	-00000000.066322
000000008.777678	-00000008.701409	-00000000.086288
000000009.446716	-00000009.446716	000000000.093270
000000011.120350	-00000011.120350	000000000.329424
000000012.838243	-00000012.838243	000000000.380314
000000006.208048	-00000006.262461	-00000000.184712
000000008.609890	-00000008.685355	-00000000.085381
000000009.342893	-00000009.507397	000000000.093060
000000011.310194	-00000011.509337	000000000.338011
000000005.943871	-00000006.101554	-00000000.178429
000000008.484925	-00000008.710019	-00000000.084892
000000009.113696	-00000009.437509	000000000.091594
000000010.570382	-00000010.945951	000000000.318744
000000005.793609	-00000006.052083	-00000000.175497
000000006.844478	-00000007.149835	-00000000.207330
000000008.311785	-00000008.682604	-00000000.083915
000000009.010342	-00000009.494919	000000000.091385
000000011.025023	-00000011.617949	000000000.335498
000000005.754274	-00000006.116974	-00000000.175916
000000008.201441	-00000008.718389	-00000000.083566
000000008.783925	-00000009.419606	000000000.089919
000000010.514109	-00000011.275001	000000000.322932
000000005.992496	-00000006.482646	-00000000.184922
000000008.077532	-00000008.738225	-00000000.083077
000000008.714901	-00000009.510646	000000000.090058
000000010.854353	-00000011.845448	000000000.336545
000000005.774364	-00000006.357080	-00000000.179895
000000007.879947	-00000008.675145	-00000000.081820
000000008.537899	-00000009.482297	000000000.089081
000000010.021378	-00000011.129868	000000000.313717
000000006.424348	-00000007.197875	-00000000.202094
000000007.790626	-00000008.728659	-00000000.081681
000000008.434947	-00000009.533974	000000000.088871
000000010.321356	-00000011.666171	000000000.326283
000000005.431818	-00000006.193801	-00000000.172566
000000007.654818	-00000008.728647	-00000000.081052
000000008.134933	-00000009.358171	000000000.086568
000000009.031952	-00000010.390072	000000000.288377
000000007.506554	-00000008.711785	-00000000.080284
000000008.234800	-00000009.641713	000000000.088522
000000008.914966	-00000010.438084	000000000.287539
000000005.723403	-00000006.760756	-00000000.185550
000000006.957230	-00000008.218211	-00000000.225550
000000007.385017	-00000008.723535	-00000000.079796
000000007.970372	-00000009.498719	000000000.086568
000000009.164141	-00000010.921398	000000000.298639
000000007.842653	-00000009.513899	000000000.086079
000000008.769595	-00000010.638370	000000000.288796
000000007.721573	-00000009.535349	000000000.085660
000000008.921806	-00000011.017513	000000000.296964
000000007.619393	-00000009.578890	000000000.085451
000000009.217420	-00000011.587885	000000000.310157
000000007.510887	-00000009.613497	000000000.085171
000000008.678924	-00000011.108515	000000000.295288
000000007.317134	-00000009.535875	000000000.083915
000000008.770329	-00000011.429714	000000000.301780
000000007.203550	-00000009.559434	000000000.083566
000000008.122721	-00000010.779215	000000000.282723
000000007.066323	-00000009.549587	000000000.082937
000000008.426790	-00000011.388154	000000000.296754
000000006.947452	-00000009.562347	000000000.082518
000000008.191929	-00000011.275223	000000000.291937
000000006.677921	-00000009.362101	000000000.080284
000000008.435763	-00000011.826504	000000000.304293
000000006.607440	-00000009.436402	000000000.080424
000000007.535141	-00000010.761297	000000000.275183
000000006.400235	-00000009.312399	000000000.078888
000000006.902977	-00000010.043895	000000000.255288
000000008.494230	-00000012.359181	000000000.314136
000000006.357868	-00000009.425927	000000000.079377
000000006.960425	-00000010.319254	000000000.260733
000000006.192582	-00000009.355971	000000000.078330
000000006.577646	-00000009.937739	000000000.249634
000000006.110701	-00000009.409655	000000000.078330
000000006.577796	-00000010.128919	000000000.252984
000000006.012236	-00000009.437320	000000000.078120
000000006.322629	-00000009.924541	000000000.246492
000000005.897858	-00000009.438545	000000000.077701
000000006.309954	-00000010.098038	000000000.249424
000000005.804817	-00000009.472601	000000000.077562
000000006.242488	-00000010.186815	000000000.250262
000000005.716784	-00000009.514325	000000000.077492
000000006.292385	-00000010.472287	000000000.255916
000000005.521883	-00000009.374297	000000000.075956
000000006.210907	-00000010.544027	000000000.256335
000000005.444868	-00000009.430787	000000000.076026
000000006.143652	-00000010.641118	000000000.257382
