000000004.327692	000000005.022533	-00000000.046286
000000004.207449	000000004.714049	-00000000.132356
000000004.301491	000000004.819413	-00000000.045099
000000004.322370	000000004.758559	-00000000.134660
000000004.370278	000000004.811301	-00000000.045378
000000004.356945	000000004.713316	-00000000.134450
000000004.425673	000000004.787666	-00000000.045518
000000004.411611	000000004.689680	-00000000.134869
000000004.487839	000000004.770714	-00000000.045727
000000004.500763	000000004.701558	-00000000.136335
000000004.619195	000000004.825274	-00000000.046635
000000004.583478	000000004.705072	-00000000.137592
000000004.709971	000000004.834920	-00000000.047124
000000004.673633	000000004.714597	-00000000.139058
000000004.787184	000000004.829143	-00000000.047473
000000004.714597	000000004.673633	-00000000.139058
000000004.850448	000000004.808303	-00000000.047682
000000004.862624	000000004.736958	-00000000.142199
000000004.906549	000000004.779748	-00000000.047822
000000008.079689	000000007.870884	-00000000.078749
000000004.910998	000000004.701258	-00000000.142408
000000007.843152	000000007.508184	-00000000.227435
000000008.263642	000000007.910716	-00000000.079866
000000005.104761	000000004.802080	-00000000.146806
000000007.988477	000000007.514809	-00000000.229738
000000008.383346	000000007.886264	-00000000.080354
000000005.021665	000000004.641979	-00000000.143246
000000008.437160	000000007.799231	-00000000.080215
000000005.261797	000000004.779480	-00000000.148901
000000008.251622	000000007.495245	-00000000.233508
000000008.630733	000000007.839606	-00000000.081401
000000005.139208	000000004.586918	-00000000.144293
000000008.780882	000000007.837236	-00000000.082169
000000005.366959	000000004.706697	-00000000.149529
000000006.802658	000000005.965771	-00000000.189529
000000008.924121	000000007.826244	-00000000.082868
000000005.354810	000000004.613999	-00000000.148063
000000009.173888	000000007.904728	-00000000.084543
000000005.631421	000000004.767349	-00000000.154555
000000009.211991	000000007.798526	-00000000.084264
000000005.580568	000000004.641309	-00000000.152042
000000009.433459	000000007.845726	-00000000.085660
000000005.729249	000000004.680993	-00000000.154974
000000007.161561	000000005.851241	-00000000.193717
000000009.470591	000000007.737797	-00000000.085381
000000005.707502	000000004.580755	-00000000.153299
000000006.814695	000000005.469371	-00000000.183037
000000009.717124	000000007.798816	-00000000.086987
000000005.872882	000000004.629807	-00000000.156649
000000007.262589	000000005.725363	-00000000.193717
000000009.863340	000000007.775631	-00000000.087685
000000006.126500	000000004.743643	-00000000.162304
000000007.558808	000000005.852655	-00000000.066741
000000009.970352	000000007.719872	-00000000.088034
000000006.103996	000000004.641587	-00000000.160628
000000007.370799	000000005.604886	-00000000.064646
000000006.160291	000000004.600107	-00000000.161047
000000007.651788	000000005.713861	-00000000.066671
000000006.313076	000000004.628939	-00000000.163979
000000007.644908	000000005.605479	-00000000.066182
000000006.385686	000000004.597036	-00000000.164817
000000007.620494	000000005.485971	-00000000.065554
000000006.556193	000000004.633459	-00000000.168168
000000007.643579	000000005.401947	-00000000.065345
000000006.637451	000000004.604564	-00000000.169215
000000007.616482	000000005.283741	-00000000.064716
000000006.776549	000000004.613988	-00000000.171728
000000007.571377	000000005.155168	-00000000.063948
000000007.825923	000000005.278652	000000000.065903
000000008.189095	000000005.523614	000000000.206911
000000006.907998	000000004.615777	-00000000.174032
000000007.607761	000000005.083344	-00000000.063879
000000007.763288	000000005.138408	000000000.064996
000000008.170289	000000005.407796	000000000.205236
000000007.014902	000000004.599172	-00000000.175707
000000007.593293	000000004.978381	-00000000.063390
000000007.723968	000000005.016003	000000000.064297
000000008.208784	000000005.330847	000000000.205026
000000007.113630	000000004.575640	-00000000.177173
000000007.628038	000000004.906519	-00000000.063320
000000007.877084	000000005.018256	000000000.065205
000000007.229387	000000004.561404	-00000000.179058
000000007.636736	000000004.818421	-00000000.063041
000000007.878175	000000004.922830	000000000.064856
000000018.017069	000000011.258315	000000000.445026
000000007.404943	000000004.582318	-00000000.182408
000000007.678493	000000004.751596	-00000000.063041
000000007.937887	000000004.864343	000000000.064996
000000018.114630	000000011.100659	000000000.445026
000000007.513027	000000004.559017	-00000000.184084
000000007.796606	000000004.731097	-00000000.063669
000000008.040033	000000004.830939	000000000.065484
000000014.262916	000000008.570024	000000000.116168
000000014.208717	000000008.537458	000000000.347225
000000018.305079	000000010.998801	000000000.447330
000000007.664224	000000004.559734	-00000000.186806
000000007.889159	000000004.693556	-00000000.064088
000000008.047421	000000004.740293	000000000.065205
000000014.696169	000000008.656705	000000000.357278
000000018.331448	000000010.798048	000000000.445655
000000007.833270	000000004.568228	-00000000.189948
000000008.007561	000000004.669871	-00000000.064716
000000008.183741	000000004.724885	000000000.065973
000000014.554694	000000008.403156	000000000.352042
000000018.407661	000000010.627668	000000000.445236
000000007.959637	000000004.549307	-00000000.192042
000000008.178233	000000004.674245	-00000000.065763
000000008.337804	000000004.717303	000000000.066880
000000014.914624	000000008.438289	000000000.358953
000000022.937546	000000012.977439	000000000.552042
000000008.086265	000000004.528526	-00000000.194136
000000008.297235	000000004.646675	-00000000.066392
000000008.544827	000000004.736475	000000000.068207
000000015.987659	000000008.862104	000000000.127617
000000019.377321	000000010.741025	000000000.464084
000000022.717636	000000012.592591	000000000.544084
000000008.221893	000000004.510685	-00000000.196440
000000008.495275	000000004.660667	-00000000.067648
000000015.976506	000000008.674535	000000000.126919
000000024.056734	000000013.061741	000000000.573403
000000008.445889	000000004.538140	-00000000.200838
000000008.702989	000000004.676284	-00000000.068975
000000015.539499	000000008.262498	000000000.122870
000000016.613428	000000008.833517	000000000.394136
000000008.582498	000000004.515470	-00000000.203141
000000008.947006	000000004.707248	-00000000.070581
000000014.469195	000000007.612612	-00000000.114144
000000016.098854	000000008.380533	000000000.126710
000000020.866789	000000010.862562	000000000.492775
000000024.759911	000000012.889194	000000000.584712
000000008.683793	000000004.472447	-00000000.204607
000000009.201103	000000004.738880	-00000000.072256
000000014.792884	000000007.618836	-00000000.116168
000000016.135735	000000008.221568	000000000.126431
000000016.310751	000000008.310742	000000000.383456
000000021.005325	000000010.702748	000000000.493822
000000005.785234	000000002.915998	-00000000.135707
000000008.945687	000000004.508997	-00000000.209843
000000009.242107	000000004.658405	-00000000.072256
000000015.019540	000000007.570471	-00000000.117425
000000016.287409	000000008.120603	000000000.127059
000000018.802113	000000009.374388	000000000.146676
000000016.355812	000000008.154708	000000000.382827
000000021.312660	000000010.626101	000000000.498848
000000008.374954	000000004.130070	-00000000.195602
000000009.407966	000000004.639495	-00000000.073233
000000010.636651	000000005.245416	-00000000.082798
000000015.363055	000000007.576220	-00000000.119589
000000016.618298	000000008.105285	000000000.129083
000000018.982069	000000009.258173	000000000.147444
000000022.482895	000000010.965641	000000000.523979
000000009.158092	000000004.417339	-00000000.212984
000000009.583196	000000004.622385	-00000000.074281
000000011.672765	000000005.630273	-00000000.090477
000000015.815875	000000007.628673	-00000000.122591
000000016.796703	000000008.011617	000000000.129921
000000018.782341	000000008.958717	000000000.145280
000000022.550659	000000010.756113	000000000.523351
000000023.877169	000000011.388824	000000000.554136
000000009.042568	000000004.264752	-00000000.209424
000000009.776922	000000004.611096	-00000000.075467
000000011.685276	000000005.511134	-00000000.090198
000000012.343611	000000005.755920	000000000.095085
000000018.959497	000000008.840959	000000000.146048
000000023.178268	000000010.808204	000000000.535707
000000009.079440	000000004.185679	-00000000.209424
000000009.943925	000000004.584212	-00000000.076445
000000012.078010	000000005.568039	-00000000.092851
000000012.302377	000000005.606516	000000000.094387
000000012.381857	000000005.642737	000000000.285026
000000019.387022	000000008.835175	000000000.446283
000000008.377255	000000003.773678	-00000000.192461
000000010.393834	000000004.682081	-00000000.079586
000000012.277751	000000005.466407	000000000.093828
000000012.494561	000000005.562937	000000000.286492
000000024.030109	000000010.698894	000000000.550995
000000009.215165	000000004.054770	-00000000.210890
000000010.361073	000000004.558981	-00000000.079028
000000012.136735	000000005.340291	-00000000.092572
000000012.251624	000000005.327157	000000000.093270
000000012.395933	000000005.389905	000000000.283142
000000054.131351	000000023.536982	000000001.236441
000000008.836833	000000003.796603	-00000000.201466
000000010.878223	000000004.673654	-00000000.082658
000000012.297645	000000005.220040	000000000.093270
000000012.571339	000000005.336216	000000000.286073
000000009.155448	000000003.839198	-00000000.207958
000000011.139916	000000004.671355	-00000000.084334
000000012.167197	000000005.039818	000000000.091943
000000012.700558	000000005.260743	000000000.287958
000000009.170094	000000003.751585	-00000000.207539
000000011.365360	000000004.649692	-00000000.085730
000000012.312701	000000004.974654	000000000.092711
000000012.495697	000000005.048589	000000000.282304
000000009.416063	000000003.756629	-00000000.212356
000000011.637700	000000004.642972	-00000000.087475
000000012.299821	000000004.845028	000000000.092292
000000012.529976	000000004.935689	000000000.282094
000000027.180838	000000010.706817	000000000.611938
000000009.336671	000000003.630833	-00000000.209843
000000011.864171	000000004.613724	-00000000.088871
000000012.416317	000000004.766178	000000000.092851
000000012.647241	000000004.854821	000000000.283770
000000027.310572	000000010.483546	000000000.612775
000000061.602795	000000023.647097	000000001.382200
000000009.508240	000000003.602350	-00000000.212984
000000012.034897	000000004.559615	-00000000.089849
000000012.551101	000000004.692665	000000000.093549
000000012.782771	000000004.779282	000000000.285864
000000009.398616	000000003.467332	-00000000.209843
000000012.393206	000000004.572095	-00000000.092222
000000012.817096	000000004.665041	000000000.095224
000000025.591614	000000009.314586	000000000.570472
000000029.725353	000000010.819144	000000000.662618
000000042.352055	000000015.414887	000000000.944084
000000008.515775	000000003.057476	-00000000.189529
000000010.454172	000000003.753431	-00000000.232670
000000012.592628	000000004.521215	-00000000.093409
000000013.102397	000000004.639802	000000000.097040
000000021.256046	000000007.527161	000000000.157427
000000022.849073	000000008.091281	000000000.169226
000000025.860411	000000009.157652	000000000.574660
000000028.452106	000000010.075419	000000000.632252
000000030.091942	000000010.656116	000000000.668691
000000009.419942	000000003.289591	-00000000.209005
000000012.962026	000000004.526542	-00000000.095853
000000022.048956	000000007.592064	000000000.162803
000000025.017811	000000008.614323	000000000.184724
000000028.378242	000000009.771413	000000000.628691
000000055.206177	000000019.009010	000000001.223037
000000009.826980	000000003.335810	-00000000.217382
000000013.180946	000000004.474329	-00000000.097179
000000017.031477	000000005.698652	000000000.125383
000000022.683350	000000007.589743	000000000.166992
000000024.940304	000000008.344909	000000000.183607
000000025.504311	000000008.533623	000000000.563351
000000046.903282	000000015.693619	000000001.036022
000000009.399959	000000003.099642	-00000000.207330
000000013.570869	000000004.475002	-00000000.099762
000000017.166151	000000005.577621	000000000.126012
000000024.888542	000000008.086778	000000000.182700
000000028.458879	000000009.246850	000000000.626807
000000033.184593	000000010.782329	000000000.730891
000000009.988441	000000003.197325	-00000000.219686
000000011.873771	000000003.800824	-00000000.261152
000000013.999877	000000004.481396	-00000000.102625
000000017.242783	000000005.436628	000000000.126221
000000028.315166	000000008.927738	000000000.207274
000000033.143929	000000010.450241	000000000.727959
000000040.791061	000000012.861372	000000000.895917
000000009.529008	000000002.958836	-00000000.209005
000000013.971601	000000004.338297	-00000000.102136
000000017.318258	000000005.294723	000000000.126431
000000017.544344	000000005.363844	000000000.384293
000000010.014000	000000003.013872	-00000000.219058
000000014.315343	000000004.308429	-00000000.104370
000000017.181631	000000005.089431	000000000.125104
000000017.523382	000000005.190662	000000000.382827
000000009.512008	000000002.772497	-00000000.207539
000000014.361996	000000004.186140	-00000000.104440
000000017.225389	000000004.939301	000000000.125104
000000036.433437	000000010.447121	000000000.793927
000000009.641686	000000002.719237	-00000000.209843
000000015.013936	000000004.234368	-00000000.108908
000000017.219658	000000004.775434	000000000.124755
000000029.255108	000000008.113159	000000000.211951
000000055.271355	000000015.328103	000000001.201467
000000009.510716	000000002.592919	-00000000.206492
000000014.818771	000000004.040061	-00000000.107232
000000017.386242	000000004.658629	000000000.125663
000000029.035023	000000007.779911	000000000.209857
000000039.179016	000000010.497986	000000000.849634
000000055.093983	000000014.762388	000000001.194765
000000009.900378	000000002.606552	-00000000.214450
000000011.853383	000000003.120735	-00000000.256754
000000014.147537	000000003.724736	-00000000.102136
000000015.598070	000000004.106629	-00000000.112608
000000016.864870	000000004.440150	-00000000.121753
000000017.765078	000000004.594361	000000000.128106
000000021.569805	000000005.578331	000000000.155542
000000030.118340	000000007.789132	000000000.217187
000000055.220707	000000014.281046	000000001.194765
000000009.632042	000000002.446227	-00000000.208168
000000015.042098	000000003.820206	-00000000.108349
000000021.617662	000000005.389889	000000000.155542
000000034.457344	000000008.591181	000000000.743875
000000009.963784	000000002.438123	-00000000.214869
000000015.065148	000000003.686418	-00000000.108279
000000017.930536	000000004.387574	-00000000.128874
000000021.566639	000000005.177692	000000000.154844
000000021.815197	000000005.237365	000000000.469948
000000009.371587	000000002.206716	-00000000.201676
000000014.795004	000000003.483761	-00000000.106115
000000016.595711	000000003.907771	-00000000.119030
000000018.415886	000000004.336366	-00000000.132085
000000021.494080	000000004.962299	000000000.154007
000000021.967226	000000005.071534	000000000.472252
000000009.887802	000000002.237381	-00000000.212356
000000018.784636	000000004.250529	-00000000.134459
000000021.585379	000000004.785363	000000000.154356
000000062.537567	000000013.864244	000000001.341781
000000009.594304	000000002.083128	-00000000.205655
000000015.381243	000000003.339595	-00000000.109885
000000018.537622	000000004.024912	-00000000.132435
000000020.179331	000000004.381362	-00000000.144163
000000021.645878	000000004.600974	000000000.154495
000000022.081728	000000004.693616	000000000.472880
000000058.842232	000000012.507302	000000001.260105
000000010.111321	000000002.103158	-00000000.216335
000000021.048965	000000004.378191	-00000000.150097
000000022.037970	000000004.483675	000000000.157009
000000040.481609	000000008.236076	000000000.865341
000000058.674820	000000011.937527	000000001.254241
000000009.707644	000000001.930971	-00000000.207330
000000015.927565	000000003.168190	-00000000.113376
000000021.920017	000000004.360163	-00000000.156031
000000026.041935	000000005.062039	000000000.185213
000000026.557005	000000005.162159	000000000.566702
000000058.943600	000000011.457475	000000001.257802
000000009.969685	000000001.892804	-00000000.212566
000000017.300531	000000003.284608	-00000000.122940
000000018.833115	000000003.575579	-00000000.133831
000000022.841415	000000004.336578	-00000000.162314
000000025.976961	000000004.814545	000000000.184445
000000026.561722	000000004.922924	000000000.565864
000000009.749704	000000001.763034	-00000000.207539
000000014.799611	000000002.676206	-00000000.104998
000000017.397415	000000003.145965	-00000000.123429
000000026.047531	000000004.592883	000000000.184654
000000062.620033	000000011.041602	000000001.331938
000000009.656331	000000001.659261	-00000000.205236
000000017.000427	000000002.921208	-00000000.120427
000000026.402222	000000004.418217	000000000.186888
000000026.890110	000000004.499861	000000000.571100
000000055.722775	000000009.324795	000000001.183456
000000009.729650	000000001.584574	-00000000.206492
000000014.755236	000000002.403043	-00000000.104370
000000016.077780	000000002.618433	-00000000.113725
000000030.548456	000000004.838400	000000000.215930
000000030.927614	000000004.898453	000000000.655917
000000009.911092	000000001.525463	-00000000.210052
000000015.645381	000000002.408055	-00000000.110513
000000017.325556	000000002.666658	-00000000.122382
000000030.510397	000000004.559809	000000000.215372
000000055.550724	000000008.302112	000000001.176545
000000009.360049	000000001.357142	-00000000.198115
000000015.032438	000000002.179600	-00000000.106045
000000016.546568	000000002.399138	-00000000.116727
000000023.602612	000000003.422216	-00000000.166503
000000030.667854	000000004.310086	000000000.216210
000000035.612133	000000005.004959	000000000.753299
000000010.025364	000000001.364392	-00000000.211937
000000031.794861	000000004.185873	000000000.223889
000000035.254921	000000004.641398	000000000.248254
000000059.384434	000000007.818109	000000001.254660
000000063.002415	000000008.294425	000000001.331100
000000009.699680	000000001.233955	-00000000.204817
000000015.633617	000000001.988847	-00000000.110025
000000033.606792	000000004.126396	000000000.236385
000000035.373482	000000004.343318	000000000.248812
000000039.931301	000000004.902947	000000000.842723
000000009.978149	000000001.180992	-00000000.210471
000000017.408066	000000002.060380	-00000000.122382
000000023.227304	000000002.749133	-00000000.163292
000000039.503452	000000004.500850	000000000.277575
000000043.498970	000000004.956082	000000000.917069
000000009.729677	000000001.065573	-00000000.205026
000000016.033737	000000001.755980	-00000000.112608
000000039.909191	000000004.194625	000000000.280158
000000059.359936	000000006.238981	000000001.250262
000000009.997241	000000001.006669	-00000000.210471
000000017.749805	000000001.787311	-00000000.124546
000000063.124134	000000006.078163	000000001.328378
000000009.617366	000000000.883712	-00000000.202304
000000015.922532	000000001.463075	-00000000.111630
000000064.638855	000000005.655167	000000001.359163
000000010.023251	000000000.832868	-00000000.210681
000000017.419540	000000001.447452	-00000000.122032
000000062.652481	000000004.930857	000000001.316441
000000009.671206	000000000.718695	-00000000.203141
000000013.991079	000000001.039717	-00000000.097947
000000015.985532	000000001.187930	-00000000.111910
000000062.713070	000000004.385325	000000001.316859
000000009.996354	000000000.655196	-00000000.209843
000000056.631725	000000003.463745	000000001.188482
000000059.475784	000000003.637695	000000001.248168
000000009.642348	000000000.547532	-00000000.202304
000000015.574531	000000000.884386	-00000000.108908
000000018.020529	000000001.023280	-00000000.126012
000000056.031738	000000002.936499	000000000.391719
000000056.140621	000000002.942205	000000001.177592
000000009.996280	000000000.480156	-00000000.209634
000000017.888939	000000000.859267	-00000000.125034
000000056.034313	000000002.446511	000000001.174870
000000009.730356	000000000.382307	-00000000.203979
000000015.028038	000000000.590453	-00000000.104998
000000017.915741	000000000.703911	-00000000.125174
000000056.133465	000000001.960224	000000001.176545
000000010.003138	000000000.305623	-00000000.209634
000000056.109398	000000001.469276	000000000.391858
000000056.668140	000000001.483907	000000001.187435
000000009.735546	000000000.212430	-00000000.203979
000000015.515929	000000000.338559	-00000000.108349
000000056.260059	000000000.982023	000000000.392836
000000059.957710	000000001.046566	000000001.256126
000000009.936968	000000000.130082	-00000000.208168
000000056.306484	000000000.491379	000000000.393115
000000056.365490	000000000.491894	000000001.180734
000000009.737771	000000000.042489	-00000000.203979
000000015.479475	000000000.067542	-00000000.108070
000000056.298626	000000000.000000	000000000.393045
000000059.606922	000000000.000000	000000001.248587
000000009.967719	-00000000.043493	-00000000.208796
000000056.366478	-00000000.491903	000000000.393534
000000060.094528	-00000000.524437	000000001.258849
000000063.263710	-00000000.552094	000000001.325236
000000009.657054	-00000000.126418	-00000000.202304
000000015.398305	-00000000.201575	-00000000.107511
000000056.609997	-00000000.988131	000000000.395279
000000010.005424	-00000000.218319	-00000000.209634
000000056.439278	-00000001.477914	000000000.394162
000000063.254436	-00000001.656376	000000001.325446
000000009.413542	-00000000.287610	-00000000.197278
000000014.502879	-00000000.443103	-00000000.101298
000000016.272011	-00000000.497155	-00000000.113655
000000059.602215	-00000002.081355	000000000.416362
000000059.690517	-00000002.084439	000000001.251100
000000010.010079	-00000000.393297	-00000000.209843
000000015.697506	-00000000.616757	-00000000.109676
000000063.395683	-00000002.767915	000000001.329215
000000009.646759	-00000000.463367	-00000000.202304
000000015.182125	-00000000.729250	-00000000.106115
000000056.371265	-00000002.954293	000000000.394092
000000056.929367	-00000002.983542	000000001.194137
000000009.961763	-00000000.565670	-00000000.209005
000000056.313393	-00000003.444275	000000000.393883
000000056.352310	-00000003.446655	000000001.182618
000000009.717014	-00000000.636887	-00000000.203979
000000015.596155	-00000001.022226	-00000000.109117
000000024.756275	-00000001.622612	-00000000.173205
000000056.410873	-00000003.944632	000000000.394790
000000056.359978	-00000003.941074	000000001.183456
000000010.050077	-00000000.746850	-00000000.211100
000000056.523834	-00000004.448523	000000000.395837
000000056.622456	-00000004.456284	000000001.189739
000000009.784126	-00000000.812998	-00000000.205655
000000016.034348	-00000001.332352	-00000000.112328
000000059.668934	-00000005.220356	000000001.254660
000000009.816483	-00000000.902008	-00000000.206492
000000023.410803	-00000002.151151	-00000000.164129
000000057.542454	-00000005.540708	000000000.403587
000000057.630753	-00000005.549210	000000001.212776
000000009.778396	-00000000.984633	-00000000.205864
000000015.919108	-00000001.602970	-00000000.111700
000000060.155380	-00000006.322585	000000001.267016
000000063.913845	-00000006.717616	000000001.346179
000000010.186843	-00000001.115641	-00000000.214660
000000063.527435	-00000007.238037	000000000.446382
000000063.952126	-00000007.286424	000000001.348273
000000009.829221	-00000001.163365	-00000000.207330
000000016.464674	-00000001.948723	-00000000.115749
000000064.094490	-00000007.869814	000000001.352671
000000010.205492	-00000001.298303	-00000000.215497
000000064.320747	-00000008.467987	000000001.358954
000000009.965925	-00000001.356303	-00000000.210681
000000016.438065	-00000002.237123	-00000000.115819
000000056.977428	-00000008.007655	000000001.205236
000000010.329694	-00000001.497734	-00000000.218639
000000017.110657	-00000002.480927	-00000000.120706
000000057.658218	-00000008.617079	000000000.407007
000000056.628517	-00000008.463188	000000001.199372
000000010.019788	-00000001.542193	-00000000.212356
000000016.317451	-00000002.511496	-00000000.115261
000000043.131298	-00000006.831326	000000000.304872
000000056.631500	-00000008.969549	000000001.201048
000000010.163834	-00000001.655285	-00000000.215707
000000038.908020	-00000006.510970	000000000.275411
000000043.277157	-00000007.242113	000000000.306338
000000043.337746	-00000007.252252	000000000.920419
000000010.040613	-00000001.725293	-00000000.213403
000000016.399252	-00000002.817907	-00000000.116168
000000034.900734	-00000006.153941	000000000.247416
000000039.026981	-00000006.881510	000000000.276667
000000039.186752	-00000006.909682	000000000.833508
000000060.079792	-00000010.593688	000000001.277906
000000010.202264	-00000001.844870	-00000000.217173
000000016.944767	-00000003.064113	-00000000.120217
000000034.295097	-00000006.356220	000000000.243506
000000047.726032	-00000008.845497	000000000.338870
000000047.765877	-00000008.852882	000000001.017592
000000010.205421	-00000001.937560	-00000000.217592
000000017.094219	-00000003.245439	-00000000.121474
000000033.295982	-00000006.472083	000000000.236804
000000034.307034	-00000006.668612	000000000.243995
000000048.913570	-00000009.507834	000000001.043770
000000010.266570	-00000002.042148	-00000000.219267
000000017.153517	-00000003.412046	-00000000.122102
000000029.413034	-00000005.850616	-00000000.209368
000000029.955568	-00000006.094529	000000000.213417
000000049.054070	-00000009.980164	000000001.048587
000000064.592270	-00000013.141445	000000001.380734
000000010.277723	-00000002.137769	-00000000.219895
000000027.843376	-00000005.791430	-00000000.198547
000000029.901243	-00000006.355705	000000000.213417
000000064.445793	-00000013.698376	000000001.380105
000000010.434540	-00000002.265561	-00000000.223665
000000022.094658	-00000004.797220	-00000000.157846
000000026.648443	-00000005.785944	-00000000.190379
000000029.961794	-00000006.642370	000000000.214255
000000030.219494	-00000006.699501	000000000.648377
000000010.326610	-00000002.336673	-00000000.221780
000000018.365248	-00000004.155632	-00000000.131457
000000025.465569	-00000005.762270	-00000000.182281
000000026.063765	-00000006.017294	000000000.186749
000000030.009867	-00000006.928323	000000000.215023
000000048.990326	-00000011.310308	000000001.053194
000000010.695091	-00000002.518360	-00000000.230157
000000013.137738	-00000003.093527	-00000000.282723
000000017.773472	-00000004.185097	-00000000.127478
000000024.314421	-00000005.725286	-00000000.174392
000000025.640770	-00000006.155805	000000000.184096
000000064.240112	-00000015.422687	000000001.383875
000000010.313391	-00000002.523670	-00000000.222409
000000023.447626	-00000005.737597	-00000000.168528
000000025.663698	-00000006.398678	000000000.184654
000000025.930317	-00000006.465154	000000000.559791
000000010.504159	-00000002.667717	-00000000.227016
000000020.295200	-00000005.154325	-00000000.146188
000000022.427456	-00000005.695848	-00000000.161546
000000025.606882	-00000006.622390	000000000.184654
000000037.098515	-00000009.594328	000000000.267522
000000043.382862	-00000011.219570	000000000.938639
000000010.383796	-00000002.733825	-00000000.224922
000000021.661301	-00000005.702945	-00000000.156380
000000025.615728	-00000006.863714	000000000.185143
000000035.786678	-00000009.589012	000000000.258656
000000057.228210	-00000015.334252	000000001.241048
000000010.610333	-00000002.892709	-00000000.230367
000000011.854635	-00000003.231945	-00000000.257382
000000020.896784	-00000005.697117	-00000000.151214
000000021.430618	-00000005.943236	000000000.155263
000000033.658791	-00000009.334409	000000000.243855
000000061.138577	-00000016.955227	000000001.329006
000000010.488461	-00000002.958052	-00000000.228272
000000013.991030	-00000003.945879	-00000000.304503
000000019.672106	-00000005.548108	-00000000.142697
000000021.291428	-00000006.105218	000000000.154635
000000038.470867	-00000011.031343	000000000.838325
000000010.481445	-00000003.055063	-00000000.228691
000000018.682114	-00000005.445340	-00000000.135855
000000021.275692	-00000006.302147	000000000.154914
000000032.253910	-00000009.554043	000000000.234850
000000045.620224	-00000013.513326	000000000.996650
000000010.626711	-00000003.198277	-00000000.232461
000000017.925299	-00000005.394903	-00000000.130689
000000021.248573	-00000006.496341	000000000.155124
000000021.368725	-00000006.533074	000000000.468063
000000010.751166	-00000003.338326	-00000000.235812
000000018.125837	-00000005.628222	-00000000.132504
000000021.114779	-00000006.657464	000000000.154565
000000031.090414	-00000009.802770	000000000.227589
000000048.876808	-00000015.410798	000000001.073508
000000010.683537	-00000003.419827	-00000000.234974
000000017.580797	-00000005.627657	-00000000.128874
000000021.160492	-00000006.875461	000000000.155333
000000030.318943	-00000009.851221	000000000.222563
000000033.469849	-00000010.875012	000000000.737173
000000010.681772	-00000003.522320	-00000000.235602
000000017.113161	-00000005.643075	-00000000.125802
000000027.804173	-00000009.303145	000000000.204691
000000057.711800	-00000019.310099	000000001.274765
000000010.319274	-00000003.502922	-00000000.228272
000000016.665564	-00000005.657197	-00000000.122870
000000017.179653	-00000005.915429	000000000.126850
000000027.220818	-00000009.372879	000000000.200990
000000045.951580	-00000015.822397	000000001.018011
000000016.341782	-00000005.706806	-00000000.120846
000000016.948280	-00000006.001701	000000000.125523
000000026.968317	-00000009.549982	000000000.199734
000000030.770496	-00000010.896404	000000000.683770
000000010.680005	-00000003.834514	-00000000.237696
000000014.302738	-00000005.135208	-00000000.318325
000000015.801961	-00000005.673484	-00000000.117215
000000016.838881	-00000006.128851	000000000.125104
000000026.949728	-00000009.808899	000000000.200223
000000017.014101	-00000006.192626	000000000.379267
000000030.617867	-00000011.143991	000000000.682513
000000015.536070	-00000005.731559	-00000000.115610
000000016.747290	-00000006.261555	000000000.124825
000000016.987507	-00000006.351368	000000000.379895
000000010.789094	-00000004.087622	-00000000.241676
000000012.537413	-00000004.750001	-00000000.280838
000000014.042651	-00000005.320284	-00000000.314555
000000014.784128	-00000005.601205	-00000000.110374
000000016.476681	-00000006.242456	-00000000.123010
000000016.794703	-00000006.446882	000000000.125593
000000017.099442	-00000006.563861	000000000.383665
000000028.570629	-00000010.967237	000000000.641047
000000011.675497	-00000004.540352	-00000000.262409
000000013.902508	-00000005.406390	-00000000.312461
000000014.427130	-00000005.610404	-00000000.108070
000000016.477497	-00000006.407749	-00000000.123429
000000016.672676	-00000006.567542	000000000.125104
000000023.827414	-00000009.385868	000000000.178790
000000030.324959	-00000011.945319	000000000.682723
000000040.789860	-00000016.067554	000000000.918325
000000010.976121	-00000004.379028	-00000000.247539
000000014.061834	-00000005.610103	-00000000.105696
000000016.485968	-00000006.577234	-00000000.123917
000000016.540558	-00000006.682819	000000000.124546
000000023.438637	-00000009.469824	000000000.176486
000000029.329662	-00000011.849953	000000000.662618
000000013.093526	-00000005.356703	-00000000.296335
000000013.614369	-00000005.569786	-00000000.102694
000000016.446455	-00000006.728422	-00000000.124057
000000022.652975	-00000009.383169	000000000.171181
000000030.158052	-00000012.491875	000000000.683770
000000038.424957	-00000015.916139	000000000.871205
000000011.045545	-00000004.631781	-00000000.250890
000000013.297814	-00000005.576236	-00000000.100670
000000016.359446	-00000006.860085	-00000000.123848
000000022.008734	-00000009.342154	000000000.166922
000000026.007763	-00000011.039640	000000000.591833
000000030.204344	-00000012.820983	000000000.687330
000000043.760406	-00000018.575190	000000000.995812
000000010.876102	-00000004.672742	-00000000.247958
000000012.584679	-00000005.406805	-00000000.286911
000000012.963828	-00000005.569700	-00000000.098506
000000021.458683	-00000009.330501	000000000.163361
000000028.615168	-00000012.442228	000000000.653613
000000030.613920	-00000013.311311	000000000.699267
000000011.146049	-00000004.904379	-00000000.255079
000000012.786590	-00000005.626234	-00000000.097528
000000020.136362	-00000008.860211	-00000000.153588
000000012.743649	-00000005.673838	000000000.097389
000000020.910545	-00000009.309975	000000000.159801
000000023.057325	-00000010.265782	000000000.176207
000000028.140162	-00000012.528808	000000000.645236
000000030.058187	-00000013.382767	000000000.689215
000000010.391808	-00000004.681168	-00000000.238744
000000012.169354	-00000005.481894	-00000000.279581
000000012.518188	-00000005.639032	-00000000.095853
000000012.748247	-00000005.809711	000000000.097807
000000020.846704	-00000009.500391	000000000.159941
000000022.793974	-00000010.387813	000000000.174881
000000023.581024	-00000010.746491	000000000.542828
000000028.257198	-00000012.877547	000000000.650472
000000011.267585	-00000005.194428	-00000000.259895
000000012.277797	-00000005.660142	-00000000.094387
000000012.669873	-00000005.908059	000000000.097598
000000020.291737	-00000009.462192	000000000.156310
000000022.512136	-00000010.497581	000000000.173415
000000023.296062	-00000010.863132	000000000.538430
000000028.352152	-00000013.220825	000000000.655288
000000011.447890	-00000005.399176	-00000000.265131
000000012.065138	-00000005.690289	-00000000.093130
000000012.265835	-00000005.850503	000000000.094875
000000020.027880	-00000009.552809	000000000.154914
000000021.517109	-00000010.263135	000000000.166433
000000025.835348	-00000012.322829	000000000.599581
000000028.118389	-00000013.411783	000000000.652566
000000043.819931	-00000020.901035	000000001.016964
000000011.022128	-00000005.316443	-00000000.256335
000000011.888927	-00000005.734538	-00000000.092153
000000012.241277	-00000005.970469	000000000.095085
000000020.132496	-00000009.819274	000000000.156380
000000026.122211	-00000012.740654	000000000.608796
000000027.964336	-00000013.639118	000000000.651728
000000037.408592	-00000018.245388	000000000.871833
000000011.082915	-00000005.465489	-00000000.258848
000000011.892243	-00000005.864605	-00000000.092572
000000012.126065	-00000006.045833	000000000.094596
000000019.151129	-00000009.548400	000000000.149399
000000020.547192	-00000010.244452	000000000.160290
000000021.312660	-00000010.626101	000000000.498848
000000027.951618	-00000013.936163	000000000.654241
000000010.802676	-00000005.444997	-00000000.253403
000000011.733458	-00000005.914150	-00000000.091734
000000012.224312	-00000006.228598	000000000.095783
000000012.328826	-00000006.281850	000000000.289843
000000010.648089	-00000005.484126	-00000000.250890
000000011.814750	-00000006.084996	-00000000.092781
000000012.160623	-00000006.330419	000000000.095713
000000012.220328	-00000006.361500	000000000.288587
000000010.440564	-00000005.493046	-00000000.247121
000000011.743500	-00000006.178555	-00000000.092641
000000012.131404	-00000006.450382	000000000.095923
000000018.356033	-00000009.760077	000000000.145140
000000023.331186	-00000012.405413	000000000.553508
000000010.180864	-00000005.470376	-00000000.242094
000000011.741987	-00000006.309197	-00000000.093060
000000012.171321	-00000006.608488	000000000.096690
000000017.821978	-00000009.676544	000000000.141580
000000021.438435	-00000011.640121	000000000.510995
000000023.116608	-00000012.551293	000000000.550995
000000049.510483	-00000026.881998	000000001.180105
000000010.018789	-00000005.496496	-00000000.239372
000000010.722107	-00000005.882349	-00000000.085381
000000012.025728	-00000006.665970	000000000.095992
000000017.343287	-00000009.613541	000000000.138438
000000021.126177	-00000011.710431	000000000.505969
000000023.111130	-00000012.810708	000000000.553508
000000028.462627	-00000015.777092	000000000.681676
000000009.822150	-00000005.500669	-00000000.235812
000000011.734785	-00000006.571795	-00000000.093898
000000011.975802	-00000006.775583	000000000.096062
000000016.823566	-00000009.518315	000000000.134948
000000018.812963	-00000010.643863	000000000.452775
000000009.608852	-00000005.491912	-00000000.231833
000000011.581491	-00000006.619367	-00000000.093130
000000015.891179	-00000009.174777	000000000.128106
000000018.736679	-00000010.817627	000000000.453194
000000020.953218	-00000012.097346	000000000.506807
000000009.439651	-00000005.505042	-00000000.228901
000000009.605617	-00000005.601830	-00000000.077632
000000011.730600	-00000006.841084	-00000000.094806
000000014.961267	-00000008.725153	-00000000.120915
000000015.776045	-00000009.292801	000000000.127827
000000018.624338	-00000010.970573	000000000.452775
000000009.228001	-00000005.490083	-00000000.224922
000000011.447014	-00000006.810258	-00000000.092990
000000013.947825	-00000008.298084	-00000000.113306
000000015.488635	-00000009.306511	000000000.126151
000000020.173294	-00000012.121338	000000000.492985
000000026.086451	-00000015.674321	000000000.637487
000000009.077173	-00000005.508163	-00000000.222409
000000011.387148	-00000006.909891	-00000000.092990
000000014.310876	-00000008.684052	-00000000.116866
000000015.116941	-00000009.263674	000000000.123778
000000019.862158	-00000012.171546	000000000.487958
000000008.960747	-00000005.545078	-00000000.220733
000000011.190362	-00000006.924807	-00000000.091873
000000012.950548	-00000008.014043	-00000000.106325
000000014.815039	-00000009.257463	000000000.121963
000000016.194166	-00000010.119238	000000000.400000
000000008.709086	-00000005.495024	-00000000.215707
000000008.795355	-00000005.549456	-00000000.072605
000000013.675086	-00000008.628337	-00000000.112887
000000014.598750	-00000009.300429	000000000.120846
000000016.054651	-00000010.227942	000000000.398744
000000008.652393	-00000005.565406	-00000000.215497
000000011.505134	-00000007.400351	-00000000.095504
000000014.148028	-00000009.187837	000000000.117774
000000014.363276	-00000009.327621	000000000.358744
000000016.166023	-00000010.498338	000000000.403770
000000008.486443	-00000005.563955	-00000000.212566
000000013.187912	-00000008.646374	-00000000.110094
000000014.017279	-00000009.277834	000000000.117355
000000015.501560	-00000010.260259	000000000.129782
000000016.157162	-00000010.694192	000000000.405864
000000008.271308	-00000005.526711	-00000000.208377
000000008.314493	-00000005.555567	-00000000.069813
000000011.557146	-00000007.722238	-00000000.097040
000000013.745108	-00000009.271193	000000000.115749
000000014.181723	-00000009.565693	000000000.358325
000000015.806279	-00000010.661469	000000000.399372
000000018.483482	-00000012.467266	000000000.467016
000000008.074011	-00000005.497398	-00000000.204607
000000008.323556	-00000005.667307	-00000000.070301
000000012.778766	-00000008.700752	-00000000.107930
000000013.548305	-00000009.311492	000000000.114772
000000015.951584	-00000010.963221	000000000.405445
000000018.431660	-00000012.667729	000000000.468482
000000008.009300	-00000005.556250	-00000000.204189
000000008.273783	-00000005.739727	-00000000.070301
000000011.157694	-00000007.740367	-00000000.094806
000000012.694136	-00000008.806235	-00000000.107860
000000008.224086	-00000005.758567	000000000.070092
000000013.384619	-00000009.372010	000000000.114074
000000016.182894	-00000011.331385	000000000.413822
000000018.582483	-00000013.011596	000000000.475184
000000007.846204	-00000005.545149	-00000000.201257
000000008.043724	-00000005.684742	-00000000.068765
000000013.115082	-00000009.354897	000000000.112468
000000014.276455	-00000010.183296	000000000.367330
000000016.099674	-00000011.483786	000000000.414241
000000018.028704	-00000012.859749	000000000.463875
000000007.683920	-00000005.531631	-00000000.198325
000000007.953231	-00000005.725507	-00000000.068416
000000008.041432	-00000005.842443	000000000.069394
000000012.838787	-00000009.327925	000000000.110793
000000013.944394	-00000010.131195	000000000.361047
000000015.877520	-00000011.535693	000000000.411100
000000018.255508	-00000013.263404	000000000.472670
000000007.619230	-00000005.586650	-00000000.197906
000000007.911029	-00000005.800607	-00000000.068486
000000007.724876	-00000005.716107	000000000.067090
000000012.740821	-00000009.427711	000000000.110653
000000013.775084	-00000010.193027	000000000.358953
000000015.591403	-00000011.537031	000000000.406283
000000017.005880	-00000012.583690	000000000.443142
000000007.474059	-00000005.581144	-00000000.195393
000000007.787997	-00000005.815574	-00000000.067858
000000007.850396	-00000005.915698	000000000.068626
000000012.634106	-00000009.520481	000000000.110444
000000015.402301	-00000011.606466	000000000.403979
000000007.337529	-00000005.579587	-00000000.193089
000000007.776751	-00000005.913579	-00000000.068207
000000007.996807	-00000006.136166	000000000.070371
000000012.328410	-00000009.459922	000000000.108489
000000007.884202	-00000006.049761	000000000.208168
000000013.825116	-00000010.608385	000000000.365026
000000015.308361	-00000011.746518	000000000.404189
000000007.241128	-00000005.606680	-00000000.191833
000000007.685316	-00000005.950607	-00000000.067858
000000007.611998	-00000005.947145	000000000.067439
000000012.072030	-00000009.431704	000000000.106953
000000007.539609	-00000005.890588	000000000.200419
000000012.156340	-00000009.497573	000000000.323142
000000013.692622	-00000010.697849	000000000.363979
000000007.207629	-00000005.682036	-00000000.192251
000000007.672360	-00000006.048401	-00000000.068207
000000007.669373	-00000006.100495	000000000.068416
000000007.691351	-00000006.117977	000000000.205864
000000007.056407	-00000005.663365	-00000000.189529
000000007.588091	-00000006.090086	-00000000.067928
000000007.569217	-00000006.129431	000000000.067997
000000007.676518	-00000006.216322	000000000.206911
000000007.053170	-00000005.762681	-00000000.190785
000000007.581119	-00000006.194034	-00000000.068347
000000007.484576	-00000006.169808	000000000.067718
000000011.412049	-00000009.407368	000000000.103253
000000013.816765	-00000011.389663	000000000.375079
000000006.864252	-00000005.708938	-00000000.187016
000000007.619037	-00000006.336686	-00000000.069184
000000007.713879	-00000006.472713	000000000.070301
000000011.329521	-00000009.506598	000000000.103253
000000007.482613	-00000006.278658	000000000.204607
000000011.825131	-00000009.922463	000000000.323351
000000013.778117	-00000011.561213	000000000.376754
000000006.966784	-00000005.897818	-00000000.191204
000000007.525289	-00000006.370627	-00000000.068835
000000010.356812	-00000008.767689	-00000000.094736
000000007.406173	-00000006.325469	000000000.067997
000000011.040826	-00000009.429756	000000000.101368
000000013.585475	-00000011.603092	000000000.374241
000000006.710554	-00000005.782183	-00000000.185550
000000007.363352	-00000006.344670	-00000000.067858
000000010.287481	-00000008.864262	-00000000.094806
000000010.799631	-00000009.387977	000000000.099902
000000012.148160	-00000010.560234	000000000.337173
000000007.013127	-00000006.150347	-00000000.195393
000000007.488142	-00000006.566924	-00000000.069533
000000009.999226	-00000008.769086	-00000000.092851
000000010.709805	-00000009.475236	000000000.099832
000000013.365928	-00000011.825174	000000000.373822
000000015.859404	-00000014.031215	000000000.443560
000000006.772715	-00000006.044879	-00000000.190157
000000007.467853	-00000006.665313	-00000000.069882
000000009.862638	-00000008.802741	-00000000.092292
000000007.401542	-00000006.664379	000000000.069533
000000010.574693	-00000009.521496	000000000.099343
000000011.077859	-00000009.974549	000000000.312251
000000013.128489	-00000011.820945	000000000.370053
000000007.000928	-00000006.359195	-00000000.198115
000000007.379795	-00000006.703334	-00000000.069603
000000009.681817	-00000008.794344	-00000000.091315
000000007.306240	-00000006.694936	000000000.069184
000000010.432220	-00000009.559368	000000000.098785
000000011.432664	-00000010.476107	000000000.324817
000000013.223855	-00000012.117431	000000000.375707
000000006.607453	-00000006.107867	-00000000.188482
000000009.487216	-00000008.769892	-00000000.090198
000000010.121689	-00000009.438627	000000000.096621
000000011.077579	-00000010.330009	000000000.317278
000000013.658691	-00000012.736936	000000000.391204
000000006.757800	-00000006.357103	-00000000.194346
000000009.344771	-00000008.790684	-00000000.089570
000000009.966401	-00000009.457761	000000000.095923
000000010.921742	-00000010.364347	000000000.315393
000000006.680401	-00000006.395093	-00000000.193717
000000008.579802	-00000008.213373	-00000000.248796
000000009.144905	-00000008.754342	-00000000.088383
000000009.617339	-00000009.287356	000000000.093339
000000010.787730	-00000010.417590	000000000.314136
000000013.448705	-00000012.987263	000000000.391623
000000007.025381	-00000006.843823	-00000000.205445
000000009.018022	-00000008.784968	-00000000.087894
000000009.685705	-00000009.518116	000000000.094806
000000010.760589	-00000010.574401	000000000.316021
000000013.227894	-00000012.999015	000000000.388482
000000006.532272	-00000006.475515	-00000000.192670
000000008.371249	-00000008.298513	-00000000.246911
000000008.862897	-00000008.785890	-00000000.087126
000000009.446716	-00000009.446716	000000000.093270
000000010.674971	-00000010.674971	000000000.316231
000000013.022051	-00000013.022051	000000000.385759
000000008.291474	-00000008.364149	-00000000.246702
000000008.771810	-00000008.848694	-00000000.086987
000000009.342893	-00000009.507397	000000000.093060
000000010.588416	-00000010.774851	000000000.316440
000000012.739736	-00000012.964049	000000000.380733
000000006.250831	-00000006.416658	-00000000.187644
000000008.596569	-00000008.824625	-00000000.086009
000000009.197053	-00000009.523827	000000000.092432
000000010.563437	-00000010.938759	000000000.318534
000000012.855307	-00000013.312059	000000000.387644
000000008.033619	-00000008.392028	-00000000.243351
000000008.443169	-00000008.819849	-00000000.085241
000000009.148009	-00000009.639991	000000000.092781
000000010.529515	-00000011.095794	000000000.320419
000000012.834997	-00000013.525265	000000000.390576
000000006.548913	-00000006.961699	-00000000.200210
000000008.276809	-00000008.798507	-00000000.084334
000000008.893042	-00000009.536620	000000000.091036
000000010.541382	-00000011.304249	000000000.323770
000000012.859669	-00000013.790306	000000000.394974
000000007.383732	-00000007.987677	-00000000.227854
000000008.104683	-00000008.767597	-00000000.083356
000000008.654100	-00000009.444293	000000000.089430
000000010.097858	-00000011.019878	000000000.313089
000000011.590586	-00000012.648904	000000000.359372
000000006.412972	-00000007.060132	-00000000.199791
000000007.987523	-00000008.793577	-00000000.082937
000000008.644957	-00000009.601197	000000000.090198
000000010.155175	-00000011.278464	000000000.317906
000000011.419554	-00000012.682700	000000000.357487
000000012.737453	-00000014.146375	000000000.398744
000000007.522813	-00000008.428599	-00000000.236649
000000007.883847	-00000008.833104	-00000000.082658
000000008.501208	-00000009.608868	000000000.089570
000000009.897372	-00000011.186944	000000000.312880
000000011.281945	-00000012.751919	000000000.356649
000000012.560520	-00000014.197085	000000000.397068
000000006.710669	-00000007.652051	-00000000.213194
000000007.733938	-00000008.818866	-00000000.081890
000000008.371109	-00000009.629860	000000000.089081
000000009.248404	-00000010.639071	000000000.295288
000000011.117763	-00000012.789522	000000000.354974
000000012.180344	-00000014.011883	000000000.388901
000000007.283201	-00000008.452571	-00000000.233717
000000007.624048	-00000008.848144	-00000000.081541
000000007.832153	-00000009.170273	000000000.084194
000000008.252674	-00000009.662641	000000000.266178
000000011.057675	-00000012.946874	000000000.356649
000000006.640697	-00000007.844309	-00000000.215288
000000007.501317	-00000008.860912	-00000000.081052
000000007.893239	-00000009.406796	000000000.085730
000000008.444377	-00000010.063617	000000000.275183
000000009.871052	-00000011.763862	000000000.321676
000000007.861735	-00000009.537047	000000000.086288
000000008.489782	-00000010.298929	000000000.279581
000000007.551661	-00000009.325524	000000000.083775
000000007.713776	-00000009.525720	000000000.256754
000000007.569593	-00000009.516283	000000000.084892
000000007.256928	-00000009.123210	000000000.244189
000000008.159377	-00000010.257743	000000000.274555
000000006.944492	-00000008.888544	000000000.078749
000000008.383471	-00000010.730352	000000000.285236
000000009.916131	-00000012.692069	000000000.337382
000000010.851730	-00000013.889582	000000000.369215
000000007.225822	-00000009.416875	000000000.082868
000000008.027802	-00000010.462035	000000000.276231
000000010.529263	-00000013.722002	000000000.362304
000000007.239658	-00000009.607351	000000000.083985
000000008.194922	-00000010.875030	000000000.285236
000000010.487335	-00000013.917164	000000000.365026
000000007.292350	-00000009.855045	000000000.085590
000000007.867779	-00000010.632693	000000000.277068
000000010.597417	-00000014.321588	000000000.373194
000000007.070884	-00000009.732237	000000000.083985
000000008.027386	-00000011.048748	000000000.286073
000000010.395641	-00000014.308372	000000000.370471
000000006.881163	-00000009.647034	000000000.082728
000000007.541677	-00000010.573041	000000000.272042
000000010.287799	-00000014.422962	000000000.371100
000000006.899956	-00000009.854158	000000000.083985
000000008.217547	-00000011.735874	000000000.300105
000000010.224625	-00000014.602278	000000000.373403
000000006.898660	-00000010.037613	000000000.085032
000000008.250729	-00000012.004885	000000000.305131
000000010.142111	-00000014.756863	000000000.375079
000000006.553581	-00000009.716084	000000000.081820
000000007.838165	-00000011.620558	000000000.293613
000000006.451986	-00000009.747888	000000000.081611
000000007.208122	-00000010.890284	000000000.091175
000000008.106175	-00000012.247096	000000000.307644
000000006.372121	-00000009.812206	000000000.081681
000000006.441667	-00000009.919297	000000000.247749
000000007.748514	-00000011.931664	000000000.298011
000000006.178795	-00000009.698765	000000000.080284
000000008.036240	-00000012.614368	000000000.313299
000000006.131016	-00000009.811677	000000000.080773
000000007.682144	-00000012.294001	000000000.303665
000000005.977238	-00000009.753965	000000000.079866
000000007.652925	-00000012.488439	000000000.306806
000000005.922793	-00000009.857183	000000000.080284
000000007.450967	-00000012.400491	000000000.303037
000000005.719818	-00000009.710324	000000000.078679
000000007.246058	-00000012.301366	000000000.299058
000000005.689861	-00000009.855129	000000000.079447
000000006.013680	-00000010.416000	000000000.251937
