000000003.263719	000000003.787733	-00000000.034906
000000003.230716	000000003.683925	-00000000.034208
000000003.195531	000000003.580290	-00000000.100524
000000003.282717	000000003.677973	-00000000.034418
000000003.226653	000000003.552268	-00000000.100524
000000003.321411	000000003.656589	-00000000.034487
000000003.325394	000000003.597391	-00000000.102618
000000003.366770	000000003.642151	-00000000.034627
000000003.315558	000000003.524542	-00000000.101361
000000003.466941	000000003.685467	-00000000.035325
000000003.422239	000000003.574917	-00000000.103665
000000003.581950	000000003.741754	-00000000.036163
000000003.460282	000000003.552078	-00000000.103874
000000003.516778	000000003.610074	-00000000.035186
000000003.547456	000000003.578549	-00000000.105550
000000003.674867	000000003.707077	-00000000.036442
000000003.493346	000000003.462993	-00000000.103037
000000003.707077	000000003.674867	-00000000.036442
000000003.566401	000000003.474234	-00000000.104293
000000003.567097	000000003.474912	-00000000.034767
000000003.639916	000000003.484461	-00000000.105550
000000003.712860	000000003.554290	-00000000.035884
000000003.750288	000000003.527919	-00000000.107853
000000003.867556	000000003.638233	-00000000.037070
000000003.612074	000000003.338967	-00000000.103037
000000003.840413	000000003.550041	-00000000.036512
000000003.863091	000000003.508985	-00000000.109319
000000004.078503	000000003.704651	-00000000.038467
000000003.833894	000000003.421881	-00000000.107644
000000004.110676	000000003.668919	-00000000.038467
000000005.505769	000000004.914087	-00000000.051522
000000003.946293	000000003.460806	-00000000.109948
000000004.142537	000000003.632907	-00000000.038467
000000003.953622	000000003.406658	-00000000.109319
000000004.249836	000000003.661893	-00000000.039165
000000004.082398	000000003.456005	-00000000.112042
000000004.266366	000000003.611745	-00000000.039025
000000004.097028	000000003.407462	-00000000.111623
000000004.459174	000000003.708656	-00000000.040491
000000004.165319	000000003.403208	-00000000.112670
000000004.584293	000000003.745524	-00000000.041329
000000004.046713	000000003.247830	-00000000.108691
000000004.515421	000000003.624009	-00000000.040421
000000004.224079	000000003.329995	-00000000.112670
000000004.586139	000000003.615421	-00000000.040771
000000004.332028	000000003.354215	-00000000.114764
000000004.823089	000000003.734434	-00000000.042586
000000004.432759	000000003.370748	-00000000.116649
000000004.839574	000000003.680098	-00000000.042446
000000004.726361	000000003.529341	-00000000.123560
000000005.015727	000000003.745421	-00000000.043703
000000004.789230	000000003.511609	-00000000.124398
000000005.064349	000000003.713334	-00000000.043842
000000004.998199	000000003.598189	-00000000.129005
000000005.396835	000000003.885166	-00000000.046425
000000004.849787	000000003.427490	-00000000.124398
000000005.095719	000000003.601298	-00000000.043563
000000005.117738	000000003.550301	-00000000.130471
000000005.398089	000000003.744787	-00000000.045867
000000005.206374	000000003.544894	-00000000.131937
000000005.885176	000000004.007073	-00000000.049707
000000005.270361	000000003.521543	-00000000.132775
000000005.903290	000000003.944453	-00000000.049567
000000005.635332	000000003.694686	-00000000.141152
000000005.552804	000000003.640578	-00000000.046356
000000007.438827	000000004.830831	000000000.061924
000000010.363694	000000006.730262	000000000.258848
000000005.423512	000000003.488520	-00000000.135079
000000005.525492	000000003.554116	-00000000.045867
000000005.293095	000000003.339694	-00000000.131100
000000005.615496	000000003.543114	-00000000.046356
000000007.895136	000000004.933428	000000000.064996
000000010.547404	000000006.590750	000000000.260524
000000005.100995	000000003.156591	-00000000.125655
000000005.578175	000000003.451879	-00000000.045797
000000007.878203	000000004.827769	000000000.064507
000000009.649770	000000005.913386	000000000.237068
000000005.436047	000000003.298674	-00000000.133194
000000006.223607	000000003.776577	-00000000.050824
000000008.528606	000000005.124504	000000000.069464
000000009.743855	000000005.854699	000000000.238115
000000005.705207	000000003.394241	-00000000.139058
000000005.852415	000000003.481821	-00000000.047542
000000009.520770	000000005.608162	000000000.077143
000000005.440970	000000003.173080	-00000000.131937
000000005.804833	000000003.385278	-00000000.046914
000000005.949450	000000003.434916	000000000.047961
000000009.690588	000000005.594863	000000000.078120
000000009.853208	000000005.688752	000000000.238325
000000005.841697	000000003.338805	-00000000.140942
000000005.990426	000000003.423810	-00000000.048171
000000008.537982	000000004.830558	000000000.068486
000000009.695526	000000005.485465	000000000.077771
000000005.905502	000000003.307240	-00000000.141780
000000006.002626	000000003.361632	-00000000.048031
000000006.113442	000000003.388736	000000000.048799
000000009.192029	000000005.095225	000000000.073373
000000009.854803	000000005.462606	000000000.236021
000000011.175188	000000006.194508	000000000.267644
000000023.434668	000000012.990047	000000000.561257
000000005.899077	000000003.236345	-00000000.140942
000000005.979131	000000003.280264	-00000000.047612
000000006.784303	000000003.683576	000000000.053895
000000011.272751	000000006.120604	000000000.268691
000000005.750955	000000003.090100	-00000000.136754
000000006.060380	000000003.256360	-00000000.048031
000000009.200089	000000004.891775	000000000.072745
000000011.080723	000000005.891725	000000000.087615
000000011.184492	000000005.946900	000000000.265340
000000005.954660	000000003.132899	-00000000.140942
000000006.070868	000000003.194038	-00000000.047891
000000009.100510	000000004.737425	000000000.071628
000000006.017326	000000003.099127	-00000000.141780
000000006.151849	000000003.168410	-00000000.048310
000000009.364250	000000004.771324	000000000.073373
000000011.188588	000000005.700871	000000000.263037
000000006.169131	000000003.109498	-00000000.144712
000000006.214982	000000003.132609	-00000000.048590
000000009.253396	000000004.613573	000000000.072186
000000011.067910	000000005.518256	000000000.259058
000000006.447101	000000003.179358	-00000000.150576
000000007.632201	000000003.763785	-00000000.059411
000000007.756404	000000003.783051	000000000.060248
000000009.401156	000000004.585250	000000000.073024
000000007.754891	000000003.782313	000000000.180733
000000010.926938	000000005.329424	000000000.254660
000000006.177435	000000002.979641	-00000000.143665
000000006.196653	000000002.988911	-00000000.048031
000000007.626659	000000003.637730	000000000.058992
000000009.883068	000000004.713982	000000000.076445
000000011.397152	000000005.436162	000000000.264503
000000006.420223	000000003.027974	-00000000.148691
000000007.741948	000000003.651340	-00000000.059760
000000007.830309	000000003.651333	000000000.060318
000000009.796948	000000004.568392	000000000.075467
000000007.783477	000000003.629495	000000000.179895
000000011.471340	000000005.349174	000000000.265131
000000006.519038	000000003.005318	-00000000.150367
000000005.902787	000000002.721222	-00000000.045378
000000008.118602	000000003.742727	-00000000.062412
000000009.727248	000000004.432962	000000000.074630
000000007.347191	000000003.309668	-00000000.168796
000000007.795376	000000003.511561	-00000000.059690
000000008.066410	000000003.591397	000000000.061645
000000008.064837	000000003.590697	000000000.184922
000000007.311735	000000003.217240	-00000000.167330
000000007.917251	000000003.483674	-00000000.060388
000000008.079103	000000003.512894	000000000.061505
000000010.188289	000000004.429994	000000000.077562
000000020.858541	000000009.069551	000000000.476440
000000006.668962	000000002.865212	-00000000.152042
000000008.379171	000000003.599976	-00000000.063669
000000010.189740	000000004.325288	000000000.077283
000000020.909283	000000008.875464	000000000.475812
000000007.385210	000000003.096875	-00000000.167749
000000009.277116	000000003.890218	-00000000.070231
000000010.060803	000000004.167321	000000000.076026
000000015.785639	000000006.538626	000000000.357906
000000020.912045	000000008.662052	000000000.474136
000000007.671048	000000003.138309	-00000000.173613
000000008.468489	000000003.464550	-00000000.063879
000000010.217318	000000004.128064	000000000.076933
000000015.443495	000000006.239577	000000000.348901
000000016.287046	000000006.580394	000000000.367958
000000020.977568	000000008.475488	000000000.473927
000000007.911722	000000003.156457	-00000000.178429
000000009.362172	000000003.735128	-00000000.070371
000000010.308775	000000004.060735	000000000.077352
000000021.106544	000000008.314089	000000000.475184
000000027.562225	000000010.857049	000000000.620524
000000007.976238	000000003.101789	-00000000.179267
000000009.441010	000000003.671408	-00000000.070720
000000010.371825	000000003.981371	000000000.077562
000000012.444324	000000004.776928	000000000.093060
000000016.763426	000000006.434876	000000000.376126
000000017.911480	000000006.875573	000000000.401885
000000008.133892	000000003.081656	-00000000.182199
000000009.510094	000000003.603052	-00000000.070999
000000010.509206	000000003.929231	000000000.078330
000000017.352730	000000006.487920	000000000.388063
000000039.640640	000000014.821028	000000000.886493
000000008.263654	000000003.048623	-00000000.184503
000000009.484883	000000003.499158	-00000000.070581
000000010.214210	000000003.717668	000000000.075886
000000016.763708	000000006.101490	000000000.124546
000000037.363380	000000013.599158	000000000.832880
000000008.440497	000000003.030448	-00000000.187854
000000009.590349	000000003.443287	-00000000.071139
000000010.783555	000000003.818657	000000000.079866
000000012.574532	000000004.452875	000000000.093130
000000016.901150	000000005.985011	000000000.125174
000000037.376961	000000013.235876	000000000.830576
000000008.645959	000000003.019304	-00000000.191833
000000009.704998	000000003.389137	-00000000.071767
000000011.364857	000000003.913234	000000000.083915
000000016.054514	000000005.528012	000000000.118542
000000017.147945	000000005.904511	000000000.379895
000000008.927593	000000003.030509	-00000000.197487
000000009.857303	000000003.346103	-00000000.072675
000000011.464953	000000003.836120	000000000.084403
000000016.291803	000000005.451161	000000000.119938
000000016.952307	000000005.672163	000000000.374450
000000008.934709	000000002.946225	-00000000.197068
000000009.800656	000000003.231772	-00000000.072047
000000012.315882	000000004.001672	000000000.090407
000000016.034422	000000005.209900	000000000.117704
000000032.927864	000000010.698912	000000000.725236
000000009.179082	000000002.938247	-00000000.201885
000000010.647526	000000003.408300	-00000000.078050
000000012.169132	000000003.836913	000000000.089081
000000015.936221	000000005.024671	000000000.116657
000000042.774361	000000013.486704	000000000.939477
000000009.204373	000000002.858034	-00000000.201885
000000010.084765	000000003.131403	-00000000.073722
000000012.278654	000000003.753961	000000000.089639
000000013.885207	000000004.245134	000000000.101368
000000015.989025	000000004.888336	000000000.116727
000000026.349977	000000008.055997	000000000.577173
000000009.535319	000000002.869805	-00000000.208586
000000011.107557	000000003.342995	-00000000.080983
000000011.965778	000000003.544425	000000000.087126
000000016.222836	000000004.805423	000000000.118123
000000045.303883	000000013.419621	000000000.989739
000000009.531204	000000002.778093	-00000000.207958
000000010.982702	000000003.201166	-00000000.079866
000000012.457648	000000003.572173	000000000.090477
000000012.445609	000000003.568721	000000000.271204
000000009.805267	000000002.765372	-00000000.213403
000000011.202706	000000003.159490	-00000000.081262
000000016.468042	000000004.566993	000000000.119310
000000029.220501	000000008.103562	000000000.635184
000000010.118400	000000002.758592	-00000000.219686
000000011.499985	000000003.135256	-00000000.083217
000000016.401020	000000004.394640	000000000.118542
000000021.877686	000000005.862108	000000000.158126
000000010.393464	000000002.736371	-00000000.225131
000000011.971737	000000003.151895	-00000000.086428
000000015.480304	000000004.003479	000000000.111630
000000017.281015	000000004.469174	000000000.124615
000000020.785624	000000005.375527	000000000.149888
000000022.252832	000000005.754974	000000000.481466
000000010.145622	000000002.576660	-00000000.219267
000000012.250780	000000003.111302	-00000000.088243
000000017.193220	000000004.286751	000000000.123708
000000020.841444	000000005.196355	000000000.149957
000000010.478482	000000002.564068	-00000000.225969
000000012.665992	000000003.099349	-00000000.091036
000000015.470028	000000003.714025	000000000.111072
000000020.954060	000000005.030625	000000000.150446
000000056.443417	000000013.550865	000000001.215917
000000010.218241	000000002.406076	-00000000.219895
000000013.004029	000000003.062042	-00000000.093270
000000015.696720	000000003.623873	000000000.112468
000000017.723360	000000004.091760	000000000.126989
000000034.745190	000000008.021559	000000000.248952
000000034.787125	000000008.031240	000000000.747854
000000010.492382	000000002.374184	-00000000.225340
000000013.839770	000000003.131620	-00000000.099064
000000017.846256	000000003.956420	000000000.127617
000000020.413853	000000004.525642	000000000.145978
000000023.108364	000000005.123001	000000000.165246
000000024.938892	000000005.528819	000000000.535079
000000010.268447	000000002.229498	-00000000.220105
000000013.993608	000000003.038310	-00000000.099972
000000016.706354	000000003.551045	000000000.119240
000000016.751993	000000003.560746	000000000.358744
000000010.424547	000000002.168309	-00000000.223037
000000014.323087	000000002.979206	-00000000.102136
000000017.011080	000000003.460943	000000000.121195
000000021.626411	000000004.399943	000000000.154076
000000027.672400	000000005.630013	000000000.197151
000000027.774773	000000005.650841	000000000.593718
000000010.188125	000000002.026544	-00000000.217592
000000014.711421	000000002.926284	-00000000.104719
000000016.555252	000000003.293044	-00000000.117844
000000017.521618	000000003.405858	000000000.124615
000000023.921673	000000004.649902	000000000.170133
000000010.559026	000000002.004694	-00000000.225131
000000015.414270	000000002.926491	-00000000.109536
000000018.425747	000000003.415010	000000000.130829
000000027.923758	000000005.175363	000000000.198268
000000042.791698	000000007.930973	000000000.911624
000000010.133396	000000001.832417	-00000000.215707
000000015.271940	000000002.761617	-00000000.108349
000000020.513046	000000003.617003	000000000.145420
000000021.812960	000000003.846213	000000000.154635
000000030.685862	000000005.410745	000000000.217536
000000030.788185	000000005.428788	000000000.654869
000000010.444603	000000001.794711	-00000000.221990
000000017.286232	000000002.970318	-00000000.122451
000000020.928471	000000003.502225	000000000.148142
000000022.565664	000000003.776197	000000000.159731
000000081.045036	000000013.562288	000000001.721258
000000010.124362	000000001.648857	-00000000.214869
000000014.962501	000000002.436798	-00000000.105836
000000017.123970	000000002.788815	-00000000.121125
000000022.903934	000000003.627627	000000000.161895
000000033.452187	000000005.298306	000000000.236455
000000033.475292	000000005.301966	000000000.709948
000000010.355757	000000001.593903	-00000000.219477
000000019.321997	000000002.973940	-00000000.136484
000000020.656252	000000003.179301	-00000000.145908
000000022.944609	000000003.429095	000000000.161965
000000025.031382	000000003.740965	000000000.176696
000000010.072442	000000001.460435	-00000000.213194
000000014.567314	000000002.112160	-00000000.102764
000000020.604040	000000002.987443	-00000000.145350
000000024.795710	000000003.484810	000000000.174811
000000029.420147	000000004.134732	000000000.207413
000000010.372091	000000001.411580	-00000000.219267
000000021.699434	000000002.953163	-00000000.152890
000000024.944145	000000003.283959	000000000.175649
000000029.812019	000000003.924827	000000000.209927
000000010.017053	000000001.274330	-00000000.211518
000000014.631717	000000001.861389	-00000000.102974
000000023.281788	000000002.961818	-00000000.163850
000000029.269472	000000003.593839	000000000.205877
000000029.293537	000000003.596794	000000000.618220
000000010.285933	000000001.217420	-00000000.216963
000000029.389139	000000003.348469	000000000.206506
000000047.104843	000000005.366919	000000000.993089
000000009.958261	000000001.090607	-00000000.209843
000000014.383645	000000001.575265	-00000000.101019
000000029.745424	000000003.126370	000000000.208809
000000033.733360	000000003.545519	000000000.236804
000000033.756615	000000003.547963	000000000.710995
000000010.265822	000000001.033714	-00000000.216126
000000038.391495	000000003.696681	000000000.269267
000000055.093048	000000005.304857	000000001.159372
000000009.935953	000000000.912986	-00000000.209005
000000014.209790	000000001.305696	-00000000.099623
000000040.653717	000000003.556739	000000000.284905
000000042.426899	000000003.711873	000000000.297332
000000042.328991	000000003.703307	000000000.890053
000000060.943783	000000005.331890	000000001.281467
000000010.192629	000000000.846942	-00000000.214241
000000047.023441	000000003.700825	000000000.329306
000000046.994347	000000003.698535	000000000.987435
000000068.961586	000000005.427394	000000001.449006
000000009.870611	000000000.733513	-00000000.207330
000000014.290247	000000001.061949	-00000000.100041
000000051.193733	000000003.579815	000000001.074974
000000010.106094	000000000.662388	-00000000.212147
000000009.812037	000000000.557168	-00000000.205864
000000014.007093	000000000.795380	-00000000.097947
000000072.658516	000000003.807872	000000000.507957
000000072.804092	000000003.815501	000000001.527121
000000010.046211	000000000.482554	-00000000.210681
000000009.780307	000000000.384269	-00000000.205026
000000013.838985	000000000.543735	-00000000.096690
000000009.823260	000000000.300128	-00000000.205864
000000009.675574	000000000.211122	-00000000.202723
000000013.676412	000000000.298420	-00000000.095504
000000009.936968	000000000.130082	-00000000.208168
000000009.717776	000000000.042402	-00000000.203560
000000013.839531	000000000.060387	-00000000.096621
000000009.877739	-00000000.043100	-00000000.206911
000000009.717036	-00000000.127203	-00000000.203560
000000013.838477	-00000000.181156	-00000000.096621
000000009.955446	-00000000.217229	-00000000.208586
000000009.703342	-00000000.296464	-00000000.203351
000000014.043105	-00000000.429056	-00000000.098087
000000009.900187	-00000000.388979	-00000000.207539
000000009.656746	-00000000.463847	-00000000.202513
000000013.843701	-00000000.664961	-00000000.096760
000000056.730762	-00000002.973133	000000000.396605
000000056.709717	-00000002.972030	000000001.189529
000000009.861946	-00000000.560002	-00000000.206911
000000035.432922	-00000002.167170	000000000.247835
000000048.109524	-00000002.942505	000000001.009634
000000009.637203	-00000000.631656	-00000000.202304
000000014.099403	-00000000.924124	-00000000.098645
000000033.846523	-00000002.366780	000000000.236874
000000035.502441	-00000002.482572	000000000.248463
000000043.752094	-00000003.059444	000000000.306198
000000043.693699	-00000003.055361	000000000.917487
000000009.850671	-00000000.732031	-00000000.206911
000000030.843872	-00000002.427465	000000000.216000
000000035.309948	-00000002.778953	000000000.247276
000000039.606560	-00000003.117104	000000000.277365
000000039.658642	-00000003.121203	000000000.833299
000000009.624711	-00000000.799752	-00000000.202304
000000014.071162	-00000001.169223	-00000000.098575
000000031.060595	-00000002.717450	000000000.217676
000000035.264435	-00000003.085238	000000000.247137
000000035.367115	-00000003.094222	000000000.743665
000000009.836395	-00000000.903838	-00000000.206911
000000030.966022	-00000002.981689	000000000.217187
000000031.029648	-00000002.987815	000000000.652985
000000049.918121	-00000004.806569	000000001.050472
000000009.609288	-00000000.967604	-00000000.202304
000000014.048613	-00000001.414621	-00000000.098575
000000021.232111	-00000002.137961	-00000000.148980
000000021.302139	-00000002.238945	000000000.149539
000000030.908987	-00000003.248666	000000000.216978
000000049.874279	-00000005.241998	000000001.050472
000000009.789308	-00000001.072104	-00000000.206283
000000019.940283	-00000002.183816	-00000000.140044
000000024.530691	-00000002.794919	000000000.172367
000000026.825787	-00000003.056412	000000000.188494
000000026.890091	-00000003.063739	000000000.566911
000000009.551223	-00000001.130462	-00000000.201466
000000014.220393	-00000001.683095	-00000000.099972
000000018.113127	-00000002.143830	-00000000.127338
000000023.939631	-00000002.939417	000000000.168388
000000031.939358	-00000003.921660	000000000.224657
000000037.557030	-00000004.611423	000000000.264171
000000031.853743	-00000003.911148	000000000.672252
000000037.768024	-00000004.637330	000000000.797069
000000009.729435	-00000001.237740	-00000000.205445
000000015.405461	-00000001.959822	-00000000.108419
000000017.091827	-00000002.174355	-00000000.120287
000000024.141094	-00000003.178235	000000000.169994
000000032.022888	-00000004.215893	000000000.225495
000000037.436043	-00000004.928549	000000000.263612
000000031.957174	-00000004.207242	000000000.675184
000000037.448570	-00000004.930198	000000000.791205
000000009.569665	-00000001.302374	-00000000.202304
000000014.030319	-00000001.909443	-00000000.098855
000000017.012392	-00000002.390936	000000000.119938
000000049.245132	-00000006.920952	000000001.041676
000000009.656879	-00000001.400181	-00000000.204398
000000013.854782	-00000002.008848	-00000000.097738
000000015.902987	-00000002.376717	000000000.112259
000000031.647736	-00000004.729786	000000000.223400
000000030.949406	-00000004.625420	000000000.655498
000000009.436783	-00000001.452460	-00000000.200000
000000013.639056	-00000002.099252	-00000000.096341
000000017.926105	-00000002.839216	000000000.126710
000000021.294041	-00000003.372645	000000000.150516
000000044.189358	-00000006.998907	000000000.937173
000000009.680311	-00000001.576539	-00000000.205445
000000013.521521	-00000002.202119	-00000000.095643
000000015.988953	-00000002.603966	-00000000.113096
000000018.166939	-00000003.040103	000000000.128595
000000018.183119	-00000003.042810	000000000.386178
000000031.080904	-00000005.201159	000000000.660105
000000009.400143	-00000001.615240	-00000000.199791
000000012.969602	-00000002.228585	-00000000.091873
000000015.965620	-00000002.743395	-00000000.113096
000000018.228348	-00000003.214149	000000000.129223
000000021.231937	-00000003.743763	000000000.150516
000000039.273178	-00000006.924921	000000000.278413
000000025.500927	-00000004.496501	000000000.542409
000000030.975256	-00000005.461773	000000000.658849
000000009.700513	-00000001.754138	-00000000.206492
000000012.408450	-00000002.243813	-00000000.088034
000000015.889012	-00000002.944854	000000000.112817
000000021.385273	-00000003.963526	000000000.151842
000000025.416521	-00000004.710674	000000000.180466
000000025.441055	-00000004.715221	000000000.541990
000000009.380343	-00000001.780914	-00000000.200000
000000011.671227	-00000002.215852	-00000000.082937
000000015.944781	-00000003.027211	-00000000.113306
000000015.931420	-00000003.096755	000000000.113306
000000021.359688	-00000004.151903	000000000.151912
000000034.699673	-00000006.744933	000000000.246788
000000036.007999	-00000006.999247	000000000.768377
000000009.658617	-00000001.921218	-00000000.206283
000000011.769136	-00000002.341027	-00000000.083775
000000015.407762	-00000003.064794	-00000000.109676
000000016.168364	-00000003.289491	000000000.115191
000000034.531708	-00000007.025555	000000000.246020
000000025.403875	-00000005.168477	000000000.543037
000000034.475986	-00000007.014219	000000000.736964
000000009.475082	-00000001.970820	-00000000.202723
000000012.061546	-00000002.508805	-00000000.086009
000000016.461823	-00000003.499068	000000000.117495
000000032.874741	-00000006.987742	000000000.234640
000000032.496716	-00000006.907390	000000000.695917
000000009.584535	-00000002.081007	-00000000.205445
000000011.413781	-00000002.478175	-00000000.081541
000000013.687337	-00000003.034410	000000000.097877
000000013.821320	-00000003.064113	000000000.296545
000000009.312476	-00000002.107198	-00000000.200000
000000011.518513	-00000002.606373	-00000000.082449
000000011.584978	-00000002.674603	000000000.083007
000000031.095072	-00000007.178863	000000000.668482
000000009.254807	-00000002.179218	-00000000.199162
000000010.629043	-00000002.502807	-00000000.076235
000000011.483409	-00000002.756923	000000000.082449
000000030.166021	-00000007.242221	000000000.649843
000000009.089767	-00000002.224252	-00000000.196021
000000010.286262	-00000002.517032	-00000000.073932
000000012.578573	-00000003.077957	-00000000.090407
000000029.379839	-00000007.325217	000000000.211393
000000029.800947	-00000007.430211	000000000.643351
000000008.934349	-00000002.269036	-00000000.193089
000000009.847146	-00000002.500856	-00000000.070930
000000012.357393	-00000003.138378	-00000000.089011
000000028.027191	-00000007.248325	000000000.202107
000000029.212288	-00000007.554811	000000000.632042
000000008.537143	-00000002.247642	-00000000.184922
000000009.534841	-00000002.510314	-00000000.068835
000000011.575258	-00000003.047511	-00000000.083566
000000027.180490	-00000007.282990	000000000.196453
000000026.421936	-00000007.079736	000000000.572985
000000008.411100	-00000002.293129	-00000000.182618
000000009.194199	-00000002.506626	-00000000.066531
000000012.281443	-00000003.348306	-00000000.088871
000000025.824667	-00000007.161814	000000000.187098
000000025.665485	-00000007.117669	000000000.557906
000000008.159830	-00000002.301310	-00000000.177592
000000009.143102	-00000002.578621	-00000000.066322
000000011.549181	-00000003.257206	-00000000.083775
000000025.136381	-00000007.207741	000000000.182560
000000025.256418	-00000007.242161	000000000.550367
000000008.705742	-00000002.537493	-00000000.189948
000000009.590664	-00000002.795424	-00000000.069743
000000011.309112	-00000003.296305	-00000000.082239
000000012.605147	-00000003.674065	-00000000.091664
000000024.238373	-00000007.179733	000000000.176486
000000023.773514	-00000007.042036	000000000.519372
000000008.118423	-00000002.443368	-00000000.177592
000000009.269065	-00000002.789672	-00000000.067579
000000023.744469	-00000007.259412	000000000.173345
000000023.166182	-00000007.082613	000000000.507435
000000008.765161	-00000002.721655	-00000000.192251
000000009.454467	-00000002.935690	-00000000.069114
000000022.831429	-00000007.198721	000000000.167131
000000022.874651	-00000007.212350	000000000.502409
000000007.379449	-00000002.362180	-00000000.162304
000000009.447536	-00000003.024180	-00000000.069254
000000009.481803	-00000003.080824	000000000.069603
000000009.498971	-00000003.086403	000000000.209215
000000008.602387	-00000002.836642	-00000000.189738
000000009.173870	-00000003.025089	-00000000.067439
000000012.659181	-00000004.174372	-00000000.093060
000000009.483006	-00000003.172969	000000000.069813
000000021.934191	-00000007.339077	000000000.161477
000000009.500119	-00000003.178695	000000000.209843
000000021.541187	-00000007.207581	000000000.475812
000000006.428246	-00000002.182095	-00000000.142199
000000008.671977	-00000002.943740	-00000000.191833
000000009.279689	-00000003.150030	-00000000.068416
000000012.773776	-00000004.336112	-00000000.094177
000000012.669640	-00000004.362507	000000000.093549
000000021.226376	-00000007.308827	000000000.156729
000000021.241142	-00000007.313912	000000000.470576
000000006.342886	-00000002.215035	-00000000.140733
000000008.948001	-00000003.124782	-00000000.198534
000000006.363005	-00000002.222061	-00000000.047054
000000009.478423	-00000003.310013	-00000000.070092
000000011.404317	-00000003.982566	-00000000.084334
000000020.539658	-00000007.273475	000000000.152122
000000019.989040	-00000007.078490	000000000.444189
000000006.342135	-00000002.277059	-00000000.141152
000000008.845114	-00000003.175720	-00000000.196859
000000009.317415	-00000003.345294	-00000000.069114
000000012.827916	-00000004.605693	-00000000.095155
000000019.770651	-00000007.195929	000000000.146886
000000019.748007	-00000007.187687	000000000.440210
000000006.312643	-00000002.328857	-00000000.140942
000000008.723266	-00000003.218183	-00000000.194765
000000006.454599	-00000002.381227	-00000000.048031
000000009.006417	-00000003.322643	-00000000.067020
000000012.843526	-00000004.738227	-00000000.095573
000000018.995249	-00000007.102033	000000000.141580
000000018.944721	-00000007.083141	000000000.423665
000000005.964854	-00000002.259881	-00000000.133613
000000008.760295	-00000003.318979	-00000000.196230
000000006.255902	-00000002.370149	-00000000.046705
000000012.717529	-00000004.818241	-00000000.094945
000000012.939109	-00000004.966858	000000000.096760
000000018.689825	-00000007.174352	000000000.139765
000000018.536842	-00000007.115627	000000000.415916
000000005.814454	-00000002.261117	-00000000.130681
000000006.197701	-00000002.410154	-00000000.046425
000000012.963913	-00000005.041390	-00000000.097109
000000005.870792	-00000002.312566	000000000.044052
000000013.053440	-00000005.141887	000000000.097947
000000018.235741	-00000007.183249	000000000.136833
000000018.101954	-00000007.130549	000000000.407539
000000005.478775	-00000002.185809	-00000000.123560
000000005.823494	-00000002.323339	-00000000.043773
000000005.841116	-00000002.359964	000000000.043982
000000017.597521	-00000007.109860	000000000.132504
000000017.547741	-00000007.089748	000000000.396440
000000005.385465	-00000002.203252	-00000000.121885
000000005.747467	-00000002.351351	-00000000.043354
000000005.894208	-00000002.441461	000000000.044540
000000017.248411	-00000007.144526	000000000.130340
000000017.263521	-00000007.150785	000000000.391414
000000005.190853	-00000002.176705	-00000000.117906
000000005.302526	-00000002.223534	-00000000.040142
000000005.964726	-00000002.531876	000000000.045239
000000017.056540	-00000007.240072	000000000.129363
000000005.761097	-00000002.445441	000000000.131100
000000017.062418	-00000007.242567	000000000.388272
000000005.190032	-00000002.229814	-00000000.118325
000000005.429924	-00000002.332879	-00000000.041259
000000005.841530	-00000002.539970	000000000.044471
000000006.225472	-00000002.706912	000000000.142199
000000016.925215	-00000007.359293	000000000.386597
000000005.206980	-00000002.291126	-00000000.119162
000000005.262913	-00000002.315737	-00000000.040142
000000005.535951	-00000002.464764	000000000.042306
000000006.183346	-00000002.753003	000000000.141780
000000016.038340	-00000007.140729	000000000.367749
000000005.259713	-00000002.369328	-00000000.120838
000000005.242504	-00000002.361576	-00000000.040142
000000005.423237	-00000002.471512	000000000.041608
000000005.531351	-00000002.520782	000000000.127330
000000005.111725	-00000002.356537	-00000000.117906
000000005.176290	-00000002.386302	-00000000.039793
000000005.301771	-00000002.472257	000000000.040840
000000005.835342	-00000002.721065	000000000.134869
000000005.000540	-00000002.358408	-00000000.115812
000000005.254756	-00000002.478304	-00000000.040561
000000005.243893	-00000002.501209	000000000.040561
000000005.486515	-00000002.616933	000000000.127330
000000005.015789	-00000002.419329	-00000000.116649
000000005.133855	-00000002.476278	-00000000.039793
000000005.266805	-00000002.568792	000000000.040910
000000005.391582	-00000002.629650	000000000.125655
000000004.958619	-00000002.445320	-00000000.115812
000000005.112050	-00000002.520984	-00000000.039793
000000005.163645	-00000002.574499	000000000.040282
000000005.314744	-00000002.649834	000000000.124398
000000004.972802	-00000002.506499	-00000000.116649
000000005.134504	-00000002.588003	-00000000.040142
000000005.185532	-00000002.642160	000000000.040631
000000005.273602	-00000002.687034	000000000.123979
000000004.950739	-00000002.549798	-00000000.116649
000000005.129504	-00000002.641868	-00000000.040282
000000005.215497	-00000002.715016	000000000.041050
000000005.205612	-00000002.709870	000000000.122932
000000005.069867	-00000002.667386	-00000000.120000
000000005.115104	-00000002.691186	-00000000.040352
000000005.235752	-00000002.783898	000000000.041399
000000005.349489	-00000002.844374	000000000.126911
000000013.214827	-00000007.026448	000000000.313508
000000005.090432	-00000002.735188	-00000000.121047
000000005.153085	-00000002.768852	-00000000.040840
000000005.132167	-00000002.786539	000000000.040771
000000005.403540	-00000002.933883	000000000.128796
000000004.882297	-00000002.678520	-00000000.116649
000000004.900783	-00000002.688662	-00000000.039025
000000005.282574	-00000002.928179	000000000.042167
000000005.377732	-00000002.980925	000000000.128796
000000004.928521	-00000002.760105	-00000000.118325
000000005.042904	-00000002.824162	-00000000.040352
000000005.352557	-00000003.028331	000000000.042935
000000005.142674	-00000002.909585	000000000.123770
000000004.956328	-00000002.832775	-00000000.119581
000000005.200384	-00000002.972264	-00000000.041818
000000005.161386	-00000002.979927	000000000.041608
000000005.255621	-00000003.034334	000000000.127120
000000004.983238	-00000002.906138	-00000000.120838
000000005.191525	-00000003.027608	-00000000.041957
000000005.247194	-00000003.090833	000000000.042516
000000005.280629	-00000003.110528	000000000.128377
000000004.089878	-00000002.433221	-00000000.099686
000000004.262552	-00000002.535952	-00000000.034627
000000005.177164	-00000003.110754	000000000.042167
000000005.167585	-00000003.104999	000000000.126283
000000012.109118	-00000007.275892	000000000.295916
000000004.136866	-00000002.510312	-00000000.101361
000000004.342846	-00000002.635304	-00000000.035465
000000004.919614	-00000003.014743	000000000.040282
000000004.995376	-00000003.061170	000000000.122723
000000004.004281	-00000002.477924	-00000000.098639
000000004.013565	-00000002.483669	-00000000.032952
000000004.960960	-00000003.099952	000000000.040840
000000005.146523	-00000003.215904	000000000.127120
000000003.990960	-00000002.518108	-00000000.098848
000000004.143965	-00000002.614647	-00000000.034208
000000004.857817	-00000003.094770	000000000.040212
000000005.143559	-00000003.276809	000000000.127749
000000004.212682	-00000002.709688	-00000000.104922
000000004.205092	-00000002.704806	-00000000.034906
000000004.579030	-00000002.973657	000000000.038118
000000005.030920	-00000003.267118	000000000.125655
000000003.996571	-00000002.620267	-00000000.100105
000000004.298406	-00000002.818158	-00000000.035884
000000004.327762	-00000002.864483	000000000.036233
000000004.668736	-00000003.090169	000000000.117278
000000003.882112	-00000002.593944	-00000000.097801
000000004.115674	-00000002.750005	-00000000.034557
000000004.161667	-00000002.807080	000000000.035046
000000004.127702	-00000002.784170	000000000.104293
000000003.933704	-00000002.678364	-00000000.099686
000000003.975800	-00000002.707026	-00000000.033580
000000004.104048	-00000002.820634	000000000.034767
000000004.226840	-00000002.905027	000000000.107435
000000003.532307	-00000002.450449	-00000000.090052
000000004.009540	-00000002.781517	-00000000.034069
000000004.054704	-00000002.839134	000000000.034557
000000004.070292	-00000002.850049	000000000.104084
000000003.747563	-00000002.648515	-00000000.096126
000000004.107607	-00000002.902970	-00000000.035116
000000004.241438	-00000003.025389	000000000.036372
000000004.468514	-00000003.187360	000000000.114974
000000010.507926	-00000007.495231	000000000.270367
000000003.294268	-00000002.371533	-00000000.085026
000000004.065887	-00000002.927020	-00000000.034976
000000004.190606	-00000003.044653	000000000.036163
000000004.367734	-00000003.173344	000000000.113089
000000010.692860	-00000007.768817	000000000.276859
000000003.450826	-00000002.530250	-00000000.089634
000000003.645041	-00000002.672654	-00000000.031555
000000004.212107	-00000003.116795	000000000.036582
000000004.492575	-00000003.324330	000000000.117068
000000010.463922	-00000007.742895	000000000.272670
000000003.436625	-00000002.566250	-00000000.089843
000000003.845925	-00000002.871888	-00000000.033510
000000004.296555	-00000003.237686	000000000.037559
000000004.503316	-00000003.393492	000000000.118115
000000010.387969	-00000007.827897	000000000.272461
000000003.493682	-00000002.656658	-00000000.091937
000000003.629681	-00000002.760073	-00000000.031835
000000004.117404	-00000003.159395	000000000.036233
000000004.489395	-00000003.444834	000000000.118534
000000010.581013	-00000008.119097	000000000.279372
000000002.996056	-00000002.319795	-00000000.079372
000000004.095672	-00000003.171208	-00000000.036163
000000004.444272	-00000003.472246	000000000.039374
000000004.640365	-00000003.625451	000000000.123351
000000010.525515	-00000008.223433	000000000.279791
000000003.062064	-00000002.413937	-00000000.081675
000000003.361075	-00000002.649658	-00000000.029880
000000004.343369	-00000003.454872	000000000.038746
000000004.616375	-00000003.672031	000000000.123560
000000009.326643	-00000007.418747	000000000.249634
000000002.877143	-00000002.309151	-00000000.077278
000000002.885502	-00000002.315861	-00000000.025831
000000004.320455	-00000003.467531	-00000000.038676
000000002.883141	-00000002.334722	000000000.025900
000000004.313055	-00000003.492643	000000000.038746
000000004.351063	-00000003.523421	000000000.117278
000000009.517950	-00000007.707484	000000000.256545
000000002.771718	-00000002.264588	-00000000.074974
000000002.919389	-00000002.385241	-00000000.026319
000000004.259264	-00000003.511066	000000000.038537
000000004.358723	-00000003.593054	000000000.118325
000000009.134031	-00000007.529514	000000000.247958
000000010.175496	-00000008.388031	000000000.276231
000000002.813344	-00000002.339833	-00000000.076649
000000002.890775	-00000002.404232	-00000000.026250
000000003.301571	-00000002.770347	000000000.030089
000000004.449742	-00000003.733777	000000000.121675
000000009.205835	-00000007.724613	000000000.251728
000000002.731773	-00000002.312617	-00000000.074974
000000002.877316	-00000002.435828	-00000000.026319
000000004.067930	-00000003.443757	-00000000.037210
000000002.843849	-00000002.428876	000000000.026110
000000003.999638	-00000003.416014	000000000.036721
000000003.998858	-00000003.415348	000000000.110157
000000009.160882	-00000007.824133	000000000.252356
000000002.696340	-00000002.323315	-00000000.074555
000000002.810498	-00000002.421680	-00000000.025900
000000002.860280	-00000002.486403	000000000.026459
000000002.761631	-00000002.400650	000000000.076649
000000004.225447	-00000003.673125	000000000.117278
000000008.986620	-00000007.811949	000000000.249424
000000002.645896	-00000002.320388	-00000000.073717
000000002.714076	-00000002.380180	-00000000.025202
000000002.711154	-00000002.398626	000000000.025272
000000003.864517	-00000003.419036	000000000.036023
000000002.778016	-00000002.457781	000000000.077696
000000004.777289	-00000004.226589	000000000.133613
000000009.120280	-00000008.068942	000000000.255079
000000002.580792	-00000002.303445	-00000000.072461
000000002.678281	-00000002.390457	-00000000.025063
000000002.905626	-00000002.616237	000000000.027297
000000003.499444	-00000003.150914	000000000.098639
000000008.752326	-00000007.880630	000000000.246702
000000002.508789	-00000002.278824	-00000000.070995
000000002.612906	-00000002.373397	-00000000.024644
000000002.831076	-00000002.594203	000000000.026808
000000002.852638	-00000002.613961	000000000.081047
000000008.174613	-00000007.490652	000000000.232251
000000002.518174	-00000002.327776	-00000000.071833
000000002.621467	-00000002.423259	-00000000.024923
000000002.552362	-00000002.380116	000000000.024365
000000002.705415	-00000002.522840	000000000.077487
000000008.225924	-00000007.670799	000000000.235602
000000002.512329	-00000002.363363	-00000000.072251
000000002.643922	-00000002.487154	-00000000.025342
000000002.575016	-00000002.443599	000000000.024783
000000002.632532	-00000002.498179	000000000.076021
000000009.348025	-00000008.870945	000000000.269948
000000002.441055	-00000002.336802	-00000000.070785
000000002.564330	-00000002.454812	-00000000.024783
000000002.690265	-00000002.597959	000000000.026110
000000002.517137	-00000002.430771	000000000.073298
000000008.184292	-00000007.903479	000000000.238325
000000002.391924	-00000002.330109	-00000000.069948
000000002.499833	-00000002.435229	-00000000.024365
000000002.510580	-00000002.467140	000000000.024574
000000002.538615	-00000002.494690	000000000.074555
000000007.637237	-00000007.505092	000000000.224293
000000002.463803	-00000002.442395	-00000000.072670
000000002.528198	-00000002.506231	-00000000.024853
000000002.644515	-00000002.644515	000000000.026110
000000002.898502	-00000002.898502	000000000.085864
000000007.387645	-00000007.387645	000000000.218848
000000008.349100	-00000008.349100	000000000.247330
000000002.562052	-00000002.584508	-00000000.076230
000000002.463991	-00000002.485588	-00000000.024434
000000002.691426	-00000002.738815	000000000.026808
000000002.529727	-00000002.574269	000000000.075602
000000007.140699	-00000007.266428	000000000.213403
000000002.302203	-00000002.363278	-00000000.069110
000000002.449185	-00000002.514158	-00000000.024504
000000002.472924	-00000002.560787	000000000.024853
000000002.389101	-00000002.473986	000000000.072042
000000007.250643	-00000007.508260	000000000.218639
000000002.530383	-00000002.643272	-00000000.076649
000000002.344172	-00000002.448754	-00000000.023666
000000002.388532	-00000002.516988	000000000.024225
000000003.310905	-00000003.488966	000000000.033580
000000002.401831	-00000002.531001	000000000.073089
000000007.480773	-00000007.883090	000000000.227644
000000002.294860	-00000002.439507	-00000000.070157
000000002.404934	-00000002.556520	-00000000.024504
000000002.550612	-00000002.735196	000000000.026110
000000007.726853	-00000008.286036	000000000.079098
000000002.366015	-00000002.537241	000000000.072670
000000007.513974	-00000008.057751	000000000.230785
000000002.151326	-00000002.327292	-00000000.066387
000000002.341805	-00000002.533351	-00000000.024085
000000002.600959	-00000002.838449	000000000.026878
000000003.458263	-00000003.774032	000000000.107225
000000007.389336	-00000008.064045	000000000.229110
000000008.220130	-00000008.970697	000000000.254869
000000002.231768	-00000002.456985	-00000000.069529
000000002.272545	-00000002.501876	-00000000.023597
000000002.529252	-00000002.809019	000000000.026389
000000002.415032	-00000002.682164	000000000.075602
000000003.451957	-00000003.833786	000000000.108063
000000007.164817	-00000007.957335	000000000.224293
000000002.130354	-00000002.386860	-00000000.067016
000000002.217332	-00000002.484310	-00000000.023248
000000002.385374	-00000002.696175	000000000.025133
000000002.239165	-00000002.530915	000000000.070785
000000003.517741	-00000003.976083	000000000.111204
000000007.585335	-00000008.573662	000000000.239791
000000002.129220	-00000002.427910	-00000000.067644
000000002.175788	-00000002.481011	-00000000.023038
000000002.191184	-00000002.520669	000000000.023317
000000003.313017	-00000003.811191	000000000.035255
000000002.223552	-00000002.557904	000000000.070995
000000003.509146	-00000004.036811	000000000.112042
000000007.182271	-00000008.262258	000000000.229319
000000002.264580	-00000002.628174	-00000000.072670
000000002.147527	-00000002.492328	-00000000.022968
000000002.195081	-00000002.570110	000000000.023597
000000003.162735	-00000003.703087	000000000.033999
000000002.168681	-00000002.539199	000000000.069948
000000003.512743	-00000004.112894	000000000.113298
000000007.194306	-00000008.423450	000000000.232042
000000002.151121	-00000002.541007	-00000000.069738
000000002.170924	-00000002.564399	-00000000.023457
000000002.397539	-00000002.857276	000000000.026040
000000003.476718	-00000004.143392	000000000.113298
000000006.734936	-00000008.026384	000000000.219477
000000003.142150	-00000003.811733	000000000.034487
000000003.364116	-00000004.080999	000000000.110785
000000006.524731	-00000007.915132	000000000.214869
000000002.580151	-00000003.186221	000000000.028623
000000003.038951	-00000003.752792	000000000.101152
000000006.134528	-00000007.575511	000000000.204189
000000002.602048	-00000003.271222	000000000.029182
000000002.912730	-00000003.661803	000000000.098011
000000006.080635	-00000007.644405	000000000.204607
000000002.776566	-00000003.553842	000000000.031485
000000002.985303	-00000003.821014	000000000.101571
000000005.878278	-00000007.523852	000000000.200000
000000007.010847	-00000008.973475	000000000.238534
000000002.921984	-00000003.808003	000000000.033510
000000002.909242	-00000003.791397	000000000.100105
000000006.250609	-00000008.145952	000000000.215079
000000002.984930	-00000003.961136	000000000.034627
000000003.766536	-00000004.998362	000000000.131100
000000005.806241	-00000007.705142	000000000.202094
000000002.736118	-00000003.697651	000000000.032114
000000003.640227	-00000004.919484	000000000.042725
000000003.681146	-00000004.974783	000000000.129634
000000006.612978	-00000008.936928	000000000.232880
000000002.797790	-00000003.850827	000000000.033231
000000002.767861	-00000003.809634	000000000.098639
000000002.758272	-00000003.866955	000000000.033161
000000002.740317	-00000003.841782	000000000.098848
000000003.576346	-00000005.013852	000000000.129005
000000002.712950	-00000003.874495	000000000.033021
000000002.718156	-00000003.881929	000000000.099267
000000002.605405	-00000003.790888	000000000.032114
000000002.695503	-00000003.921981	000000000.099686
000000002.667285	-00000003.954413	000000000.033301
000000002.795351	-00000004.144279	000000000.104712
000000005.042814	-00000007.476279	000000000.188901
000000005.993233	-00000008.885334	000000000.224503
000000002.610598	-00000003.944184	000000000.033021
000000005.115334	-00000007.728426	000000000.194136
000000005.937540	-00000008.970644	000000000.225340
000000002.783038	-00000004.285502	000000000.035674
000000002.586468	-00000003.982811	000000000.099476
000000004.944238	-00000007.613459	000000000.190157
000000002.611212	-00000004.098783	000000000.033929
000000005.840304	-00000009.167441	000000000.075886
000000005.124714	-00000008.044189	000000000.199791
000000004.954625	-00000007.929057	000000000.065275
000000004.948360	-00000007.919032	000000000.195602
000000003.014743	-00000004.919614	000000000.040282
000000004.843444	-00000007.903782	000000000.064716
000000004.837276	-00000007.893716	000000000.193927
000000002.595729	-00000004.320018	000000000.035186
000000004.769136	-00000007.937176	000000000.064646
000000005.412919	-00000009.008609	000000000.073373
000000004.835147	-00000008.047036	000000000.196649
000000002.278792	-00000003.868620	000000000.031346
000000003.040081	-00000005.161033	000000000.041818
000000004.902701	-00000008.323134	000000000.067439
000000004.845929	-00000008.226754	000000000.200000
000000002.329943	-00000004.035580	000000000.032533
000000004.619887	-00000008.001880	000000000.064507
000000002.974347	-00000005.151721	000000000.124607
000000004.873931	-00000008.441895	000000000.204189
