000000003.034667	000000003.521905	-00000000.097382
000000003.681475	000000004.272563	-00000000.039374
000000003.328966	000000003.795959	-00000000.105759
000000003.791146	000000004.322974	-00000000.040142
000000003.262105	000000003.654880	-00000000.102618
000000003.862020	000000004.327027	-00000000.040491
000000003.273708	000000003.604072	-00000000.101990
000000002.830595	000000003.116242	-00000000.029391
000000003.933250	000000004.330171	-00000000.040840
000000003.047147	000000003.296385	-00000000.094031
000000003.095256	000000003.348429	-00000000.031835
000000003.370361	000000003.582799	-00000000.103037
000000004.063036	000000004.319134	-00000000.041399
000000003.608906	000000003.769913	-00000000.109319
000000004.148977	000000004.334078	-00000000.041888
000000003.571903	000000003.666662	-00000000.107225
000000004.242463	000000004.355010	-00000000.042446
000000003.702306	000000003.734756	-00000000.110157
000000004.336625	000000004.374635	-00000000.043005
000000003.798658	000000003.765653	-00000000.112042
000000004.076365	000000004.040946	-00000000.040072
000000003.738276	000000003.641667	-00000000.109319
000000003.953890	000000003.851709	-00000000.038537
000000004.022685	000000003.850883	-00000000.116649
000000004.724145	000000004.522385	-00000000.045657
000000003.997880	000000003.760829	-00000000.114974
000000004.486656	000000004.220624	-00000000.043005
000000003.986497	000000003.685080	-00000000.113717
000000004.538002	000000004.194886	-00000000.043144
000000003.944497	000000003.582929	-00000000.111623
000000004.885321	000000004.437513	-00000000.046076
000000004.333642	000000003.867924	-00000000.121675
000000004.804492	000000004.288174	-00000000.044959
000000004.404815	000000003.862919	-00000000.122723
000000004.992095	000000004.377949	-00000000.046356
000000004.430783	000000003.817807	-00000000.122513
000000005.128590	000000004.419076	-00000000.047263
000000004.166336	000000003.527063	-00000000.114346
000000004.823512	000000004.083404	-00000000.044122
000000004.527485	000000003.765470	-00000000.123351
000000005.058856	000000004.207406	-00000000.045937
000000004.807924	000000003.928238	-00000000.130052
000000005.134098	000000004.194734	-00000000.046286
000000004.803035	000000003.854843	-00000000.129005
000000005.310884	000000004.262435	-00000000.047542
000000004.922857	000000003.880868	-00000000.131309
000000005.269348	000000004.154019	-00000000.046844
000000004.837959	000000003.745948	-00000000.128168
000000005.337025	000000004.132366	-00000000.047124
000000005.005754	000000003.806464	-00000000.131728
000000005.452481	000000004.146163	-00000000.047822
000000004.966684	000000003.708799	-00000000.129843
000000005.520504	000000004.122356	-00000000.048101
000000004.982735	000000003.653492	-00000000.129424
000000005.580461	000000004.091763	-00000000.048310
000000005.030655	000000003.621553	-00000000.129843
000000005.275102	000000003.797530	-00000000.045378
000000005.282512	000000003.733310	-00000000.135497
000000005.675520	000000004.011061	-00000000.048520
000000005.306675	000000003.681371	-00000000.135288
000000005.784254	000000004.012680	-00000000.049148
000000005.346863	000000003.640549	-00000000.135497
000000005.711596	000000003.888887	-00000000.048241
000000005.361803	000000003.582642	-00000000.135079
000000005.953177	000000003.977786	-00000000.049986
000000005.401224	000000003.541198	-00000000.135288
000000005.987663	000000003.925684	-00000000.049986
000000008.319409	000000005.402688	000000000.069254
000000005.490780	000000003.531789	-00000000.136754
000000006.189897	000000003.981475	-00000000.051382
000000005.563669	000000003.510413	-00000000.137801
000000006.080635	000000003.836595	-00000000.050195
000000007.856620	000000004.957158	-00000000.064856
000000008.989091	000000005.617008	000000000.074001
000000010.464659	000000006.539044	000000000.086149
000000017.126816	000000010.702022	000000000.423037
000000005.585589	000000003.456467	-00000000.137592
000000006.071367	000000003.757076	-00000000.049846
000000005.752295	000000003.490578	-00000000.140942
000000006.633955	000000004.025582	-00000000.054175
000000009.145752	000000005.495322	000000000.074490
000000014.028752	000000008.429324	000000000.342827
000000005.730984	000000003.409577	-00000000.139686
000000006.883678	000000004.095358	-00000000.055920
000000008.995189	000000005.298571	000000000.072884
000000005.941885	000000003.465205	-00000000.144084
000000006.452694	000000003.763100	-00000000.052150
000000009.067065	000000005.234872	000000000.073094
000000006.041338	000000003.452909	-00000000.145759
000000006.893331	000000003.939863	-00000000.055431
000000008.981852	000000005.081687	000000000.072047
000000014.027058	000000007.936127	000000000.337592
000000006.036348	000000003.380517	-00000000.144922
000000006.656982	000000003.728089	-00000000.053267
000000008.646225	000000004.842118	-00000000.069184
000000009.174537	000000005.085529	000000000.073233
000000010.731322	000000005.948469	000000000.085660
000000012.443109	000000006.897327	000000000.298011
000000014.200708	000000007.871582	000000000.340105
000000006.109445	000000003.351756	-00000000.145969
000000006.680495	000000003.665045	-00000000.053197
000000009.288870	000000005.043445	000000000.073792
000000014.954187	000000008.119461	000000000.356440
000000023.424126	000000012.718263	000000000.558325
000000006.200111	000000003.331440	-00000000.147435
000000006.738650	000000003.620807	-00000000.053407
000000006.869165	000000003.652400	000000000.054314
000000006.911963	000000003.675156	000000000.163979
000000006.326274	000000003.328414	-00000000.149738
000000006.752291	000000003.552552	-00000000.053267
000000006.891906	000000003.587699	000000000.054244
000000006.943771	000000003.614699	000000000.163979
000000006.515067	000000003.355480	-00000000.153508
000000006.889715	000000003.548436	-00000000.054105
000000009.583371	000000004.935760	-00000000.075258
000000010.255236	000000005.225304	000000000.080354
000000013.730076	000000006.995823	000000000.107581
000000016.382015	000000008.347054	000000000.385131
000000006.588739	000000003.320998	-00000000.154555
000000006.866841	000000003.461173	-00000000.053686
000000010.398884	000000005.184692	000000000.081122
000000011.839693	000000005.903053	000000000.092362
000000016.472128	000000008.212700	000000000.385550
000000022.270031	000000011.103428	000000000.521257
000000006.608502	000000003.258953	-00000000.154346
000000006.977500	000000003.440922	-00000000.054314
000000009.479713	000000004.674877	-00000000.073792
000000010.533609	000000005.137585	000000000.081820
000000016.588099	000000008.090556	000000000.386597
000000006.744750	000000003.253281	-00000000.156859
000000007.025275	000000003.388591	-00000000.054454
000000009.493128	000000004.578941	-00000000.073582
000000010.596093	000000005.054077	000000000.081960
000000010.785631	000000005.144482	000000000.083426
000000010.875888	000000005.187532	000000000.084124
000000016.685143	000000007.958404	000000000.387225
000000006.881394	000000003.245476	-00000000.159372
000000007.298775	000000003.442326	-00000000.056339
000000011.083874	000000005.168495	000000000.085381
000000015.213572	000000007.094205	000000000.351623
000000017.116400	000000007.981508	000000000.395602
000000007.045646	000000003.248087	-00000000.162513
000000007.900653	000000003.642251	-00000000.060737
000000010.700884	000000004.876674	000000000.082100
000000012.038494	000000005.486258	000000000.092362
000000016.330223	000000007.442111	000000000.375916
000000018.249819	000000008.316922	000000000.420105
000000024.126881	000000010.995253	000000000.555393
000000007.037259	000000003.170054	-00000000.161675
000000008.023311	000000003.614238	-00000000.061435
000000010.980549	000000004.888855	000000000.083915
000000013.785065	000000006.137506	000000000.105347
000000016.248409	000000007.234258	000000000.372566
000000024.030109	000000010.698894	000000000.550995
000000007.183619	000000003.160868	-00000000.164398
000000009.308491	000000004.095834	-00000000.070999
000000011.160349	000000004.852658	000000000.084962
000000017.154430	000000007.458959	000000000.391833
000000007.220115	000000003.102006	-00000000.164607
000000008.673178	000000003.726291	-00000000.065903
000000011.441597	000000004.856670	000000000.086777
000000013.776936	000000005.847962	000000000.313508
000000017.918299	000000007.605866	000000000.407749
000000007.431310	000000003.116207	-00000000.168796
000000008.345716	000000003.499649	-00000000.063180
000000010.975422	000000004.546168	000000000.082937
000000012.675319	000000005.250289	000000000.095783
000000012.719031	000000005.268395	000000000.288377
000000007.476727	000000003.058810	-00000000.169215
000000008.699868	000000003.559210	-00000000.065624
000000011.413356	000000004.611295	000000000.085939
000000012.810870	000000005.175928	000000000.289424
000000007.753859	000000003.093476	-00000000.174869
000000008.489113	000000003.386813	-00000000.063809
000000011.127523	000000004.383248	000000000.083496
000000012.513811	000000004.929321	000000000.093898
000000017.357784	000000006.837413	000000000.390786
000000019.683317	000000007.753465	000000000.443142
000000007.920330	000000003.080048	-00000000.178011
000000009.692645	000000003.769264	-00000000.072605
000000011.165350	000000004.285976	000000000.083496
000000013.004458	000000004.991944	000000000.097249
000000015.375694	000000005.902176	000000000.114981
000000017.099442	000000006.563861	000000000.383665
000000018.555508	000000007.122792	000000000.416335
000000026.834551	000000010.300818	000000000.602095
000000008.208686	000000003.109993	-00000000.183874
000000009.940245	000000003.766022	-00000000.074211
000000010.724635	000000004.009777	000000000.079935
000000015.098788	000000005.645205	000000000.112538
000000018.785522	000000007.023619	000000000.420105
000000028.993010	000000010.840042	000000000.648377
000000008.235513	000000003.038241	-00000000.183874
000000009.907060	000000003.654907	-00000000.073722
000000011.191466	000000004.073360	000000000.083147
000000012.892269	000000004.692402	000000000.095783
000000014.921955	000000005.431148	000000000.110862
000000021.720930	000000007.905772	000000000.484189
000000008.402859	000000003.016935	-00000000.187016
000000010.230334	000000003.673065	-00000000.075886
000000011.141750	000000003.945501	000000000.082518
000000015.195011	000000005.380836	000000000.112538
000000017.155659	000000006.075137	000000000.127059
000000018.217264	000000006.451071	000000000.404817
000000022.128368	000000007.836066	000000000.491728
000000008.353355	000000002.917122	-00000000.185340
000000010.044863	000000003.507823	-00000000.074281
000000011.374311	000000003.916489	000000000.083985
000000013.426037	000000004.622955	000000000.099134
000000015.269753	000000005.257797	000000000.112747
000000018.291773	000000006.298362	000000000.405236
000000022.271532	000000007.668703	000000000.493403
000000008.615174	000000002.924458	-00000000.190576
000000010.359162	000000003.516462	-00000000.076375
000000015.324536	000000005.127518	000000000.112817
000000018.545141	000000006.205118	000000000.409634
000000019.607033	000000006.560421	000000000.433089
000000023.958883	000000008.016530	000000000.529215
000000008.450468	000000002.786546	-00000000.186388
000000010.607881	000000003.497955	-00000000.077981
000000011.545545	000000003.751375	000000000.084753
000000013.124260	000000004.264331	000000000.096341
000000015.967851	000000005.188269	000000000.117215
000000019.520908	000000006.342728	000000000.429948
000000023.847265	000000007.748446	000000000.525236
000000008.741076	000000002.798041	-00000000.192251
000000010.599907	000000003.393057	-00000000.077701
000000013.313564	000000004.197751	000000000.097458
000000015.631040	000000004.928448	000000000.114423
000000017.223707	000000005.430614	000000000.126082
000000018.898523	000000005.958682	000000000.415079
000000026.459841	000000008.342756	000000000.581152
000000008.306851	000000002.579346	-00000000.182199
000000010.829662	000000003.362700	-00000000.079167
000000011.418000	000000003.490833	000000000.083356
000000015.606513	000000004.771390	000000000.113934
000000017.442574	000000005.332730	000000000.127338
000000019.007168	000000005.811075	000000000.416335
000000026.493393	000000008.099843	000000000.580314
000000008.673695	000000002.610486	-00000000.189738
000000010.829868	000000003.259420	-00000000.078958
000000014.938047	000000004.424851	000000000.108768
000000017.162455	000000005.083751	000000000.124965
000000019.172190	000000005.679061	000000000.418848
000000026.658928	000000007.896734	000000000.582409
000000008.388995	000000002.445169	-00000000.183037
000000010.867499	000000003.167587	-00000000.079028
000000013.293925	000000003.811972	000000000.096551
000000015.648960	000000004.487267	000000000.113655
000000018.423346	000000005.282809	000000000.401466
000000022.488590	000000006.448500	000000000.490053
000000025.736942	000000007.379950	000000000.560838
000000008.640952	000000002.437001	-00000000.188063
000000011.125711	000000003.137775	-00000000.080703
000000015.003360	000000004.160800	000000000.108698
000000017.422014	000000004.831552	000000000.126221
000000019.200943	000000005.324893	000000000.417382
000000008.401455	000000002.290499	-00000000.182408
000000011.268441	000000003.072130	-00000000.081541
000000013.319793	000000003.569028	000000000.096272
000000015.145349	000000004.058184	000000000.109466
000000017.618057	000000004.720744	000000000.127338
000000020.869080	000000005.591853	000000000.452566
000000027.223478	000000007.294509	000000000.590367
000000008.662831	000000002.280733	-00000000.187644
000000011.758992	000000003.095884	-00000000.084892
000000014.880067	000000003.848247	000000000.107302
000000017.813482	000000004.606880	000000000.128455
000000025.040487	000000006.475910	000000000.541780
000000008.430459	000000002.141064	-00000000.182199
000000012.018170	000000003.052226	-00000000.086568
000000014.185378	000000003.536812	000000000.102066
000000017.775385	000000004.431901	000000000.127897
000000021.564943	000000005.376744	000000000.465550
000000008.662471	000000002.119693	-00000000.186806
000000012.277465	000000003.004277	-00000000.088243
000000015.022749	000000003.606643	000000000.107860
000000018.844069	000000004.524061	000000000.135297
000000025.431618	000000006.105591	000000000.547854
000000044.028976	000000010.570422	000000000.948482
000000008.466542	000000001.993606	-00000000.182199
000000012.497886	000000002.942861	-00000000.089639
000000015.238777	000000003.518149	000000000.109187
000000017.509003	000000004.042272	000000000.125453
000000018.236206	000000004.210160	000000000.392042
000000023.915539	000000005.521337	000000000.514136
000000056.374428	000000013.015062	000000001.211938
000000008.737150	000000001.977015	-00000000.187644
000000013.176554	000000002.981550	-00000000.094317
000000015.171270	000000003.363390	000000000.108489
000000017.699814	000000003.923954	000000000.126570
000000024.099463	000000005.342722	000000000.517068
000000008.392574	000000001.822206	-00000000.179895
000000012.351900	000000002.681860	-00000000.088243
000000015.561949	000000003.307794	000000000.111072
000000017.743164	000000003.771426	000000000.126640
000000019.992849	000000004.249611	000000000.142697
000000018.228672	000000003.874624	000000000.390367
000000026.756250	000000005.687216	000000000.572985
000000061.678238	000000013.110114	000000001.320838
000000008.770324	000000001.824230	-00000000.187644
000000014.137072	000000002.940515	-00000000.100809
000000017.589220	000000003.578567	000000000.125314
000000017.958080	000000003.653613	000000000.383875
000000026.628513	000000005.417632	000000000.569215
000000008.530960	000000001.696913	-00000000.182199
000000012.396824	000000002.465882	-00000000.088243
000000017.659042	000000003.432570	000000000.125593
000000019.769489	000000003.842799	000000000.140603
000000017.930395	000000003.485316	000000000.382618
000000041.464653	000000008.059912	000000000.884817
000000008.791002	000000001.669024	-00000000.187435
000000015.266907	000000002.898513	-00000000.108489
000000017.648996	000000003.271048	000000000.125314
000000019.536800	000000003.620932	000000000.138718
000000018.038771	000000003.343289	000000000.384293
000000019.690277	000000003.649377	000000000.419477
000000008.451056	000000001.528200	-00000000.179895
000000012.359250	000000002.234916	-00000000.087685
000000015.911551	000000002.877277	-00000000.112887
000000017.657173	000000003.113436	000000000.125174
000000018.323254	000000003.230884	000000000.389738
000000031.349401	000000005.527745	000000000.666807
000000008.759672	000000001.505187	-00000000.186178
000000016.754045	000000002.878871	-00000000.118681
000000018.581167	000000003.109421	000000000.131527
000000028.812944	000000004.821633	000000000.611938
000000034.187019	000000005.720945	000000000.726074
000000049.066807	000000008.210967	000000001.042095
000000008.466572	000000001.378869	-00000000.179686
000000012.396373	000000002.018878	-00000000.087685
000000017.400322	000000002.833822	-00000000.123080
000000019.368097	000000003.067605	000000000.136903
000000021.491575	000000003.403931	000000000.151912
000000033.998653	000000005.384858	000000000.721048
000000051.338657	000000008.131245	000000001.088796
000000008.754962	000000001.347518	-00000000.185550
000000017.276138	000000002.659052	-00000000.122032
000000020.383121	000000003.046278	000000000.143884
000000023.913820	000000003.573945	000000000.168807
000000024.116806	000000003.604281	000000000.510786
000000036.615223	000000005.472182	000000000.775498
000000008.489347	000000001.230897	-00000000.179686
000000012.261482	000000001.777830	-00000000.086498
000000018.129971	000000002.628721	-00000000.127897
000000019.745464	000000002.775044	000000000.139206
000000021.508097	000000003.022766	000000000.151633
000000024.270880	000000003.411050	000000000.171111
000000039.077309	000000005.491958	000000000.826597
000000008.717708	000000001.186428	-00000000.184293
000000018.360298	000000002.498727	-00000000.129363
000000021.741856	000000002.862370	000000000.153099
000000025.578653	000000003.367494	000000000.180117
000000028.414118	000000003.740789	000000000.200083
000000028.418489	000000003.741365	000000000.600419
000000008.509536	000000001.082550	-00000000.179686
000000012.300561	000000001.564829	-00000000.086568
000000021.904959	000000002.689591	000000000.154076
000000022.073689	000000002.710308	000000000.155263
000000023.413593	000000002.874828	000000000.164688
000000046.401279	000000005.697361	000000000.979268
000000008.697372	000000001.029402	-00000000.183456
000000025.673271	000000002.925100	000000000.180396
000000028.296236	000000003.223949	000000000.198826
000000032.621742	000000003.716778	000000000.687749
000000008.407872	000000000.920812	-00000000.177173
000000012.325998	000000001.349916	-00000000.086568
000000026.284573	000000002.762620	000000000.184515
000000028.452579	000000002.990487	000000000.199734
000000036.819069	000000003.869840	000000000.775498
000000008.644380	000000000.870443	-00000000.181990
000000027.442404	000000002.642403	000000000.192473
000000030.846577	000000002.970187	000000000.216349
000000056.605721	000000005.450511	000000001.191205
000000008.343016	000000000.766615	-00000000.175497
000000012.228187	000000001.123613	-00000000.085730
000000032.425346	000000002.836850	000000000.227240
000000008.548656	000000000.710339	-00000000.179686
000000058.197235	000000004.580222	000000001.222828
000000008.355124	000000000.620893	-00000000.175497
000000012.285823	000000000.912994	-00000000.086009
000000008.469964	000000000.555151	-00000000.177801
000000051.712002	000000003.162842	000000001.085236
000000008.374669	000000000.475548	-00000000.175707
000000012.140146	000000000.689367	-00000000.084892
000000008.498336	000000000.408204	-00000000.178220
000000012.295525	000000000.590596	-00000000.085939
000000101.391144	000000004.426833	000000002.125865
000000008.371703	000000000.328925	-00000000.175497
000000012.150329	000000000.477388	-00000000.084892
000000008.504166	000000000.259826	-00000000.178220
000000012.223997	000000000.373477	-00000000.085381
000000012.433894	000000000.379890	-00000000.086847
000000008.386164	000000000.182987	-00000000.175707
000000012.156810	000000000.265263	-00000000.084892
000000008.527398	000000000.111630	-00000000.178639
000000008.398077	000000000.036644	-00000000.175916
000000012.239585	000000000.053406	-00000000.085451
000000008.608029	-00000000.037560	-00000000.180314
000000008.477413	-00000000.110975	-00000000.177592
000000012.318644	-00000000.161260	-00000000.086009
000000008.646045	-00000000.188657	-00000000.181152
000000008.474185	-00000000.258910	-00000000.177592
000000012.473875	-00000000.381111	-00000000.087126
000000008.721355	-00000000.342663	-00000000.182827
000000050.630646	-00000002.210582	000000001.061571
000000008.568239	-00000000.411562	-00000000.179686
000000012.625136	-00000000.606429	-00000000.088243
000000077.546547	-00000004.064042	000000001.626598
000000008.833829	-00000000.501621	-00000000.185340
000000035.902035	-00000002.195863	000000000.251116
000000042.030434	-00000002.570691	000000000.293981
000000046.961922	-00000002.872314	000000000.985550
000000008.559752	-00000000.561036	-00000000.179686
000000012.612630	-00000000.826675	-00000000.088243
000000042.395439	-00000002.964578	000000000.296704
000000008.853640	-00000000.657939	-00000000.185969
000000026.188381	-00000002.061070	000000000.183398
000000028.461296	-00000002.239953	000000000.199315
000000038.333031	-00000003.016875	000000000.805445
000000008.548656	-00000000.710339	-00000000.179686
000000012.676004	-00000001.053295	-00000000.088802
000000025.631464	-00000002.242463	000000000.179628
000000034.019222	-00000002.976296	000000000.238410
000000034.002628	-00000002.974844	000000000.714974
000000008.860720	-00000000.814186	-00000000.186388
000000021.838461	-00000002.102805	000000000.153169
000000023.331518	-00000002.246570	000000000.163641
000000025.670643	-00000002.471802	000000000.180047
000000029.785675	-00000002.868034	000000000.626807
000000008.544906	-00000000.860427	-00000000.179895
000000012.615893	-00000001.270354	-00000000.088522
000000022.535316	-00000002.368557	000000000.158195
000000023.465570	-00000002.466331	000000000.494241
000000057.470757	-00000006.040420	000000001.210472
000000008.845160	-00000000.968703	-00000000.186388
000000018.717625	-00000002.049913	-00000000.131457
000000021.381145	-00000002.436074	000000000.150237
000000023.288757	-00000002.653419	000000000.163641
000000023.403418	-00000002.666483	000000000.493403
000000025.578865	-00000002.914343	000000000.539267
000000008.528587	-00000001.009425	-00000000.179895
000000012.671245	-00000001.499741	-00000000.089081
000000017.308762	-00000002.048627	-00000000.121683
000000021.726305	-00000002.667655	000000000.152820
000000031.546124	-00000003.873377	000000000.665760
000000061.911373	-00000007.601761	000000001.306598
000000008.886415	-00000001.130495	-00000000.187644
000000013.927410	-00000001.771790	-00000000.098017
000000017.081909	-00000002.173093	-00000000.120217
000000021.117260	-00000002.780140	000000000.148701
000000031.818399	-00000004.188972	000000000.672252
000000008.628550	-00000001.174294	-00000000.182408
000000012.999844	-00000001.769201	-00000000.091594
000000020.913952	-00000002.939264	000000000.147444
000000020.949476	-00000002.944257	000000000.443142
000000008.875226	-00000001.286847	-00000000.187854
000000013.825093	-00000002.004543	-00000000.097528
000000016.358540	-00000002.371875	-00000000.115400
000000021.025965	-00000003.142352	000000000.148422
000000031.928320	-00000004.771719	000000000.676231
000000048.095181	-00000007.187873	000000001.018639
000000008.596859	-00000001.323183	-00000000.182199
000000013.441389	-00000002.068828	-00000000.094945
000000016.436050	-00000002.529750	-00000000.116098
000000021.145891	-00000003.349180	000000000.149469
000000032.000324	-00000005.068353	000000000.226193
000000031.924963	-00000005.056417	000000000.677068
000000043.458630	-00000006.883171	000000000.921676
000000008.900755	-00000001.449580	-00000000.188901
000000013.531390	-00000002.203727	-00000000.095713
000000016.610744	-00000002.705231	-00000000.117495
000000016.963699	-00000002.838750	000000000.120078
000000017.131365	-00000002.866807	000000000.121264
000000031.915424	-00000005.340810	000000000.225914
000000025.657524	-00000004.293597	000000000.544922
000000041.917805	-00000007.014635	000000000.890262
000000008.651284	-00000001.486562	-00000000.183874
000000013.146997	-00000002.259067	-00000000.093130
000000016.320410	-00000002.804359	-00000000.115610
000000016.514824	-00000002.912009	000000000.117076
000000016.580526	-00000002.923594	000000000.352670
000000008.942968	-00000001.617152	-00000000.190367
000000012.910299	-00000002.334562	-00000000.091594
000000015.596665	-00000002.820337	-00000000.110653
000000023.007605	-00000004.264207	000000000.163361
000000025.603334	-00000004.745297	000000000.181792
000000025.549191	-00000004.735262	000000000.544293
000000037.060581	-00000006.868773	000000000.789529
000000008.673135	-00000001.646646	-00000000.184922
000000012.968029	-00000002.462057	-00000000.092153
000000023.430870	-00000004.554500	000000000.166643
000000036.054287	-00000007.008244	000000000.256422
000000025.585407	-00000004.973300	000000000.545969
000000035.792091	-00000006.957278	000000000.763770
000000009.619394	-00000001.913416	-00000000.205445
000000011.337602	-00000002.255189	-00000000.080703
000000013.171626	-00000002.619999	-00000000.093758
000000023.938978	-00000004.870440	000000000.170552
000000033.992760	-00000006.915905	000000000.242180
000000026.305208	-00000005.351855	000000000.562304
000000033.751003	-00000006.866719	000000000.721466
000000035.298943	-00000007.181651	000000000.754555
000000009.220586	-00000001.917885	-00000000.197278
000000012.609798	-00000002.622842	-00000000.089919
000000016.829382	-00000003.500516	-00000000.120008
000000032.679115	-00000006.946160	000000000.233244
000000032.702080	-00000006.951042	000000000.700315
000000009.369591	-00000002.034338	-00000000.200838
000000010.270449	-00000002.229933	-00000000.073373
000000012.381216	-00000002.688226	-00000000.088453
000000019.153263	-00000004.158581	-00000000.136833
000000032.187695	-00000007.135840	000000000.230172
000000031.995964	-00000007.093334	000000000.686493
000000009.166206	-00000002.074101	-00000000.196859
000000011.898886	-00000002.692443	-00000000.085171
000000015.819666	-00000003.579625	-00000000.113236
000000019.311306	-00000004.369702	-00000000.138229
000000019.399235	-00000004.478666	000000000.138997
000000030.838060	-00000007.119527	000000000.220957
000000030.111174	-00000006.951712	000000000.647330
000000009.186685	-00000002.163177	-00000000.197696
000000012.176678	-00000002.867227	-00000000.087336
000000019.282173	-00000004.540349	-00000000.138299
000000012.348797	-00000002.964684	000000000.088662
000000012.404719	-00000002.978110	000000000.267225
000000009.157747	-00000002.240886	-00000000.197487
000000012.238612	-00000002.994769	-00000000.087964
000000019.455507	-00000004.760733	-00000000.139835
000000013.777864	-00000003.435207	000000000.099134
000000027.943834	-00000006.967181	000000000.201060
000000029.525379	-00000007.361504	000000000.212440
000000013.794580	-00000003.439375	000000000.297801
000000029.121889	-00000007.260902	000000000.628691
000000009.021562	-00000002.291185	-00000000.194974
000000011.434417	-00000002.903972	-00000000.247121
000000012.202320	-00000003.098994	-00000000.087894
000000019.451990	-00000004.940176	-00000000.140114
000000014.347598	-00000003.710541	000000000.103462
000000026.923529	-00000006.962898	000000000.194149
000000013.318790	-00000003.444473	000000000.288168
000000014.335122	-00000003.707315	000000000.310157
000000026.792450	-00000006.928998	000000000.579686
000000008.643495	-00000002.275642	-00000000.187225
000000011.360298	-00000002.990917	-00000000.246073
000000012.010418	-00000003.162079	-00000000.086707
000000016.458721	-00000004.333220	-00000000.118821
000000019.272757	-00000005.074093	-00000000.139137
000000014.063538	-00000003.768314	000000000.101647
000000025.779932	-00000006.907712	000000000.186330
000000014.109081	-00000003.780517	000000000.305969
000000026.228792	-00000007.027984	000000000.568796
000000008.758348	-00000002.387800	-00000000.190157
000000012.030605	-00000003.279919	-00000000.087056
000000019.160210	-00000005.223673	-00000000.138648
000000025.749546	-00000007.020132	-00000000.186330
000000025.313955	-00000007.020181	000000000.183398
000000013.690186	-00000003.796624	000000000.297592
000000024.952555	-00000006.919956	000000000.542409
000000008.621708	-00000002.431573	-00000000.187644
000000011.325614	-00000003.194154	-00000000.246492
000000012.088143	-00000003.409209	-00000000.087685
000000015.119803	-00000004.264225	-00000000.109676
000000019.826096	-00000005.591537	-00000000.143814
000000013.995629	-00000004.013182	000000000.101647
000000024.665375	-00000007.072682	000000000.179139
000000014.108227	-00000004.045469	000000000.307435
000000024.468355	-00000007.016188	000000000.533194
000000009.224055	-00000002.688567	-00000000.201257
000000011.431685	-00000003.332033	-00000000.249424
000000011.894728	-00000003.466997	-00000000.086498
000000019.075727	-00000005.560067	-00000000.138718
000000023.981461	-00000006.989958	-00000000.174392
000000014.295653	-00000004.234566	000000000.104091
000000023.663095	-00000007.009328	000000000.172298
000000014.129903	-00000004.185468	000000000.308691
000000023.648895	-00000007.005122	000000000.516649
000000007.802495	-00000002.348284	-00000000.170681
000000011.768265	-00000003.541846	-00000000.085800
000000023.479078	-00000007.066401	-00000000.171181
000000014.382473	-00000004.397163	000000000.104998
000000023.237638	-00000007.104459	000000000.169645
000000012.926405	-00000003.951999	000000000.283142
000000022.927158	-00000007.009536	000000000.502199
000000007.352041	-00000002.282869	-00000000.161257
000000009.137536	-00000002.837280	-00000000.200419
000000011.495918	-00000003.569577	-00000000.252147
000000011.689159	-00000003.629580	-00000000.085451
000000022.585670	-00000007.013037	-00000000.165107
000000022.583467	-00000007.120540	000000000.165316
000000022.502785	-00000007.095100	000000000.494241
000000007.541320	-00000002.413996	-00000000.165864
000000011.445288	-00000003.663665	-00000000.251728
000000012.152274	-00000003.889974	-00000000.089081
000000022.637897	-00000007.246448	-00000000.165945
000000014.046762	-00000004.564070	000000000.103113
000000022.568020	-00000007.332795	000000000.165665
000000014.034515	-00000004.560091	000000000.309110
000000022.382961	-00000007.272665	000000000.492985
000000007.168656	-00000002.363868	-00000000.158115
000000008.887234	-00000002.930570	-00000000.196021
000000011.488839	-00000003.788451	-00000000.253403
000000013.342948	-00000004.399844	-00000000.098087
000000022.440844	-00000007.399880	-00000000.164967
000000013.646045	-00000004.565903	000000000.100460
000000021.365211	-00000007.148700	000000000.157288
000000022.588518	-00000007.558012	000000000.166294
000000013.520130	-00000004.523772	000000000.298639
000000022.603077	-00000007.562884	000000000.499267
000000006.873205	-00000002.333139	-00000000.152042
000000006.789324	-00000002.304665	-00000000.050056
000000011.713240	-00000003.976109	-00000000.086358
000000013.417673	-00000004.554686	-00000000.098924
000000013.331488	-00000004.590399	000000000.098436
000000013.376153	-00000004.605779	000000000.296335
000000007.173503	-00000002.505099	-00000000.159162
000000011.411533	-00000003.985086	-00000000.253194
000000011.630893	-00000004.061690	-00000000.086009
000000013.301890	-00000004.645228	-00000000.098366
000000013.234364	-00000004.686534	000000000.098017
000000013.269482	-00000004.698970	000000000.294869
000000007.358382	-00000002.641929	-00000000.163770
000000011.573926	-00000004.155464	-00000000.257592
000000012.187932	-00000004.375915	-00000000.090407
000000019.197453	-00000006.987301	000000000.142627
000000019.419188	-00000007.068006	000000000.432880
000000006.631558	-00000002.446511	-00000000.148063
000000008.011959	-00000002.955768	-00000000.059620
000000008.092650	-00000003.025718	000000000.060318
000000008.119167	-00000003.035632	000000000.181571
000000006.609956	-00000002.504288	-00000000.148063
000000008.126126	-00000003.078714	-00000000.060667
000000018.851866	-00000007.142333	-00000000.140742
000000018.381752	-00000007.056093	000000000.137461
000000008.176372	-00000003.138615	000000000.183456
000000018.723516	-00000007.187284	000000000.420105
000000005.861044	-00000002.279235	-00000000.131728
000000008.041464	-00000003.127154	-00000000.180733
000000013.373987	-00000005.200859	-00000000.100181
000000018.434668	-00000007.168850	-00000000.138089
000000018.170612	-00000007.157595	000000000.136344
000000018.167070	-00000007.156199	000000000.409005
000000007.976725	-00000003.182390	-00000000.179895
000000011.904727	-00000004.749505	-00000000.268482
000000018.092770	-00000007.218283	-00000000.135995
000000016.475657	-00000006.656597	000000000.124057
000000013.672962	-00000005.524235	000000000.308901
000000017.631170	-00000007.123455	000000000.398325
000000007.920889	-00000003.240521	-00000000.179267
000000018.019835	-00000007.372108	-00000000.135925
000000016.453894	-00000006.815426	000000000.124336
000000017.208099	-00000007.127829	000000000.390157
000000007.873869	-00000003.301787	-00000000.178848
000000010.787385	-00000004.523526	-00000000.245026
000000017.853376	-00000007.486542	-00000000.135157
000000016.292540	-00000006.915773	000000000.123568
000000016.942778	-00000007.191782	000000000.385550
000000006.678147	-00000002.869159	-00000000.152251
000000008.147891	-00000003.500610	-00000000.185759
000000009.764608	-00000004.195207	-00000000.222618
000000016.528650	-00000007.101269	-00000000.125593
000000016.185715	-00000007.037749	000000000.123219
000000016.604317	-00000007.219762	000000000.379267
000000008.016370	-00000003.527287	-00000000.183456
000000010.093671	-00000004.441322	-00000000.230995
000000016.008408	-00000007.043868	-00000000.122102
000000016.041468	-00000007.142121	000000000.122591
000000016.111406	-00000007.173261	000000000.369424
000000008.122018	-00000003.658702	-00000000.186597
000000009.863101	-00000004.443003	-00000000.226597
000000015.779140	-00000007.107984	-00000000.362513
000000015.736629	-00000007.088835	-00000000.120497
000000015.487164	-00000007.057907	000000000.118821
000000015.693389	-00000007.151890	000000000.361257
000000007.145519	-00000003.294129	-00000000.164817
000000015.925339	-00000007.341681	-00000000.367330
000000015.438058	-00000007.117042	-00000000.118681
000000015.415920	-00000007.188561	000000000.118751
000000015.059533	-00000007.022376	000000000.348063
000000008.029800	-00000003.787100	-00000000.185969
000000010.444166	-00000004.925788	-00000000.241885
000000014.920237	-00000007.036840	-00000000.345550
000000015.176388	-00000007.157650	-00000000.117146
000000015.081832	-00000007.193665	000000000.116657
000000014.871343	-00000007.093266	000000000.345131
000000008.167542	-00000003.939554	-00000000.189948
000000014.651147	-00000007.066875	-00000000.340733
000000014.545921	-00000007.016120	-00000000.112747
000000014.416306	-00000007.031302	000000000.111979
000000014.368565	-00000007.008017	000000000.334869
000000008.186652	-00000004.037210	-00000000.191204
000000014.499251	-00000007.150239	-00000000.338639
000000014.331676	-00000007.067601	-00000000.111561
000000014.247008	-00000007.103296	000000000.111142
000000014.190546	-00000007.075145	000000000.332147
000000008.302883	-00000004.184998	-00000000.194765
000000014.989829	-00000007.555496	-00000000.351623
000000013.778330	-00000006.944850	-00000000.107721
000000013.935002	-00000007.100238	000000000.109187
000000014.030275	-00000007.148782	000000000.329843
000000008.328263	-00000004.289338	-00000000.196230
000000014.718895	-00000007.580729	-00000000.346806
000000013.557181	-00000006.982407	-00000000.106464
000000014.005560	-00000007.290833	000000000.110234
000000015.788407	-00000008.218925	000000000.124266
000000013.931884	-00000007.252480	000000000.329005
000000007.918902	-00000004.166336	-00000000.187435
000000013.050705	-00000006.866308	-00000000.308901
000000013.124046	-00000006.904895	-00000000.103532
000000013.226233	-00000007.032512	000000000.104579
000000013.541446	-00000007.200114	000000000.321257
000000007.459508	-00000004.008139	-00000000.177382
000000008.877431	-00000004.770016	-00000000.211100
000000012.734886	-00000006.842701	-00000000.302827
000000012.843074	-00000006.900833	-00000000.101787
000000012.681023	-00000006.885233	000000000.100740
000000012.880633	-00000006.993613	000000000.307016
000000005.303034	-00000002.909344	-00000000.126702
000000008.344608	-00000004.578009	-00000000.199372
000000012.481851	-00000006.847778	-00000000.298220
000000012.685927	-00000006.959738	-00000000.101019
000000012.760390	-00000007.073200	000000000.101857
000000012.836601	-00000007.115445	000000000.307435
000000007.527989	-00000004.215877	-00000000.180733
000000012.369280	-00000006.927130	-00000000.296964
000000012.572361	-00000007.040861	-00000000.100600
000000012.341343	-00000006.982396	000000000.098994
000000012.512970	-00000007.079498	000000000.301152
000000007.595074	-00000004.340942	-00000000.183246
000000012.282318	-00000007.019923	-00000000.296335
000000012.145805	-00000006.941900	-00000000.097668
000000012.193340	-00000007.039828	000000000.098296
000000012.450714	-00000007.188423	000000000.301152
000000007.444629	-00000004.341579	-00000000.180524
000000012.255137	-00000007.146985	-00000000.297173
000000011.946554	-00000006.967024	-00000000.096551
000000012.062514	-00000007.105364	000000000.097738
000000012.189379	-00000007.180093	000000000.296335
000000007.535342	-00000004.483057	-00000000.183665
000000011.805655	-00000007.023626	-00000000.287749
000000011.928270	-00000007.096575	-00000000.096900
000000011.828621	-00000007.107352	000000000.096341
000000011.757756	-00000007.064773	000000000.287330
000000007.513027	-00000004.559017	-00000000.184084
000000011.609420	-00000007.044769	-00000000.094806
000000011.476257	-00000007.032660	000000000.093968
000000011.388774	-00000006.979050	000000000.279791
000000004.803436	-00000002.972457	-00000000.118325
000000007.421947	-00000004.592840	-00000000.182827
000000011.613264	-00000007.186506	-00000000.286073
000000011.326415	-00000007.008998	-00000000.092990
000000011.499252	-00000007.185530	000000000.094666
000000011.259608	-00000007.035784	000000000.278115
000000007.483050	-00000004.721453	-00000000.185340
000000011.304901	-00000007.132861	-00000000.280000
000000011.070308	-00000006.984844	-00000000.091385
000000011.385507	-00000007.253368	000000000.094247
000000011.003844	-00000007.010222	000000000.273299
000000004.649926	-00000002.990933	-00000000.115812
000000007.702228	-00000004.954239	-00000000.191833
000000011.544932	-00000007.425950	-00000000.287539
000000011.185547	-00000007.194785	-00000000.092851
000000010.734722	-00000006.971210	000000000.089360
000000010.858401	-00000007.051528	000000000.271204
000000007.491481	-00000004.911630	-00000000.187644
000000011.187055	-00000007.334555	-00000000.280210
000000011.063796	-00000007.253742	-00000000.092362
000000010.565076	-00000006.992871	000000000.088453
000000010.738094	-00000007.107389	000000000.269738
000000007.174009	-00000004.793519	-00000000.180733
000000010.756857	-00000007.187502	-00000000.270995
000000010.542778	-00000007.044459	-00000000.088522
000000010.603132	-00000007.151903	000000000.089290
000000010.783414	-00000007.273504	000000000.272461
000000004.859282	-00000003.308567	-00000000.123141
000000010.487123	-00000007.140428	-00000000.265759
000000010.389979	-00000007.074286	-00000000.087754
000000010.474389	-00000007.198848	000000000.088732
000000010.464107	-00000007.191782	000000000.265969
000000004.181266	-00000002.900647	-00000000.106597
000000007.163190	-00000004.969282	-00000000.182618
000000010.366910	-00000007.191782	-00000000.264293
000000009.949902	-00000006.902493	-00000000.084543
000000010.165429	-00000007.117910	000000000.086637
000000010.220775	-00000007.156664	000000000.261361
000000004.098641	-00000002.896633	-00000000.105131
000000009.911855	-00000007.005006	-00000000.254241
000000009.807627	-00000006.931345	-00000000.083845
000000010.086646	-00000007.194735	000000000.086498
000000010.182352	-00000007.263001	000000000.261990
000000004.779122	-00000003.440476	-00000000.123351
000000009.712410	-00000006.991935	-00000000.250681
000000009.641264	-00000006.940717	-00000000.082937
000000009.918307	-00000007.206072	000000000.085590
000000009.706075	-00000007.051876	000000000.251309
000000009.642962	-00000007.070512	-00000000.250471
000000009.515815	-00000006.977284	-00000000.082379
000000009.525472	-00000007.048479	000000000.082728
000000009.362878	-00000006.928165	000000000.243979
000000004.846522	-00000003.619070	-00000000.126702
000000009.548851	-00000007.130465	-00000000.249634
000000009.422516	-00000007.036126	-00000000.082100
000000009.391725	-00000007.077172	000000000.082100
000000009.102448	-00000006.859186	000000000.238744
000000006.772491	-00000005.149922	-00000000.178220
000000009.693178	-00000007.370864	-00000000.255079
000000009.376675	-00000007.130189	-00000000.082239
000000009.345474	-00000007.171035	000000000.082239
000000009.010517	-00000006.914013	000000000.237906
000000009.525720	-00000007.375600	-00000000.252356
000000009.235029	-00000007.150524	-00000000.081541
000000003.805999	-00000002.973572	000000000.033719
000000008.857025	-00000006.919866	000000000.078469
000000008.776515	-00000006.856965	000000000.233299
000000008.942799	-00000007.049934	-00000000.238534
000000003.824400	-00000003.014914	-00000000.033999
000000008.756070	-00000006.902729	-00000000.077841
000000003.779905	-00000003.006672	000000000.033719
000000008.671087	-00000006.897294	000000000.077352
000000003.802642	-00000003.024758	000000000.101780
000000008.692869	-00000006.914620	000000000.232670
000000003.727031	-00000002.991258	-00000000.100105
000000003.774549	-00000003.029396	-00000000.033789
000000008.656507	-00000006.947581	-00000000.077492
000000003.792380	-00000003.071009	000000000.034069
000000008.556169	-00000006.928649	000000000.076864
000000003.814950	-00000003.089285	000000000.102827
000000008.562270	-00000006.933590	000000000.230785
000000003.685301	-00000003.011017	-00000000.099686
000000003.755713	-00000003.068546	-00000000.033859
000000003.726856	-00000003.072183	000000000.033719
000000003.726129	-00000003.071584	000000000.101152
000000003.681945	-00000003.062241	-00000000.100314
000000003.721104	-00000003.094810	-00000000.033789
000000003.707565	-00000003.111016	000000000.033789
000000003.668548	-00000003.078277	000000000.100314
000000003.441424	-00000002.913380	-00000000.094450
000000003.716851	-00000003.146547	-00000000.033999
000000008.112964	-00000006.868131	-00000000.074211
000000003.695483	-00000003.156241	000000000.033929
000000008.181769	-00000006.987891	000000000.075118
000000003.770787	-00000003.220556	000000000.103874
000000008.164968	-00000006.973542	000000000.224922
000000003.680959	-00000003.171717	-00000000.101780
000000008.255647	-00000007.113521	-00000000.228272
000000010.187015	-00000008.777693	-00000000.281676
000000003.674101	-00000003.165807	-00000000.033859
000000008.173927	-00000007.043106	-00000000.075328
000000008.075195	-00000007.019660	000000000.074699
000000008.043440	-00000006.992055	000000000.223246
000000007.877553	-00000006.908428	-00000000.219477
000000008.134708	-00000007.133948	-00000000.075537
000000008.260780	-00000007.308521	000000000.077003
000000007.907238	-00000006.995733	000000000.221152
000000003.229720	-00000002.882635	-00000000.090681
000000007.742377	-00000006.910336	-00000000.217382
000000007.833412	-00000006.991587	-00000000.073303
000000007.765674	-00000006.992244	000000000.072954
000000007.845889	-00000007.064470	000000000.221152
000000007.489365	-00000006.802860	-00000000.211937
000000007.468619	-00000006.784016	-00000000.070441
000000007.741223	-00000007.093524	000000000.073303
000000007.666002	-00000007.024597	000000000.217801
000000003.186261	-00000002.945349	-00000000.090890
000000007.290224	-00000006.739013	-00000000.207958
000000007.254930	-00000006.706388	-00000000.068975
000000007.262166	-00000006.772079	000000000.069324
000000007.158382	-00000006.675300	000000000.205026
000000007.289394	-00000006.857178	-00000000.209634
000000007.268965	-00000006.837959	-00000000.069673
000000007.137510	-00000006.773244	000000000.068696
000000007.230397	-00000006.861390	000000000.208796
000000007.243721	-00000006.934355	-00000000.210052
000000007.310145	-00000006.997941	-00000000.070650
000000008.545358	-00000008.180400	-00000000.082588
000000007.034972	-00000006.793593	000000000.068277
000000008.480809	-00000008.189822	000000000.082309
000000007.141478	-00000006.896445	000000000.207958
000000007.218740	-00000007.032185	-00000000.211100
000000007.112705	-00000006.928891	-00000000.069324
000000006.918361	-00000006.798654	000000000.067718
000000007.081024	-00000006.958503	000000000.207958
000000007.135798	-00000007.073796	-00000000.210471
000000007.215307	-00000007.152615	-00000000.070930
000000007.113321	-00000007.113321	000000000.070231
000000007.076587	-00000007.076587	000000000.209634
000000006.869677	-00000006.929889	-00000000.204398
000000006.969576	-00000007.030663	-00000000.069114
000000006.728565	-00000006.847038	000000000.067020
000000006.909450	-00000007.031107	000000000.206492
000000006.997303	-00000007.182933	-00000000.210052
000000007.005645	-00000007.191496	-00000000.070092
000000006.710236	-00000006.948653	000000000.067439
000000006.785324	-00000007.026409	000000000.204607
000000006.851391	-00000007.157057	-00000000.207539
000000008.559054	-00000008.940905	-00000000.259267
000000006.984112	-00000007.295699	-00000000.070511
000000006.738827	-00000007.101242	000000000.068347
000000006.627401	-00000006.983823	000000000.201676
000000006.747572	-00000007.172881	-00000000.206283
000000008.371100	-00000008.898742	-00000000.255916
000000006.680371	-00000007.101444	-00000000.068067
000000006.437907	-00000006.903811	000000000.065903
000000006.436652	-00000006.902464	000000000.197696
000000006.399687	-00000006.923143	-00000000.197487
000000006.448450	-00000006.975894	-00000000.066322
000000006.296347	-00000006.871257	000000000.065065
000000006.369419	-00000006.951001	000000000.197487
000000006.325584	-00000006.963925	-00000000.197068
000000006.380605	-00000007.024498	-00000000.066252
000000006.430188	-00000007.141448	000000000.067090
000000006.382106	-00000007.088047	000000000.199791
000000006.264572	-00000007.018860	-00000000.197068
000000006.219183	-00000006.968006	-00000000.065205
000000006.327868	-00000007.152353	000000000.066671
000000006.101392	-00000006.896369	000000000.192880
000000006.262412	-00000007.140912	-00000000.198953
000000006.217480	-00000007.089677	-00000000.065833
000000006.343936	-00000007.297864	000000000.067509
000000006.106570	-00000007.024806	000000000.194974
000000006.082386	-00000007.058957	-00000000.195183
000000006.305505	-00000007.317899	-00000000.067439
000000006.046214	-00000007.079207	000000000.064996
000000006.109966	-00000007.153851	000000000.197068
000000006.046394	-00000007.142289	-00000000.196021
000000006.254328	-00000007.387910	-00000000.067579
000000006.054912	-00000007.215963	000000000.065763
000000007.469010	-00000008.901219	000000000.081122
000000005.950908	-00000007.092016	000000000.193927
000000006.182530	-00000007.500009	000000000.067858
000000006.098652	-00000007.398257	000000000.200838
000000006.022449	-00000007.437105	000000000.066811
000000005.870272	-00000007.249182	000000000.195393
000000005.490445	-00000006.902435	000000000.061575
000000005.588955	-00000007.026279	000000000.188063
000000005.787076	-00000007.407120	000000000.065624
000000005.595136	-00000007.161447	000000000.190367
000000005.417844	-00000007.060672	000000000.062133
000000005.447220	-00000007.098955	000000000.187435
000000005.283807	-00000007.011848	000000000.061295
000000006.487408	-00000008.609080	000000000.075258
000000005.589635	-00000007.417696	000000000.194555
000000005.240261	-00000007.081807	000000000.061505
000000005.263027	-00000007.112573	000000000.185340
000000005.319327	-00000007.321425	000000000.063180
000000005.177253	-00000007.125877	000000000.184503
000000005.011344	-00000007.025646	000000000.060248
000000005.027785	-00000007.048694	000000000.181361
000000005.076028	-00000007.249319	000000000.061784
000000004.925941	-00000007.034973	000000000.179895
000000004.899294	-00000007.128518	000000000.060388
000000004.875688	-00000007.094170	000000000.180314
000000004.853676	-00000007.195871	000000000.060597
000000004.847139	-00000007.186180	000000000.181571
000000004.906600	-00000007.413064	000000000.062063
000000004.745617	-00000007.169846	000000000.180105
000000004.689228	-00000007.220778	000000000.060109
000000004.710094	-00000007.252909	000000000.181152
000000005.039748	-00000007.910819	000000000.065484
000000004.732572	-00000007.428649	000000000.184503
000000005.511485	-00000008.651299	000000000.214869
000000004.853942	-00000007.767931	000000000.063948
000000004.498028	-00000007.198349	000000000.177801
000000004.540401	-00000007.409262	000000000.060667
000000001.833568	-00000002.992110	000000000.073508
000000004.680561	-00000007.637980	000000000.187644
000000004.362267	-00000007.260030	000000000.059131
000000001.884626	-00000003.136544	000000000.076649
000000004.866042	-00000008.098454	000000000.197906
000000001.791567	-00000003.041477	000000000.024644
000000004.156638	-00000007.056571	000000000.057177
000000001.857183	-00000003.152871	000000000.076649
000000004.313130	-00000007.322242	000000000.178011
000000004.104900	-00000007.109895	000000000.057316
000000004.179083	-00000007.238384	000000000.175079
