000000002.669722	000000003.098365	-00000000.028553
000000002.676879	000000003.052395	-00000000.028344
000000002.669600	000000002.991034	-00000000.083979
000000002.696755	000000003.021459	-00000000.028274
000000002.661989	000000002.930621	-00000000.082932
000000002.743190	000000003.020016	-00000000.028484
000000002.734967	000000002.958671	-00000000.084398
000000002.769439	000000002.995963	-00000000.028484
000000002.733281	000000002.905563	-00000000.083560
000000002.802330	000000002.978965	-00000000.028553
000000002.786186	000000002.910488	-00000000.084398
000000002.793645	000000002.918279	-00000000.028204
000000002.797526	000000002.871741	-00000000.083979
000000002.867849	000000002.943929	-00000000.028693
000000002.759133	000000002.783316	-00000000.082094
000000002.872310	000000002.897486	-00000000.028484
000000002.754915	000000002.730978	-00000000.081257
000000002.890384	000000002.865270	-00000000.028414
000000002.857418	000000002.783573	-00000000.083560
000000002.951092	000000002.874827	-00000000.028763
000000002.758825	000000002.641001	-00000000.080000
000000002.954397	000000002.828220	-00000000.028553
000000002.854588	000000002.685328	-00000000.082094
000000002.993532	000000002.816034	-00000000.028693
000000002.914621	000000002.694248	-00000000.083141
000000003.098765	000000002.864469	-00000000.029461
000000003.004627	000000002.729211	-00000000.085026
000000003.190262	000000002.897830	-00000000.030089
000000003.013411	000000002.689572	-00000000.084607
000000003.304954	000000002.949784	-00000000.030927
000000003.044284	000000002.669765	-00000000.084817
000000003.277942	000000002.874678	-00000000.030438
000000003.067466	000000002.643097	-00000000.084817
000000003.431686	000000002.956930	-00000000.031625
000000003.151459	000000002.667907	-00000000.086492
000000003.480255	000000002.946254	-00000000.031835
000000003.143873	000000002.614732	-00000000.085654
000000003.482769	000000002.896588	-00000000.031625
000000003.267220	000000002.669431	-00000000.088377
000000003.484682	000000002.847105	-00000000.031416
000000003.274796	000000002.628302	-00000000.087958
000000003.571784	000000002.866660	-00000000.031974
000000003.446785	000000002.717226	-00000000.091937
000000003.643782	000000002.872526	-00000000.032393
000000003.494081	000000002.705407	-00000000.092565
000000003.724057	000000002.883473	-00000000.032882
000000003.628973	000000002.759535	-00000000.095497
000000003.876435	000000002.947710	-00000000.033999
000000003.660927	000000002.733744	-00000000.095707
000000003.990147	000000002.979584	-00000000.034767
000000003.813646	000000002.796281	-00000000.099058
000000004.064382	000000002.980128	-00000000.035186
000000003.854131	000000002.774577	-00000000.099476
000000004.106464	000000002.956231	-00000000.035325
000000003.943514	000000002.787000	-00000000.101152
000000004.148438	000000002.931826	-00000000.035465
000000003.934826	000000002.729686	-00000000.100314
000000004.214946	000000002.924012	-00000000.035814
000000004.024609	000000002.740259	-00000000.101990
000000004.232036	000000002.881491	-00000000.035744
000000004.385502	000000002.958058	000000000.036931
000000004.691323	000000003.164338	000000000.118534
000000004.048369	000000002.705034	-00000000.101990
000000004.273650	000000002.855561	-00000000.035884
000000004.377794	000000002.897599	000000000.036652
000000004.727096	000000003.128796	000000000.118744
000000004.105264	000000002.691529	-00000000.102827
000000004.281681	000000002.807193	-00000000.035744
000000004.537097	000000002.946425	000000000.037769
000000004.796144	000000003.114652	000000000.119791
000000004.120187	000000002.650194	-00000000.102618
000000004.348066	000000002.796770	-00000000.036093
000000004.638540	000000002.955076	000000000.038397
000000004.907462	000000003.126398	000000000.121885
000000004.210801	000000002.656817	-00000000.104293
000000004.423048	000000002.790736	-00000000.036512
000000004.799835	000000002.999270	000000000.039514
000000005.188916	000000003.242395	000000000.128168
000000006.452231	000000004.031801	000000000.159372
000000004.284835	000000002.651536	-00000000.105550
000000004.540771	000000002.809914	-00000000.037280
000000004.962245	000000003.040868	000000000.040631
000000005.242587	000000003.212662	000000000.128796
000000004.290716	000000002.603671	-00000000.105131
000000004.642058	000000002.816870	-00000000.037908
000000004.988592	000000002.997449	000000000.040631
000000005.253284	000000003.156491	000000000.128377
000000004.485117	000000002.668365	-00000000.109319
000000004.726620	000000002.812043	-00000000.038397
000000005.083488	000000002.994403	000000000.041189
000000005.280629	000000003.110528	000000000.128377
000000006.590017	000000003.881817	000000000.160210
000000004.482323	000000002.614013	-00000000.108691
000000004.802808	000000002.800915	-00000000.038816
000000005.074785	000000002.929929	000000000.040910
000000005.298913	000000003.059329	000000000.128168
000000007.350943	000000004.244069	000000000.177801
000000004.565724	000000002.609526	-00000000.110157
000000004.809704	000000002.748972	-00000000.038676
000000005.065347	000000002.865835	000000000.040631
000000005.255795	000000002.973586	000000000.126492
000000007.274578	000000004.115758	000000000.175079
000000004.666830	000000002.613550	-00000000.112042
000000004.877134	000000002.731326	-00000000.039025
000000005.090163	000000002.821523	000000000.040631
000000005.552617	000000003.077866	000000000.132984
000000007.205286	000000003.993955	000000000.172566
000000004.680694	000000002.567917	-00000000.111833
000000004.856948	000000002.664613	-00000000.038676
000000005.193683	000000002.819939	000000000.041259
000000005.675913	000000003.081769	000000000.135288
000000004.685311	000000002.517509	-00000000.111414
000000004.897633	000000002.631593	-00000000.038816
000000005.165117	000000002.746342	000000000.040840
000000005.552522	000000002.952328	000000000.131728
000000004.715950	000000002.481181	-00000000.111623
000000004.973509	000000002.616690	-00000000.039235
000000005.277586	000000002.747337	000000000.041538
000000005.728833	000000002.982242	000000000.135288
000000007.431520	000000003.868605	000000000.175497
000000004.888522	000000002.517754	-00000000.115183
000000005.040605	000000002.596082	-00000000.039584
000000005.443917	000000002.773814	000000000.042656
000000005.745731	000000002.927596	000000000.135079
000000007.447181	000000003.794528	000000000.175079
000000004.874596	000000002.456999	-00000000.114346
000000005.125574	000000002.583502	-00000000.040072
000000005.503712	000000002.744050	000000000.042935
000000005.744219	000000002.863962	000000000.134450
000000007.569484	000000003.774006	000000000.177173
000000004.904818	000000002.418788	-00000000.114555
000000005.255546	000000002.591749	-00000000.040910
000000005.662265	000000002.761671	000000000.043982
000000005.822908	000000002.840022	000000000.135707
000000007.665031	000000003.738486	000000000.178639
000000005.024794	000000002.423673	-00000000.116859
000000005.350017	000000002.580542	-00000000.041469
000000005.686149	000000002.712154	000000000.043982
000000005.946733	000000002.836446	000000000.138011
000000007.598102	000000003.624109	000000000.176335
000000005.217562	000000002.460762	-00000000.120838
000000005.535131	000000002.610537	-00000000.042725
000000005.763977	000000002.687787	000000000.044401
000000006.052808	000000002.822471	000000000.139895
000000007.720049	000000003.599918	000000000.178429
000000005.420425	000000002.498850	-00000000.125026
000000005.648513	000000002.604000	-00000000.043423
000000005.887306	000000002.683000	000000000.045169
000000006.140892	000000002.798565	000000000.141361
000000007.696584	000000003.507535	000000000.177173
000000005.505835	000000002.480198	-00000000.126492
000000005.753078	000000002.591573	-00000000.044052
000000005.947036	000000002.647791	000000000.045448
000000007.736033	000000003.444304	000000000.177382
000000005.536420	000000002.436083	-00000000.126702
000000005.848698	000000002.573488	-00000000.044610
000000006.290879	000000002.735352	000000000.047891
000000007.628266	000000003.316864	000000000.174241
000000005.686070	000000002.442929	-00000000.129634
000000005.953622	000000002.557878	-00000000.045239
000000006.544630	000000002.778031	000000000.049637
000000007.693733	000000003.265796	000000000.175079
000000005.836252	000000002.447344	-00000000.132566
000000006.141709	000000002.575432	-00000000.046495
000000006.781111	000000002.808828	000000000.051242
000000007.768123	000000003.217662	000000000.176126
000000005.968427	000000002.441748	-00000000.135079
000000006.339798	000000002.593680	-00000000.047822
000000006.870265	000000002.775767	000000000.051731
000000007.842255	000000003.168477	000000000.177173
000000006.138085	000000002.448848	-00000000.138429
000000006.417917	000000002.560489	-00000000.048241
000000006.857010	000000002.701048	000000000.051452
000000007.962628	000000003.136563	000000000.179267
000000006.345582	000000002.467662	-00000000.142618
000000006.523896	000000002.537004	-00000000.048869
000000007.095038	000000002.723530	000000000.053058
000000007.112322	000000002.730165	000000000.159581
000000006.366874	000000002.412193	-00000000.142618
000000006.667352	000000002.526034	-00000000.049776
000000007.418263	000000002.773575	000000000.055292
000000008.156626	000000003.049637	000000000.182408
000000006.528379	000000002.408446	-00000000.145759
000000006.829867	000000002.519671	-00000000.050824
000000007.611325	000000002.770296	000000000.056548
000000008.126558	000000002.957825	000000000.181152
000000006.567968	000000002.358141	-00000000.146178
000000006.795125	000000002.439699	-00000000.050405
000000007.729472	000000002.737149	000000000.057246
000000008.566732	000000003.033639	000000000.190367
000000006.729878	000000002.350179	-00000000.149319
000000006.938885	000000002.423167	-00000000.051312
000000007.904342	000000002.721683	000000000.058363
000000008.696863	000000002.994570	000000000.192670
000000011.050688	000000003.805057	000000000.244817
000000007.109886	000000002.413481	-00000000.157278
000000007.357468	000000002.497524	-00000000.054244
000000007.946759	000000002.658948	000000000.058503
000000008.798513	000000002.943941	000000000.194346
000000007.206635	000000002.376392	-00000000.158953
000000007.426466	000000002.448881	-00000000.054593
000000008.150355	000000002.648211	000000000.059829
000000009.071089	000000002.947376	000000000.199791
000000007.398492	000000002.368276	-00000000.162723
000000007.618981	000000002.438855	-00000000.055850
000000008.306672	000000002.619084	000000000.060807
000000009.067860	000000002.859085	000000000.199162
000000007.609839	000000002.362918	-00000000.166911
000000007.754573	000000002.407859	-00000000.056688
000000008.377026	000000002.561114	000000000.061156
000000009.197634	000000002.811999	000000000.201466
000000007.658891	000000002.305064	-00000000.167539
000000008.052979	000000002.423671	-00000000.058712
000000008.533287	000000002.527675	000000000.062133
000000009.317684	000000002.760024	000000000.203560
000000007.899477	000000002.302488	-00000000.172356
000000008.323429	000000002.426059	-00000000.060528
000000008.728044	000000002.502726	000000000.063390
000000009.216478	000000002.642782	000000000.200838
000000008.169453	000000002.304024	-00000000.177801
000000008.556019	000000002.413047	-00000000.062063
000000008.990453	000000002.493273	000000000.065135
000000009.277726	000000002.572941	000000000.201676
000000013.150670	000000003.647004	000000000.285864
000000008.488267	000000002.314167	-00000000.184293
000000008.798646	000000002.398786	-00000000.063669
000000009.388571	000000002.515660	000000000.067858
000000009.541254	000000002.556571	000000000.206911
000000012.670167	000000003.394961	000000000.274765
000000008.682167	000000002.285824	-00000000.188063
000000008.944957	000000002.355011	-00000000.064577
000000009.652197	000000002.496228	000000000.069603
000000010.056849	000000002.600878	000000000.217592
000000013.134882	000000003.396911	000000000.284189
000000008.914968	000000002.264114	-00000000.192670
000000009.139625	000000002.321169	-00000000.065833
000000010.149046	000000002.530441	000000000.073024
000000010.273178	000000002.561391	000000000.221780
000000013.290136	000000003.313603	000000000.286911
000000009.216014	000000002.255144	-00000000.198744
000000009.703470	000000002.374424	-00000000.069743
000000010.209636	000000002.451117	000000000.073303
000000010.295139	000000002.471644	000000000.221780
000000013.542143	000000003.251181	000000000.291728
000000009.537024	000000002.245671	-00000000.205236
000000010.132631	000000002.385918	-00000000.072675
000000011.740873	000000002.710594	000000000.084124
000000013.102403	000000003.024928	000000000.281676
000000015.342963	000000003.542202	000000000.329843
000000009.800041	000000002.217523	-00000000.210471
000000010.396895	000000002.352577	-00000000.074420
000000012.330318	000000002.733566	000000000.088173
000000014.348404	000000003.180964	000000000.307854
000000009.564994	000000002.076764	-00000000.205026
000000010.983809	000000002.384819	-00000000.078469
000000012.617796	000000002.681995	000000000.090058
000000015.021051	000000003.192823	000000000.321676
000000009.798096	000000002.038007	-00000000.209634
000000011.425182	000000002.376441	-00000000.081471
000000013.267858	000000002.699376	000000000.094526
000000014.940575	000000003.039694	000000000.319372
000000016.890196	000000003.436349	000000000.361047
000000009.589976	000000001.907565	-00000000.204817
000000011.808367	000000002.348830	-00000000.084054
000000013.722814	000000002.667445	000000000.097598
000000014.927275	000000002.901568	000000000.318534
000000016.811584	000000003.267841	000000000.358744
000000009.989329	000000001.896533	-00000000.212984
000000012.417871	000000002.357606	-00000000.088243
000000014.050370	000000002.604082	000000000.099762
000000014.794741	000000002.742043	000000000.315183
000000016.652685	000000003.086393	000000000.354765
000000009.621807	000000001.739906	-00000000.204817
000000012.831578	000000002.320327	-00000000.091036
000000014.397538	000000002.538674	000000000.102066
000000015.379323	000000002.711790	000000000.327121
000000019.278307	000000003.399286	000000000.410053
000000009.961786	000000001.711748	-00000000.211728
000000013.580631	000000002.333579	-00000000.096202
000000015.395543	000000002.576330	000000000.108977
000000016.773039	000000002.806844	000000000.356231
000000009.621104	000000001.566896	-00000000.204189
000000013.896570	000000002.263200	-00000000.098296
000000015.901395	000000002.518533	000000000.112398
000000017.172132	000000002.719799	000000000.364189
000000019.867931	000000003.146771	000000000.421362
000000040.802330	000000006.462454	000000000.865341
000000010.029669	000000001.543714	-00000000.212566
000000014.390193	000000002.214863	-00000000.101647
000000016.318363	000000002.438796	000000000.115191
000000017.373198	000000002.596442	000000000.367958
000000019.251915	000000002.877218	000000000.407749
000000028.457634	000000004.253022	000000000.602723
000000009.637091	000000001.397312	-00000000.203979
000000014.408974	000000002.089202	-00000000.101647
000000016.814342	000000002.363102	000000000.118542
000000017.870419	000000002.511523	000000000.378011
000000019.365395	000000002.721629	000000000.409634
000000046.175972	000000006.489610	000000000.976754
000000010.055082	000000001.368437	-00000000.212566
000000016.031820	000000002.181835	-00000000.112957
000000017.478746	000000002.301121	000000000.123080
000000021.440248	000000002.822662	000000000.452985
000000031.184013	000000004.105453	000000000.658849
000000009.620337	000000001.223861	-00000000.203141
000000015.474900	000000001.968656	-00000000.108908
000000017.845545	000000002.191157	000000000.125523
000000021.349148	000000002.621346	000000000.150167
000000022.099155	000000002.713435	000000000.466388
000000009.968221	000000001.179817	-00000000.210262
000000017.646397	000000002.088589	-00000000.124057
000000019.811340	000000002.257217	000000000.139206
000000022.221329	000000002.531801	000000000.468482
000000035.631603	000000004.059709	000000000.751205
000000009.600478	000000001.051423	-00000000.202304
000000015.367737	000000001.683041	-00000000.107930
000000019.403507	000000002.125030	-00000000.136274
000000021.083351	000000002.215950	000000000.148003
000000032.603222	000000003.426737	000000000.686702
000000009.997241	000000001.006669	-00000000.210471
000000020.645094	000000002.078852	-00000000.144861
000000022.107210	000000002.128682	000000000.155054
000000028.308378	000000002.725787	000000000.198547
000000031.527235	000000003.035728	000000000.663456
000000009.627322	000000000.884627	-00000000.202513
000000015.374853	000000001.412750	-00000000.107791
000000022.235783	000000002.043181	-00000000.155892
000000024.266712	000000002.123062	000000000.170064
000000026.547941	000000002.322644	000000000.186051
000000028.380896	000000002.483006	000000000.198896
000000032.349308	000000002.830198	000000000.680210
000000009.993360	000000000.830384	-00000000.210052
000000028.461296	000000002.239953	000000000.199315
000000031.741074	000000002.498077	000000000.222283
000000035.761551	000000002.814495	000000000.751414
000000009.631324	000000000.715731	-00000000.202304
000000014.848694	000000001.103449	-00000000.103951
000000030.245405	000000002.114965	000000000.211672
000000032.190609	000000002.250987	000000000.225285
000000034.784210	000000002.432349	000000000.243437
000000039.953651	000000002.793832	000000000.838953
000000009.976400	000000000.653888	-00000000.209424
000000035.273224	000000002.157403	000000000.246718
000000044.427216	000000002.717285	000000000.932357
000000009.602422	000000000.545265	-00000000.201466
000000014.845722	000000000.843001	-00000000.103811
000000040.393581	000000002.116938	000000000.282392
000000048.343037	000000002.533551	000000001.014032
000000009.946348	000000000.477757	-00000000.208586
000000045.735313	000000001.996847	000000000.319602
000000009.530555	000000000.374456	-00000000.199791
000000014.818206	000000000.582209	-00000000.103532
000000071.141022	000000002.484299	000000001.491100
000000010.023123	000000000.306234	-00000000.210052
000000009.555629	000000000.208505	-00000000.200210
000000014.796118	000000000.322852	-00000000.103323
000000009.916975	000000000.129820	-00000000.207749
000000009.547814	000000000.041660	-00000000.200000
000000015.059490	000000000.065710	-00000000.105138
000000009.877739	-00000000.043100	-00000000.206911
000000009.557085	-00000000.125109	-00000000.200210
000000015.088340	-00000000.197517	-00000000.105347
000000009.755538	-00000000.212867	-00000000.204398
000000009.553446	-00000000.291884	-00000000.200210
000000015.032619	-00000000.459288	-00000000.104998
000000009.940148	-00000000.390549	-00000000.208377
000000009.626787	-00000000.462408	-00000000.201885
000000015.202103	-00000000.730209	-00000000.106255
000000075.210266	-00000003.941603	000000001.577592
000000010.021654	-00000000.569071	-00000000.210262
000000067.928131	-00000004.154663	000000001.425550
000000009.717014	-00000000.636887	-00000000.203979
000000015.516328	-00000001.016994	-00000000.108559
000000010.219573	-00000000.759445	-00000000.214660
000000038.370415	-00000003.019817	000000000.268709
000000050.552444	-00000003.978564	000000000.354020
000000050.692097	-00000003.989554	000000001.065132
000000009.744273	-00000000.809687	-00000000.204817
000000032.096611	-00000002.808090	000000000.224936
000000036.639149	-00000003.205510	000000000.256771
000000041.659847	-00000003.644764	000000000.291956
000000046.193378	-00000004.041397	000000000.971309
000000010.234630	-00000000.940430	-00000000.215288
000000028.567175	-00000002.750706	000000000.200362
000000041.875298	-00000004.032133	000000000.293702
000000041.887039	-00000004.033263	000000000.881466
000000009.848027	-00000000.991644	-00000000.207330
000000025.142242	-00000002.531691	-00000000.176416
000000027.249235	-00000002.864010	000000000.191287
000000037.681515	-00000003.960487	000000000.264520
000000037.674171	-00000003.959715	000000000.793508
000000054.627048	-00000005.741534	000000001.150576
000000010.296165	-00000001.127613	-00000000.216963
000000022.455185	-00000002.459243	-00000000.157707
000000022.444241	-00000002.557198	000000000.157707
000000027.054302	-00000003.082448	000000000.190100
000000027.585440	-00000003.142964	000000000.581571
000000033.227692	-00000003.785817	000000000.700524
000000009.948364	-00000001.177467	-00000000.209843
000000021.419964	-00000002.535220	-00000000.150586
000000022.182867	-00000002.723713	000000000.156031
000000027.840240	-00000003.418352	000000000.195824
000000028.211899	-00000003.463986	000000000.595393
000000035.515438	-00000004.360747	000000000.749529
000000010.393931	-00000001.322275	-00000000.219477
000000019.700739	-00000002.506251	-00000000.138648
000000021.047861	-00000002.771003	000000000.148212
000000027.224411	-00000003.584162	000000000.191705
000000027.199282	-00000003.580853	000000000.574660
000000009.906486	-00000001.348214	-00000000.209424
000000018.310755	-00000002.491984	-00000000.129014
000000020.250490	-00000002.846021	000000000.142767
000000027.988739	-00000003.933561	000000000.592042
000000040.384178	-00000005.675626	000000000.854241
000000045.057213	-00000006.332378	000000000.953089
000000010.290116	-00000001.491996	-00000000.217801
000000017.051277	-00000002.472317	-00000000.120287
000000017.219515	-00000002.496711	-00000000.121474
000000018.723747	-00000002.714814	-00000000.132085
000000019.582037	-00000002.926555	000000000.138229
000000024.591431	-00000003.675214	000000000.520838
000000010.019788	-00000001.542193	-00000000.212356
000000016.050600	-00000002.470423	-00000000.113376
000000018.903894	-00000002.994083	000000000.133621
000000035.657604	-00000005.647610	000000000.756231
000000040.407341	-00000006.399894	000000000.856964
000000052.849487	-00000008.370537	000000001.120838
000000010.104626	-00000001.645643	-00000000.214450
000000016.413349	-00000002.673084	-00000000.116098
000000018.374052	-00000003.074762	000000000.130061
000000019.810133	-00000003.315079	000000000.420733
000000050.092319	-00000008.382580	000000001.063875
000000010.030761	-00000001.723600	-00000000.213194
000000015.571406	-00000002.675657	-00000000.110304
000000017.440519	-00000003.075234	000000000.123638
000000020.006905	-00000003.527757	000000000.425550
000000035.317307	-00000006.227394	000000000.751205
000000049.928646	-00000008.803768	000000001.061990
000000010.428544	-00000001.885788	-00000000.221990
000000014.996414	-00000002.711793	-00000000.106394
000000017.845642	-00000003.307494	000000000.126710
000000019.818071	-00000003.673062	000000000.422199
000000049.476368	-00000009.169903	000000001.054032
000000010.117020	-00000001.920776	-00000000.215707
000000014.480966	-00000002.749297	-00000000.102904
000000018.591566	-00000003.613834	000000000.132225
000000020.089500	-00000003.905003	000000000.428691
000000023.063179	-00000004.483028	000000000.492147
000000035.056034	-00000006.814203	000000000.748063
000000010.580352	-00000002.104563	-00000000.225969
000000013.917004	-00000002.768264	-00000000.099064
000000018.745502	-00000003.813816	000000000.133552
000000039.560684	-00000008.048712	000000000.845655
000000010.091745	-00000002.099086	-00000000.215916
000000013.040567	-00000002.712442	-00000000.092990
000000019.151663	-00000004.070812	000000000.136693
000000037.298367	-00000007.928013	000000000.798744
000000010.483390	-00000002.276167	-00000000.224712
000000012.781871	-00000002.775216	-00000000.091315
000000018.549171	-00000004.112252	000000000.132644
000000023.694128	-00000005.252861	000000000.169435
000000023.660225	-00000005.245346	000000000.507644
000000010.131584	-00000002.292543	-00000000.217592
000000012.484077	-00000002.824858	-00000000.089360
000000015.657745	-00000003.614875	000000000.112189
000000015.791074	-00000003.645657	000000000.339477
000000024.090887	-00000005.561820	000000000.517906
000000010.588044	-00000002.493153	-00000000.227854
000000012.176678	-00000002.867227	-00000000.087336
000000014.979942	-00000003.527308	-00000000.107442
000000015.440858	-00000003.707022	000000000.110862
000000033.409817	-00000008.020988	000000000.239876
000000024.799717	-00000005.953885	000000000.534241
000000033.656063	-00000008.080106	000000000.725027
000000010.022052	-00000002.452380	-00000000.216126
000000011.616968	-00000002.842654	-00000000.083496
000000015.504948	-00000003.865818	000000000.111561
000000031.718193	-00000007.908234	000000000.228217
000000032.352264	-00000008.066325	000000000.698430
000000010.436328	-00000002.650490	-00000000.225550
000000011.252497	-00000002.857770	-00000000.081052
000000011.694939	-00000003.024517	000000000.084334
000000022.721870	-00000005.876276	000000000.163850
000000030.118340	-00000007.789132	000000000.217187
000000022.688404	-00000005.867620	000000000.490890
000000030.422207	-00000007.867718	000000000.658220
000000010.035735	-00000002.642189	-00000000.217382
000000010.405161	-00000002.739450	-00000000.075118
000000012.170369	-00000003.261041	000000000.087964
000000023.123701	-00000006.195977	000000000.167131
000000029.247522	-00000007.836850	000000000.211393
000000023.341307	-00000006.254284	000000000.506178
000000029.637762	-00000007.941414	000000000.642723
000000009.877255	-00000002.692849	-00000000.214450
000000011.056193	-00000003.014264	-00000000.080005
000000011.534376	-00000003.198766	000000000.083566
000000023.232565	-00000006.442960	000000000.168318
000000028.175867	-00000007.813859	000000000.204132
000000023.228035	-00000006.441704	000000000.504922
000000028.738792	-00000007.969973	000000000.624712
000000009.545462	-00000002.692099	-00000000.207749
000000011.077590	-00000003.124203	-00000000.080354
000000011.602145	-00000003.326862	000000000.084264
000000027.231880	-00000007.808616	000000000.197779
000000023.305483	-00000006.682740	000000000.507854
000000027.745539	-00000007.955905	000000000.604608
000000009.416024	-00000002.744521	-00000000.205445
000000011.088305	-00000003.231946	-00000000.080634
000000011.448029	-00000003.391060	000000000.083356
000000026.740829	-00000007.920995	000000000.194707
000000011.455382	-00000003.393239	000000000.250262
000000027.521677	-00000008.152292	000000000.601257
000000009.027918	-00000002.717095	-00000000.197487
000000010.944775	-00000003.294003	-00000000.079796
000000011.504066	-00000003.517146	000000000.083985
000000011.501822	-00000003.516460	000000000.251937
000000008.536005	-00000002.650500	-00000000.187225
000000009.148868	-00000002.840799	-00000000.066880
000000011.011111	-00000003.419041	-00000000.080494
000000011.406177	-00000003.596354	000000000.083496
000000024.796036	-00000007.818160	000000000.181513
000000024.733992	-00000007.798598	000000000.543246
000000008.388767	-00000002.685266	-00000000.184503
000000009.104682	-00000002.914432	-00000000.066741
000000011.085617	-00000003.548534	-00000000.081262
000000023.927999	-00000007.774678	000000000.175649
000000024.180063	-00000007.856579	000000000.532566
000000008.080167	-00000002.664440	-00000000.178220
000000008.974438	-00000002.959326	-00000000.065973
000000023.271296	-00000007.786467	000000000.171320
000000023.408976	-00000007.832534	000000000.517068
000000007.943002	-00000002.696286	-00000000.175707
000000008.796766	-00000002.986100	-00000000.064856
000000022.625708	-00000007.790656	000000000.167062
000000022.857626	-00000007.870512	000000000.506388
000000007.796465	-00000002.722648	-00000000.172984
000000008.760932	-00000003.059454	-00000000.064786
000000008.521272	-00000003.017540	000000000.063111
000000021.915880	-00000007.760820	000000000.162314
000000022.005852	-00000007.792681	000000000.489006
000000007.612444	-00000002.733147	-00000000.169424
000000008.432732	-00000003.027660	-00000000.062552
000000008.748325	-00000003.184130	000000000.064996
000000021.020412	-00000007.650805	000000000.156171
000000021.542427	-00000007.840802	000000000.480210
000000007.419466	-00000002.737185	-00000000.165655
000000008.443517	-00000003.114978	-00000000.062831
000000008.607807	-00000003.218327	000000000.064158
000000020.381491	-00000007.620327	000000000.151912
000000020.827021	-00000007.786904	000000000.465759
000000007.348551	-00000002.784117	-00000000.164607
000000008.219638	-00000003.114142	-00000000.061365
000000008.607402	-00000003.304072	000000000.064367
000000020.211523	-00000007.758477	000000000.151144
000000021.019621	-00000008.068676	000000000.471623
000000006.895346	-00000002.681453	-00000000.154974
000000008.089631	-00000003.145886	-00000000.060597
000000019.972443	-00000007.766858	-00000000.149608
000000020.040707	-00000007.894244	000000000.150376
000000020.725157	-00000008.163857	000000000.466597
000000006.741679	-00000002.689657	-00000000.152042
000000007.058781	-00000002.816168	-00000000.053058
000000019.625267	-00000007.829688	-00000000.147514
000000019.507473	-00000007.881531	000000000.146886
000000019.800304	-00000007.999842	000000000.447330
000000006.597657	-00000002.699172	-00000000.149319
000000006.996916	-00000002.862514	-00000000.052778
000000010.652712	-00000004.358140	-00000000.080354
000000019.435877	-00000007.951427	-00000000.146606
000000010.892274	-00000004.511728	000000000.082309
000000018.809729	-00000007.791245	000000000.142138
000000010.908625	-00000004.518500	000000000.247330
000000019.424927	-00000008.046068	000000000.440419
000000006.490871	-00000002.721848	-00000000.147435
000000006.962448	-00000002.919597	-00000000.052709
000000018.581896	-00000007.792036	-00000000.140672
000000018.253166	-00000007.748009	000000000.138438
000000018.783384	-00000007.973073	000000000.427435
000000006.420942	-00000002.758654	-00000000.146388
000000007.019393	-00000003.015769	-00000000.053337
000000011.362098	-00000004.940381	000000000.086498
000000011.469906	-00000004.987257	000000000.261990
000000019.437410	-00000008.451627	000000000.443979
000000006.341717	-00000002.790422	-00000000.145131
000000006.873822	-00000003.024554	-00000000.052429
000000011.450268	-00000005.038239	-00000000.087336
000000011.364228	-00000005.059680	000000000.086847
000000011.425947	-00000005.087160	000000000.261990
000000006.207738	-00000002.796382	-00000000.142618
000000006.865401	-00000003.092638	-00000000.052569
000000010.164020	-00000004.632010	000000000.077981
000000016.651884	-00000007.588701	000000000.127757
000000010.189331	-00000004.643546	000000000.234555
000000017.412838	-00000007.935488	000000000.400838
000000005.928874	-00000002.733249	-00000000.136754
000000006.647446	-00000003.064515	-00000000.051103
000000007.177783	-00000003.347055	000000000.055292
000000011.138251	-00000005.193852	000000000.085800
000000016.367519	-00000007.632299	000000000.126082
000000011.444157	-00000005.336498	000000000.264503
000000016.473063	-00000007.681515	000000000.380733
000000005.778201	-00000002.725176	-00000000.133822
000000006.747071	-00000003.182125	-00000000.052080
000000007.193429	-00000003.431090	000000000.055641
000000007.291290	-00000003.477767	000000000.169215
000000005.610119	-00000002.706000	-00000000.130471
000000006.628978	-00000003.197439	-00000000.051382
000000007.217140	-00000003.520034	000000000.056060
000000007.251677	-00000003.536879	000000000.169005
000000005.927029	-00000002.922887	-00000000.138429
000000006.798130	-00000003.352467	-00000000.052918
000000007.016115	-00000003.498106	000000000.054733
000000011.848642	-00000005.907515	000000000.092432
000000015.786257	-00000007.870738	000000000.123149
000000011.774754	-00000005.870676	000000000.275602
000000016.257391	-00000008.105637	000000000.380524
000000005.776307	-00000002.911498	-00000000.135497
000000006.920418	-00000003.488178	-00000000.054105
000000007.003141	-00000003.568278	000000000.054873
000000015.467497	-00000007.881083	000000000.121195
000000010.449214	-00000005.324141	000000000.245655
000000015.669368	-00000007.983942	000000000.368377
000000005.839562	-00000003.007572	-00000000.137592
000000006.783036	-00000003.493493	-00000000.053267
000000006.989475	-00000003.638490	000000000.055012
000000015.140905	-00000007.881856	000000000.119170
000000015.501549	-00000008.069595	000000000.366073
000000005.689222	-00000002.993245	-00000000.134660
000000005.840776	-00000003.072981	-00000000.046076
000000007.204677	-00000003.830795	000000000.056967
000000014.983254	-00000007.966738	000000000.118472
000000010.822563	-00000005.754459	000000000.256754
000000015.165713	-00000008.063753	000000000.359791
000000005.733341	-00000003.080635	-00000000.136335
000000006.738650	-00000003.620807	-00000000.053407
000000007.118246	-00000003.864892	000000000.056548
000000014.649525	-00000007.954043	000000000.116378
000000014.980545	-00000008.133772	000000000.357068
000000005.811424	-00000003.188256	-00000000.138848
000000006.662961	-00000003.655426	-00000000.053058
000000007.276659	-00000004.033517	000000000.058084
000000010.880004	-00000006.030884	000000000.086847
000000014.430874	-00000007.999164	000000000.115191
000000010.895371	-00000006.039403	000000000.260943
000000014.532992	-00000008.055769	000000000.348063
000000005.757211	-00000003.224193	-00000000.138220
000000006.543561	-00000003.664570	-00000000.052359
000000013.847021	-00000007.834268	000000000.111072
000000014.296808	-00000008.088745	000000000.344084
000000005.642055	-00000003.224700	-00000000.136126
000000006.389788	-00000003.652065	-00000000.051382
000000007.335057	-00000004.234897	000000000.059131
000000013.501007	-00000007.794810	000000000.108838
000000013.827393	-00000007.983249	000000000.334450
000000005.665518	-00000003.304033	-00000000.137382
000000006.513161	-00000003.798363	-00000000.052639
000000006.651615	-00000003.918101	000000000.053895
000000013.561712	-00000007.988459	000000000.109885
000000013.619370	-00000008.022422	000000000.331100
000000005.120939	-00000003.046638	-00000000.124817
000000006.393828	-00000003.803928	-00000000.051941
000000013.363444	-00000007.950414	-00000000.108559
000000006.634313	-00000003.986297	000000000.054035
000000012.985767	-00000007.802637	000000000.105766
000000013.548843	-00000008.140966	000000000.331100
000000005.436047	-00000003.298674	-00000000.133194
000000006.445879	-00000003.911455	-00000000.052639
000000006.377593	-00000003.908194	000000000.052220
000000012.422665	-00000007.612618	000000000.101717
000000012.769748	-00000007.825312	000000000.313717
000000005.237021	-00000003.240767	-00000000.129005
000000005.637698	-00000003.488713	-00000000.046286
000000012.270284	-00000007.593082	-00000000.100740
000000006.445008	-00000004.027288	000000000.053058
000000012.025029	-00000007.514072	000000000.098994
000000012.353351	-00000007.719230	000000000.305131
000000005.115531	-00000003.227660	-00000000.126702
000000005.581667	-00000003.521770	-00000000.046076
000000011.611560	-00000007.326348	-00000000.095853
000000012.043336	-00000007.672451	000000000.099692
000000012.133741	-00000007.730046	000000000.301361
000000004.792871	-00000003.082878	-00000000.119372
000000005.584363	-00000003.591983	-00000000.046356
000000011.631286	-00000007.481494	-00000000.096551
000000011.724328	-00000007.613868	000000000.097598
000000012.007129	-00000007.797520	000000000.299895
000000004.815952	-00000003.157476	-00000000.120628
000000005.494267	-00000003.602199	-00000000.045867
000000011.348126	-00000007.440157	-00000000.094736
000000011.657439	-00000007.715891	000000000.097598
000000011.780223	-00000007.797159	000000000.295916
000000004.705086	-00000003.143838	-00000000.118534
000000005.820146	-00000003.888897	-00000000.048869
000000011.266139	-00000007.527793	-00000000.094596
000000006.259081	-00000004.221804	000000000.052709
000000011.498471	-00000007.755816	000000000.096830
000000011.686867	-00000007.882891	000000000.295288
000000004.760113	-00000003.241045	-00000000.120628
000000005.025543	-00000003.421771	-00000000.042446
000000011.109096	-00000007.563914	-00000000.093828
000000011.141915	-00000007.657626	000000000.094387
000000011.337489	-00000007.792041	000000000.288168
000000004.657716	-00000003.231173	-00000000.118744
000000005.521333	-00000003.830285	-00000000.046914
000000011.059098	-00000007.671969	-00000000.093968
000000011.033710	-00000007.725886	000000000.094038
000000011.334578	-00000007.936557	000000000.289843
000000004.319087	-00000003.052428	-00000000.110785
000000005.267210	-00000003.722496	-00000000.045029
000000010.681411	-00000007.548875	-00000000.091315
000000010.656512	-00000007.601216	000000000.091385
000000010.874198	-00000007.756490	000000000.279791
000000004.308513	-00000003.101685	-00000000.111204
000000005.193947	-00000003.739107	-00000000.044680
000000010.566436	-00000007.606746	-00000000.090896
000000010.411795	-00000007.564612	000000000.089849
000000010.798009	-00000007.845212	000000000.279581
000000004.071652	-00000002.985459	-00000000.105759
000000004.193409	-00000003.074735	-00000000.036303
000000010.297155	-00000007.619494	000000000.089430
000000010.471957	-00000007.748841	000000000.272880
000000004.005391	-00000002.990967	-00000000.104712
000000004.166418	-00000003.111212	-00000000.036303
000000009.911268	-00000007.401095	-00000000.086358
000000010.182355	-00000007.672955	000000000.089011
000000010.284169	-00000007.749678	000000000.269738
000000003.923429	-00000002.983445	-00000000.103246
000000004.943052	-00000003.758784	-00000000.043354
000000004.942471	-00000003.792491	000000000.043493
000000010.051542	-00000007.712820	000000000.088453
000000010.263741	-00000007.875645	000000000.270995
000000003.881434	-00000003.005327	-00000000.102827
000000004.111485	-00000003.183452	-00000000.036303
000000005.074666	-00000003.964763	000000000.044959
000000010.165091	-00000007.941839	000000000.090058
000000005.050041	-00000003.945524	000000000.134241
000000010.202501	-00000007.971067	000000000.271204
000000003.635220	-00000002.865776	-00000000.096963
000000004.883600	-00000003.849920	-00000000.130262
000000004.939523	-00000003.894006	-00000000.043912
000000004.930311	-00000003.921747	000000000.043982
000000009.680627	-00000007.700318	000000000.086358
000000009.803929	-00000007.798398	000000000.262409
000000003.805002	-00000003.053837	-00000000.102199
000000004.304857	-00000003.455013	-00000000.038537
000000009.334990	-00000007.492122	-00000000.083566
000000004.849272	-00000003.926863	000000000.043563
000000009.644146	-00000007.809676	000000000.086637
000000009.766582	-00000007.908822	000000000.263246
000000003.801434	-00000003.105902	-00000000.102827
000000003.995769	-00000003.264680	-00000000.036023
000000009.483035	-00000007.817211	000000000.085800
000000009.388612	-00000007.739374	000000000.254869
000000003.797246	-00000003.158136	-00000000.103456
000000003.928686	-00000003.267454	-00000000.035674
000000009.102865	-00000007.570774	-00000000.082658
000000009.460419	-00000007.938234	000000000.086219
000000009.251787	-00000007.763171	000000000.252984
000000003.555883	-00000003.010277	-00000000.097592
000000003.999240	-00000003.385607	-00000000.036582
000000009.215896	-00000007.871119	000000000.084613
000000009.609424	-00000008.207223	000000000.264712
000000003.696106	-00000003.184769	-00000000.102199
000000003.939242	-00000003.394268	-00000000.036303
000000004.814930	-00000004.185555	000000000.044540
000000009.048747	-00000007.865956	000000000.083705
000000009.046983	-00000007.864422	000000000.251100
000000003.367504	-00000002.953221	-00000000.093822
000000003.856844	-00000003.382362	-00000000.035814
000000004.883072	-00000004.320178	000000000.045518
000000009.000474	-00000007.962946	000000000.251728
000000003.356522	-00000002.995810	-00000000.094241
000000003.700354	-00000003.302693	-00000000.034627
000000005.380237	-00000004.844388	000000000.050544
000000005.431197	-00000004.890272	000000000.153089
000000003.256246	-00000002.957765	-00000000.092147
000000003.582569	-00000003.254176	-00000000.033789
000000005.293522	-00000004.850619	000000000.050125
000000005.395687	-00000004.944236	000000000.153299
000000003.208286	-00000002.965708	-00000000.091518
000000003.282341	-00000003.034165	-00000000.031206
000000005.433854	-00000005.023003	-00000000.051661
000000005.389946	-00000005.026206	000000000.051452
000000005.403518	-00000005.038862	000000000.154764
000000003.080333	-00000002.897688	-00000000.088586
000000003.357708	-00000003.158617	-00000000.032184
000000005.382530	-00000005.063379	-00000000.051592
000000005.403907	-00000005.128117	000000000.052010
000000008.182023	-00000007.764450	000000000.078749
000000005.359341	-00000005.085824	000000000.154764
000000008.550288	-00000008.113920	000000000.246911
000000003.083818	-00000002.952113	-00000000.089424
000000003.322793	-00000003.180882	-00000000.032114
000000007.989151	-00000007.647948	-00000000.077213
000000007.783067	-00000007.516020	000000000.075537
000000007.889427	-00000007.618731	000000000.229738
000000002.957678	-00000002.881243	-00000000.086492
000000003.244769	-00000003.160914	-00000000.031625
000000007.993735	-00000007.787152	-00000000.077911
000000005.727262	-00000005.628164	000000000.056060
000000007.674388	-00000007.541600	000000000.075118
000000008.164927	-00000008.023651	000000000.239791
000000003.017626	-00000002.991406	-00000000.089005
000000003.138943	-00000003.111669	-00000000.030857
000000003.316250	-00000003.316250	000000000.032742
000000007.622425	-00000007.622425	000000000.075258
000000005.676822	-00000005.676822	000000000.168168
000000007.691635	-00000007.691635	000000000.227854
000000003.019561	-00000003.046027	-00000000.089843
000000003.104629	-00000003.131841	-00000000.030787
000000003.175042	-00000003.230946	000000000.031625
000000007.639725	-00000007.774240	000000000.076096
000000007.624220	-00000007.758463	000000000.227854
000000002.985888	-00000003.065100	-00000000.089634
000000003.146958	-00000003.230443	-00000000.031485
000000007.473154	-00000007.671407	-00000000.074769
000000003.139779	-00000003.251337	000000000.031555
000000007.627163	-00000007.898158	000000000.076654
000000005.681059	-00000005.882909	000000000.171309
000000007.577061	-00000007.846276	000000000.228482
000000003.090385	-00000003.228259	-00000000.093613
000000003.077158	-00000003.214441	-00000000.031067
000000007.419754	-00000007.750776	-00000000.074909
000000002.980503	-00000003.140795	000000000.030229
000000007.468465	-00000007.870121	000000000.075747
000000007.528947	-00000007.933855	000000000.229110
000000003.075797	-00000003.269668	-00000000.094031
000000003.364166	-00000003.576214	-00000000.034278
000000007.564236	-00000008.041019	-00000000.077073
000000003.143936	-00000003.371459	000000000.032184
000000007.406322	-00000007.942307	000000000.075816
000000006.682118	-00000007.165695	000000000.205236
000000002.972495	-00000003.215627	-00000000.091728
000000003.047741	-00000003.297028	-00000000.031346
000000007.466626	-00000008.077351	-00000000.076794
000000007.384021	-00000008.058245	000000000.076305
000000007.585214	-00000008.277808	000000000.235183
000000003.024987	-00000003.330251	-00000000.094241
000000003.139877	-00000003.456734	-00000000.032602
000000007.308449	-00000008.045975	-00000000.075886
000000005.807912	-00000006.450340	000000000.060597
000000007.259891	-00000008.062925	000000000.075747
000000005.826849	-00000006.471372	000000000.182408
000000007.432410	-00000008.254528	000000000.232670
000000002.556425	-00000002.864232	-00000000.080419
000000002.829928	-00000003.170666	-00000000.029670
000000007.198006	-00000008.064684	-00000000.075467
000000007.050106	-00000007.968695	000000000.074281
000000007.181226	-00000008.116899	000000000.227016
000000002.702725	-00000003.081867	-00000000.085864
000000002.914237	-00000003.323051	-00000000.030857
000000007.199881	-00000008.209890	-00000000.076235
000000006.999979	-00000008.052555	000000000.074490
000000007.083884	-00000008.149076	000000000.226178
000000002.571309	-00000002.984151	-00000000.082513
000000002.754579	-00000003.196846	-00000000.029461
000000006.919085	-00000008.029993	-00000000.074001
000000006.968408	-00000008.158957	000000000.074909
000000007.012501	-00000008.210584	000000000.226178
000000002.654987	-00000003.136198	-00000000.086073
000000002.836415	-00000003.350509	-00000000.030648
000000006.952125	-00000008.212181	-00000000.075118
000000006.941937	-00000008.273079	000000000.075398
000000006.876319	-00000008.194878	000000000.224084
000000007.009411	-00000008.503096	000000000.076933
000000007.027123	-00000008.524582	000000000.231414
000000006.922356	-00000008.548397	000000000.076794
000000006.707084	-00000008.282559	000000000.223246
000000006.324594	-00000007.951105	000000000.070930
000000005.956158	-00000007.487917	000000000.200419
000000006.441614	-00000008.098218	000000000.216754
000000007.026649	-00000008.833708	000000000.236440
000000006.088744	-00000007.793237	000000000.069045
000000006.579978	-00000008.421988	000000000.223874
000000002.562823	-00000003.339936	000000000.029391
000000006.117903	-00000007.973007	000000000.070162
000000006.183660	-00000008.058702	000000000.212775
000000002.533580	-00000003.362174	000000000.029391
000000006.276778	-00000008.329566	000000000.072815
000000006.095049	-00000008.088404	000000000.212147
000000006.007564	-00000008.118756	000000000.070511
000000005.887454	-00000007.956437	000000000.207330
000000002.644969	-00000003.640488	000000000.031416
000000005.560313	-00000007.653114	000000000.066043
000000002.856010	-00000003.930960	000000000.101780
000000005.676760	-00000007.813390	000000000.202304
000000002.723431	-00000003.818109	000000000.032742
000000005.342337	-00000007.489680	000000000.064228
000000005.480633	-00000007.683565	000000000.197696
000000002.712950	-00000003.874495	000000000.033021
000000004.823660	-00000006.888901	000000000.058712
000000005.362809	-00000007.658885	000000000.065275
000000005.453516	-00000007.788428	000000000.199162
000000005.063548	-00000007.367508	000000000.062412
000000005.175818	-00000007.530862	000000000.191414
000000002.712019	-00000004.020734	000000000.033859
000000005.038206	-00000007.469447	000000000.062901
000000005.193763	-00000007.700070	000000000.194555
000000005.154966	-00000007.788304	000000000.065205
000000005.104298	-00000007.711752	000000000.193717
000000005.032342	-00000007.749127	000000000.064507
000000005.227388	-00000008.049472	000000000.201047
000000004.900053	-00000007.691543	000000000.063669
000000005.151573	-00000008.086350	000000000.200838
000000005.087101	-00000008.141064	000000000.067020
000000005.123196	-00000008.198827	000000000.202513
000000004.749396	-00000007.750310	000000000.063460
000000004.915633	-00000008.021585	000000000.197068
000000004.789738	-00000007.971462	000000000.064926
000000004.871192	-00000008.107024	000000000.198115
000000004.613411	-00000007.832018	000000000.063460
000000004.830706	-00000008.200911	000000000.199372
000000004.649887	-00000008.053840	000000000.064926
000000004.813944	-00000008.337996	000000000.201676
