000000002.584866	000000002.999884	-00000000.027646
000000002.670286	000000003.044877	-00000000.028274
000000002.509823	000000002.812019	-00000000.078953
000000002.743366	000000003.073681	-00000000.028763
000000002.628378	000000002.893618	-00000000.081885
000000002.810425	000000003.094036	-00000000.029182
000000002.816405	000000003.046770	-00000000.086911
000000002.905196	000000003.142824	-00000000.029880
000000002.760682	000000002.934691	-00000000.084398
000000002.918808	000000003.102785	-00000000.029740
000000002.862236	000000002.989931	-00000000.086702
000000002.966519	000000003.098866	-00000000.029950
000000003.020770	000000003.100907	-00000000.090681
000000003.160914	000000003.244769	-00000000.031625
000000003.167372	000000003.195133	-00000000.094241
000000003.315829	000000003.344892	-00000000.032882
000000003.180933	000000003.153294	-00000000.093822
000000003.415908	000000003.386228	-00000000.033580
000000003.201167	000000003.118439	-00000000.093613
000000003.359374	000000003.272557	-00000000.032742
000000003.213814	000000003.076558	-00000000.093194
000000003.467263	000000003.319182	-00000000.033510
000000003.313361	000000003.116899	-00000000.095288
000000003.379559	000000003.179172	-00000000.032393
000000003.267018	000000003.020001	-00000000.093194
000000003.480604	000000003.217437	-00000000.033091
000000003.352453	000000003.045154	-00000000.094869
000000003.604774	000000003.274347	-00000000.033999
000000003.408735	000000003.042412	-00000000.095707
000000003.707815	000000003.309351	-00000000.034697
000000003.532872	000000003.098246	-00000000.098429
000000003.736553	000000003.276869	-00000000.034697
000000003.499182	000000003.015089	-00000000.096754
000000003.613497	000000003.113588	-00000000.033301
000000003.510099	000000002.971519	-00000000.096335
000000003.739748	000000003.165931	-00000000.034208
000000003.466716	000000002.883238	-00000000.094450
000000003.744168	000000003.113992	-00000000.033999
000000003.592394	000000002.935109	-00000000.097173
000000003.809919	000000003.112834	-00000000.034348
000000003.680247	000000002.953711	-00000000.098848
000000003.766750	000000003.023137	-00000000.033719
000000003.713734	000000002.927672	-00000000.099058
000000003.910783	000000003.083013	-00000000.034767
000000003.826098	000000002.962482	-00000000.101361
000000003.992885	000000003.091622	-00000000.035255
000000003.883638	000000002.953187	-00000000.102199
000000004.035632	000000003.068766	-00000000.035395
000000003.821142	000000002.853382	-00000000.099895
000000004.086295	000000003.051381	-00000000.035604
000000003.805583	000000002.790369	-00000000.098848
000000004.120831	000000003.021519	-00000000.035674
000000003.870359	000000002.786260	-00000000.099895
000000004.163273	000000002.997128	-00000000.035814
000000004.008831	000000002.833161	-00000000.102827
000000004.238266	000000002.995311	-00000000.036233
000000003.959470	000000002.746782	-00000000.100942
000000004.313541	000000002.992410	-00000000.036652
000000004.098986	000000002.790900	-00000000.103874
000000004.389084	000000002.988421	-00000000.037070
000000004.617627	000000003.114629	000000000.038886
000000004.732766	000000003.192291	000000000.119581
000000004.189688	000000002.799460	-00000000.105550
000000004.506455	000000003.011117	-00000000.037838
000000004.677986	000000003.096291	000000000.039165
000000004.197236	000000002.751828	-00000000.105131
000000004.482385	000000002.938780	-00000000.037420
000000004.704827	000000003.055351	000000000.039165
000000005.433393	000000003.528487	000000000.135707
000000004.221090	000000002.715096	-00000000.105131
000000004.591961	000000002.953649	-00000000.038118
000000004.706009	000000002.998059	000000000.038955
000000005.430250	000000003.459451	000000000.134869
000000004.286900	000000002.704832	-00000000.106178
000000004.524533	000000002.854768	-00000000.037350
000000004.765914	000000002.978074	000000000.039235
000000005.163480	000000003.226501	000000000.127539
000000004.293337	000000002.656798	-00000000.105759
000000004.532267	000000002.804652	-00000000.037210
000000004.791721	000000002.936370	000000000.039235
000000005.378979	000000003.296243	000000000.132147
000000004.359094	000000002.645163	-00000000.106806
000000004.573667	000000002.775369	-00000000.037350
000000004.997163	000000003.002599	000000000.040701
000000005.501807	000000003.305819	000000000.134450
000000004.382011	000000002.607023	-00000000.106806
000000004.623494	000000002.750690	-00000000.037559
000000005.040408	000000002.969027	000000000.040840
000000005.539060	000000003.262756	000000000.134660
000000004.482323	000000002.614013	-00000000.108691
000000004.630045	000000002.700163	-00000000.037420
000000005.126746	000000002.959928	000000000.041329
000000005.688539	000000003.284280	000000000.137592
000000004.513644	000000002.579760	-00000000.108901
000000004.740250	000000002.709276	-00000000.038118
000000005.517921	000000003.121889	000000000.044261
000000005.664773	000000003.204974	000000000.136335
000000004.535984	000000002.540273	-00000000.108901
000000004.833510	000000002.706896	-00000000.038676
000000005.544954	000000003.073618	000000000.044261
000000005.762480	000000003.194195	000000000.138011
000000004.628102	000000002.539064	-00000000.110576
000000004.918317	000000002.698281	-00000000.039165
000000005.536413	000000003.006027	000000000.043982
000000005.746203	000000003.119934	000000000.136963
000000004.808609	000000002.583759	-00000000.114346
000000005.135468	000000002.759386	-00000000.040701
000000005.721361	000000003.042102	000000000.045239
000000006.055692	000000003.219869	000000000.143665
000000004.928300	000000002.592904	-00000000.116649
000000005.212450	000000002.742403	-00000000.041120
000000005.845259	000000003.042849	000000000.046007
000000006.145637	000000003.199216	000000000.145131
000000005.004069	000000002.577265	-00000000.117906
000000005.253963	000000002.705969	-00000000.041259
000000005.987418	000000003.050742	000000000.046914
000000006.262403	000000003.190853	000000000.147225
000000005.097792	000000002.569499	-00000000.119581
000000005.304166	000000002.673520	-00000000.041469
000000005.933270	000000002.958220	000000000.046286
000000006.146851	000000003.064707	000000000.143874
000000019.728973	000000009.836504	000000000.461780
000000005.191754	000000002.560290	-00000000.121257
000000005.372137	000000002.649245	-00000000.041818
000000005.725178	000000002.792356	000000000.044471
000000006.209305	000000003.028480	000000000.144712
000000021.548353	000000010.509834	000000000.502199
000000005.267929	000000002.540947	-00000000.122513
000000005.566179	000000002.684806	-00000000.043144
000000006.038148	000000002.880049	000000000.046705
000000006.190377	000000002.952658	000000000.143665
000000005.317030	000000002.507674	-00000000.123141
000000005.725061	000000002.700114	-00000000.044191
000000006.135554	000000002.861056	000000000.047263
000000006.243091	000000002.911201	000000000.144293
000000015.802542	000000007.368846	000000000.365236
000000005.538458	000000002.553264	-00000000.127749
000000006.020843	000000002.775646	-00000000.046286
000000006.223984	000000002.836433	000000000.047752
000000015.823840	000000007.211339	000000000.121404
000000015.857146	000000007.226518	000000000.365026
000000005.733726	000000002.582855	-00000000.131728
000000006.163362	000000002.776392	-00000000.047193
000000006.138875	000000002.733204	000000000.046914
000000015.840492	000000007.052641	000000000.121055
000000015.883071	000000007.071599	000000000.364189
000000005.810953	000000002.556880	-00000000.132984
000000006.132437	000000002.698337	-00000000.046774
000000006.327560	000000002.751302	000000000.048171
000000015.947286	000000006.934077	000000000.121404
000000015.971683	000000006.944685	000000000.364817
000000006.099435	000000002.620524	-00000000.139058
000000006.440569	000000002.767087	-00000000.048939
000000006.378943	000000002.707701	000000000.048380
000000015.915142	000000006.755577	000000000.120706
000000015.939647	000000006.765979	000000000.362723
000000006.260371	000000002.625191	-00000000.142199
000000006.685794	000000002.803586	-00000000.050614
000000015.999797	000000006.709272	-00000000.121125
000000016.038158	000000006.643223	000000000.121195
000000015.942664	000000006.603668	000000000.361466
000000006.458856	000000002.642388	-00000000.146178
000000010.817195	000000004.425431	-00000000.244817
000000016.224331	000000006.637549	-00000000.122382
000000017.764410	000000007.177288	000000000.133761
000000020.634586	000000008.336914	000000000.466178
000000026.409674	000000010.670201	000000000.596650
000000009.703931	000000003.871476	-00000000.218848
000000016.207333	000000006.466070	-00000000.121823
000000017.733326	000000006.985343	000000000.133063
000000021.134451	000000008.325082	000000000.475812
000000009.448487	000000003.674316	-00000000.212356
000000016.412260	000000006.382379	-00000000.122940
000000017.784273	000000006.826743	000000000.132993
000000021.327635	000000008.186912	000000000.478534
000000009.723273	000000003.683819	-00000000.217801
000000016.448627	000000006.231828	-00000000.122800
000000017.702673	000000006.618758	000000000.131946
000000021.267159	000000007.951465	000000000.475602
000000009.511174	000000003.508857	-00000000.212356
000000016.483620	000000006.081129	-00000000.122661
000000017.703377	000000006.443502	000000000.131527
000000018.470304	000000006.722641	000000000.411728
000000020.217751	000000007.358659	000000000.450681
000000009.861361	000000003.540590	-00000000.219477
000000016.507826	000000005.926915	-00000000.122451
000000017.664671	000000006.255388	000000000.130829
000000018.895817	000000006.691360	000000000.419895
000000009.589841	000000003.348922	-00000000.212775
000000016.587240	000000005.792523	-00000000.122661
000000017.803680	000000006.130299	000000000.131457
000000018.480833	000000006.363461	000000000.409424
000000020.258020	000000006.975396	000000000.448796
000000009.883782	000000003.355092	-00000000.218639
000000016.608751	000000005.637911	-00000000.122451
000000017.828049	000000005.965182	000000000.131248
000000018.241745	000000006.103602	000000000.402932
000000009.637332	000000003.177915	-00000000.212566
000000014.767462	000000004.869578	-00000000.108559
000000016.552853	000000005.458312	-00000000.121683
000000017.888937	000000005.812468	000000000.131317
000000018.455957	000000005.996705	000000000.406492
000000009.921788	000000003.175989	-00000000.218220
000000016.742710	000000005.359384	-00000000.122731
000000017.900831	000000005.644111	000000000.131038
000000018.440840	000000005.814375	000000000.405026
000000009.691326	000000003.009237	-00000000.212566
000000016.817492	000000005.221970	-00000000.122940
000000017.595579	000000005.379508	000000000.128455
000000020.011068	000000006.117998	000000000.438325
000000022.984526	000000007.027074	000000000.503456
000000025.518177	000000007.801690	000000000.558953
000000009.937411	000000002.990821	-00000000.217382
000000016.871998	000000005.077895	-00000000.123010
000000017.622677	000000005.220075	000000000.128316
000000020.466312	000000006.062398	000000000.447121
000000009.665582	000000002.817260	-00000000.210890
000000014.774808	000000004.306464	-00000000.107442
000000016.963667	000000004.944458	-00000000.123359
000000017.802134	000000005.104680	000000000.129293
000000021.085457	000000006.046157	000000000.459477
000000010.065074	000000002.838645	-00000000.219058
000000016.996546	000000004.793521	-00000000.123289
000000018.520525	000000005.136196	000000000.134180
000000021.002537	000000005.824519	000000000.456545
000000009.472134	000000002.582400	-00000000.205655
000000017.066673	000000004.652909	-00000000.123498
000000018.429415	000000004.938147	000000000.133202
000000009.852036	000000002.593825	-00000000.213403
000000017.154976	000000004.516529	-00000000.123848
000000018.297544	000000004.732067	000000000.131946
000000018.574678	000000004.803739	000000000.401885
000000009.564211	000000002.429000	-00000000.206702
000000016.282682	000000004.135274	-00000000.117285
000000018.270224	000000004.555278	000000000.131457
000000018.431576	000000004.595508	000000000.397906
000000009.983206	000000002.442875	-00000000.215288
000000017.270042	000000004.225952	-00000000.124127
000000018.124533	000000004.351315	000000000.130131
000000018.325153	000000004.399480	000000000.394765
000000009.595414	000000002.259420	-00000000.206492
000000016.001966	000000003.767963	-00000000.114772
000000018.064383	000000004.170491	000000000.129433
000000018.557678	000000004.284378	000000000.398953
000000043.330475	000000010.003629	000000000.931519
000000010.121833	000000002.290337	-00000000.217382
000000017.419189	000000003.941560	-00000000.124685
000000018.061035	000000004.004035	000000000.129153
000000018.672445	000000004.139582	000000000.400628
000000055.909969	000000012.394942	000000001.199582
000000009.594304	000000002.083128	-00000000.205655
000000015.791670	000000003.428708	-00000000.112817
000000017.550642	000000003.810618	-00000000.125383
000000018.114853	000000003.850431	000000000.129293
000000018.649183	000000003.964006	000000000.399372
000000036.740944	000000007.809529	000000000.786807
000000009.954709	000000002.070582	-00000000.212984
000000017.602808	000000003.661389	-00000000.125523
000000018.353542	000000003.734070	000000000.130759
000000018.604689	000000003.785167	000000000.397697
000000048.603405	000000009.888474	000000001.038953
000000009.589976	000000001.907565	-00000000.204817
000000016.123718	000000003.207207	-00000000.114772
000000017.761589	000000003.533000	-00000000.126431
000000018.218555	000000003.541329	000000000.129572
000000018.862736	000000003.666544	000000000.402513
000000026.969198	000000005.242281	000000000.575498
000000009.979506	000000001.894669	-00000000.212775
000000017.821215	000000003.383463	-00000000.126640
000000018.612562	000000003.449635	000000000.132155
000000018.805540	000000003.485401	000000000.400628
000000009.621807	000000001.739906	-00000000.204817
000000014.671689	000000002.653074	-00000000.104091
000000018.017345	000000003.258067	-00000000.127827
000000018.799522	000000003.314863	000000000.133272
000000027.066427	000000004.772542	000000000.575707
000000009.942080	000000001.708362	-00000000.211309
000000018.153500	000000003.119342	-00000000.128595
000000019.015123	000000003.182040	000000000.134599
000000019.287516	000000003.227623	000000000.409634
000000009.581633	000000001.560468	-00000000.203351
000000018.485991	000000003.010635	-00000000.130759
000000019.387848	000000003.070734	000000000.137042
000000032.734688	000000005.184665	000000000.694241
000000075.156471	000000011.903616	000000001.593928
000000009.990143	000000001.537630	-00000000.211728
000000018.610394	000000002.864413	-00000000.131457
000000019.591927	000000002.928033	000000000.138299
000000021.817158	000000003.260596	000000000.154007
000000025.980814	000000003.882859	000000000.183398
000000062.848064	000000009.392706	000000001.331100
000000009.439203	000000001.368619	-00000000.199791
000000018.872192	000000002.736338	-00000000.133133
000000021.042685	000000002.957356	000000000.148352
000000023.330147	000000003.278838	000000000.164478
000000023.394901	000000003.287939	000000000.494869
000000035.077503	000000004.929821	000000000.741990
000000009.866860	000000001.342821	-00000000.208586
000000019.152971	000000002.606605	-00000000.134948
000000021.494001	000000002.829739	000000000.151354
000000023.645384	000000003.112974	000000000.166503
000000023.670509	000000003.116282	000000000.500105
000000009.471570	000000001.204936	-00000000.200000
000000014.790433	000000001.881581	-00000000.104091
000000019.869375	000000002.527704	-00000000.139835
000000021.537727	000000002.644500	000000000.151493
000000025.448263	000000003.124654	000000000.179000
000000009.859008	000000001.166890	-00000000.207958
000000020.198521	000000002.390652	-00000000.141999
000000025.126822	000000002.862840	000000000.176556
000000009.401711	000000001.029655	-00000000.198115
000000014.950243	000000001.637318	-00000000.104998
000000021.192764	000000002.320985	-00000000.148840
000000023.280231	000000002.549600	-00000000.163501
000000026.602812	000000002.796068	000000000.186749
000000028.019482	000000002.944966	000000000.590157
000000064.351341	000000006.763598	000000001.355393
000000009.838080	000000000.990643	-00000000.207121
000000021.998219	000000002.215104	-00000000.154356
000000023.450836	000000002.361375	-00000000.164548
000000026.566477	000000002.558061	000000000.186330
000000031.165094	000000003.000857	000000000.218583
000000046.414196	000000004.469179	000000000.325536
000000046.415096	000000004.469265	000000000.976754
000000009.378426	000000000.861756	-00000000.197278
000000014.697722	000000001.350531	-00000000.103043
000000024.058060	000000002.210625	-00000000.168667
000000030.174004	000000002.639883	000000000.211462
000000032.385498	000000002.833364	000000000.226961
000000032.339348	000000002.829326	000000000.680000
000000009.804054	000000000.814654	-00000000.206073
000000023.647923	000000001.964991	-00000000.165665
000000029.926729	000000002.355285	000000000.209577
000000036.526161	000000002.874671	000000000.255793
000000036.509075	000000002.873327	000000000.767121
000000009.322245	000000000.692762	-00000000.195812
000000014.918499	000000001.108636	-00000000.104440
000000023.434809	000000001.741507	-00000000.164060
000000038.624741	000000002.700905	000000000.270314
000000040.619820	000000002.840415	000000000.284277
000000040.641819	000000002.841953	000000000.853404
000000009.597298	000000000.629040	-00000000.201466
000000040.593151	000000002.482784	000000000.283928
000000044.875046	000000002.744675	000000000.313877
000000044.886257	000000002.745361	000000000.941990
000000009.283007	000000000.527127	-00000000.194765
000000015.165199	000000000.861142	-00000000.106045
000000049.291153	000000002.583240	000000000.344595
000000049.341446	000000002.585876	000000001.034974
000000009.676718	000000000.464806	-00000000.202932
000000058.033298	000000002.533788	000000000.405541
000000057.892136	000000002.527625	000000001.213823
000000009.170911	000000000.360326	-00000000.192251
000000014.338588	000000000.563365	-00000000.100181
000000066.827637	000000002.333673	000000000.466837
000000066.784630	000000002.332171	000000001.399791
000000009.603411	000000000.293411	-00000000.201257
000000084.099121	000000002.202213	000000000.587333
000000009.095840	000000000.198472	-00000000.190576
000000014.956076	000000000.326343	-00000000.104440
000000009.517097	000000000.124586	-00000000.199372
000000008.947951	000000000.039043	-00000000.187435
000000014.929494	000000000.065143	-00000000.104230
000000009.177899	-00000000.040046	-00000000.192251
000000009.197194	-00000000.120398	-00000000.192670
000000014.938355	-00000000.195554	-00000000.104300
000000009.515648	-00000000.207632	-00000000.199372
000000009.193692	-00000000.280893	-00000000.192670
000000014.822721	-00000000.452875	-00000000.103532
000000009.520564	-00000000.374064	-00000000.199581
000000009.227335	-00000000.443221	-00000000.193508
000000015.132184	-00000000.726851	-00000000.105766
000000009.632366	-00000000.546965	-00000000.202094
000000072.229149	-00000004.417724	000000001.515812
000000009.278053	-00000000.608116	-00000000.194765
000000014.957541	-00000000.980369	-00000000.104649
000000009.750968	-00000000.724622	-00000000.204817
000000050.861485	-00000004.002885	000000000.356184
000000050.841599	-00000004.001320	000000001.068273
000000009.266026	-00000000.769947	-00000000.194765
000000015.127496	-00000001.256998	-00000000.105976
000000032.624580	-00000002.854281	000000000.228636
000000046.570969	-00000004.074432	000000000.326374
000000009.806528	-00000000.901093	-00000000.206283
000000031.712551	-00000003.053571	000000000.222423
000000047.251045	-00000004.549758	000000000.994346
000000009.290968	-00000000.935551	-00000000.195602
000000015.600726	-00000001.570911	-00000000.109466
000000031.644915	-00000003.326015	000000000.222144
000000047.169769	-00000004.957743	000000000.993508
000000009.789308	-00000001.072104	-00000000.206283
000000021.063541	-00000002.306833	-00000000.147933
000000024.512833	-00000002.684592	-00000000.172158
000000028.008108	-00000003.191121	000000000.196802
000000031.545137	-00000003.594115	000000000.221655
000000033.651459	-00000003.834099	000000000.236455
000000033.625031	-00000003.831088	000000000.708901
000000009.352654	-00000001.106959	-00000000.197278
000000015.481560	-00000001.832363	-00000000.108838
000000019.364363	-00000002.291923	-00000000.136135
000000021.062468	-00000002.492907	-00000000.148073
000000027.076000	-00000003.324515	000000000.190449
000000046.053963	-00000005.654716	000000000.971938
000000009.848449	-00000001.252881	-00000000.207958
000000018.113569	-00000002.304337	-00000000.127478
000000020.732397	-00000002.637494	-00000000.145908
000000020.948719	-00000002.757951	000000000.147514
000000040.896103	-00000005.384074	000000000.287977
000000040.828655	-00000005.375195	000000000.862618
000000009.381442	-00000001.276758	-00000000.198325
000000016.249804	-00000002.211501	-00000000.114493
000000018.606684	-00000002.614999	000000000.131178
000000020.686195	-00000002.907255	000000000.145839
000000046.849209	-00000006.584227	000000000.990995
000000009.795400	-00000001.420265	-00000000.207330
000000016.002274	-00000002.320219	-00000000.112887
000000018.058990	-00000002.698934	000000000.127478
000000020.857836	-00000003.117224	000000000.147235
000000021.565704	-00000003.223016	000000000.456754
000000009.426901	-00000001.450939	-00000000.199791
000000015.299463	-00000002.354813	-00000000.108070
000000017.244617	-00000002.731279	000000000.121893
000000021.191143	-00000003.356347	000000000.449424
000000051.417652	-00000008.143756	000000001.090472
000000009.877667	-00000001.608680	-00000000.209634
000000015.041458	-00000002.449657	-00000000.106394
000000016.677683	-00000002.790887	000000000.118053
000000020.727177	-00000003.468540	000000000.440210
000000037.825619	-00000006.329838	000000000.803351
000000009.400143	-00000001.615240	-00000000.199791
000000013.797448	-00000002.370835	-00000000.097738
000000016.613302	-00000002.929374	000000000.117774
000000019.922174	-00000003.512817	000000000.141231
000000020.666580	-00000003.644076	000000000.439581
000000010.044852	-00000001.816405	-00000000.213822
000000012.110885	-00000002.190005	-00000000.257801
000000013.116942	-00000002.371930	-00000000.093060
000000015.535049	-00000002.879251	000000000.110304
000000018.061953	-00000003.347585	000000000.128246
000000020.402042	-00000003.781295	000000000.144861
000000020.516029	-00000003.802422	000000000.437068
000000046.546909	-00000008.626960	000000000.991624
000000009.449100	-00000001.793968	-00000000.201466
000000012.643828	-00000002.400506	-00000000.089849
000000014.802577	-00000002.877330	000000000.105277
000000019.239424	-00000003.739765	000000000.136833
000000041.081902	-00000007.985513	000000000.876650
000000009.942982	-00000001.977782	-00000000.212356
000000012.220286	-00000002.430766	-00000000.086987
000000012.278157	-00000002.498019	000000000.087475
000000014.492733	-00000002.948580	000000000.103253
000000017.069872	-00000003.472905	000000000.121614
000000020.152630	-00000004.100099	000000000.430786
000000038.551579	-00000007.843407	000000000.824084
000000009.533812	-00000001.983036	-00000000.203979
000000011.914693	-00000002.478260	-00000000.084962
000000012.226547	-00000002.598833	000000000.087266
000000014.505575	-00000003.083255	000000000.103532
000000016.197729	-00000003.442934	000000000.115610
000000012.351295	-00000002.625349	000000000.264503
000000016.399939	-00000003.485914	000000000.351204
000000009.946032	-00000002.159495	-00000000.213194
000000011.257428	-00000002.444227	-00000000.080424
000000012.086250	-00000002.679457	000000000.086428
000000016.147543	-00000003.579824	000000000.115470
000000012.337675	-00000002.735197	000000000.264712
000000016.671478	-00000003.695978	000000000.357697
000000035.041340	-00000007.768478	000000000.751833
000000009.546507	-00000002.160154	-00000000.205026
000000010.816283	-00000002.447475	-00000000.077422
000000012.111125	-00000002.796073	000000000.086777
000000012.644549	-00000002.919224	000000000.271833
000000009.644073	-00000002.270878	-00000000.207539
000000010.278635	-00000002.420297	-00000000.073722
000000011.979305	-00000002.875977	000000000.086009
000000018.989922	-00000004.559077	000000000.136344
000000012.394998	-00000002.975776	000000000.267016
000000032.761681	-00000007.865384	000000000.705760
000000009.254860	-00000002.264650	-00000000.199581
000000010.024006	-00000002.452858	-00000000.072047
000000011.245454	-00000002.803807	000000000.080913
000000017.804493	-00000004.439159	000000000.128106
000000030.644920	-00000007.640636	000000000.661571
000000009.418859	-00000002.392085	-00000000.203560
000000009.730841	-00000002.471319	-00000000.070092
000000010.717133	-00000002.771639	000000000.077283
000000012.256451	-00000003.169734	000000000.088383
000000029.430971	-00000007.611367	000000000.212230
000000029.793049	-00000007.705007	000000000.644608
000000009.059233	-00000002.385097	-00000000.196230
000000009.592862	-00000002.525590	-00000000.069254
000000011.455601	-00000003.069519	000000000.082798
000000013.464678	-00000003.607849	000000000.097319
000000012.274224	-00000003.288869	000000000.266178
000000028.787933	-00000007.713704	000000000.624294
000000008.575079	-00000002.337835	-00000000.186178
000000009.435390	-00000002.572382	-00000000.068277
000000011.071844	-00000003.070494	000000000.080215
000000011.840421	-00000003.283639	000000000.257382
000000008.342657	-00000002.352873	-00000000.181571
000000008.921743	-00000002.516192	-00000000.064716
000000011.092690	-00000003.180778	000000000.080564
000000011.599884	-00000003.326213	000000000.252775
000000008.158634	-00000002.378025	-00000000.178011
000000008.179426	-00000002.384085	-00000000.059480
000000010.877100	-00000003.170385	-00000000.079098
000000011.275446	-00000003.339939	000000000.082100
000000011.637519	-00000003.447190	000000000.254241
000000007.993968	-00000002.405911	-00000000.174869
000000008.110432	-00000002.440963	-00000000.059131
000000011.351061	-00000003.470367	000000000.082868
000000011.855577	-00000003.624614	000000000.259686
000000016.645615	-00000005.089075	000000000.364608
000000026.502953	-00000008.102766	000000000.580524
000000007.800802	-00000002.422213	-00000000.171100
000000008.451721	-00000002.624329	-00000000.061784
000000010.566926	-00000003.331739	000000000.077352
000000011.632794	-00000003.667806	000000000.255498
000000025.897272	-00000008.165379	000000000.568796
000000007.941239	-00000002.542011	-00000000.174660
000000008.257071	-00000002.643109	-00000000.060528
000000010.185567	-00000003.309491	000000000.074769
000000013.171812	-00000004.279781	000000000.096690
000000024.294165	-00000007.893652	000000000.535079
000000026.319471	-00000008.551715	000000000.579686
000000007.444008	-00000002.454666	-00000000.164189
000000007.720866	-00000002.545960	-00000000.056758
000000009.037304	-00000003.023840	000000000.066531
000000011.104599	-00000003.715547	000000000.081751
000000014.158128	-00000004.737243	000000000.104230
000000023.750298	-00000007.946738	000000000.524608
000000007.214025	-00000002.448832	-00000000.159581
000000007.575256	-00000002.571453	-00000000.055850
000000009.180761	-00000003.161190	000000000.067788
000000011.478316	-00000003.952301	000000000.084753
000000015.534492	-00000005.348955	000000000.114702
000000015.578729	-00000005.364186	000000000.345131
000000023.160124	-00000007.974670	000000000.513089
000000007.088554	-00000002.475434	-00000000.157278
000000007.609172	-00000002.657242	-00000000.056269
000000008.342175	-00000002.954119	000000000.061784
000000009.906920	-00000003.508225	000000000.073373
000000015.458943	-00000005.474299	000000000.114493
000000015.644417	-00000005.539979	000000000.347644
000000021.449816	-00000007.595778	000000000.476649
000000023.315836	-00000008.256571	000000000.518115
000000006.831439	-00000002.452737	-00000000.152042
000000007.378640	-00000002.649203	-00000000.054733
000000008.184524	-00000002.978923	000000000.060807
000000009.810151	-00000003.570603	000000000.072884
000000015.504550	-00000005.643195	000000000.115191
000000008.060795	-00000002.933889	000000000.179686
000000015.510922	-00000005.645514	000000000.345759
000000021.288765	-00000007.748477	000000000.474555
000000006.959853	-00000002.567625	-00000000.155393
000000006.867393	-00000002.533515	-00000000.051103
000000007.924054	-00000002.962682	000000000.059061
000000008.034884	-00000003.004120	000000000.179686
000000006.572559	-00000002.490120	-00000000.147225
000000006.330711	-00000002.398492	-00000000.047263
000000006.693609	-00000002.569436	000000000.050056
000000008.027031	-00000003.081289	000000000.180105
000000006.345582	-00000002.467662	-00000000.142618
000000006.346819	-00000002.468143	-00000000.047542
000000006.466244	-00000002.547121	000000000.048520
000000006.334754	-00000002.495326	000000000.142618
000000008.055649	-00000003.173204	000000000.181361
000000020.743761	-00000008.171185	000000000.467016
000000006.230945	-00000002.485895	-00000000.140524
000000006.278600	-00000002.504907	-00000000.047193
000000006.295425	-00000002.543517	000000000.047403
000000006.609371	-00000002.670359	000000000.149319
000000006.125734	-00000002.506104	-00000000.138639
000000006.275012	-00000002.567175	-00000000.047333
000000006.346898	-00000002.628971	000000000.047961
000000006.632000	-00000002.747064	000000000.150367
000000006.241931	-00000002.617459	-00000000.141780
000000006.261592	-00000002.625703	-00000000.047403
000000006.323714	-00000002.684258	000000000.047961
000000006.377699	-00000002.707173	000000000.145131
000000005.952461	-00000002.557379	-00000000.135707
000000006.201690	-00000002.664456	-00000000.047124
000000006.190005	-00000002.691491	000000000.047124
000000006.509698	-00000002.830498	000000000.148691
000000006.030580	-00000002.653519	-00000000.138011
000000006.150743	-00000002.706392	-00000000.046914
000000006.230228	-00000002.773876	000000000.047612
000000006.366015	-00000002.834332	000000000.145969
000000005.925154	-00000002.669087	-00000000.136126
000000006.099539	-00000002.747642	-00000000.046705
000000006.178486	-00000002.815698	000000000.047403
000000006.422917	-00000002.927092	000000000.147853
000000016.530371	-00000007.533324	000000000.380524
000000005.956112	-00000002.745806	-00000000.137382
000000006.002680	-00000002.767273	-00000000.046146
000000006.208057	-00000002.894865	000000000.047822
000000006.306519	-00000002.940778	000000000.145759
000000017.207010	-00000008.023761	000000000.397697
000000005.705860	-00000002.691058	-00000000.132147
000000005.869771	-00000002.768363	-00000000.045308
000000006.218661	-00000002.966149	000000000.048101
000000006.470117	-00000003.086088	000000000.150157
000000005.348974	-00000002.580039	-00000000.124398
000000005.881416	-00000002.836859	-00000000.045588
000000006.174564	-00000003.011536	000000000.047961
000000006.209305	-00000003.028480	000000000.144712
000000015.788347	-00000007.700492	000000000.367958
000000005.595258	-00000002.759276	-00000000.130681
000000005.766751	-00000002.843847	-00000000.044890
000000006.040660	-00000003.011762	000000000.047124
000000006.334745	-00000003.158388	000000000.148272
000000008.097380	-00000004.037205	000000000.189529
000000015.523706	-00000007.739834	000000000.363351
000000005.285276	-00000002.663998	-00000000.123979
000000005.607771	-00000002.826550	-00000000.043842
000000005.889410	-00000003.000804	000000000.046146
000000006.574186	-00000003.349715	000000000.154555
000000015.170514	-00000007.729763	000000000.356649
000000005.395151	-00000002.778685	-00000000.127120
000000005.493992	-00000002.829592	-00000000.043144
000000005.774300	-00000003.005910	000000000.045448
000000006.677727	-00000003.476205	000000000.157696
000000014.854173	-00000007.732593	000000000.350786
000000005.273370	-00000002.774454	-00000000.124817
000000005.380594	-00000002.830867	-00000000.042446
000000005.730190	-00000003.046796	000000000.045308
000000006.479414	-00000003.445166	000000000.153717
000000014.353580	-00000007.631934	000000000.340524
000000004.861450	-00000002.612152	-00000000.115602
000000005.232364	-00000002.811450	-00000000.041469
000000005.703384	-00000003.096685	000000000.045308
000000005.737417	-00000003.115164	000000000.136754
000000008.346931	-00000004.532014	000000000.198953
000000014.383081	-00000007.809376	000000000.342827
000000004.803409	-00000002.635240	-00000000.114764
000000005.365437	-00000002.943579	-00000000.042725
000000005.649906	-00000003.131794	000000000.045099
000000005.683781	-00000003.150571	000000000.136126
000000013.833449	-00000007.668006	000000000.331309
000000004.841291	-00000002.711253	-00000000.116230
000000004.894583	-00000002.741098	-00000000.039165
000000005.239414	-00000002.964318	000000000.042027
000000005.429828	-00000003.072049	000000000.130681
000000006.822092	-00000003.859754	000000000.164189
000000013.557168	-00000007.670277	000000000.326283
000000004.383442	-00000002.505344	-00000000.105759
000000005.070158	-00000002.897834	-00000000.040771
000000005.170045	-00000002.984927	000000000.041678
000000005.307571	-00000003.064328	000000000.128377
000000013.368500	-00000007.718307	000000000.323351
000000004.629143	-00000002.699636	-00000000.112251
000000004.949657	-00000002.886554	-00000000.040003
000000005.092104	-00000002.999479	000000000.041259
000000005.151412	-00000003.034414	000000000.125236
000000006.813992	-00000004.013748	000000000.165655
000000012.895760	-00000007.596183	000000000.313508
000000004.502302	-00000002.678588	-00000000.109738
000000004.881310	-00000002.904074	-00000000.039654
000000005.142879	-00000003.090153	000000000.041888
000000005.133306	-00000003.084401	000000000.125445
000000006.898684	-00000004.145147	000000000.168586
000000012.820411	-00000007.703280	000000000.313299
000000004.453114	-00000002.702216	-00000000.109110
000000004.590765	-00000002.785744	-00000000.037489
000000004.970771	-00000003.046092	000000000.040701
000000005.174391	-00000003.170871	000000000.127120
000000006.913395	-00000004.236534	000000000.169843
000000004.123304	-00000002.551578	-00000000.101571
000000004.251657	-00000002.631006	-00000000.034906
000000005.156007	-00000003.221831	000000000.042446
000000005.239788	-00000003.274183	000000000.129424
000000007.334007	-00000004.582796	000000000.181152
000000004.134702	-00000002.608803	-00000000.102408
000000004.406135	-00000002.780064	-00000000.036372
000000004.781913	-00000003.046415	000000000.039584
000000005.109831	-00000003.255322	000000000.126911
000000006.846837	-00000004.361916	000000000.170052
000000003.977242	-00000002.558248	-00000000.099058
000000004.238733	-00000002.726445	-00000000.035186
000000004.671281	-00000003.033566	000000000.038886
000000004.770989	-00000003.098316	000000000.119162
000000004.121986	-00000002.702493	-00000000.103246
000000004.256593	-00000002.790745	-00000000.035535
000000004.411149	-00000002.919676	000000000.036931
000000004.568692	-00000003.023951	000000000.114764
000000006.586253	-00000004.359346	000000000.165445
000000011.596807	-00000007.675760	000000000.291309
000000004.139811	-00000002.766133	-00000000.104293
000000004.248706	-00000002.838895	-00000000.035674
000000004.410373	-00000002.974834	000000000.037140
000000004.359781	-00000002.940710	000000000.110157
000000011.819483	-00000007.972342	000000000.298639
000000003.975025	-00000002.706498	-00000000.100733
000000004.240302	-00000002.887119	-00000000.035814
000000004.235905	-00000002.911257	000000000.035884
000000004.350432	-00000002.989969	000000000.110576
000000011.279813	-00000007.752400	000000000.286702
000000004.000543	-00000002.775275	-00000000.101990
000000004.198514	-00000002.912612	-00000000.035674
000000004.251296	-00000002.976789	000000000.036233
000000004.291415	-00000003.004881	000000000.109738
000000003.861867	-00000002.729298	-00000000.099058
000000004.017778	-00000002.839485	-00000000.034348
000000004.127465	-00000002.944092	000000000.035395
000000004.378981	-00000003.123497	000000000.112670
000000004.024524	-00000002.897243	-00000000.103874
000000003.944154	-00000002.839384	-00000000.033929
000000004.222966	-00000003.068164	000000000.036442
000000004.416264	-00000003.208604	000000000.114346
000000010.895069	-00000007.915731	000000000.282094
000000003.805583	-00000002.790369	-00000000.098848
000000003.830518	-00000002.808652	-00000000.033161
000000003.954880	-00000002.926457	000000000.034348
000000004.267544	-00000003.157816	000000000.111204
000000010.391590	-00000007.689372	000000000.270785
000000003.604851	-00000002.691870	-00000000.094241
000000003.773813	-00000002.818040	-00000000.032882
000000004.040997	-00000003.045110	000000000.035325
000000004.415486	-00000003.327307	000000000.115812
000000010.579599	-00000007.972300	000000000.277487
000000003.541432	-00000002.692967	-00000000.093194
000000003.741118	-00000002.844812	-00000000.032812
000000003.942870	-00000003.025470	000000000.034697
000000004.640099	-00000003.560473	000000000.122513
000000010.255809	-00000007.869559	000000000.270785
000000003.533607	-00000002.736011	-00000000.093613
000000003.747777	-00000002.901839	-00000000.033091
000000003.947838	-00000003.084389	000000000.034976
000000004.230690	-00000003.305377	000000000.112461
000000009.769190	-00000007.632528	000000000.259686
000000003.478191	-00000002.741985	-00000000.092775
000000003.596664	-00000002.835381	-00000000.031974
000000003.905119	-00000003.106272	000000000.034836
000000004.538132	-00000003.609793	000000000.121466
000000009.694388	-00000007.711265	000000000.259477
000000003.477522	-00000002.791007	-00000000.093403
000000003.524992	-00000002.829105	-00000000.031555
000000003.963348	-00000003.209456	000000000.035604
000000009.216726	-00000007.463558	000000000.082798
000000004.218977	-00000003.416460	000000000.113717
000000009.626727	-00000007.795570	000000000.259477
000000003.290447	-00000002.688408	-00000000.089005
000000003.562119	-00000002.910373	-00000000.032114
000000003.549387	-00000002.925889	000000000.032114
000000004.080999	-00000003.364116	000000000.110785
000000009.095459	-00000007.497717	000000000.246911
000000003.389849	-00000002.819307	-00000000.092356
000000003.505833	-00000002.915771	-00000000.031835
000000003.424135	-00000002.873190	000000000.031206
000000003.676207	-00000003.084704	000000000.100524
000000009.144565	-00000007.673201	000000000.250052
000000003.372748	-00000002.855242	-00000000.092565
000000003.335244	-00000002.823493	-00000000.030508
000000003.490178	-00000002.980894	000000000.032044
000000004.029268	-00000003.441320	000000000.110995
000000005.260855	-00000004.493195	000000000.144922
000000008.917605	-00000007.616354	000000000.245655
000000003.128057	-00000002.695307	-00000000.086492
000000003.090790	-00000002.663195	-00000000.028484
000000003.486673	-00000003.030919	000000000.032253
000000004.225447	-00000003.673125	000000000.117278
000000008.873438	-00000007.713562	000000000.246283
000000003.089384	-00000002.709317	-00000000.086073
000000003.360642	-00000002.947204	-00000000.031206
000000003.347750	-00000002.961839	000000000.031206
000000004.035986	-00000003.570739	000000000.112880
000000008.626078	-00000007.631709	000000000.241257
000000003.028329	-00000002.702887	-00000000.085026
000000003.103523	-00000002.770000	-00000000.029042
000000003.232601	-00000002.910647	000000000.030368
000000006.138227	-00000005.526884	000000000.057665
000000003.283980	-00000002.956909	000000000.092565
000000006.122170	-00000005.512427	000000000.172566
000000008.522002	-00000007.673245	000000000.240210
000000002.930621	-00000002.661989	-00000000.082932
000000003.108840	-00000002.823872	-00000000.029321
000000003.177588	-00000002.911723	000000000.030089
000000003.412846	-00000003.127297	000000000.096963
000000008.860130	-00000008.118814	000000000.251728
000000003.017404	-00000002.789259	-00000000.086073
000000003.069393	-00000002.837318	-00000000.029182
000000003.181311	-00000002.966620	000000000.030368
000000003.458544	-00000003.225145	000000000.099058
000000008.203989	-00000007.650343	000000000.234974
000000002.971102	-00000002.794934	-00000000.085445
000000003.102785	-00000002.918808	-00000000.029740
000000003.169809	-00000003.008036	000000000.030508
000000003.241712	-00000003.076270	000000000.093613
000000002.924932	-00000002.800014	-00000000.084817
000000003.048301	-00000002.918114	-00000000.029461
000000003.186598	-00000003.077261	000000000.030927
000000003.185976	-00000003.076662	000000000.092775
000000002.721350	-00000002.651022	-00000000.079581
000000002.915278	-00000002.839938	-00000000.028414
000000003.038373	-00000002.985801	000000000.029740
000000003.123352	-00000003.069309	000000000.091728
000000002.868520	-00000002.843596	-00000000.084607
000000002.890384	-00000002.865270	-00000000.028414
000000002.941492	-00000002.941492	000000000.029042
000000003.011614	-00000003.011614	000000000.089215
000000007.726982	-00000007.726982	000000000.228901
000000002.801364	-00000002.825918	-00000000.083351
000000002.886390	-00000002.911689	-00000000.028623
000000002.936738	-00000002.988447	000000000.029251
000000003.069309	-00000003.123352	000000000.091728
000000002.839384	-00000002.914710	-00000000.085236
000000002.874827	-00000002.951092	-00000000.028763
000000002.889708	-00000002.992381	000000000.029042
000000002.972486	-00000003.078099	000000000.089634
000000002.634087	-00000002.751603	-00000000.079791
000000002.537791	-00000002.651011	-00000000.025621
000000002.767118	-00000002.915934	000000000.028065
000000002.849163	-00000003.002391	000000000.086702
000000002.705879	-00000002.876434	-00000000.082723
000000002.726962	-00000002.898846	-00000000.027785
000000002.816585	-00000003.020417	000000000.028833
000000002.836491	-00000003.041764	000000000.087120
000000002.456720	-00000002.657664	-00000000.075812
000000002.497926	-00000002.702241	-00000000.025691
000000002.736074	-00000002.985901	000000000.028274
000000002.789576	-00000003.044288	000000000.086492
000000002.480489	-00000002.730806	-00000000.077278
000000002.514591	-00000002.768348	-00000000.026110
000000002.877192	-00000003.195445	000000000.030019
000000002.736144	-00000003.038796	000000000.085654
000000002.669600	-00000002.991034	-00000000.083979
000000002.670120	-00000002.991617	-00000000.027995
000000002.743180	-00000003.100601	000000000.028902
000000002.855266	-00000003.227291	000000000.090262
000000002.570885	-00000002.931532	-00000000.081675
000000002.545013	-00000002.902031	-00000000.026948
000000002.801304	-00000003.222531	000000000.029810
000000002.807317	-00000003.229449	000000000.089634
000000004.033878	-00000004.640446	000000000.128796
000000006.867432	-00000007.900076	000000000.219267
000000002.473417	-00000002.870542	-00000000.079372
000000002.578338	-00000002.992309	-00000000.027576
000000002.643189	-00000003.094777	000000000.028414
000000002.694618	-00000003.154993	000000000.086911
000000002.312617	-00000002.731773	-00000000.074974
000000002.422906	-00000002.862052	-00000000.026180
000000002.673931	-00000003.186667	000000000.029042
000000002.564160	-00000003.055847	000000000.083560
000000002.378875	-00000002.885806	000000000.026110
000000002.632786	-00000003.193825	000000000.086702
000000002.460583	-00000003.038567	000000000.027297
000000002.378309	-00000002.936967	000000000.079162
000000002.440198	-00000003.067749	000000000.027367
000000002.165876	-00000002.722879	000000000.072880
000000003.093219	-00000003.888709	000000000.104084
000000002.345613	-00000003.002248	000000000.026599
000000002.351311	-00000003.009541	000000000.080000
000000002.075826	-00000002.705269	000000000.023806
000000003.019383	-00000003.934937	000000000.034627
000000002.142370	-00000002.791991	000000000.073717
000000003.055312	-00000003.981760	000000000.105131
000000002.244715	-00000002.978838	000000000.026040
000000002.274362	-00000003.018180	000000000.079162
000000001.832009	-00000002.475819	000000000.021502
000000002.908612	-00000003.930764	000000000.034138
000000002.087370	-00000002.820919	000000000.073508
000000003.056719	-00000004.130918	000000000.107644
000000001.886745	-00000002.596881	000000000.022410
000000002.874200	-00000003.955997	000000000.034138
000000003.102826	-00000004.270673	000000000.110576
000000001.771101	-00000002.482992	000000000.021293
000000001.898482	-00000002.661574	000000000.068482
000000003.616986	-00000005.070827	000000000.130471
000000005.347101	-00000007.496359	000000000.192880
000000001.818193	-00000002.596649	000000000.022131
000000002.661330	-00000003.800773	000000000.032393
000000001.852246	-00000002.645281	000000000.067644
000000003.641412	-00000005.200475	000000000.132984
000000005.367498	-00000007.665581	000000000.196021
000000001.761480	-00000002.562970	000000000.021712
000000002.645053	-00000003.848576	000000000.032602
000000001.829091	-00000002.661344	000000000.067644
000000005.289074	-00000007.695651	000000000.195602
000000001.968311	-00000002.918141	000000000.024574
000000001.822569	-00000002.702070	000000000.068272
000000003.130793	-00000004.641592	000000000.117278
000000004.964544	-00000007.360239	000000000.185969
000000002.146983	-00000003.243737	000000000.027157
000000005.038080	-00000007.611708	000000000.191204
000000001.851728	-00000002.851411	000000000.023736
000000001.731572	-00000002.666388	000000000.066597
000000005.167491	-00000007.957238	000000000.198744
000000001.697825	-00000002.665052	000000000.022061
000000002.509128	-00000003.938542	000000000.032602
000000002.551613	-00000004.005231	000000000.099476
000000004.963560	-00000007.791228	000000000.193508
000000002.034840	-00000003.256425	000000000.026808
000000002.532459	-00000004.052781	000000000.100105
000000004.932467	-00000007.893597	000000000.194974
000000002.497482	-00000004.075521	000000000.033370
000000004.744171	-00000007.741784	000000000.063390
000000004.905186	-00000008.004536	000000000.196649
000000002.441221	-00000004.062874	000000000.033091
000000003.254961	-00000005.417165	000000000.044122
000000004.918494	-00000008.185748	000000000.066671
000000003.228580	-00000005.373260	000000000.131309
000000004.706416	-00000007.832791	000000000.191414
000000002.892898	-00000004.911166	000000000.039793
000000004.516100	-00000007.666817	000000000.186388
000000001.579962	-00000002.736574	000000000.022061
000000002.634936	-00000004.563843	000000000.036791
000000003.279281	-00000005.679881	000000000.137382
000000004.509011	-00000007.809836	000000000.188901
