000000004.791140	000000005.560391	-00000000.051242
000000005.412431	000000006.064116	-00000000.170262
000000006.405625	000000007.176897	-00000000.067160
000000007.630818	000000008.549609	-00000000.080005
000000007.597560	000000008.364261	-00000000.078888
000000005.089889	000000005.506211	-00000000.157068
000000006.196092	000000006.702894	-00000000.191204
000000006.455238	000000006.983237	-00000000.066392
000000007.846745	000000008.488562	-00000000.080703
000000006.405056	000000006.808775	-00000000.195812
000000007.817747	000000008.310510	-00000000.079656
000000005.233606	000000005.467096	-00000000.158534
000000005.518140	000000005.764324	-00000000.055710
000000008.007526	000000008.364771	-00000000.080843
000000005.385761	000000005.528638	-00000000.161675
000000006.697320	000000006.874991	-00000000.201047
000000008.003462	000000008.215783	-00000000.080075
000000006.039122	000000006.092054	-00000000.179686
000000006.533097	000000006.590360	-00000000.064786
000000006.056552	000000006.003928	-00000000.178639
000000006.824715	000000006.765417	-00000000.067090
000000005.593091	000000005.448548	-00000000.163560
000000005.479577	000000005.337967	-00000000.053407
000000007.241636	000000007.054490	-00000000.070581
000000005.712646	000000005.468668	-00000000.165655
000000006.853730	000000006.561019	-00000000.198744
000000007.209016	000000006.901132	-00000000.069673
000000004.485781	000000004.219801	-00000000.129005
000000005.883946	000000005.535064	-00000000.169215
000000004.632327	000000004.357658	-00000000.044401
000000006.220137	000000005.851320	-00000000.059620
000000006.115565	000000005.653170	-00000000.174450
000000006.432508	000000005.946150	-00000000.061156
000000008.738225	000000008.077532	-00000000.083077
000000004.477338	000000004.066927	-00000000.126702
000000006.223869	000000005.653365	-00000000.176126
000000004.596642	000000004.175296	-00000000.043354
000000007.897935	000000007.173979	-00000000.074490
000000005.855266	000000005.226025	-00000000.164398
000000005.975774	000000005.333582	-00000000.055920
000000007.385788	000000006.592068	-00000000.069114
000000008.907707	000000007.950433	-00000000.083356
000000006.111117	000000005.359306	-00000000.170262
000000006.706248	000000005.881221	-00000000.062273
000000008.660984	000000007.595479	-00000000.080424
000000006.127357	000000005.279668	-00000000.169424
000000006.833070	000000005.887750	-00000000.062971
000000008.575426	000000007.389060	-00000000.079028
000000005.936646	000000005.025742	-00000000.162932
000000006.227825	000000005.272243	-00000000.056967
000000009.089877	000000007.695149	-00000000.083147
000000005.534447	000000004.602951	-00000000.150785
000000005.550902	000000004.616637	-00000000.050405
000000005.535693	000000004.522851	-00000000.149738
000000005.544516	000000004.530060	-00000000.049986
000000005.551559	000000004.455598	-00000000.149110
000000005.576038	000000004.475244	-00000000.049916
000000005.613785	000000004.425551	-00000000.149738
000000005.685556	000000004.482131	-00000000.050544
000000005.668001	000000004.388635	-00000000.150157
000000007.051404	000000005.459781	-00000000.186806
000000007.930423	000000006.140389	-00000000.070022
000000009.780592	000000007.572943	-00000000.086358
000000005.873207	000000004.466090	-00000000.154555
000000008.182701	000000006.222270	-00000000.071767
000000006.456690	000000004.821439	-00000000.168796
000000007.723899	000000005.767709	-00000000.067299
000000009.390466	000000007.012194	-00000000.081820
000000006.643646	000000004.871323	-00000000.172566
000000006.378821	000000004.677145	-00000000.055222
000000007.749743	000000005.682347	-00000000.067090
000000009.265822	000000006.793982	-00000000.080215
000000007.051031	000000005.076016	-00000000.181990
000000006.776478	000000004.878366	-00000000.058294
000000007.888307	000000005.678769	-00000000.067858
000000009.495184	000000006.835555	-00000000.081681
000000007.135881	000000005.043142	-00000000.183037
000000008.100887	000000005.725141	-00000000.069254
000000004.879512	000000003.385038	-00000000.124398
000000007.664285	000000005.316904	-00000000.195393
000000004.962626	000000003.442697	-00000000.042167
000000007.846537	000000005.443336	-00000000.066671
000000009.686981	000000006.720098	-00000000.082309
000000006.396401	000000004.355155	-00000000.162094
000000008.794701	000000005.988099	-00000000.074281
000000006.409225	000000004.282507	-00000000.161466
000000008.055173	000000005.382295	-00000000.202932
000000008.647073	000000005.777790	-00000000.072605
000000009.786160	000000006.538903	-00000000.082169
000000006.028301	000000003.952327	-00000000.150995
000000007.959699	000000005.218607	-00000000.199372
000000009.742496	000000006.387460	-00000000.081332
000000006.146647	000000003.953656	-00000000.153089
000000007.677002	000000004.938014	-00000000.191204
000000006.517893	000000004.192450	-00000000.054105
000000009.915608	000000006.377934	-00000000.082309
000000006.789705	000000004.283985	-00000000.168168
000000009.945517	000000006.275154	-00000000.082100
000000013.008741	000000008.128763	000000000.107093
000000005.602592	000000003.466989	-00000000.138011
000000007.728007	000000004.782236	-00000000.190367
000000005.654705	000000003.499237	-00000000.046425
000000005.601709	000000003.432732	000000000.045867
000000005.660289	000000003.468630	000000000.139058
000000005.521520	000000003.350540	-00000000.135288
000000005.608085	000000003.403069	-00000000.045797
000000005.631452	000000003.383718	000000000.045867
000000005.656064	000000003.398506	000000000.138220
000000005.627878	000000003.348235	-00000000.137173
000000007.664224	000000004.559734	-00000000.186806
000000010.415751	000000006.196721	-00000000.084613
000000007.306446	000000004.260993	-00000000.177173
000000008.223514	000000004.795812	-00000000.066462
000000010.426240	000000006.080404	-00000000.084264
000000010.825054	000000006.249848	000000000.087266
000000007.282591	000000004.162344	-00000000.175707
000000007.900417	000000004.515460	-00000000.063529
000000011.555445	000000006.604481	-00000000.092921
000000007.118006	000000003.986275	-00000000.170890
000000008.497904	000000004.759055	-00000000.067997
000000010.801237	000000006.048984	-00000000.086428
000000008.483604	000000004.702538	000000000.067718
000000008.455718	000000004.687081	000000000.202513
000000012.644227	000000007.008810	000000000.302827
000000007.275236	000000003.991331	-00000000.173822
000000008.223496	000000004.511565	-00000000.065484
000000008.366136	000000004.542441	000000000.066462
000000008.382076	000000004.551096	000000000.199791
000000007.116036	000000003.823584	-00000000.169215
000000008.429918	000000004.529559	-00000000.066811
000000008.458432	000000004.497428	000000000.066880
000000008.439128	000000004.487164	000000000.200210
000000006.556320	000000003.449447	-00000000.155183
000000008.026642	000000004.223021	-00000000.063320
000000006.950590	000000003.579789	-00000000.163770
000000007.183084	000000003.699531	-00000000.056409
000000010.659056	000000005.489774	-00000000.083705
000000008.116871	000000004.135753	000000000.063599
000000016.456490	000000008.385000	000000000.128944
000000011.660718	000000005.941432	000000000.274136
000000006.963708	000000003.509998	-00000000.163351
000000007.224024	000000003.641208	-00000000.056478
000000010.563684	000000005.324535	-00000000.082588
000000006.953471	000000003.466872	000000000.054244
000000006.787838	000000003.347391	-00000000.158534
000000007.165838	000000003.533800	-00000000.055780
000000010.860864	000000005.355985	-00000000.084543
000000006.866619	000000003.349074	000000000.053337
000000013.364741	000000006.518420	000000000.103811
000000015.090385	000000007.360073	000000000.117215
000000006.928182	000000003.379100	000000000.161466
000000026.077284	000000012.718740	000000000.607749
000000006.978880	000000003.366212	-00000000.162304
000000006.926201	000000003.340803	-00000000.053686
000000010.709042	000000005.165428	-00000000.083007
000000006.787276	000000003.237365	000000000.052499
000000007.056669	000000003.365859	000000000.163770
000000026.178257	000000012.486388	000000000.607540
000000006.980862	000000003.292388	-00000000.161675
000000007.307819	000000003.446591	-00000000.056409
000000011.006951	000000005.191215	-00000000.084962
000000012.707285	000000005.993145	-00000000.098087
000000007.078091	000000003.300568	000000000.054524
000000012.688000	000000005.916512	000000000.097738
000000006.882215	000000003.172745	-00000000.158744
000000007.491999	000000003.453859	-00000000.057595
000000010.216362	000000004.709807	-00000000.078539
000000007.033829	000000003.205501	000000000.053965
000000009.900138	000000004.511753	000000000.075956
000000015.423469	000000007.028880	000000000.118332
000000009.925500	000000004.523311	000000000.228482
000000015.475047	000000007.052385	000000000.356231
000000006.891409	000000003.104353	-00000000.158325
000000007.704201	000000003.470490	-00000000.058992
000000010.840587	000000004.883328	-00000000.083007
000000015.036591	000000006.694722	000000000.114912
000000015.508599	000000006.904873	000000000.355602
000000006.954842	000000003.060204	-00000000.159162
000000007.633512	000000003.358826	-00000000.058224
000000011.029235	000000004.852980	-00000000.084124
000000015.488767	000000006.734707	000000000.117913
000000026.405537	000000011.481454	000000000.603142
000000028.725191	000000012.490068	000000000.656126
000000006.871051	000000002.952036	-00000000.156649
000000007.644156	000000003.284189	-00000000.058084
000000011.218167	000000004.819705	-00000000.085241
000000012.629019	000000005.360701	000000000.095783
000000015.464104	000000006.564123	000000000.117285
000000026.467915	000000011.234962	000000000.602304
000000007.016410	000000002.942225	-00000000.159372
000000007.506533	000000003.147751	-00000000.056827
000000010.964703	000000004.597881	-00000000.083007
000000011.132477	000000004.611223	000000000.084124
000000011.148780	000000004.617976	000000000.252775
000000007.078832	000000002.896027	-00000000.160210
000000007.515206	000000003.074552	-00000000.056688
000000011.133981	000000004.555032	-00000000.083985
000000011.098121	000000004.483932	000000000.083566
000000011.086687	000000004.479312	000000000.250471
000000007.187409	000000002.867486	-00000000.162094
000000007.365280	000000002.938449	-00000000.055361
000000011.108292	000000004.431759	-00000000.083496
000000011.257778	000000004.434557	000000000.084473
000000017.649591	000000006.952359	000000000.132435
000000031.571445	000000012.436323	000000000.710786
000000007.202841	000000002.801032	-00000000.161885
000000007.334723	000000002.852318	-00000000.054943
000000014.315291	000000005.566913	-00000000.107232
000000014.395459	000000005.525899	000000000.107651
000000016.299915	000000006.256952	000000000.121893
000000017.961649	000000006.894831	000000000.134319
000000018.032818	000000006.922150	000000000.404608
000000007.245708	000000002.745153	-00000000.162304
000000007.817540	000000002.961801	-00000000.058363
000000016.569328	000000006.195018	000000000.123498
000000017.964935	000000006.716814	000000000.133901
000000024.446548	000000009.140190	000000000.182211
000000036.812511	000000013.763634	000000000.823247
000000007.363187	000000002.716423	-00000000.164398
000000007.908761	000000002.917696	-00000000.058852
000000013.387665	000000004.938970	-00000000.099623
000000016.040161	000000005.838141	000000000.119170
000000034.366421	000000012.508353	000000000.766074
000000007.508937	000000002.695984	-00000000.167121
000000008.244501	000000002.960078	-00000000.061156
000000016.769184	000000005.938280	000000000.124197
000000023.678577	000000008.385024	000000000.175369
000000026.755722	000000009.474698	000000000.594555
000000007.739832	000000002.702870	-00000000.171728
000000008.458832	000000002.953956	-00000000.062552
000000010.050617	000000003.460705	000000000.074211
000000010.010846	000000003.447011	000000000.221780
000000007.990337	000000002.712354	-00000000.176754
000000008.834642	000000002.998957	-00000000.065135
000000013.788290	000000004.613497	000000000.101508
000000018.188404	000000006.085755	000000000.133901
000000013.861451	000000004.637977	000000000.306178
000000008.127642	000000002.680094	-00000000.179267
000000008.936451	000000002.946800	-00000000.065694
000000013.808289	000000004.553291	-00000000.101508
000000015.977360	000000005.191359	000000000.117285
000000017.708242	000000005.753757	000000000.129991
000000018.075619	000000005.873125	000000000.398115
000000008.341158	000000002.670026	-00000000.183456
000000008.952302	000000002.865654	-00000000.065624
000000013.209408	000000004.228365	-00000000.096830
000000015.964832	000000005.033692	000000000.116866
000000017.795925	000000005.611033	000000000.130270
000000018.068974	000000005.697125	000000000.396859
000000008.688776	000000002.697937	-00000000.190576
000000008.833719	000000002.742943	-00000000.064577
000000011.211660	000000003.481313	-00000000.081960
000000012.816055	000000003.979491	-00000000.093689
000000016.046404	000000004.905878	000000000.117146
000000017.987654	000000005.499378	000000000.131317
000000018.156244	000000005.550921	000000000.397697
000000008.779004	000000002.642180	-00000000.192042
000000013.472700	000000004.054822	-00000000.098226
000000015.388681	000000004.558335	000000000.112049
000000018.169191	000000005.381960	000000000.132295
000000023.500099	000000006.961047	000000000.171111
000000018.347784	000000005.434861	000000000.400838
000000023.495518	000000006.959690	000000000.513299
000000009.108874	000000002.654995	-00000000.198744
000000009.638665	000000002.809415	-00000000.070092
000000012.825953	000000003.738425	-00000000.093270
000000015.235620	000000004.440778	-00000000.110793
000000015.168340	000000004.349452	000000000.110164
000000017.013918	000000004.878663	000000000.123568
000000024.194366	000000006.937623	000000000.175718
000000027.063192	000000007.760246	000000000.589739
000000033.636780	000000009.645191	000000000.732985
000000009.401126	000000002.651392	-00000000.204607
000000012.338375	000000003.479782	-00000000.089500
000000014.311360	000000004.036221	-00000000.103811
000000017.489466	000000004.850258	000000000.126710
000000024.302168	000000006.739587	000000000.176067
000000027.630861	000000007.662716	000000000.600629
000000049.519745	000000013.733041	000000001.076440
000000009.645758	000000002.629735	-00000000.209424
000000012.580520	000000003.429843	-00000000.091036
000000015.406141	000000004.128063	000000000.111351
000000018.352144	000000004.917442	000000000.132644
000000024.582214	000000006.586784	000000000.177673
000000026.306049	000000007.048685	000000000.570472
000000009.997062	000000002.632007	-00000000.216545
000000011.875034	000000003.126436	-00000000.085730
000000014.060505	000000003.701822	-00000000.101508
000000024.609713	000000006.364505	000000000.177464
000000028.070124	000000007.259428	000000000.607330
000000010.058411	000000002.554511	-00000000.217382
000000011.737100	000000002.980844	-00000000.084543
000000014.053506	000000003.569136	-00000000.101228
000000014.883974	000000003.710991	000000000.107093
000000025.003912	000000006.234175	000000000.179907
000000031.236671	000000007.788177	000000000.674346
000000010.352236	000000002.533176	-00000000.223246
000000011.869511	000000002.904451	-00000000.085311
000000014.045264	000000003.436854	-00000000.100949
000000018.309278	000000004.395669	000000000.131457
000000018.976498	000000004.555854	000000000.408796
000000010.033340	000000002.362538	-00000000.215916
000000012.381083	000000002.915358	-00000000.088802
000000014.566478	000000003.362936	000000000.104370
000000018.639244	000000004.303209	000000000.133552
000000024.534040	000000005.664130	000000000.175788
000000028.835030	000000006.657091	000000000.619896
000000053.422737	000000012.333611	000000001.148482
000000010.521635	000000002.380803	-00000000.225969
000000014.073847	000000003.184587	-00000000.100740
000000018.031748	000000003.997542	000000000.128944
000000024.660637	000000005.467132	000000000.176347
000000030.278061	000000006.712484	000000000.649634
000000010.063273	000000002.184951	-00000000.215707
000000013.680902	000000002.970415	-00000000.097738
000000014.309951	000000003.041674	000000000.102136
000000019.278818	000000004.097839	000000000.137601
000000024.854124	000000005.282907	000000000.177394
000000018.199335	000000003.868388	000000000.389738
000000030.433279	000000006.468793	000000000.651728
000000010.796503	000000002.245676	-00000000.230995
000000013.784624	000000002.867206	-00000000.098296
000000024.517118	000000004.988064	000000000.174671
000000031.282133	000000006.364422	000000000.668691
000000010.178319	000000002.024593	-00000000.217382
000000013.809120	000000002.746805	-00000000.098296
000000018.405062	000000003.577581	000000000.130899
000000025.315550	000000004.920844	000000000.180047
000000031.257969	000000006.075934	000000000.667016
000000050.042194	000000009.727217	000000001.067854
000000010.038442	000000001.905858	-00000000.214032
000000013.328928	000000002.530576	-00000000.284189
000000014.304130	000000002.715724	-00000000.101647
000000017.438070	000000003.310721	-00000000.123917
000000017.894804	000000003.316606	000000000.127059
000000017.871655	000000003.312315	000000000.380733
000000010.103882	000000001.827080	-00000000.215079
000000015.124337	000000002.734926	-00000000.107302
000000016.856205	000000003.048099	-00000000.119589
000000024.146898	000000004.257750	000000000.171181
000000035.435459	000000006.248228	000000000.753718
000000015.936053	000000002.738315	-00000000.112887
000000017.111639	000000002.863506	000000000.121125
000000024.715714	000000004.135992	000000000.174950
000000028.191721	000000004.717676	000000000.598744
000000035.616821	000000005.960212	000000000.756440
000000010.124362	000000001.648857	-00000000.214869
000000016.265303	000000002.648973	-00000000.115051
000000024.592840	000000003.895123	000000000.173833
000000028.162695	000000004.460533	000000000.597278
000000017.029053	000000002.621022	-00000000.120287
000000018.897013	000000002.908528	-00000000.133482
000000023.216045	000000003.573291	-00000000.163990
000000024.170959	000000003.612374	000000000.170622
000000028.249987	000000004.221989	000000000.598325
000000010.151597	000000001.471911	-00000000.214869
000000016.625738	000000002.410617	-00000000.117285
000000023.325514	000000003.382039	-00000000.164548
000000024.399611	000000003.429142	000000000.172018
000000036.503174	000000005.130187	000000000.772147
000000017.894602	000000002.435348	-00000000.126082
000000023.522583	000000003.201283	-00000000.165735
000000025.469599	000000003.353136	000000000.179349
000000025.950335	000000003.416426	000000000.548273
000000010.185657	000000001.295779	-00000000.215079
000000019.551941	000000002.487321	-00000000.137601
000000023.668661	000000003.011034	-00000000.166573
000000025.875048	000000003.177056	000000000.182001
000000018.679161	000000002.210824	-00000000.131317
000000024.001881	000000002.840810	-00000000.168737
000000026.150173	000000002.979436	000000000.183747
000000033.740875	000000003.844287	000000000.237084
000000061.826351	000000007.044223	000000001.303456
000000010.077521	000000001.103668	-00000000.212356
000000024.254383	000000002.656287	-00000000.170343
000000026.384024	000000002.773073	000000000.185213
000000031.028328	000000003.261209	000000000.217815
000000025.888451	000000002.606830	-00000000.181652
000000028.258608	000000002.720994	000000000.198198
000000030.378752	000000002.925141	000000000.213068
000000035.743805	000000003.441737	000000000.250697
000000035.687080	000000003.436275	000000000.750995
000000010.015601	000000000.920304	-00000000.210681
000000028.180592	000000002.589433	-00000000.197570
000000030.403122	000000002.659929	000000000.213068
000000033.580902	000000002.937948	000000000.235338
000000010.063105	000000000.836179	-00000000.211518
000000030.583851	000000002.541322	-00000000.214255
000000033.415855	000000002.629885	000000000.234012
000000009.990255	000000000.742404	-00000000.209843
000000037.537422	000000002.624872	000000000.262705
000000048.630554	000000003.400580	000000001.021152
000000060.997635	000000004.265370	000000001.280838
000000043.667332	000000002.670809	000000000.305430
000000009.881909	000000000.561135	-00000000.207330
000000053.135780	000000002.784728	000000000.371473
000000061.791626	000000003.238362	000000001.296126
000000009.926375	000000000.476798	-00000000.208168
000000009.890198	000000000.388587	-00000000.207330
000000009.843247	000000000.300738	-00000000.206283
000000009.895473	000000000.215920	-00000000.207330
000000016.045788	000000000.350120	-00000000.112049
000000010.006948	000000000.130998	-00000000.209634
000000009.857743	000000000.043013	-00000000.206492
000000010.337634	-00000000.045107	-00000000.216545
000000009.876987	-00000000.129297	-00000000.206911
000000009.835501	-00000000.214611	-00000000.206073
000000009.893212	-00000000.302265	-00000000.207330
000000009.880208	-00000000.388194	-00000000.207121
000000010.006267	-00000000.480635	-00000000.209843
000000059.217289	-00000003.103446	000000000.413989
000000063.798435	-00000003.343534	000000001.338221
000000009.961763	-00000000.565670	-00000000.209005
000000009.996354	-00000000.655196	-00000000.209843
000000035.891479	-00000002.509777	000000000.251186
000000041.846794	-00000002.926213	000000000.292864
000000046.794590	-00000003.272197	000000000.327491
000000046.815384	-00000003.273651	000000000.983037
000000009.990255	-00000000.742404	-00000000.209843
000000011.206634	-00000000.832797	-00000000.235393
000000035.519299	-00000002.795429	000000000.248742
000000042.308140	-00000003.329723	000000000.296285
000000042.329796	-00000003.331427	000000000.889425
000000009.983397	-00000000.829556	-00000000.209843
000000029.268415	-00000002.432018	-00000000.205040
000000035.742596	-00000003.127072	000000000.250488
000000038.123444	-00000003.335369	000000000.267173
000000038.235527	-00000003.345175	000000000.803980
000000009.965821	-00000000.915730	-00000000.209634
000000020.114771	-00000001.848288	-00000000.141021
000000028.449453	-00000002.614137	-00000000.199455
000000033.673435	-00000003.242383	000000000.236176
000000037.376217	-00000003.598920	000000000.262146
000000009.967399	-00000001.003664	-00000000.209843
000000017.033447	-00000001.715178	-00000000.119519
000000023.241899	-00000002.340336	-00000000.163082
000000023.867945	-00000002.508622	000000000.167550
000000028.959772	-00000003.043795	000000000.203294
000000031.714529	-00000003.333331	000000000.222632
000000023.565001	-00000002.476781	000000000.496335
000000010.127213	-00000001.109110	-00000000.213403
000000017.266338	-00000001.890972	-00000000.121264
000000018.638102	-00000002.041204	-00000000.130899
000000018.836910	-00000002.062977	-00000000.132295
000000023.725918	-00000002.703227	000000000.166712
000000029.250044	-00000003.332622	000000000.205528
000000029.274139	-00000003.335367	000000000.617173
000000009.948364	-00000001.177467	-00000000.209843
000000017.080362	-00000002.021594	-00000000.120078
000000023.770903	-00000002.918700	000000000.167201
000000029.378651	-00000003.607245	000000000.206645
000000023.637264	-00000002.902291	000000000.498848
000000010.017053	-00000001.274330	-00000000.211518
000000017.895334	-00000002.276574	-00000000.125942
000000025.291142	-00000003.329642	000000000.178092
000000037.257591	-00000004.905055	000000000.262356
000000025.296124	-00000003.330298	000000000.534451
000000009.936205	-00000001.352258	-00000000.210052
000000016.923576	-00000002.303198	-00000000.119240
000000018.131367	-00000002.548197	000000000.127827
000000034.094097	-00000004.791613	000000000.240365
000000037.114342	-00000005.216081	000000000.261658
000000037.225910	-00000005.231761	000000000.787435
000000057.056633	-00000008.018787	000000001.206912
000000010.339589	-00000001.499169	-00000000.218848
000000016.813766	-00000002.437880	-00000000.118612
000000017.910641	-00000002.676763	000000000.126431
000000020.976515	-00000003.134961	000000000.148073
000000021.002090	-00000003.138783	000000000.444817
000000009.950617	-00000001.531546	-00000000.210890
000000015.655265	-00000002.409576	-00000000.110583
000000016.622389	-00000002.632728	000000000.117495
000000020.938484	-00000003.316330	000000000.148003
000000024.089130	-00000003.815344	000000000.170273
000000024.123934	-00000003.820856	000000000.511623
000000010.104626	-00000001.645643	-00000000.214450
000000014.617061	-00000002.380539	-00000000.103392
000000016.510019	-00000002.762830	000000000.116866
000000023.853016	-00000003.991626	000000000.506597
000000025.588499	-00000004.282046	000000000.543456
000000047.804638	-00000007.999753	000000001.015288
000000009.951934	-00000001.710055	-00000000.211518
000000014.033976	-00000002.411478	-00000000.099413
000000016.347410	-00000002.882490	000000000.115889
000000023.905890	-00000004.215253	000000000.508482
000000044.237709	-00000007.800302	000000000.940943
000000010.054690	-00000001.818184	-00000000.214032
000000012.278134	-00000002.220248	-00000000.261361
000000013.589272	-00000002.457340	-00000000.096411
000000016.105322	-00000002.984945	000000000.114353
000000043.764908	-00000008.111346	000000000.932357
000000009.969685	-00000001.892804	-00000000.212566
000000013.321703	-00000002.529204	-00000000.094666
000000015.921604	-00000003.094846	000000000.113236
000000025.340055	-00000004.925608	000000000.540733
000000010.413655	-00000002.071405	-00000000.222409
000000012.592977	-00000002.504899	-00000000.089639
000000015.884192	-00000003.231675	000000000.113166
000000025.320637	-00000005.151542	000000000.180396
000000020.338776	-00000004.137970	000000000.434765
000000025.619411	-00000005.212328	000000000.547644
000000009.866614	-00000002.052259	-00000000.211100
000000012.218189	-00000002.541387	-00000000.087126
000000015.884729	-00000003.376404	000000000.113376
000000025.450781	-00000005.409730	000000000.181652
000000025.729418	-00000005.468957	000000000.550995
000000037.474396	-00000007.965429	000000000.802514
000000010.170745	-00000002.208285	-00000000.218011
000000011.491958	-00000002.495149	-00000000.082100
000000015.971814	-00000003.540866	000000000.114213
000000026.369112	-00000005.845891	000000000.188564
000000025.719759	-00000005.701933	000000000.551833
000000009.907305	-00000002.241794	-00000000.212775
000000011.469747	-00000002.595339	-00000000.082100
000000012.647015	-00000002.919793	000000000.090617
000000015.579798	-00000003.596880	000000000.111630
000000023.477169	-00000005.420132	000000000.504712
000000025.581347	-00000005.905919	000000000.549948
000000010.198777	-00000002.401493	-00000000.219477
000000011.397993	-00000002.683871	-00000000.081751
000000012.212669	-00000002.932002	000000000.087685
000000023.803036	-00000005.714603	000000000.170901
000000019.277866	-00000004.628206	000000000.415288
000000023.215101	-00000005.573452	000000000.500105
000000009.711290	-00000002.376338	-00000000.209424
000000011.296433	-00000002.764220	-00000000.081192
000000011.701482	-00000002.917507	000000000.084194
000000019.062130	-00000004.752723	000000000.411519
000000023.311094	-00000005.812109	000000000.503246
000000009.554521	-00000002.426539	-00000000.206492
000000011.097424	-00000002.818387	-00000000.079935
000000011.646532	-00000003.011998	000000000.083985
000000019.203836	-00000004.966450	000000000.415498
000000009.484640	-00000002.497097	-00000000.205445
000000011.188449	-00000002.945673	-00000000.080773
000000011.397647	-00000003.053990	000000000.082379
000000012.187310	-00000003.265580	000000000.264293
000000018.947309	-00000005.076916	000000000.410890
000000009.173116	-00000002.500878	-00000000.199162
000000010.938289	-00000002.982120	-00000000.237487
000000009.609048	-00000002.619727	-00000000.069533
000000011.287737	-00000003.077390	-00000000.081681
000000011.765641	-00000003.262901	000000000.085241
000000012.090910	-00000003.353106	000000000.262827
000000009.064340	-00000002.556408	-00000000.197278
000000010.998451	-00000003.101884	-00000000.239372
000000009.171974	-00000002.586764	-00000000.066531
000000011.279700	-00000003.181205	-00000000.081820
000000009.150989	-00000002.624004	000000000.066462
000000011.698270	-00000003.354425	000000000.084962
000000012.109241	-00000003.472269	000000000.263875
000000018.807766	-00000005.393040	000000000.409843
000000008.964899	-00000002.613030	-00000000.195602
000000010.423855	-00000003.038276	-00000000.227435
000000009.206654	-00000002.683495	-00000000.066950
000000011.030704	-00000003.215157	-00000000.080215
000000011.706903	-00000003.467743	000000000.085241
000000012.020963	-00000003.560771	000000000.262618
000000019.076328	-00000005.650666	000000000.416754
000000021.885054	-00000006.482648	000000000.478115
000000008.635400	-00000002.598960	-00000000.188901
000000009.575480	-00000002.881892	-00000000.069813
000000011.781387	-00000003.601932	000000000.086009
000000012.161529	-00000003.718153	000000000.266388
000000018.892437	-00000005.775998	000000000.413822
000000022.171844	-00000006.778613	000000000.485655
000000008.440525	-00000002.620853	-00000000.185131
000000010.457213	-00000003.247051	-00000000.076445
000000011.806728	-00000003.722647	000000000.086428
000000023.575308	-00000007.433266	000000000.172577
000000024.276308	-00000007.654290	000000000.533194
000000027.937777	-00000008.808747	000000000.613613
000000007.950761	-00000002.545059	-00000000.174869
000000008.914207	-00000002.853460	-00000000.065345
000000011.830854	-00000003.844078	000000000.086847
000000021.835724	-00000007.094857	000000000.160290
000000023.994570	-00000007.796309	000000000.176137
000000021.793434	-00000007.081116	000000000.480000
000000024.893200	-00000008.088291	000000000.548273
000000007.956733	-00000002.623737	-00000000.175497
000000010.493919	-00000003.460376	-00000000.077143
000000021.668669	-00000007.250235	000000000.159522
000000023.716997	-00000007.935596	000000000.174601
000000023.958883	-00000008.016530	000000000.529215
000000007.696854	-00000002.612730	-00000000.170262
000000010.110996	-00000003.432221	-00000000.223665
000000007.954019	-00000002.700026	-00000000.058643
000000010.406508	-00000003.532534	-00000000.076724
000000021.311470	-00000007.338128	000000000.157358
000000023.755671	-00000008.179733	000000000.526283
000000007.494423	-00000002.617170	-00000000.166283
000000007.741341	-00000002.703397	-00000000.057246
000000010.328082	-00000003.606728	-00000000.076375
000000020.901621	-00000007.299173	-00000000.154565
000000013.583133	-00000004.810040	000000000.100600
000000020.681051	-00000007.323544	000000000.153169
000000021.280176	-00000007.535706	000000000.472880
000000024.164026	-00000008.556931	000000000.536964
000000007.396021	-00000002.655443	-00000000.164607
000000010.181291	-00000003.655457	-00000000.226597
000000008.112740	-00000002.912771	-00000000.060178
000000010.267980	-00000003.686582	-00000000.076166
000000013.449078	-00000004.828712	-00000000.099762
000000013.427880	-00000004.887349	000000000.099762
000000013.481632	-00000004.906913	000000000.300524
000000007.447606	-00000002.747567	-00000000.166283
000000007.683599	-00000002.834630	-00000000.057177
000000010.207273	-00000003.765662	-00000000.075956
000000013.256321	-00000004.890515	-00000000.098645
000000013.403453	-00000005.011346	000000000.099902
000000013.447662	-00000005.027875	000000000.300733
000000006.909133	-00000002.617636	-00000000.154764
000000007.854944	-00000002.975972	-00000000.058643
000000013.269245	-00000005.027267	-00000000.099064
000000019.656063	-00000007.447016	-00000000.146746
000000019.483349	-00000007.478957	000000000.145699
000000019.638226	-00000007.538408	000000000.440629
000000007.109661	-00000002.764796	-00000000.159791
000000007.558399	-00000002.939301	-00000000.056618
000000013.271468	-00000005.160992	-00000000.099413
000000019.329372	-00000007.516782	-00000000.144791
000000019.138222	-00000007.538746	000000000.143605
000000019.664713	-00000007.746137	000000000.442723
000000007.196695	-00000002.871190	-00000000.162304
000000007.829674	-00000003.123723	-00000000.058852
000000007.992130	-00000003.229030	000000000.060178
000000008.036922	-00000003.247127	000000000.181571
000000007.189872	-00000002.941454	-00000000.162723
000000007.829882	-00000003.203289	-00000000.059061
000000007.972886	-00000003.302478	000000000.060248
000000018.181507	-00000007.531026	000000000.137391
000000007.962095	-00000003.298008	000000000.180524
000000018.233381	-00000007.552514	000000000.413403
000000019.628134	-00000008.130239	000000000.445026
000000006.914990	-00000002.899696	-00000000.157068
000000008.096727	-00000003.395239	-00000000.061295
000000018.019369	-00000007.556149	-00000000.136414
000000017.848154	-00000007.576092	000000000.135367
000000018.268015	-00000007.754312	000000000.415707
000000007.045583	-00000003.027021	-00000000.160628
000000017.058210	-00000007.328785	-00000000.388901
000000008.296482	-00000003.564450	-00000000.063041
000000011.943995	-00000005.131545	-00000000.090756
000000017.814926	-00000007.653897	-00000000.135367
000000017.469568	-00000007.595984	000000000.132993
000000017.722883	-00000007.706129	000000000.404817
000000006.771820	-00000002.979672	-00000000.154974
000000007.862334	-00000003.459510	-00000000.059969
000000017.179977	-00000007.559371	-00000000.131038
000000017.338671	-00000007.719673	000000000.132504
000000012.677230	-00000005.644267	000000000.290681
000000017.819363	-00000007.933692	000000000.408587
000000005.542297	-00000002.496623	-00000000.127330
000000007.164878	-00000003.227542	-00000000.164607
000000007.813610	-00000003.519775	-00000000.059829
000000016.803366	-00000007.569364	-00000000.128665
000000017.216047	-00000007.845805	000000000.132085
000000013.227935	-00000006.028317	000000000.304503
000000017.594791	-00000008.018409	000000000.405026
000000005.656491	-00000002.607678	-00000000.130471
000000016.678932	-00000007.689093	-00000000.384712
000000007.973302	-00000003.675743	-00000000.061295
000000016.782076	-00000007.736643	-00000000.129014
000000017.110674	-00000007.978838	000000000.131806
000000017.089216	-00000007.968832	000000000.394974
000000005.280860	-00000002.490615	-00000000.122304
000000007.360651	-00000003.471508	-00000000.170471
000000007.922834	-00000003.736651	-00000000.061156
000000016.334061	-00000007.703643	-00000000.126082
000000016.850857	-00000008.037446	000000000.130340
000000016.892691	-00000008.057400	000000000.392042
000000005.375989	-00000002.593069	-00000000.125026
000000005.773335	-00000002.784726	-00000000.044750
000000005.734166	-00000002.796740	000000000.044540
000000005.804936	-00000002.831257	000000000.135288
000000016.794777	-00000008.191360	000000000.391414
000000005.308322	-00000002.617775	-00000000.123979
000000005.703972	-00000002.812888	-00000000.044401
000000005.718491	-00000002.851135	000000000.044610
000000016.024759	-00000007.989650	000000000.375079
000000005.722740	-00000002.884498	-00000000.134241
000000005.786363	-00000002.916567	-00000000.045239
000000005.720122	-00000002.914548	000000000.044820
000000015.598103	-00000007.947630	000000000.366702
000000005.350709	-00000002.755796	-00000000.126073
000000005.725131	-00000002.948636	-00000000.044959
000000005.738820	-00000002.987441	000000000.045169
000000005.808647	-00000003.023790	000000000.137173
000000005.237978	-00000002.755833	-00000000.123979
000000014.661029	-00000007.713541	-00000000.347016
000000005.141653	-00000002.705154	-00000000.040561
000000007.708055	-00000004.055404	-00000000.060807
000000014.716985	-00000007.742980	-00000000.116098
000000014.912621	-00000007.929181	000000000.117913
000000015.315782	-00000008.143545	000000000.363351
000000006.649267	-00000003.572780	-00000000.158115
000000014.725263	-00000007.912169	-00000000.350157
000000014.772178	-00000007.937377	-00000000.117076
000000014.508917	-00000007.877699	000000000.115261
000000014.752104	-00000008.009739	000000000.351623
000000005.487106	-00000003.010329	-00000000.131100
000000006.670427	-00000003.659522	-00000000.159372
000000009.045835	-00000004.962715	-00000000.216126
000000007.732541	-00000004.242218	-00000000.061575
000000014.851390	-00000008.147752	-00000000.118263
000000014.081035	-00000007.805245	000000000.112398
000000014.550480	-00000008.065462	000000000.348482
000000005.731042	-00000003.209538	-00000000.137592
000000008.138602	-00000004.557837	-00000000.195393
000000013.381153	-00000007.493806	-00000000.321257
000000013.689128	-00000007.666280	-00000000.109536
000000014.229969	-00000008.050929	000000000.114144
000000014.305510	-00000008.093668	000000000.344293
000000006.084739	-00000003.477715	-00000000.146806
000000007.647154	-00000004.370709	-00000000.184503
000000013.341290	-00000007.625175	-00000000.321885
000000013.369936	-00000007.641548	-00000000.107511
000000013.639567	-00000007.874808	000000000.109955
000000013.654225	-00000007.883271	000000000.330262
000000004.905509	-00000002.860809	-00000000.118953
000000007.651904	-00000004.462458	-00000000.185550
000000012.566051	-00000007.328304	-00000000.304712
000000013.026322	-00000007.596726	-00000000.105277
000000013.441088	-00000007.917406	000000000.108908
000000013.352323	-00000007.865119	000000000.324608
000000007.672816	-00000004.564846	-00000000.187016
000000012.776570	-00000007.601261	-00000000.311414
000000012.555621	-00000007.469810	-00000000.101996
000000013.071483	-00000007.854139	000000000.106464
000000013.060365	-00000007.847459	000000000.319162
000000007.410460	-00000004.496778	-00000000.181571
000000012.154181	-00000007.375338	-00000000.297801
000000012.293333	-00000007.459778	-00000000.100391
000000012.678451	-00000007.769364	000000000.103811
000000012.548111	-00000007.689492	000000000.308272
000000007.864033	-00000004.866411	-00000000.193717
000000012.250888	-00000007.581079	-00000000.301780
000000012.372324	-00000007.656226	-00000000.101577
000000012.601687	-00000007.874408	000000000.103742
000000012.794239	-00000007.994728	000000000.316021
000000006.502221	-00000004.102596	-00000000.161047
000000011.939057	-00000007.532984	-00000000.295707
000000012.279669	-00000007.747894	-00000000.101368
000000012.532491	-00000007.984077	000000000.103742
000000012.572208	-00000008.009380	000000000.312251
000000005.818714	-00000003.742722	-00000000.144922
000000007.264984	-00000004.672995	-00000000.180943
000000007.443014	-00000004.787508	-00000000.061784
000000007.455600	-00000004.841723	000000000.062063
000000007.470916	-00000004.851669	000000000.186597
000000007.031624	-00000004.610135	-00000000.176126
000000007.350776	-00000004.819380	-00000000.061365
000000007.404726	-00000004.901081	000000000.061994
000000007.403282	-00000004.900126	000000000.185969
000000004.422448	-00000002.954986	-00000000.111414
000000007.182322	-00000004.799074	-00000000.180943
000000007.458101	-00000004.983344	-00000000.062622
000000011.706807	-00000007.822238	-00000000.098296
000000007.369965	-00000004.971104	000000000.062063
000000011.714016	-00000007.901203	000000000.098645
000000007.376816	-00000004.975725	000000000.186388
000000004.421285	-00000003.010346	-00000000.112042
000000007.057528	-00000004.805300	-00000000.178848
000000011.553190	-00000007.866287	-00000000.292775
000000011.662897	-00000007.940984	-00000000.098506
000000011.397388	-00000007.833207	000000000.096551
000000011.444603	-00000007.865657	000000000.290890
000000006.276006	-00000004.353820	-00000000.160000
000000011.426602	-00000007.926916	-00000000.291309
000000006.186851	-00000004.291971	-00000000.052569
000000011.363100	-00000007.882863	-00000000.096551
000000011.254874	-00000007.880748	000000000.095923
000000011.735874	-00000008.217547	000000000.300105
000000005.649920	-00000003.992969	-00000000.144922
000000007.078730	-00000005.002751	-00000000.181571
000000010.891609	-00000007.697428	-00000000.279372
000000011.057057	-00000007.814355	-00000000.094526
000000011.104265	-00000007.920596	000000000.095224
000000011.224191	-00000008.006138	000000000.288796
000000006.272091	-00000004.515259	-00000000.161885
000000010.864593	-00000007.821387	-00000000.280419
000000006.313892	-00000004.545352	-00000000.054314
000000011.012791	-00000007.928074	-00000000.094736
000000011.115623	-00000008.075973	000000000.095923
000000011.720085	-00000008.515141	000000000.303456
000000006.256638	-00000004.587557	-00000000.162513
000000006.419143	-00000004.706710	-00000000.055571
000000010.588360	-00000007.763707	-00000000.091664
000000010.707112	-00000007.922846	000000000.092990
000000010.970240	-00000008.117550	000000000.285864
000000005.255072	-00000003.924149	-00000000.137382
000000006.241615	-00000004.660835	-00000000.054384
000000010.167663	-00000007.592554	-00000000.088592
000000010.382009	-00000007.823405	000000000.090756
000000010.699368	-00000008.062552	000000000.280628
000000006.103996	-00000004.641587	-00000000.160628
000000006.431540	-00000004.890656	-00000000.056409
000000010.172657	-00000007.735468	-00000000.089221
000000007.290739	-00000005.594381	000000000.064158
000000009.877008	-00000007.578895	000000000.086917
000000007.249660	-00000005.562860	000000000.191414
000000007.424159	-00000005.696757	000000000.196021
000000010.596876	-00000008.131269	000000000.279791
000000004.790528	-00000003.709223	-00000000.126911
000000006.412336	-00000004.964961	-00000000.056618
000000009.835938	-00000007.615797	-00000000.086847
000000009.723816	-00000007.597077	000000000.086149
000000009.958272	-00000007.780254	000000000.264712
000000004.632354	-00000003.651853	-00000000.123560
000000006.179089	-00000004.871201	-00000000.164817
000000009.351073	-00000007.371792	-00000000.249424
000000009.612044	-00000007.577525	-00000000.085451
000000009.508457	-00000007.563368	000000000.084822
000000009.772632	-00000007.773502	000000000.261571
000000006.401447	-00000005.137705	-00000000.171937
000000009.372156	-00000007.521950	-00000000.251728
000000009.662534	-00000007.755003	-00000000.086498
000000009.247811	-00000007.488730	000000000.083077
000000007.591051	-00000006.147112	000000000.204607
000000009.432483	-00000007.638274	000000000.254241
000000005.117613	-00000004.181265	-00000000.138429
000000009.329385	-00000007.622427	-00000000.252356
000000004.855323	-00000003.966966	-00000000.043773
000000009.369923	-00000007.655548	-00000000.084473
000000009.182109	-00000007.569146	000000000.083077
000000009.635477	-00000007.942874	000000000.261571
000000005.403773	-00000004.494270	-00000000.147225
000000009.154898	-00000007.614048	-00000000.249424
000000006.504243	-00000005.409522	-00000000.059061
000000009.333512	-00000007.762600	-00000000.084753
000000006.327373	-00000005.309297	000000000.057665
000000009.391477	-00000007.880384	000000000.085590
000000006.295505	-00000005.282556	000000000.172147
000000009.374328	-00000007.865994	000000000.256335
000000006.104521	-00000005.167858	-00000000.167539
000000008.897339	-00000007.532153	-00000000.244189
000000009.173831	-00000007.766221	-00000000.083915
000000008.980176	-00000007.669795	000000000.082449
000000007.138646	-00000006.096980	000000000.196649
000000009.366147	-00000007.999445	000000000.258011
000000005.135164	-00000004.424741	-00000000.141990
000000008.717661	-00000007.511617	-00000000.241047
000000008.779964	-00000007.565301	-00000000.080913
000000009.003466	-00000007.826594	000000000.083286
000000009.001711	-00000007.825068	000000000.249843
000000004.472466	-00000003.922247	-00000000.124607
000000006.817691	-00000005.978955	-00000000.189948
000000008.546544	-00000007.495118	-00000000.238115
000000006.751357	-00000005.920781	-00000000.062692
000000008.781275	-00000007.700972	-00000000.081541
000000006.620607	-00000005.857419	000000000.061714
000000008.627760	-00000007.633197	000000000.080424
000000006.724147	-00000005.949023	000000000.188063
000000008.708445	-00000007.704581	000000000.243560
000000003.722010	-00000003.322021	-00000000.104503
000000005.400270	-00000004.819926	-00000000.151623
000000006.451981	-00000005.758613	-00000000.181152
000000006.565145	-00000005.859616	-00000000.061435
000000008.385480	-00000007.484327	-00000000.078469
000000006.584103	-00000005.928352	000000000.061854
000000008.806052	-00000007.929005	000000000.082728
000000006.627398	-00000005.967336	000000000.186806
000000008.566581	-00000007.713384	000000000.241466
000000003.981500	-00000003.616540	-00000000.112670
000000008.444036	-00000007.670022	-00000000.238953
000000008.379065	-00000007.611007	-00000000.079028
000000006.487883	-00000005.945049	000000000.061435
000000008.316285	-00000007.620471	000000000.078749
000000006.457133	-00000005.916873	000000000.183456
000000008.299922	-00000007.605477	000000000.235812
000000003.457901	-00000003.196450	-00000000.098639
000000003.554034	-00000003.285316	-00000000.033789
000000003.539666	-00000003.300792	000000000.033789
000000003.553600	-00000003.313785	000000000.101780
000000003.444439	-00000003.240205	-00000000.099058
000000003.532513	-00000003.323056	-00000000.033859
000000003.474458	-00000003.297138	000000000.033440
000000003.481034	-00000003.303377	000000000.100524
000000003.401588	-00000003.256312	-00000000.098639
000000003.496156	-00000003.346842	-00000000.033789
000000003.481520	-00000003.362065	000000000.033789
000000003.502416	-00000003.382244	000000000.101990
000000003.358719	-00000003.271919	-00000000.098220
000000007.770172	-00000007.569366	-00000000.227225
000000006.518189	-00000006.349739	-00000000.063529
000000007.993735	-00000007.787152	-00000000.077911
000000007.759976	-00000007.625707	000000000.075956
000000007.943868	-00000007.806417	000000000.233299
000000003.464945	-00000003.434839	-00000000.102199
000000004.579691	-00000004.539899	-00000000.135079
000000007.732223	-00000007.665039	-00000000.228063
000000003.437214	-00000003.407348	-00000000.033789
000000007.840255	-00000007.772133	-00000000.077073
000000002.807146	-00000002.807146	000000000.027716
000000007.756773	-00000007.756773	000000000.076584
000000007.953207	-00000007.953207	000000000.235602
000000003.343337	-00000003.372641	-00000000.099476
000000004.758096	-00000004.799800	-00000000.141571
000000003.477748	-00000003.508230	-00000000.034487
000000007.729893	-00000007.797645	-00000000.076654
000000002.796560	-00000002.845800	000000000.027855
000000007.688787	-00000007.824167	000000000.076584
000000007.673273	-00000007.808379	000000000.229319
000000002.902172	-00000002.979162	-00000000.087120
000000002.853894	-00000002.929604	-00000000.028553
000000002.792459	-00000002.891675	000000000.028065
000000007.660401	-00000007.932578	000000000.230995
000000002.751618	-00000002.874378	-00000000.083351
000000002.862794	-00000002.990514	-00000000.028902
000000002.746468	-00000002.894173	000000000.027855
000000007.508301	-00000007.912098	000000000.228482
000000002.753832	-00000002.927409	-00000000.084189
000000002.822885	-00000003.000815	-00000000.028763
000000003.939706	-00000004.188031	-00000000.040142
000000007.214801	-00000007.669559	-00000000.073513
000000002.727927	-00000002.925344	000000000.027925
000000007.215367	-00000007.737534	000000000.073862
000000007.350330	-00000007.882264	000000000.225759
000000002.714607	-00000002.936646	-00000000.083770
000000002.654046	-00000002.871131	-00000000.027297
000000002.742829	-00000002.993273	000000000.028344
000000007.025967	-00000007.667497	000000000.072605
000000007.166440	-00000007.820796	000000000.222199
000000002.601489	-00000002.864016	-00000000.081047
000000004.497148	-00000004.950973	-00000000.140105
000000002.985236	-00000003.286489	-00000000.030997
000000007.227767	-00000007.957151	-00000000.075049
000000007.092612	-00000007.877143	000000000.074001
000000007.332063	-00000008.143081	000000000.229529
000000004.080959	-00000004.572329	-00000000.128377
000000003.435866	-00000003.849562	-00000000.036023
000000006.825121	-00000007.646902	-00000000.071558
000000003.160621	-00000003.572432	000000000.033301
000000006.944088	-00000007.848865	000000000.073164
000000007.008983	-00000007.922214	000000000.221571
000000002.439044	-00000002.781197	-00000000.077487
000000004.100231	-00000004.675418	-00000000.130262
000000004.180151	-00000004.766548	-00000000.044261
000000006.863623	-00000007.826461	-00000000.072675
000000006.849089	-00000007.878976	000000000.072884
000000006.860872	-00000007.892531	000000000.219058
000000002.388577	-00000002.772080	-00000000.076649
000000004.078854	-00000004.733743	-00000000.130890
000000002.519591	-00000002.924129	-00000000.026948
000000004.112287	-00000004.772543	-00000000.043982
000000006.684097	-00000007.757276	-00000000.071488
000000006.786567	-00000007.946049	000000000.072954
000000006.954063	-00000008.142161	000000000.224293
000000002.454733	-00000002.899647	-00000000.079581
000000004.030929	-00000004.761526	-00000000.130681
000000006.511501	-00000007.691696	-00000000.211100
000000002.519822	-00000002.976534	-00000000.027227
000000006.661376	-00000007.868735	-00000000.071977
000000006.710539	-00000007.997309	000000000.072884
000000006.966290	-00000008.302101	000000000.227016
000000006.742265	-00000008.179022	000000000.074001
000000006.842701	-00000008.300859	000000000.225340
000000006.475549	-00000007.996637	000000000.071837
000000006.512038	-00000008.041697	000000000.216754
000000006.411745	-00000008.060668	000000000.071907
000000006.454061	-00000008.113867	000000000.217173
000000006.390410	-00000008.179353	000000000.072465
000000006.376854	-00000008.162001	000000000.216963
000000006.172691	-00000008.044407	000000000.070790
000000006.250609	-00000008.145952	000000000.215079
000000005.975878	-00000007.930258	000000000.069324
000000006.257504	-00000008.303988	000000000.217801
000000005.799381	-00000007.837413	000000000.068067
000000005.952870	-00000008.044843	000000000.209634
000000005.666112	-00000007.798734	000000000.067299
000000005.911823	-00000008.136927	000000000.210681
000000005.615261	-00000007.872305	000000000.067509
000000005.817368	-00000008.155649	000000000.209843
000000005.557820	-00000007.937389	000000000.067648
000000005.700099	-00000008.140585	000000000.208168
000000005.624277	-00000008.183373	000000000.069324
000000005.589203	-00000008.132341	000000000.206702
000000005.552650	-00000008.232142	000000000.069324
000000005.518023	-00000008.180806	000000000.206702
000000005.359178	-00000008.096834	000000000.067788
000000005.496087	-00000008.303681	000000000.208586
000000005.103143	-00000007.858151	000000000.065414
000000005.417970	-00000008.342942	000000000.208377
000000005.050493	-00000007.927686	000000000.065624
000000005.113971	-00000008.027326	000000000.199372
000000005.007615	-00000008.013859	000000000.065973
000000005.207964	-00000008.334484	000000000.205864
000000004.916592	-00000008.023149	000000000.065694
000000005.025334	-00000008.200600	000000000.201466
000000004.908193	-00000008.168605	000000000.066531
000000004.850595	-00000008.072745	000000000.197278
000000004.857024	-00000008.245590	000000000.066811
000000004.871300	-00000008.269826	000000000.201047
000000003.104924	-00000005.377887	000000000.043354
000000004.749884	-00000008.227041	000000000.066322
000000003.134312	-00000005.428788	000000000.131309
000000004.733962	-00000008.199462	000000000.198325
