000000004.673464	000000005.236174	-00000000.147016
000000005.207068	000000005.834027	-00000000.054593
000000004.786201	000000005.269197	-00000000.149110
000000005.197269	000000005.721747	-00000000.053965
000000004.675911	000000005.058372	-00000000.144293
000000005.294517	000000005.727576	-00000000.054454
000000003.390912	000000003.604645	-00000000.103665
000000004.925385	000000005.235839	-00000000.150576
000000005.392259	000000005.732140	-00000000.054943
000000003.678043	000000003.842134	-00000000.111414
000000004.929407	000000005.149325	-00000000.149319
000000005.476650	000000005.720983	-00000000.055292
000000003.488187	000000003.580724	-00000000.104712
000000003.474912	000000003.567097	-00000000.034767
000000003.512263	000000003.543048	-00000000.104503
000000003.470708	000000003.501128	-00000000.034418
000000003.564349	000000003.533379	-00000000.105131
000000003.600552	000000003.569268	-00000000.035395
000000005.312057	000000005.265902	-00000000.052220
000000004.253901	000000004.143966	-00000000.124398
000000005.329156	000000005.191434	-00000000.051941
000000004.607671	000000004.410886	-00000000.133613
000000005.778771	000000005.531970	-00000000.055850
000000004.274600	000000004.021142	-00000000.122932
000000005.506351	000000005.179857	-00000000.052778
000000004.647242	000000004.295866	-00000000.132566
000000005.830379	000000005.389546	-00000000.055431
000000004.758559	000000004.322370	-00000000.134660
000000005.921601	000000005.378803	-00000000.055850
000000004.721508	000000004.214107	-00000000.132566
000000004.580680	000000004.088414	-00000000.042865
000000006.050378	000000005.400168	-00000000.056618
000000004.682935	000000004.106823	-00000000.130471
000000004.691366	000000004.114217	-00000000.043563
000000006.285227	000000005.511996	-00000000.058363
000000004.082380	000000003.517603	-00000000.112880
000000005.771379	000000004.972939	-00000000.159581
000000004.719515	000000004.066594	-00000000.043493
000000006.007344	000000005.176259	-00000000.055361
000000004.822571	000000004.082608	-00000000.132356
000000004.762455	000000004.031715	-00000000.043563
000000005.968333	000000005.052567	-00000000.054593
000000004.911822	000000004.085119	-00000000.133822
000000006.058326	000000005.038657	-00000000.055012
000000005.226004	000000004.269825	-00000000.141361
000000005.947190	000000004.859058	-00000000.053616
000000005.286457	000000004.242831	-00000000.141990
000000006.082951	000000004.882084	-00000000.054454
000000005.456756	000000004.301759	-00000000.145550
000000006.439442	000000005.076447	-00000000.057246
000000005.620570	000000004.351910	-00000000.148901
000000006.633724	000000005.136378	-00000000.058573
000000005.721999	000000004.351110	-00000000.150576
000000006.630535	000000005.041976	-00000000.058154
000000005.855881	000000004.372794	-00000000.153089
000000006.730368	000000005.025804	-00000000.058643
000000005.853504	000000004.291967	-00000000.152042
000000006.717520	000000004.925489	-00000000.058154
000000006.061128	000000004.363388	-00000000.156440
000000006.541127	000000004.708938	-00000000.056269
000000008.001925	000000005.760561	-00000000.068835
000000006.303090	000000004.454584	-00000000.161675
000000006.859622	000000004.847901	-00000000.058643
000000004.928801	000000003.419230	-00000000.125655
000000006.300650	000000004.370916	-00000000.160628
000000004.954411	000000003.436997	-00000000.042097
000000006.811287	000000004.725158	-00000000.057875
000000008.290215	000000005.751127	-00000000.070441
000000006.520363	000000004.439557	-00000000.165236
000000006.868794	000000004.676795	-00000000.058014
000000009.467379	000000006.385828	000000000.079726
000000006.733427	000000004.499132	-00000000.169634
000000007.167093	000000004.788898	-00000000.060178
000000009.489389	000000006.280890	000000000.079447
000000006.588490	000000004.319603	-00000000.165026
000000007.091533	000000004.649413	-00000000.059201
000000009.719955	000000006.312212	000000000.080913
000000006.852964	000000004.407975	-00000000.170681
000000007.140247	000000004.592761	-00000000.059271
000000009.715633	000000006.189541	000000000.080424
000000006.865804	000000004.331999	-00000000.170052
000000007.137769	000000004.503596	-00000000.058922
000000010.032165	000000006.268792	000000000.082588
000000006.996863	000000004.329791	-00000000.172356
000000007.312851	000000004.525330	-00000000.060039
000000010.060909	000000006.165333	000000000.082379
000000006.983098	000000004.237448	-00000000.171100
000000007.275123	000000004.414653	-00000000.059411
000000010.354328	000000006.221509	000000000.084334
000000013.874496	000000008.336637	000000000.339058
000000007.105732	000000004.227467	-00000000.173194
000000007.330558	000000004.361224	-00000000.059550
000000008.860265	000000005.271304	-00000000.071977
000000010.546083	000000006.212118	000000000.085451
000000015.428393	000000009.088018	000000000.375079
000000006.986897	000000004.074638	-00000000.169424
000000007.247404	000000004.226561	-00000000.058573
000000010.582573	000000006.109851	000000000.085311
000000012.635003	000000007.294822	000000000.101857
000000015.377238	000000008.878053	000000000.371937
000000007.239190	000000004.137538	-00000000.174660
000000007.518418	000000004.297130	-00000000.060458
000000015.602056	000000008.827218	000000000.375498
000000023.912128	000000013.528831	000000000.575498
000000007.222682	000000004.044897	-00000000.173403
000000007.573081	000000004.241129	-00000000.060597
000000013.739941	000000007.616174	000000000.109676
000000016.063242	000000008.904000	000000000.384712
000000007.275236	000000003.991331	-00000000.173822
000000008.153360	000000004.473087	-00000000.064926
000000015.211953	000000008.259417	000000000.120846
000000016.122757	000000008.753943	000000000.384293
000000019.874485	000000010.790964	000000000.473718
000000007.239334	000000003.889834	-00000000.172147
000000008.526814	000000004.581623	-00000000.067579
000000011.301553	000000006.072543	-00000000.089570
000000014.029696	000000007.459722	000000000.110932
000000015.610133	000000008.300056	000000000.123429
000000016.657568	000000008.856986	000000000.395183
000000019.932585	000000010.598343	000000000.472880
000000007.370330	000000003.877718	-00000000.174450
000000008.849661	000000004.656032	-00000000.069813
000000013.943471	000000007.258512	000000000.109745
000000015.557792	000000008.098874	000000000.122451
000000016.734224	000000008.711286	000000000.395183
000000007.306118	000000003.762898	-00000000.172147
000000009.129984	000000004.702251	-00000000.071698
000000010.961314	000000005.645448	-00000000.086079
000000014.202297	000000007.236432	000000000.111281
000000015.610054	000000007.953720	000000000.122312
000000015.776264	000000008.038408	000000000.370890
000000007.570800	000000003.815997	-00000000.177592
000000009.009938	000000004.541383	-00000000.070441
000000011.054810	000000005.572083	-00000000.086428
000000014.220160	000000007.089911	000000000.110932
000000015.598326	000000007.777039	000000000.121683
000000015.792127	000000007.873664	000000000.369634
000000007.451378	000000003.674613	-00000000.174032
000000009.085099	000000004.480275	-00000000.070720
000000010.986423	000000005.417904	-00000000.085520
000000013.742226	000000006.702531	000000000.106743
000000025.807703	000000012.587257	000000000.601466
000000007.402116	000000003.570357	-00000000.172147
000000009.059037	000000004.369561	-00000000.210681
000000009.664256	000000004.661484	-00000000.074909
000000014.305629	000000006.823435	000000000.110653
000000029.129063	000000013.893850	000000000.676021
000000007.414906	000000003.497097	-00000000.171728
000000007.606282	000000003.587356	-00000000.058712
000000007.667177	000000003.575264	000000000.059061
000000007.674744	000000003.578792	000000000.177382
000000007.445141	000000003.432257	-00000000.171728
000000007.728110	000000003.562708	-00000000.059411
000000009.217428	000000004.249293	-00000000.070860
000000014.440733	000000006.581021	000000000.110793
000000015.787444	000000007.194753	000000000.121125
000000026.983532	000000012.297104	000000000.621152
000000029.257936	000000013.333610	000000000.673508
000000007.256034	000000003.268605	-00000000.166702
000000007.576558	000000003.412991	-00000000.058014
000000009.536798	000000004.296014	-00000000.073024
000000015.073133	000000006.710991	000000000.115191
000000011.626883	000000005.176622	000000000.266597
000000007.632024	000000003.358171	-00000000.174660
000000009.169410	000000004.034637	-00000000.209843
000000009.427479	000000004.148190	-00000000.071907
000000010.992623	000000004.836870	-00000000.083845
000000011.527164	000000005.012154	000000000.087754
000000011.616603	000000005.051043	000000000.265340
000000007.661038	000000003.291442	-00000000.174660
000000009.250198	000000003.974199	-00000000.210890
000000009.987017	000000004.290761	-00000000.075886
000000013.199718	000000005.602948	000000000.100111
000000016.007189	000000006.794649	000000000.121404
000000018.529310	000000007.865226	000000000.140533
000000018.516497	000000007.859787	000000000.421362
000000007.910749	000000003.317252	-00000000.179686
000000011.204469	000000004.698423	-00000000.084822
000000016.583235	000000006.869000	000000000.125314
000000018.750641	000000007.766769	000000000.425131
000000026.740448	000000011.076256	000000000.606283
000000032.116245	000000013.302985	000000000.728168
000000007.809848	000000003.195093	-00000000.176754
000000011.106215	000000004.543673	-00000000.083775
000000015.047827	000000006.079717	000000000.113306
000000016.512741	000000006.671581	000000000.124336
000000026.655886	000000010.769677	000000000.200711
000000026.826817	000000010.838737	000000000.606074
000000027.577671	000000011.142102	000000000.623037
000000008.097444	000000003.230552	-00000000.182618
000000011.479806	000000004.579978	-00000000.086288
000000016.384254	000000006.453929	000000000.122940
000000016.650822	000000006.558933	000000000.374869
000000008.097372	000000003.148896	-00000000.181990
000000010.790284	000000004.196112	-00000000.242513
000000011.388859	000000004.428885	-00000000.085311
000000014.977001	000000005.824237	-00000000.112189
000000014.936923	000000005.733747	000000000.111700
000000016.421280	000000006.303539	000000000.122800
000000027.399918	000000010.517843	000000000.204900
000000027.917267	000000010.716434	000000000.626388
000000034.693573	000000013.317615	000000000.778430
000000008.451768	000000003.202089	-00000000.189319
000000010.602108	000000004.016779	-00000000.237487
000000011.960088	000000004.531272	-00000000.089290
000000016.072903	000000006.009412	000000000.119798
000000031.811777	000000011.893936	000000000.711414
000000008.535669	000000003.148975	-00000000.190576
000000011.708343	000000004.319436	-00000000.087126
000000016.115335	000000005.865502	000000000.119729
000000017.318113	000000006.303278	000000000.128665
000000021.452660	000000007.808130	000000000.159382
000000021.486057	000000007.820285	000000000.478953
000000009.089767	000000003.263560	-00000000.202304
000000010.858789	000000003.898704	-00000000.241676
000000011.331483	000000004.068418	-00000000.084054
000000016.806889	000000005.951631	000000000.124476
000000029.626501	000000010.491294	000000000.219421
000000032.975792	000000011.677341	000000000.732775
000000037.621994	000000013.322647	000000000.836021
000000008.891368	000000003.105005	-00000000.197278
000000011.999079	000000004.190266	-00000000.088732
000000017.217472	000000005.928452	000000000.127129
000000019.278654	000000006.638173	000000000.142348
000000026.965532	000000009.284978	000000000.199106
000000032.376907	000000011.148264	000000000.717278
000000009.041200	000000003.069074	-00000000.200000
000000010.972513	000000003.724666	-00000000.242723
000000012.063596	000000004.095039	-00000000.088941
000000016.860785	000000005.641540	000000000.124127
000000019.478094	000000006.517279	000000000.143395
000000024.153214	000000008.081553	000000000.177813
000000024.176950	000000008.089494	000000000.534032
000000040.503502	000000013.552282	000000000.894660
000000009.286020	000000003.062070	-00000000.204817
000000011.775982	000000003.883137	-00000000.086568
000000017.042517	000000005.537450	000000000.125104
000000009.540914	000000003.054070	-00000000.209843
000000011.961801	000000003.829002	-00000000.087685
000000016.594271	000000005.232153	000000000.121474
000000026.579445	000000008.380466	000000000.194568
000000028.753864	000000009.066059	000000000.210485
000000009.834548	000000003.053708	-00000000.215707
000000011.918358	000000003.700748	-00000000.087126
000000011.857889	000000003.625321	000000000.086568
000000017.289568	000000005.285952	000000000.126221
000000011.807774	000000003.609999	000000000.258639
000000017.276636	000000005.281998	000000000.378430
000000010.272487	000000003.091668	-00000000.224712
000000011.825719	000000003.559137	-00000000.086219
000000011.841136	000000003.507504	000000000.086219
000000017.296688	000000005.123512	000000000.125942
000000026.875063	000000007.960756	000000000.195685
000000011.857999	000000003.512499	000000000.259058
000000026.898581	000000007.967722	000000000.587644
000000010.414257	000000003.035479	-00000000.227225
000000011.904327	000000003.469795	-00000000.086568
000000012.986329	000000003.723770	000000000.094317
000000027.337618	000000007.838935	000000000.198547
000000028.712189	000000008.233088	000000000.208530
000000010.902226	000000003.074746	-00000000.237278
000000012.020773	000000003.390208	-00000000.087196
000000027.539886	000000007.637486	000000000.199524
000000041.186169	000000011.421935	000000000.895288
000000048.556324	000000013.465860	000000001.055498
000000010.629625	000000002.897968	-00000000.230785
000000012.040252	000000003.282549	-00000000.087126
000000012.923773	000000003.462914	000000000.093409
000000027.228786	000000007.295931	000000000.196802
000000028.851501	000000007.730737	000000000.208530
000000041.796101	000000011.199231	000000000.906388
000000011.147594	000000002.934916	-00000000.241466
000000012.329535	000000003.246096	-00000000.089011
000000019.982080	000000005.167717	000000000.144093
000000020.094337	000000005.196749	000000000.434765
000000010.882075	000000002.763695	-00000000.235183
000000012.686924	000000003.222068	-00000000.091385
000000014.993637	000000003.807899	-00000000.108000
000000016.418371	000000004.169735	-00000000.118263
000000020.171957	000000005.029434	000000000.145140
000000022.743177	000000005.670511	000000000.163641
000000022.767845	000000005.676661	000000000.491519
000000011.575858	000000002.832594	-00000000.249634
000000012.617426	000000003.087464	-00000000.090687
000000015.094288	000000003.693549	-00000000.108489
000000019.796970	000000004.752832	000000000.142138
000000022.714008	000000005.453151	000000000.163082
000000022.787354	000000005.470759	000000000.490890
000000010.967579	000000002.582522	-00000000.236021
000000012.458951	000000002.933694	-00000000.089360
000000015.719691	000000003.701496	-00000000.112747
000000016.213121	000000003.743094	000000000.116168
000000016.248928	000000003.751361	000000000.349320
000000012.783933	000000002.892709	-00000000.274555
000000014.558667	000000003.294290	-00000000.312670
000000015.770901	000000003.568591	-00000000.112887
000000029.961794	000000006.642370	000000000.214255
000000041.307785	000000009.157716	000000000.886283
000000010.923048	000000002.371626	-00000000.234136
000000014.967896	000000003.249849	-00000000.320838
000000015.693949	000000003.407490	-00000000.112119
000000030.840242	000000006.555296	000000000.220119
000000037.669983	000000008.007002	000000000.806702
000000014.427965	000000003.001021	-00000000.308691
000000015.644765	000000003.254116	-00000000.111561
000000025.408829	000000005.169485	000000000.181024
000000025.462658	000000005.180436	000000000.544293
000000053.021893	000000010.787426	000000001.133404
000000010.884330	000000002.165028	-00000000.232461
000000014.688941	000000002.921812	-00000000.313717
000000015.525453	000000003.088205	-00000000.110513
000000031.362225	000000006.096199	000000000.223051
000000055.704937	000000010.827943	000000001.188692
000000016.180563	000000003.071976	-00000000.114981
000000020.139742	000000003.823650	-00000000.143116
000000020.372545	000000003.775828	000000000.144652
000000028.199064	000000005.226388	000000000.200223
000000020.358742	000000003.773270	000000000.433717
000000028.173904	000000005.221725	000000000.600210
000000010.644985	000000001.924927	-00000000.226597
000000016.482281	000000002.980482	-00000000.116936
000000019.552414	000000003.535652	-00000000.138718
000000028.420860	000000005.011364	000000000.201479
000000017.670589	000000003.036363	-00000000.125174
000000030.958750	000000005.180718	000000000.219142
000000063.542309	000000010.633335	000000001.349530
000000010.558545	000000001.719568	-00000000.224084
000000013.380736	000000002.179191	-00000000.283979
000000018.002375	000000002.931873	-00000000.127338
000000020.252672	000000003.298357	-00000000.143255
000000066.516098	000000010.535114	000000001.410681
000000017.048820	000000002.624064	-00000000.120427
000000019.114447	000000002.941995	-00000000.135018
000000024.843473	000000003.712882	000000000.175369
000000024.878181	000000003.718069	000000000.526911
000000010.398955	000000001.507777	-00000000.220105
000000017.615364	000000002.554106	-00000000.124266
000000019.871716	000000002.881262	-00000000.140184
000000021.959829	000000003.184024	-00000000.154914
000000031.321415	000000004.401938	000000000.220817
000000036.562580	000000005.138535	000000000.773404
000000018.855719	000000002.566151	-00000000.132853
000000021.233740	000000002.889785	-00000000.149608
000000024.553059	000000003.341525	-00000000.172996
000000028.979227	000000003.815187	000000000.204062
000000029.181736	000000003.841848	000000000.616545
000000010.255082	000000001.304611	-00000000.216545
000000020.286007	000000002.580706	-00000000.142767
000000023.361147	000000002.971913	-00000000.164409
000000021.946278	000000002.597513	-00000000.154286
000000024.756594	000000002.930136	-00000000.174043
000000010.077521	000000001.103668	-00000000.212356
000000026.958151	000000002.952398	-00000000.189332
000000033.285839	000000003.498482	000000000.233663
000000052.787586	000000005.548199	000000001.111833
000000037.664875	000000003.626715	000000000.264171
000000010.015601	000000000.920304	-00000000.210681
000000036.180908	000000003.165419	000000000.253559
000000042.177856	000000003.690084	000000000.295587
000000061.212696	000000005.355417	000000001.287121
000000066.659203	000000005.246193	000000001.400629
000000009.790849	000000000.727586	-00000000.205655
000000077.543594	000000005.422376	000000001.628273
000000009.926518	000000000.650618	-00000000.208377
000000058.916954	000000003.603515	000000001.236441
000000009.722202	000000000.552067	-00000000.203979
000000009.786568	000000000.470083	-00000000.205236
000000009.650435	000000000.379167	-00000000.202304
000000009.683356	000000000.295853	-00000000.202932
000000009.625597	000000000.210031	-00000000.201676
000000009.966960	000000000.130475	-00000000.208796
000000009.627796	000000000.042009	-00000000.201676
000000014.669503	000000000.064008	-00000000.102415
000000009.837749	-00000000.042926	-00000000.206073
000000009.657054	-00000000.126418	-00000000.202304
000000014.708382	-00000000.192543	-00000000.102694
000000009.995428	-00000000.218101	-00000000.209424
000000009.663370	-00000000.295243	-00000000.202513
000000009.640445	-00000000.378774	-00000000.202094
000000009.646759	-00000000.463367	-00000000.202304
000000015.381890	-00000000.738845	-00000000.107511
000000041.242393	-00000002.161422	000000000.288326
000000009.682275	-00000000.549799	-00000000.203141
000000029.284561	-00000001.791121	000000000.204830
000000037.838367	-00000002.314294	000000000.264660
000000029.338726	-00000001.794433	000000000.615707
000000047.351109	-00000002.896118	000000000.993718
000000078.506042	-00000004.801635	000000001.647540
000000009.637203	-00000000.631656	-00000000.202304
000000015.506350	-00000001.016340	-00000000.108489
000000029.257841	-00000002.045907	000000000.204760
000000031.352674	-00000002.192393	000000000.219421
000000029.371819	-00000002.053878	000000000.616754
000000043.145153	-00000003.017003	000000000.905969
000000009.731028	-00000000.723140	-00000000.204398
000000028.660675	-00000002.255644	000000000.200711
000000038.960953	-00000003.066293	000000000.818639
000000009.584857	-00000000.796440	-00000000.201466
000000015.575939	-00000001.294261	-00000000.109117
000000026.278975	-00000002.299112	000000000.184166
000000026.861479	-00000002.350075	000000000.564817
000000010.025556	-00000000.921219	-00000000.210890
000000020.463291	-00000001.880312	-00000000.143465
000000024.277121	-00000002.337621	000000000.170273
000000027.313007	-00000002.629943	000000000.191566
000000027.208164	-00000002.619848	000000000.572566
000000009.609288	-00000000.967604	-00000000.202304
000000015.541029	-00000001.564899	-00000000.109047
000000018.297024	-00000001.842414	-00000000.128385
000000020.794334	-00000002.093879	-00000000.145908
000000020.446871	-00000002.149053	000000000.143535
000000023.301081	-00000002.449042	000000000.163571
000000028.283514	-00000002.972717	000000000.198547
000000053.861435	-00000005.661065	000000001.134451
000000010.027829	-00000001.098226	-00000000.211309
000000017.027769	-00000001.864844	-00000000.119589
000000019.194759	-00000002.102168	-00000000.134808
000000020.904495	-00000002.289415	-00000000.146816
000000025.991207	-00000002.961324	000000000.182630
000000028.286301	-00000003.222817	000000000.198756
000000064.250137	-00000007.320378	000000001.354556
000000009.590938	-00000001.135162	-00000000.202304
000000015.491490	-00000001.833539	-00000000.108908
000000021.855333	-00000002.683498	000000000.153727
000000028.306726	-00000003.475629	000000000.199106
000000028.400442	-00000003.487136	000000000.599372
000000010.007134	-00000001.273068	-00000000.211309
000000016.595839	-00000002.111257	-00000000.116796
000000021.672457	-00000002.853233	000000000.152610
000000028.424032	-00000003.742095	000000000.200153
000000028.398664	-00000003.738755	000000000.600000
000000030.222525	-00000003.978871	000000000.638534
000000009.569665	-00000001.302374	-00000000.202304
000000015.675117	-00000002.133290	-00000000.110444
000000021.696245	-00000003.049208	000000000.152959
000000021.741516	-00000003.055571	000000000.459896
000000010.042758	-00000001.456131	-00000000.212566
000000015.487666	-00000002.245605	-00000000.109257
000000021.668810	-00000003.238425	000000000.152959
000000048.697956	-00000007.277958	000000000.343757
000000049.163086	-00000007.347472	000000001.041257
000000009.565242	-00000001.472232	-00000000.202723
000000012.294917	-00000001.892369	-00000000.086847
000000014.657044	-00000002.255935	-00000000.103532
000000030.242281	-00000004.789907	000000000.213766
000000030.167261	-00000004.778025	000000000.639791
000000009.640841	-00000001.570111	-00000000.204607
000000011.693342	-00000001.904382	-00000000.248168
000000014.113705	-00000002.298563	-00000000.099832
000000017.686544	-00000002.880437	-00000000.125104
000000029.716061	-00000004.972763	000000000.210345
000000017.364681	-00000002.905851	000000000.368796
000000029.690548	-00000004.968493	000000000.630576
000000009.538091	-00000001.638944	-00000000.202723
000000013.166708	-00000002.262454	-00000000.093270
000000017.483337	-00000003.004187	-00000000.123848
000000017.381433	-00000003.064816	000000000.123219
000000017.427275	-00000003.072899	000000000.370681
000000029.301451	-00000005.166636	000000000.623246
000000031.063869	-00000005.477398	000000000.660733
000000010.192426	-00000001.843091	-00000000.216963
000000012.752856	-00000002.306092	-00000000.090477
000000029.221622	-00000005.415908	000000000.207483
000000029.284740	-00000005.427606	000000000.623875
000000009.616080	-00000001.825670	-00000000.205026
000000011.995427	-00000002.277403	-00000000.085241
000000014.363074	-00000002.726915	-00000000.102066
000000017.978403	-00000003.413306	-00000000.127757
000000025.600212	-00000004.976177	000000000.182071
000000029.251776	-00000005.685969	000000000.208042
000000029.393288	-00000005.713476	000000000.627226
000000009.864536	-00000001.962178	-00000000.210681
000000011.788753	-00000002.344929	-00000000.083915
000000022.361359	-00000004.447951	-00000000.159173
000000028.495516	-00000005.797478	000000000.203015
000000028.862249	-00000005.872091	000000000.616964
000000009.347834	-00000001.944352	-00000000.200000
000000010.553853	-00000002.195204	-00000000.075258
000000013.304904	-00000002.767424	-00000000.094875
000000022.713303	-00000004.724374	-00000000.161965
000000025.313843	-00000005.380623	000000000.180675
000000025.367584	-00000005.392046	000000000.543246
000000010.014422	-00000002.174344	-00000000.214660
000000010.886089	-00000002.363602	-00000000.077771
000000017.198849	-00000003.734236	-00000000.122870
000000025.148773	-00000005.575349	000000000.179837
000000025.212194	-00000005.589409	000000000.540943
000000009.585512	-00000002.168980	-00000000.205864
000000012.942477	-00000002.928584	-00000000.092641
000000013.085471	-00000003.021019	000000000.093758
000000013.121886	-00000003.029426	000000000.282094
000000009.400782	-00000002.213590	-00000000.202304
000000009.684888	-00000002.280488	-00000000.069464
000000013.091632	-00000003.082670	-00000000.093898
000000017.199192	-00000004.049872	-00000000.123359
000000018.124533	-00000004.351315	000000000.130131
000000021.449957	-00000005.149679	000000000.154007
000000027.225695	-00000006.536311	000000000.195475
000000018.004341	-00000004.322460	000000000.387854
000000031.624254	-00000007.592312	000000000.681257
000000009.167458	-00000002.243263	-00000000.197696
000000009.946301	-00000002.433844	-00000000.071488
000000017.172909	-00000004.202184	-00000000.123429
000000021.388432	-00000005.233716	-00000000.153727
000000025.149452	-00000006.270463	000000000.180954
000000030.437435	-00000007.588905	000000000.219002
000000017.985338	-00000004.484249	000000000.388272
000000030.567312	-00000007.621287	000000000.659896
000000009.225055	-00000002.342865	-00000000.199372
000000010.891766	-00000002.766156	-00000000.235393
000000012.299240	-00000003.123609	-00000000.088592
000000017.998178	-00000004.570955	-00000000.129642
000000017.919977	-00000004.634421	000000000.129223
000000017.868086	-00000004.621001	000000000.386597
000000008.556480	-00000002.252733	-00000000.185340
000000010.818871	-00000002.848371	-00000000.234346
000000012.549503	-00000003.304008	-00000000.271833
000000014.476325	-00000003.811298	-00000000.104509
000000015.830157	-00000004.167733	-00000000.114283
000000017.976946	-00000004.732935	-00000000.129782
000000017.946465	-00000004.808741	000000000.129712
000000017.913994	-00000004.800040	000000000.388482
000000008.517203	-00000002.322056	-00000000.184922
000000011.198724	-00000003.053123	-00000000.243141
000000012.645588	-00000003.447583	-00000000.274555
000000015.831774	-00000004.316237	-00000000.114562
000000017.674473	-00000004.818614	-00000000.127897
000000027.337530	-00000007.581368	000000000.198058
000000029.669460	-00000008.228069	000000000.214953
000000017.736546	-00000004.918779	000000000.385550
000000029.914164	-00000008.295932	000000000.650262
000000008.284922	-00000002.336590	-00000000.180314
000000011.556553	-00000003.259285	-00000000.251518
000000015.812755	-00000004.459658	-00000000.114702
000000017.343021	-00000004.891238	-00000000.125802
000000020.990637	-00000005.919972	-00000000.152261
000000015.908493	-00000004.561687	000000000.115540
000000027.549089	-00000007.899574	000000000.200083
000000030.163656	-00000008.649289	000000000.219072
000000030.100113	-00000008.631068	000000000.655917
000000008.273814	-00000002.411597	-00000000.180524
000000009.617590	-00000002.803272	-00000000.209843
000000011.345301	-00000003.306854	-00000000.247539
000000017.530083	-00000005.109553	-00000000.127478
000000020.630968	-00000006.013379	-00000000.150027
000000023.395845	-00000006.819267	-00000000.170133
000000027.210640	-00000008.060159	000000000.198128
000000029.598045	-00000008.767341	000000000.215512
000000017.168695	-00000005.085599	000000000.375079
000000008.453501	-00000002.544215	-00000000.184922
000000011.507483	-00000003.463360	-00000000.251728
000000012.189586	-00000003.668649	-00000000.088871
000000017.762516	-00000005.345910	-00000000.129502
000000021.037329	-00000006.331518	-00000000.153378
000000017.687757	-00000005.407690	000000000.387435
000000007.829446	-00000002.431108	-00000000.171728
000000010.684329	-00000003.317572	-00000000.234346
000000011.954227	-00000003.711886	-00000000.262199
000000018.087637	-00000005.616361	-00000000.132225
000000020.752077	-00000006.443691	-00000000.151703
000000024.094566	-00000007.481562	-00000000.176137
000000007.484190	-00000002.395708	-00000000.164607
000000012.304654	-00000003.938751	-00000000.090198
000000021.114100	-00000006.758677	-00000000.154775
000000024.009312	-00000007.685441	-00000000.175998
000000022.225651	-00000007.221551	000000000.163152
000000016.896568	-00000005.490028	000000000.372147
000000022.392467	-00000007.275754	000000000.493194
000000007.643402	-00000002.520416	-00000000.168586
000000020.674446	-00000006.817410	-00000000.151982
000000021.814056	-00000007.193197	-00000000.160360
000000024.036299	-00000007.925982	-00000000.176696
000000020.492775	-00000006.856787	000000000.150865
000000016.317070	-00000005.459615	000000000.360419
000000020.403450	-00000006.826899	000000000.450681
000000021.740294	-00000007.274200	000000000.480210
000000008.416363	-00000002.856970	-00000000.186178
000000012.922761	-00000004.386686	-00000000.285864
000000015.374772	-00000005.219032	-00000000.340105
000000020.888769	-00000007.090782	-00000000.154007
000000020.422705	-00000007.032101	000000000.150795
000000020.182394	-00000006.949356	000000000.447121
000000008.353355	-00000002.917122	-00000000.185340
000000008.562678	-00000002.990221	-00000000.063320
000000021.213163	-00000007.407968	-00000000.156869
000000008.389304	-00000002.970809	000000000.062133
000000020.181463	-00000007.146631	000000000.149469
000000019.998465	-00000007.081828	000000000.444398
000000008.261713	-00000002.966258	-00000000.183874
000000008.395085	-00000003.014144	-00000000.062273
000000008.428838	-00000003.067846	000000000.062622
000000008.445984	-00000003.074087	000000000.188272
000000018.883680	-00000006.873097	000000000.420943
000000008.301172	-00000003.062464	-00000000.185340
000000008.443517	-00000003.114978	-00000000.062831
000000018.838423	-00000006.949861	-00000000.140184
000000008.401745	-00000003.141284	000000000.062622
000000018.620588	-00000006.961953	000000000.138787
000000021.327507	-00000007.974028	000000000.158963
000000008.465659	-00000003.165180	000000000.189319
000000018.673147	-00000006.981604	000000000.417592
000000008.077797	-00000003.060403	-00000000.180943
000000020.848942	-00000007.898957	-00000000.467016
000000018.159883	-00000006.880164	-00000000.135576
000000018.167032	-00000006.973670	000000000.135855
000000018.256828	-00000007.008140	000000000.409634
000000008.116008	-00000003.156143	-00000000.182408
000000019.996502	-00000007.776214	-00000000.449424
000000018.127111	-00000007.049248	-00000000.135786
000000017.770542	-00000007.000003	000000000.133342
000000017.608942	-00000006.936347	000000000.396440
000000008.013868	-00000003.197209	-00000000.180733
000000020.076460	-00000008.009695	-00000000.452775
000000017.303299	-00000006.903316	-00000000.130061
000000018.863663	-00000007.525838	-00000000.141789
000000017.690237	-00000007.147320	000000000.133202
000000017.455044	-00000007.052295	000000000.394346
000000008.337292	-00000003.410876	-00000000.188691
000000011.872080	-00000004.856996	-00000000.268691
000000017.090982	-00000006.992106	-00000000.386806
000000017.112827	-00000007.001042	-00000000.129083
000000019.139711	-00000007.830263	-00000000.144372
000000017.026686	-00000007.052684	000000000.128665
000000017.069550	-00000007.070439	000000000.387016
000000008.362528	-00000003.506699	-00000000.189948
000000016.771156	-00000007.032730	-00000000.380943
000000018.910194	-00000007.929702	-00000000.429529
000000016.774427	-00000007.034101	-00000000.126989
000000016.237309	-00000006.892329	000000000.123149
000000016.519440	-00000007.012086	000000000.375916
000000006.071878	-00000002.608685	-00000000.138429
000000016.635660	-00000007.147243	-00000000.379267
000000016.427586	-00000007.057848	-00000000.124825
000000015.965627	-00000006.942052	000000000.121544
000000016.145887	-00000007.020432	000000000.368796
000000006.259357	-00000002.754183	-00000000.143246
000000015.730754	-00000006.921698	-00000000.360000
000000015.825351	-00000006.963321	-00000000.120706
000000017.820679	-00000007.841287	-00000000.135925
000000015.858764	-00000007.060776	000000000.121195
000000015.663868	-00000006.974003	000000000.359162
000000015.660637	-00000007.054603	-00000000.359791
000000016.010151	-00000007.212047	-00000000.122591
000000015.559958	-00000007.091082	000000000.119380
000000015.629706	-00000007.122868	000000000.359791
000000014.209323	-00000006.550588	-00000000.327749
000000015.534923	-00000007.161697	-00000000.358325
000000017.332651	-00000007.990462	-00000000.399791
000000015.746819	-00000007.259383	-00000000.121055
000000015.515612	-00000007.235049	000000000.119519
000000015.594135	-00000007.271665	000000000.360419
000000015.824493	-00000007.463316	-00000000.366492
000000015.601471	-00000007.358131	-00000000.120427
000000015.054756	-00000007.180750	000000000.116447
000000015.015725	-00000007.162133	000000000.348482
000000015.623688	-00000007.535972	-00000000.363351
000000015.626734	-00000007.537442	-00000000.121125
000000014.685937	-00000007.162810	000000000.114074
000000015.051498	-00000007.341106	000000000.350786
000000005.093120	-00000002.511649	-00000000.118953
000000016.283636	-00000008.030201	-00000000.380314
000000014.349614	-00000007.076447	-00000000.111700
000000014.372295	-00000007.165762	000000000.112119
000000014.369493	-00000007.164365	000000000.336335
000000014.097045	-00000007.105495	-00000000.330681
000000015.846900	-00000007.987495	-00000000.371728
000000014.358751	-00000007.237407	-00000000.112259
000000014.086471	-00000007.177415	000000000.110374
000000013.994642	-00000007.130627	000000000.329005
000000005.288492	-00000002.723752	-00000000.124607
000000013.794520	-00000007.104645	-00000000.325026
000000014.143918	-00000007.284596	-00000000.111072
000000013.801553	-00000007.184634	000000000.108628
000000013.825466	-00000007.197082	000000000.326492
000000005.344153	-00000002.811695	-00000000.126492
000000013.705452	-00000007.210787	-00000000.324398
000000015.598909	-00000008.206984	-00000000.369215
000000013.699274	-00000007.207537	-00000000.108070
000000013.782475	-00000007.328272	000000000.108977
000000013.700341	-00000007.284601	000000000.325026
000000013.280919	-00000007.136095	-00000000.315812
000000013.195421	-00000007.090156	-00000000.104579
000000013.357695	-00000007.252636	000000000.106115
000000013.381449	-00000007.265534	000000000.318953
000000005.127727	-00000002.813167	-00000000.122513
000000013.516162	-00000007.415220	-00000000.322932
000000013.194416	-00000007.238705	-00000000.105068
000000013.022770	-00000007.218639	000000000.103951
000000012.705437	-00000007.042739	000000000.304293
000000005.294889	-00000002.965281	-00000000.127120
000000013.250307	-00000007.420529	-00000000.318115
000000014.672164	-00000008.216806	-00000000.352251
000000013.933422	-00000007.803091	-00000000.111491
000000012.724290	-00000007.199057	000000000.102066
000000012.338938	-00000006.981035	000000000.296964
000000012.898604	-00000007.372160	-00000000.311204
000000012.432303	-00000007.105647	-00000000.099972
000000013.085324	-00000007.554816	000000000.105487
000000012.476689	-00000007.203420	000000000.301780
000000012.522868	-00000007.303121	-00000000.303665
000000006.927793	-00000004.040169	-00000000.055990
000000012.309356	-00000007.178604	-00000000.099483
000000012.226219	-00000007.201794	000000000.099064
000000011.999862	-00000007.068459	000000000.291728
000000004.502302	-00000002.678588	-00000000.109738
000000012.175118	-00000007.243434	-00000000.296754
000000011.997021	-00000007.137477	-00000000.097458
000000011.751477	-00000007.061000	000000000.095713
000000006.067413	-00000003.645670	000000000.148272
000000011.792035	-00000007.085370	000000000.288168
000000006.547189	-00000003.972932	-00000000.160419
000000011.923405	-00000007.235300	-00000000.292147
000000006.710895	-00000004.072271	-00000000.054803
000000012.036866	-00000007.304150	-00000000.098296
000000011.697938	-00000007.168506	000000000.095783
000000011.900247	-00000007.292480	000000000.292356
000000006.707808	-00000004.150917	-00000000.165236
000000011.689778	-00000007.233855	-00000000.287958
000000011.513489	-00000007.124763	-00000000.094526
000000013.443742	-00000008.319240	-00000000.110374
000000014.991343	-00000009.276925	-00000000.123080
000000011.261804	-00000007.037156	000000000.092711
000000006.630282	-00000004.143060	000000000.163770
000000011.513968	-00000007.194726	000000000.284398
000000006.434577	-00000004.059916	-00000000.159372
000000011.533197	-00000007.276906	-00000000.285655
000000011.383219	-00000007.182276	-00000000.093968
000000006.477088	-00000004.126360	000000000.053616
000000011.107195	-00000007.076064	000000000.091943
000000011.290535	-00000007.192864	000000000.280419
000000006.718428	-00000004.321438	-00000000.167330
000000011.191774	-00000007.198792	-00000000.278744
000000006.433792	-00000004.138354	-00000000.053407
000000011.572415	-00000007.443627	-00000000.096062
000000014.288904	-00000009.190932	-00000000.118612
000000006.533084	-00000004.242635	000000000.054384
000000011.204366	-00000007.276200	000000000.093270
000000012.554593	-00000008.153048	000000000.104509
000000005.601090	-00000003.637391	000000000.139895
000000010.992559	-00000007.138651	000000000.274555
000000006.496518	-00000004.259304	-00000000.162723
000000006.690126	-00000004.386239	-00000000.055850
000000011.164148	-00000007.319536	-00000000.093200
000000011.015364	-00000007.290910	000000000.092222
000000010.779779	-00000007.134980	000000000.270785
000000004.522202	-00000003.021639	-00000000.113927
000000006.442476	-00000004.304725	-00000000.162304
000000011.105997	-00000007.420790	-00000000.279791
000000004.581286	-00000003.061117	-00000000.038467
000000010.883672	-00000007.272237	-00000000.091385
000000012.130846	-00000008.105573	-00000000.101857
000000004.484984	-00000003.025160	000000000.037769
000000006.665299	-00000004.495801	000000000.056129
000000011.042511	-00000007.448268	000000000.092990
000000004.467532	-00000003.013389	000000000.112880
000000010.692239	-00000007.212006	000000000.270157
000000004.454341	-00000003.032853	-00000000.112880
000000004.471742	-00000003.044700	-00000000.037769
000000004.408967	-00000003.030200	000000000.037350
000000004.482263	-00000003.080574	000000000.113927
000000004.361989	-00000003.026019	-00000000.111204
000000004.403920	-00000003.055108	-00000000.037420
000000004.464270	-00000003.125915	000000000.038048
000000004.479779	-00000003.136775	000000000.114555
000000003.380154	-00000002.388857	-00000000.086702
000000005.984670	-00000004.229547	-00000000.153508
000000010.320086	-00000007.293516	-00000000.264712
000000010.869234	-00000007.681615	-00000000.092921
000000010.306451	-00000007.351520	000000000.088383
000000010.304441	-00000007.350087	000000000.265131
000000005.963760	-00000004.293293	-00000000.153927
000000010.377754	-00000007.470914	-00000000.267854
000000010.249929	-00000007.378893	-00000000.088173
000000010.347075	-00000007.517590	000000000.089290
000000006.106739	-00000004.436806	000000000.158115
000000010.126672	-00000007.357458	000000000.262199
000000005.748689	-00000004.215113	-00000000.149319
000000010.247663	-00000007.513897	-00000000.266178
000000010.443203	-00000007.657273	-00000000.090407
000000005.948396	-00000004.401581	000000000.051661
000000009.927391	-00000007.345882	000000000.086219
000000005.907052	-00000004.370988	000000000.153927
000000009.973676	-00000007.380132	000000000.259895
000000003.420604	-00000002.554286	-00000000.089424
000000005.727708	-00000004.277083	-00000000.149738
000000009.941379	-00000007.423580	-00000000.259895
000000006.009257	-00000004.487325	-00000000.052359
000000010.688465	-00000007.981456	-00000000.093130
000000005.957676	-00000004.489431	000000000.052080
000000005.932560	-00000004.470505	000000000.155602
000000009.805093	-00000007.388668	000000000.257173
000000005.204711	-00000003.957754	-00000000.136963
000000005.349003	-00000004.067476	-00000000.046914
000000005.918272	-00000004.541250	000000000.052080
000000006.028163	-00000004.625572	000000000.159162
000000005.834009	-00000004.517173	-00000000.154555
000000005.945841	-00000004.603762	-00000000.052499
000000005.957216	-00000004.654287	000000000.052778
000000005.948176	-00000004.647225	000000000.158115
000000005.700150	-00000004.493637	-00000000.152042
000000005.905439	-00000004.655473	-00000000.052499
000000005.916373	-00000004.706096	000000000.052778
000000005.946517	-00000004.730073	000000000.159162
000000005.746488	-00000004.612044	-00000000.154346
000000005.903582	-00000004.738125	-00000000.052848
000000005.805139	-00000004.700909	000000000.052150
000000009.651917	-00000007.815969	000000000.086707
000000005.741849	-00000004.649658	000000000.154764
000000009.277087	-00000007.512437	000000000.250052
000000005.543435	-00000004.529177	-00000000.149948
000000009.654558	-00000007.888105	-00000000.261152
000000005.490310	-00000004.485772	-00000000.049497
000000009.633209	-00000007.870662	-00000000.086847
000000005.486117	-00000004.522406	000000000.049637
000000006.967600	-00000005.743646	000000000.063041
000000009.513899	-00000007.842653	000000000.086079
000000005.724199	-00000004.718665	000000000.155393
000000009.280607	-00000007.650342	000000000.251937
000000005.342278	-00000004.443126	-00000000.145550
000000006.887312	-00000005.728117	-00000000.187644
000000009.562294	-00000007.952877	-00000000.260524
000000005.381762	-00000004.475964	-00000000.048869
000000006.950161	-00000005.780388	-00000000.063111
000000009.602600	-00000007.986398	-00000000.087196
000000005.339200	-00000004.480120	000000000.048659
000000009.322534	-00000007.822535	000000000.084962
000000005.544945	-00000004.652761	000000000.151623
000000009.443256	-00000007.923833	000000000.258220
000000003.304072	-00000002.797103	-00000000.090681
000000005.341455	-00000004.521876	-00000000.146597
000000009.706188	-00000008.216895	-00000000.266388
000000005.304336	-00000004.490452	-00000000.048520
000000009.708080	-00000008.218497	-00000000.088802
000000005.292296	-00000004.520048	000000000.048590
000000009.215896	-00000007.871119	000000000.084613
000000005.314072	-00000004.538646	000000000.146388
000000006.629286	-00000005.661945	000000000.182618
000000009.236906	-00000007.889063	000000000.254450
000000009.581095	-00000008.255600	-00000000.264922
000000008.552700	-00000007.369478	-00000000.078818
000000006.558266	-00000005.701014	000000000.060667
000000008.935544	-00000007.767550	000000000.082658
000000005.304445	-00000004.611084	000000000.147225
000000009.695891	-00000008.428510	000000000.269110
000000008.396209	-00000007.363277	-00000000.233927
000000008.465510	-00000007.424053	-00000000.078609
000000008.410567	-00000007.441041	000000000.078400
000000008.236706	-00000007.287222	000000000.230367
000000008.346551	-00000007.449582	-00000000.234346
000000008.295956	-00000007.404424	-00000000.077632
000000008.226413	-00000007.407095	000000000.077283
000000005.906705	-00000005.318421	000000000.166492
000000008.217380	-00000007.398962	000000000.231623
000000008.133213	-00000007.387691	-00000000.230157
000000008.119995	-00000007.375684	-00000000.076584
000000006.089763	-00000005.580239	000000000.057665
000000007.962401	-00000007.296196	000000000.075398
000000006.118060	-00000005.606169	000000000.173822
000000007.828168	-00000007.173194	000000000.222409
000000005.161155	-00000004.770923	-00000000.147225
000000006.159615	-00000005.693890	-00000000.175707
000000008.083117	-00000007.471957	-00000000.230576
000000005.742262	-00000005.308093	-00000000.054593
000000007.879088	-00000007.283354	-00000000.074909
000000005.777554	-00000005.387656	000000000.055152
000000007.825294	-00000007.297204	000000000.074699
000000005.586317	-00000005.209325	000000000.160000
000000007.860328	-00000007.329875	000000000.225131
000000008.054016	-00000007.576462	-00000000.231623
000000007.713261	-00000007.255911	-00000000.073932
000000007.717795	-00000007.323915	000000000.074281
000000004.619621	-00000004.383857	000000000.133403
000000007.759803	-00000007.363779	000000000.224084
000000007.742043	-00000007.411394	-00000000.224503
000000009.280341	-00000008.883994	-00000000.269110
000000007.743553	-00000007.412839	-00000000.074839
000000007.639203	-00000007.377092	000000000.074141
000000005.472975	-00000005.285191	000000000.159372
000000007.580179	-00000007.320094	000000000.220733
000000007.669911	-00000007.471697	-00000000.224293
000000023.733040	-00000023.119703	-00000000.694032
000000007.427870	-00000007.235910	-00000000.072396
000000007.439021	-00000007.310306	000000000.072815
000000007.366261	-00000007.238805	000000000.216335
000000004.742998	-00000004.701787	-00000000.139895
000000007.370108	-00000007.306070	-00000000.217382
000000004.843346	-00000004.801263	-00000000.047612
000000007.272121	-00000007.208935	-00000000.071488
000000004.659720	-00000004.659720	000000000.046007
000000007.141605	-00000007.141605	000000000.070511
000000004.708298	-00000004.708298	000000000.139477
000000007.217977	-00000007.217977	000000000.213822
000000007.510190	-00000007.576016	-00000000.223456
000000007.194855	-00000007.257918	-00000000.071348
000000008.250852	-00000008.323170	-00000000.081820
000000007.093029	-00000007.217918	000000000.070650
000000007.196760	-00000007.323476	000000000.215079
000000007.353098	-00000007.548167	-00000000.220733
000000007.221955	-00000007.413545	-00000000.072256
000000007.022825	-00000007.272348	000000000.070581
000000007.042291	-00000007.292506	000000000.212356
000000007.307690	-00000007.633712	-00000000.221361
000000007.046346	-00000007.360709	-00000000.071139
000000006.855844	-00000007.224553	000000000.069533
000000006.806334	-00000007.172379	000000000.207121
000000007.199694	-00000007.653500	-00000000.220105
000000006.831108	-00000007.261682	-00000000.069603
000000006.731160	-00000007.218285	000000000.068905
000000006.620752	-00000007.099887	000000000.203351
000000007.078339	-00000007.657304	-00000000.218429
000000007.235839	-00000007.827687	-00000000.074420
000000006.465240	-00000007.055572	000000000.066811
000000006.605823	-00000007.208991	000000000.204817
000000006.809582	-00000007.496765	-00000000.212147
000000006.831080	-00000007.520433	-00000000.070930
000000004.509830	-00000005.008674	000000000.047054
000000006.490408	-00000007.208329	000000000.067718
000000006.161341	-00000006.842863	000000000.192880
000000006.464293	-00000007.242629	-00000000.203351
000000006.685289	-00000007.490233	-00000000.070092
000000006.341119	-00000007.167331	000000000.066811
000000006.432630	-00000007.270765	000000000.203351
000000006.361291	-00000007.253663	-00000000.202094
000000006.533957	-00000007.450551	-00000000.069184
000000006.278332	-00000007.222394	000000000.066811
000000006.185280	-00000007.115351	000000000.197487
000000006.434799	-00000007.467952	-00000000.206492
000000006.279396	-00000007.287598	-00000000.067160
000000006.202078	-00000007.261700	000000000.066671
000000006.155417	-00000007.207067	000000000.198534
000000006.194970	-00000007.317794	-00000000.200838
000000006.532154	-00000007.716092	-00000000.070581
000000006.106333	-00000007.277245	000000000.066322
000000006.986931	-00000008.326700	000000000.075886
000000006.002320	-00000007.153286	000000000.195602
000000006.048956	-00000007.337971	000000000.066392
000000007.620031	-00000009.243837	000000000.083635
000000005.907871	-00000007.166820	000000000.194555
000000005.896588	-00000007.281680	000000000.065414
000000005.908023	-00000007.295800	000000000.196649
000000005.670970	-00000007.129386	000000000.063599
000000005.769445	-00000007.253187	000000000.194136
000000005.670104	-00000007.257402	000000000.064297
000000005.656688	-00000007.240230	000000000.192461
000000005.539594	-00000007.219340	000000000.063529
000000005.398530	-00000007.035501	000000000.185759
000000005.608779	-00000007.443101	000000000.065065
000000005.451249	-00000007.234051	000000000.189738
000000006.877237	-00000009.126402	000000000.239372
000000005.501976	-00000007.435495	000000000.064577
000000005.263027	-00000007.112573	000000000.185340
000000005.201773	-00000007.159626	000000000.061784
000000005.212512	-00000007.174407	000000000.185759
000000005.226199	-00000007.326861	000000000.062831
000000006.497908	-00000009.109731	000000000.078120
000000005.190346	-00000007.276596	000000000.187225
000000005.116177	-00000007.306658	000000000.062273
000000006.154325	-00000008.789287	000000000.074909
000000005.040631	-00000007.198767	000000000.184084
000000004.927614	-00000007.169723	000000000.060737
000000004.932316	-00000007.176565	000000000.182408
000000004.904003	-00000007.270483	000000000.061226
000000006.061503	-00000008.986548	000000000.075677
000000004.858320	-00000007.202756	000000000.181990
000000004.729985	-00000007.146227	000000000.059829
000000004.850462	-00000007.328249	000000000.184084
000000004.645658	-00000007.153686	000000000.059550
000000004.786327	-00000007.370297	000000000.184084
000000004.588427	-00000007.202387	000000000.059620
000000004.754059	-00000007.462378	000000000.185340
000000004.525400	-00000007.242154	000000000.059620
000000004.572200	-00000007.317050	000000000.180733
000000004.456804	-00000007.272843	000000000.059550
000000004.544741	-00000007.416342	000000000.182199
000000004.413769	-00000007.345745	000000000.059829
000000004.382013	-00000007.292894	000000000.178220
000000004.288595	-00000007.280589	000000000.058992
000000004.323279	-00000007.339471	000000000.178429
000000004.249897	-00000007.361037	000000000.059341
000000004.214076	-00000007.298993	000000000.176545
