000000002.793199	000000003.241667	-00000000.089634
000000002.802747	000000003.140213	-00000000.088168
000000004.480401	000000005.019865	-00000000.140942
000000004.088414	000000004.580680	-00000000.042865
000000005.859616	000000006.565145	-00000000.061435
000000002.809877	000000003.093433	-00000000.087539
000000004.282872	000000004.715075	-00000000.044471
000000006.010812	000000006.617388	-00000000.062412
000000002.829978	000000003.061453	-00000000.087330
000000004.730204	000000005.117105	-00000000.145969
000000005.640697	000000006.102072	-00000000.058014
000000004.548617	000000004.835322	-00000000.139058
000000005.940392	000000006.314823	-00000000.060528
000000002.959027	000000003.091040	-00000000.089634
000000004.645948	000000004.853221	-00000000.140733
000000005.193137	000000005.424821	-00000000.052429
000000002.985888	000000003.065100	-00000000.089634
000000004.890439	000000005.020175	-00000000.146806
000000005.805475	000000005.959486	-00000000.058084
000000002.899904	000000002.925322	-00000000.086283
000000004.969254	000000005.012809	-00000000.147853
000000005.118062	000000005.162922	-00000000.050754
000000004.430584	000000004.392088	-00000000.130681
000000005.027990	000000004.984303	-00000000.049427
000000004.848300	000000004.723005	-00000000.141780
000000004.928037	000000004.800682	-00000000.048031
000000004.802667	000000004.597553	-00000000.139267
000000004.738592	000000004.536215	-00000000.045797
000000006.479447	000000006.202721	-00000000.062622
000000004.849886	000000004.562318	-00000000.139477
000000005.353396	000000005.035972	-00000000.051312
000000004.801416	000000004.438383	-00000000.136963
000000004.978585	000000004.602157	-00000000.047333
000000003.470862	000000003.152709	-00000000.098220
000000004.876968	000000004.429925	-00000000.138011
000000004.196935	000000003.812227	-00000000.039584
000000003.796599	000000003.388594	-00000000.106597
000000004.855769	000000004.333939	-00000000.136335
000000004.050992	000000003.615649	-00000000.037908
000000003.826025	000000003.355334	-00000000.106597
000000003.879399	000000003.402141	-00000000.036023
000000003.870308	000000003.334871	-00000000.107016
000000003.954393	000000003.407323	-00000000.036442
000000005.908863	000000005.091402	-00000000.054454
000000005.082013	000000004.302242	-00000000.139477
000000006.044654	000000005.117177	-00000000.055292
000000005.349966	000000004.449520	-00000000.145759
000000006.158273	000000005.121782	-00000000.055920
000000005.442787	000000004.446943	-00000000.147225
000000006.287915	000000005.137442	-00000000.056688
000000005.520371	000000004.430566	-00000000.148272
000000006.433890	000000005.163743	-00000000.057595
000000005.590230	000000004.406982	-00000000.149110
000000006.533678	000000005.150736	-00000000.058084
000000005.328079	000000004.125439	-00000000.141152
000000004.886343	000000003.783411	-00000000.043144
000000006.855112	000000005.307795	-00000000.060528
000000004.950047	000000003.764103	-00000000.130262
000000004.966931	000000003.776942	-00000000.043563
000000006.901169	000000005.247771	-00000000.060528
000000005.110878	000000003.816474	-00000000.133613
000000004.919579	000000003.673623	-00000000.042865
000000006.890615	000000005.145466	-00000000.060039
000000008.164577	000000006.096779	-00000000.071139
000000003.862022	000000002.831752	-00000000.100314
000000006.127635	000000004.492968	-00000000.159162
000000005.015963	000000003.677856	-00000000.043423
000000007.023962	000000005.150182	-00000000.060807
000000005.209162	000000003.750060	-00000000.134450
000000007.661071	000000005.515182	-00000000.065903
000000006.450053	000000004.558447	-00000000.165445
000000004.924229	000000003.480101	-00000000.042097
000000007.112775	000000005.026812	-00000000.060807
000000006.506017	000000004.513384	-00000000.165864
000000007.337129	000000005.089947	-00000000.062343
000000005.421239	000000003.691190	-00000000.137382
000000007.273813	000000004.952563	-00000000.061435
000000006.583795	000000004.399151	-00000000.165864
000000007.865511	000000005.255566	-00000000.066043
000000006.672100	000000004.374420	-00000000.167121
000000007.827447	000000005.131899	-00000000.065345
000000009.745114	000000006.328551	000000000.081122
000000006.777288	000000004.359298	-00000000.168796
000000007.956035	000000005.117494	-00000000.066043
000000019.865944	000000012.656002	000000000.493403
000000006.738972	000000004.251975	-00000000.166911
000000007.171597	000000004.524940	-00000000.059201
000000009.794717	000000006.120419	000000000.080634
000000019.924759	000000012.450372	000000000.492147
000000006.682303	000000004.135134	-00000000.164607
000000008.231209	000000005.093627	-00000000.067579
000000020.075272	000000012.302142	000000000.493194
000000006.513000	000000003.952185	-00000000.159581
000000008.104366	000000004.917850	-00000000.066182
000000011.348619	000000006.818938	000000000.092432
000000007.601407	000000004.567386	000000000.185759
000000007.054179	000000004.196795	-00000000.171937
000000007.433684	000000004.422577	-00000000.060388
000000007.211660	000000004.247993	000000000.058433
000000007.563445	000000004.455209	000000000.183874
000000006.943714	000000004.049454	-00000000.168377
000000007.161022	000000004.176185	-00000000.057875
000000009.614255	000000005.606868	-00000000.077701
000000007.066595	000000004.079900	000000000.056967
000000010.383391	000000005.994854	000000000.083705
000000011.743019	000000006.779835	000000000.094666
000000011.870605	000000006.853497	000000000.287121
000000006.510063	000000003.720808	-00000000.157068
000000008.265052	000000004.723866	-00000000.066462
000000006.551008	000000003.668741	-00000000.157278
000000007.607980	000000004.260674	-00000000.060877
000000010.591386	000000005.870901	000000000.084543
000000020.277983	000000011.240270	000000000.485655
000000022.630194	000000012.544121	000000000.541990
000000006.985980	000000003.832640	-00000000.166911
000000008.872258	000000004.867487	-00000000.070650
000000017.365004	000000009.428428	000000000.137950
000000020.138071	000000010.934080	000000000.480000
000000022.668509	000000012.307996	000000000.540314
000000005.706920	000000003.066439	-00000000.135707
000000007.292175	000000003.918227	-00000000.173403
000000007.804502	000000004.193510	-00000000.061854
000000009.680753	000000005.201656	-00000000.076724
000000009.959406	000000005.295510	000000000.078749
000000011.010088	000000005.854168	000000000.087056
000000017.623203	000000009.370423	000000000.139346
000000011.652352	000000006.195665	000000000.276440
000000020.020861	000000010.645280	000000000.474974
000000005.830790	000000003.067727	-00000000.138011
000000007.388026	000000003.887029	-00000000.174869
000000008.318681	000000004.376670	-00000000.065624
000000009.579484	000000004.986763	000000000.075398
000000017.881702	000000009.308625	000000000.140742
000000011.617293	000000006.047580	000000000.274346
000000006.950590	000000003.579789	-00000000.163770
000000008.072079	000000004.157394	-00000000.063390
000000009.685005	000000004.934756	000000000.075886
000000011.725360	000000005.974370	000000000.091873
000000017.178188	000000008.752724	000000000.134599
000000007.088698	000000003.572998	-00000000.166283
000000008.536671	000000004.302836	-00000000.066741
000000009.844038	000000004.908056	000000000.076794
000000011.884439	000000005.925363	000000000.092711
000000011.855280	000000005.910824	000000000.277487
000000007.567945	000000003.732098	-00000000.176754
000000008.394524	000000004.139721	-00000000.065345
000000009.338243	000000004.554565	000000000.072535
000000011.432382	000000005.575945	000000000.088802
000000011.825536	000000005.767699	000000000.275602
000000007.699281	000000003.713692	-00000000.179058
000000008.304235	000000004.005488	-00000000.064367
000000011.778451	000000005.618033	000000000.091105
000000011.830297	000000005.642763	000000000.274555
000000007.631927	000000003.599450	-00000000.176754
000000008.067543	000000003.804900	-00000000.062273
000000010.902617	000000005.083974	000000000.083985
000000011.906273	000000005.551986	000000000.275183
000000007.690286	000000003.545270	-00000000.177382
000000008.227577	000000003.792965	-00000000.063250
000000011.729115	000000005.345266	000000000.089988
000000011.972464	000000005.456166	000000000.275602
000000007.064606	000000003.182373	-00000000.162304
000000008.096250	000000003.647094	-00000000.061994
000000011.026225	000000004.909192	000000000.084264
000000012.110956	000000005.392145	000000000.277696
000000007.211073	000000003.172948	-00000000.165026
000000008.310825	000000003.656851	-00000000.063390
000000009.243740	000000004.019293	000000000.070371
000000011.297905	000000004.912469	000000000.086009
000000017.203629	000000007.480350	000000000.130968
000000020.812698	000000009.049619	000000000.475393
000000007.688596	000000003.303281	-00000000.175288
000000008.379171	000000003.599976	-00000000.063669
000000008.560487	000000003.633711	000000000.064926
000000011.156247	000000004.735546	000000000.084613
000000017.268250	000000007.329937	000000000.130968
000000021.277405	000000009.031723	000000000.484189
000000007.827769	000000003.282456	-00000000.177801
000000008.391825	000000003.518984	-00000000.063529
000000016.971254	000000007.029724	000000000.128246
000000017.097260	000000007.081917	000000000.387644
000000007.708061	000000003.153451	-00000000.174450
000000008.440723	000000003.453191	-00000000.063669
000000010.773029	000000004.407362	-00000000.081262
000000011.756405	000000004.749896	000000000.088522
000000017.152483	000000006.930053	000000000.129153
000000017.158409	000000006.932447	000000000.387644
000000007.763144	000000003.097181	-00000000.175079
000000008.405521	000000003.353463	-00000000.063180
000000008.308427	000000003.272776	000000000.062343
000000012.085830	000000004.760735	000000000.090687
000000017.351864	000000006.835081	000000000.130201
000000017.422899	000000006.863062	000000000.392252
000000023.850674	000000009.395030	000000000.536964
000000030.873785	000000012.161508	000000000.695079
000000007.566244	000000002.942351	-00000000.170052
000000008.276029	000000003.218371	-00000000.061994
000000008.233978	000000003.160728	000000000.061575
000000012.276283	000000004.712423	000000000.091804
000000017.718924	000000006.801658	000000000.132504
000000020.347589	000000007.810708	000000000.456545
000000024.659786	000000009.466004	000000000.553299
000000007.666427	000000002.904549	-00000000.171728
000000008.088722	000000003.064543	-00000000.060388
000000011.333458	000000004.237406	000000000.084473
000000017.908737	000000006.695802	000000000.133482
000000020.293234	000000007.587329	000000000.453822
000000021.454453	000000008.021491	000000000.479791
000000007.578923	000000002.796012	-00000000.169215
000000008.011959	000000002.955768	-00000000.059620
000000012.751318	000000004.641100	000000000.094736
000000017.769154	000000006.467443	000000000.132016
000000020.612335	000000007.502276	000000000.459477
000000033.605434	000000012.231378	000000000.749110
000000007.734770	000000002.777066	-00000000.172147
000000008.743312	000000003.139170	-00000000.064856
000000011.435010	000000004.105588	-00000000.084822
000000012.913874	000000004.573042	000000000.095643
000000017.985161	000000006.368880	000000000.133202
000000020.064436	000000007.105190	000000000.445864
000000021.449816	000000007.595778	000000000.476649
000000007.711516	000000002.692982	-00000000.171100
000000008.562678	000000002.990221	-00000000.063320
000000011.064454	000000003.863880	-00000000.081820
000000012.934380	000000004.453664	000000000.095504
000000012.931858	000000004.452796	000000000.286492
000000008.094477	000000002.747705	-00000000.179058
000000008.796766	000000002.986100	-00000000.064856
000000011.675364	000000003.963252	-00000000.086079
000000012.868438	000000004.305719	000000000.094736
000000017.903913	000000005.990566	000000000.131806
000000020.100054	000000006.725384	000000000.443979
000000036.208538	000000012.115207	000000000.799791
000000008.279560	000000002.730190	-00000000.182618
000000009.050412	000000002.984378	-00000000.066531
000000011.434099	000000003.770400	-00000000.084054
000000012.002041	000000003.899699	000000000.088104
000000017.917469	000000005.821738	000000000.131527
000000012.037735	000000003.911297	000000000.265131
000000019.777636	000000006.426144	000000000.435602
000000022.668215	000000007.365349	000000000.499267
000000008.845817	000000002.831568	-00000000.194555
000000009.447536	000000003.024180	-00000000.069254
000000017.881758	000000005.638096	000000000.130899
000000021.082058	000000006.647147	000000000.463037
000000026.507515	000000008.357787	000000000.582199
000000008.908381	000000002.766126	-00000000.195393
000000009.578616	000000002.974239	-00000000.070022
000000017.614704	000000005.385355	000000000.128595
000000022.764622	000000006.959843	000000000.498639
000000024.973204	000000007.635074	000000000.547016
000000009.018344	000000002.714213	-00000000.197278
000000010.418122	000000003.135499	-00000000.075956
000000017.680206	000000005.237115	000000000.128734
000000021.904226	000000006.488328	000000000.478534
000000009.176064	000000002.674579	-00000000.200210
000000011.059505	000000003.223552	-00000000.080424
000000011.755943	000000003.370963	000000000.085381
000000018.465385	000000005.294864	000000000.134110
000000011.715210	000000003.359282	000000000.255288
000000022.152222	000000006.352047	000000000.482723
000000009.622441	000000002.713809	-00000000.209424
000000010.942849	000000003.086203	-00000000.079377
000000011.621100	000000003.222816	000000000.084194
000000011.715177	000000003.248906	000000000.254660
000000009.771152	000000002.663922	-00000000.212147
000000010.843946	000000002.956399	-00000000.078469
000000018.265213	000000004.894149	000000000.132016
000000022.134165	000000005.930831	000000000.480000
000000024.191135	000000006.481995	000000000.524608
000000010.016398	000000002.637098	-00000000.216963
000000010.849991	000000002.856564	-00000000.078330
000000016.971241	000000004.468155	-00000000.122521
000000018.045832	000000004.666969	000000000.130131
000000022.572250	000000005.837581	000000000.488377
000000024.643633	000000006.373277	000000000.533194
000000047.322357	000000012.238394	000000001.023875
000000010.077790	000000002.559433	-00000000.217801
000000011.087731	000000002.815925	-00000000.079866
000000016.961128	000000004.307578	-00000000.122172
000000017.853006	000000004.451254	000000000.128455
000000022.661139	000000005.650056	000000000.489215
000000025.018440	000000006.237798	000000000.540105
000000010.410503	000000002.547434	-00000000.224503
000000011.510123	000000002.816509	-00000000.082728
000000016.920366	000000004.140388	-00000000.121614
000000017.920341	000000004.302293	000000000.128665
000000018.665409	000000004.481168	000000000.402094
000000010.227973	000000002.408368	-00000000.220105
000000011.719201	000000002.759506	-00000000.084054
000000016.955854	000000003.992573	-00000000.121614
000000018.317711	000000004.228977	000000000.131248
000000020.798239	000000004.801652	000000000.447121
000000010.843428	000000002.453617	-00000000.232880
000000012.679141	000000002.868997	-00000000.090756
000000016.980295	000000003.842249	-00000000.121544
000000018.461308	000000004.092773	000000000.132016
000000019.189770	000000004.254270	000000000.411728
000000021.200499	000000004.700037	000000000.454869
000000010.454080	000000002.269803	-00000000.224084
000000016.573435	000000003.598445	-00000000.118402
000000018.183321	000000003.864984	000000000.129782
000000021.925261	000000004.660358	000000000.469529
000000029.416227	000000006.252612	000000000.629948
000000010.737774	000000002.233460	-00000000.229738
000000017.015394	000000003.539207	-00000000.121334
000000018.020376	000000003.666287	000000000.128385
000000019.290485	000000003.924694	000000000.412356
000000021.945499	000000004.464862	000000000.469110
000000029.312918	000000005.963780	000000000.626597
000000010.531323	000000002.094810	-00000000.224922
000000016.672943	000000003.316455	-00000000.118681
000000018.198925	000000003.537513	000000000.129433
000000021.846230	000000004.246477	000000000.466178
000000011.786819	000000002.237797	-00000000.251309
000000013.161947	000000002.498874	-00000000.280628
000000017.241583	000000003.273417	-00000000.122521
000000019.074680	000000003.535283	000000000.135436
000000019.847563	000000003.678528	000000000.422827
000000021.902115	000000004.059317	000000000.466597
000000036.460926	000000006.757633	000000000.776754
000000010.566279	000000001.910694	-00000000.224922
000000017.210453	000000003.112157	-00000000.122102
000000019.232828	000000003.391266	000000000.136344
000000021.769325	000000003.838519	000000000.463037
000000025.126781	000000004.430530	000000000.534451
000000029.409758	000000005.185734	000000000.625550
000000012.366016	000000002.124870	-00000000.262827
000000017.424208	000000002.994026	-00000000.123429
000000019.399765	000000003.246407	000000000.137321
000000019.652361	000000003.288677	000000000.417382
000000010.568413	000000001.721175	-00000000.224293
000000017.212797	000000002.803282	-00000000.121753
000000019.901434	000000003.152078	000000000.140672
000000020.598661	000000003.262507	000000000.436859
000000030.058640	000000004.760821	000000000.637487
000000017.829609	000000002.744239	-00000000.125942
000000019.967745	000000002.984199	000000000.140952
000000029.980385	000000004.480598	000000000.634974
000000010.626525	000000001.540773	-00000000.224922
000000016.863249	000000002.445055	-00000000.118961
000000020.191072	000000002.837670	000000000.142348
000000027.608000	000000003.880051	000000000.194638
000000030.147051	000000004.236892	000000000.637697
000000010.411716	000000001.416973	-00000000.220105
000000017.914419	000000002.438046	-00000000.126221
000000020.730606	000000002.729236	000000000.145978
000000024.735947	000000003.256549	000000000.174182
000000024.820335	000000003.267659	000000000.524398
000000010.542700	000000001.341201	-00000000.222618
000000017.062071	000000002.170569	-00000000.120078
000000022.172941	000000002.722495	000000000.155961
000000023.463219	000000002.880921	000000000.165037
000000026.892101	000000003.301935	000000000.567540
000000055.600163	000000006.826842	000000001.173404
000000017.904589	000000002.119148	-00000000.125872
000000021.390175	000000002.531694	-00000000.150376
000000024.153143	000000002.751903	000000000.169714
000000029.488495	000000003.359790	000000000.207204
000000029.522478	000000003.363662	000000000.622409
000000010.564502	000000001.157001	-00000000.222618
000000017.335920	000000001.898592	-00000000.121753
000000020.288195	000000002.221919	-00000000.142488
000000022.077452	000000002.417874	-00000000.155054
000000024.265743	000000002.550432	000000000.170343
000000027.368576	000000002.876553	000000000.192124
000000051.375675	000000005.399801	000000001.082095
000000064.062996	000000006.733292	000000001.349320
000000017.540867	000000001.766272	-00000000.123080
000000024.296539	000000002.446533	-00000000.170482
000000027.153748	000000002.614609	000000000.190449
000000031.324354	000000003.016192	000000000.219700
000000033.865902	000000003.260916	000000000.712671
000000010.463614	000000000.961471	-00000000.220105
000000017.635275	000000001.620454	-00000000.123638
000000025.561689	000000002.348789	-00000000.179209
000000027.035444	000000002.484208	-00000000.189541
000000027.474380	000000002.403697	000000000.192543
000000029.795458	000000002.606765	000000000.208809
000000031.229942	000000002.732266	000000000.218863
000000049.061787	000000004.292350	000000001.031624
000000028.849869	000000002.397239	-00000000.202107
000000031.302441	000000002.463556	000000000.219212
000000034.013988	000000002.676959	000000000.238201
000000038.263264	000000003.011384	000000000.803980
000000010.468830	000000000.777968	-00000000.219895
000000031.632004	000000002.350664	-00000000.221446
000000035.153301	000000002.458158	000000000.246020
000000037.547394	000000002.625570	000000000.262775
000000060.080082	000000004.201209	000000001.261571
000000037.848347	000000002.314904	000000000.264729
000000051.213043	000000003.132324	000000001.074765
000000010.440886	000000000.592876	-00000000.219058
000000046.754696	000000002.450310	000000000.326863
000000068.319916	000000002.982912	000000001.432462
000000010.369722	000000000.407428	-00000000.217382
000000010.465213	000000000.228352	-00000000.219267
000000010.376835	000000000.135840	-00000000.217382
000000010.507595	000000000.045848	-00000000.220105
000000010.157675	-00000000.044321	-00000000.212775
000000017.539406	-00000000.076531	-00000000.122451
000000010.296859	-00000000.134793	-00000000.215707
000000010.502794	-00000000.320889	-00000000.220105
000000010.615430	-00000000.509896	-00000000.222618
000000052.949760	-00000003.238546	000000000.370356
000000057.620918	-00000003.524246	000000000.403028
000000057.629642	-00000003.524780	000000001.209425
000000010.674748	-00000000.699660	-00000000.224084
000000036.958847	-00000002.584414	000000000.258656
000000052.999287	-00000003.706071	000000000.370914
000000060.828091	-00000004.253514	000000001.277278
000000033.516762	-00000002.490726	-00000000.234640
000000044.929970	-00000003.536065	000000000.314645
000000044.951111	-00000003.537729	000000000.944503
000000010.740620	-00000000.892477	-00000000.225759
000000017.369713	-00000001.443312	-00000000.121683
000000018.346323	-00000001.524462	-00000000.128525
000000029.138865	-00000002.421253	-00000000.204132
000000035.513477	-00000003.107027	000000000.248882
000000040.633793	-00000003.554996	000000000.284766
000000040.685627	-00000003.559531	000000000.855498
000000017.934010	-00000001.647904	-00000000.125732
000000022.783461	-00000002.093506	-00000000.159731
000000028.090971	-00000002.581198	-00000000.196941
000000029.582453	-00000002.848466	000000000.207483
000000035.922974	-00000003.458989	000000000.251954
000000036.134911	-00000003.479396	000000000.760419
000000010.802988	-00000001.087804	-00000000.227435
000000013.757397	-00000001.385297	-00000000.289634
000000017.411524	-00000001.753248	-00000000.122172
000000022.555387	-00000002.271208	-00000000.158265
000000024.604971	-00000002.477590	-00000000.172647
000000029.516691	-00000003.102329	000000000.207204
000000042.486599	-00000004.465522	000000000.894870
000000017.962160	-00000001.967176	-00000000.126151
000000023.141068	-00000002.534359	-00000000.162524
000000029.756752	-00000003.390354	000000000.209089
000000031.555073	-00000003.595247	000000000.221725
000000069.415573	-00000007.908906	000000001.463456
000000010.782358	-00000001.276176	-00000000.227435
000000017.557022	-00000002.078011	-00000000.123429
000000022.333565	-00000002.643352	-00000000.157009
000000027.443232	-00000003.369605	000000000.193032
000000031.165190	-00000003.826604	000000000.219212
000000043.184628	-00000005.302406	000000000.303755
000000043.017437	-00000005.281877	000000000.907854
000000017.260466	-00000002.195808	-00000000.121474
000000019.303946	-00000002.455772	-00000000.135855
000000022.210449	-00000002.825526	-00000000.156310
000000025.449770	-00000003.350526	000000000.179209
000000027.432611	-00000003.611572	000000000.193171
000000042.583130	-00000005.606175	000000000.899686
000000062.526627	-00000008.231787	000000001.321048
000000062.695133	-00000008.253971	000000001.324608
000000010.847602	-00000001.476294	-00000000.229319
000000017.736067	-00000002.413773	-00000000.124965
000000022.293940	-00000003.034072	-00000000.157078
000000023.132099	-00000003.251004	000000000.163082
000000027.122782	-00000003.811858	000000000.191217
000000056.632050	-00000007.959116	000000000.399258
000000057.333847	-00000008.057747	000000001.212776
000000060.155491	-00000008.454303	000000001.272461
000000011.220185	-00000001.626850	-00000000.237487
000000017.140345	-00000002.485232	-00000000.120915
000000022.187443	-00000003.217026	-00000000.156520
000000017.613943	-00000002.632421	000000000.124336
000000023.023729	-00000003.440919	000000000.162524
000000017.481966	-00000002.612697	000000000.370262
000000023.058792	-00000003.446159	000000000.488377
000000010.770778	-00000001.657781	-00000000.228272
000000016.011066	-00000002.464339	-00000000.113096
000000022.982948	-00000003.640141	000000000.162454
000000031.555874	-00000004.997960	000000000.223051
000000048.306660	-00000007.651023	000000000.341453
000000017.626371	-00000002.791743	000000000.373822
000000054.152950	-00000008.576984	000000001.148482
000000010.864447	-00000001.769387	-00000000.230576
000000012.551841	-00000002.044197	-00000000.266388
000000015.682990	-00000002.554137	-00000000.110932
000000017.439800	-00000002.840252	-00000000.123359
000000017.466692	-00000002.922922	000000000.123638
000000030.978476	-00000005.184019	000000000.219281
000000017.423845	-00000002.915752	000000000.370053
000000010.868299	-00000001.867515	-00000000.230995
000000014.901244	-00000002.560502	-00000000.105557
000000017.434063	-00000002.995720	-00000000.123498
000000019.035870	-00000003.356538	000000000.134948
000000019.081388	-00000003.364563	000000000.405864
000000031.152483	-00000005.493023	000000000.662618
000000047.299789	-00000008.340229	000000001.006074
000000011.304148	-00000002.044123	-00000000.240628
000000014.081280	-00000002.546310	-00000000.099902
000000019.158804	-00000003.464476	-00000000.135925
000000027.766441	-00000005.146206	000000000.197151
000000041.571003	-00000007.704730	000000000.295168
000000031.014889	-00000005.748270	000000000.660733
000000046.340469	-00000008.588698	000000000.987226
000000010.824229	-00000002.055044	-00000000.230785
000000013.361000	-00000002.536665	-00000000.094945
000000015.866187	-00000003.012290	-00000000.112747
000000041.551270	-00000008.076748	000000000.295517
000000041.602051	-00000008.086619	000000000.887749
000000011.237334	-00000002.235245	-00000000.240000
000000012.514516	-00000002.489292	-00000000.089081
000000025.058453	-00000004.984436	-00000000.178371
000000020.038973	-00000004.076975	000000000.142767
000000038.098545	-00000007.751236	000000000.271431
000000020.162428	-00000004.102092	000000000.430995
000000041.284969	-00000008.399522	000000000.882514
000000010.708408	-00000002.227352	-00000000.229110
000000012.257351	-00000002.549533	-00000000.087405
000000017.254103	-00000003.667473	000000000.123149
000000017.240959	-00000003.664679	000000000.369215
000000019.392412	-00000004.121984	000000000.415288
000000038.041599	-00000008.085991	000000000.814660
000000011.010980	-00000002.390718	-00000000.236021
000000011.863297	-00000002.575774	-00000000.084753
000000014.683134	-00000003.255172	000000000.104998
000000035.926815	-00000007.964784	000000000.256910
000000014.758358	-00000003.271849	000000000.316649
000000037.462025	-00000008.305131	000000000.803770
000000010.736164	-00000002.429346	-00000000.230576
000000011.420980	-00000002.584304	-00000000.081751
000000011.789591	-00000002.721842	000000000.084473
000000011.857795	-00000002.737588	000000000.084962
000000014.722373	-00000003.398927	000000000.105487
000000017.612747	-00000004.066223	000000000.378639
000000035.809986	-00000008.267386	000000000.769843
000000010.568580	-00000002.488570	-00000000.227435
000000011.290925	-00000002.658660	-00000000.080983
000000027.507675	-00000006.604009	000000000.197500
000000031.222038	-00000007.495748	000000000.224168
000000032.593044	-00000007.824898	000000000.234012
000000017.916847	-00000004.301455	000000000.385969
000000034.822651	-00000008.360179	000000000.750157
000000010.410503	-00000002.547434	-00000000.224503
000000010.791348	-00000002.640626	-00000000.077562
000000019.550982	-00000004.874607	000000000.140672
000000031.097219	-00000007.753407	000000000.223749
000000031.750814	-00000007.916367	000000000.685445
000000034.554352	-00000008.615368	000000000.745969
000000009.990580	-00000002.537284	-00000000.215916
000000010.486822	-00000002.663314	-00000000.075537
000000019.062363	-00000004.929862	000000000.137461
000000019.203836	-00000004.966450	000000000.415498
000000009.910047	-00000002.609098	-00000000.214660
000000010.250438	-00000002.698715	-00000000.074001
000000010.528335	-00000002.821059	000000000.076096
000000018.989639	-00000005.088258	000000000.137252
000000014.669195	-00000003.930599	000000000.318115
000000018.995594	-00000005.089854	000000000.411937
000000009.404613	-00000002.563992	-00000000.204189
000000009.994953	-00000002.724937	-00000000.072326
000000010.426228	-00000002.891449	000000000.075537
000000019.782852	-00000005.486270	000000000.143325
000000028.368589	-00000007.867306	000000000.205528
000000019.673018	-00000005.455811	000000000.427644
000000021.118147	-00000005.856581	000000000.459058
000000028.835135	-00000007.996690	000000000.626807
000000008.900759	-00000002.510273	-00000000.193717
000000009.884175	-00000002.787626	-00000000.071698
000000010.390986	-00000002.979567	000000000.075467
000000019.157478	-00000005.493319	000000000.139137
000000021.483675	-00000006.160345	000000000.156031
000000016.933718	-00000004.855665	000000000.369005
000000019.470890	-00000005.583188	000000000.424293
000000021.431435	-00000006.145365	000000000.467016
000000008.916907	-00000002.599041	-00000000.194555
000000009.801870	-00000002.856985	-00000000.071279
000000010.268709	-00000003.041730	000000000.074769
000000019.143431	-00000005.670542	000000000.418220
000000008.415206	-00000002.532690	-00000000.184084
000000009.345669	-00000002.812727	-00000000.068137
000000010.002704	-00000003.058134	000000000.073024
000000019.833277	-00000006.063642	000000000.144791
000000019.714680	-00000006.027382	000000000.431833
000000026.044027	-00000007.962459	000000000.570472
000000008.192274	-00000002.543769	-00000000.179686
000000009.196618	-00000002.855626	-00000000.067230
000000009.861193	-00000003.109222	000000000.072186
000000017.010578	-00000005.363415	000000000.373613
000000025.267956	-00000007.966956	000000000.554974
000000007.931717	-00000002.538963	-00000000.174450
000000008.761827	-00000002.804683	-00000000.064228
000000009.947809	-00000003.232239	000000000.073024
000000010.354734	-00000003.364457	000000000.228063
000000007.757340	-00000002.557987	-00000000.171100
000000008.794000	-00000002.899826	-00000000.064646
000000009.748529	-00000003.261812	000000000.071767
000000017.192688	-00000005.752593	000000000.126570
000000016.952307	-00000005.672163	000000000.374450
000000007.706321	-00000002.615943	-00000000.170471
000000008.408535	-00000002.854313	-00000000.061994
000000009.691329	-00000003.336992	000000000.071558
000000017.066195	-00000005.876362	000000000.126012
000000016.968336	-00000005.842667	000000000.375916
000000018.754974	-00000006.457856	000000000.415498
000000007.569934	-00000002.643539	-00000000.167958
000000008.506035	-00000002.970440	-00000000.062901
000000009.756102	-00000003.454817	000000000.072256
000000017.325327	-00000006.135220	000000000.128316
000000012.892508	-00000004.565476	000000000.286492
000000017.623531	-00000006.240819	000000000.391623
000000007.443069	-00000002.672335	-00000000.165655
000000008.282147	-00000002.973595	-00000000.061435
000000009.866532	-00000003.591124	000000000.073303
000000016.961039	-00000006.173313	000000000.126012
000000013.190391	-00000004.800910	000000000.294032
000000017.108049	-00000006.226820	000000000.381361
000000007.241249	-00000002.671438	-00000000.161675
000000008.340318	-00000003.076906	-00000000.062063
000000010.050247	-00000003.757633	000000000.074909
000000012.719698	-00000004.755700	000000000.094806
000000018.676788	-00000006.982965	000000000.139206
000000012.782771	-00000004.779282	000000000.285864
000000019.750084	-00000007.384254	000000000.441676
000000021.351442	-00000007.982977	000000000.477487
000000006.965229	-00000002.638889	-00000000.156021
000000008.154181	-00000003.089343	-00000000.060877
000000010.082423	-00000003.870280	000000000.075398
000000013.153828	-00000005.049282	000000000.098366
000000018.316402	-00000007.031008	000000000.136972
000000012.964588	-00000004.976639	000000000.290890
000000006.969890	-00000002.710442	-00000000.156649
000000008.387866	-00000003.261863	-00000000.062831
000000008.866663	-00000003.492671	000000000.066531
000000012.913881	-00000005.086913	000000000.096900
000000012.939270	-00000005.096914	000000000.291309
000000017.060116	-00000006.720159	000000000.384084
000000006.815967	-00000002.719295	-00000000.153717
000000007.421007	-00000002.960682	-00000000.055780
000000009.123267	-00000003.686039	000000000.068696
000000012.831912	-00000005.184429	000000000.096621
000000018.283619	-00000007.387062	000000000.137670
000000012.829411	-00000005.183418	000000000.289843
000000017.844376	-00000007.209595	000000000.403142
000000006.828991	-00000002.793814	-00000000.154555
000000006.932129	-00000002.836009	-00000000.052290
000000008.857206	-00000003.623579	-00000000.066811
000000009.136947	-00000003.784647	000000000.069045
000000012.582932	-00000005.212021	000000000.095085
000000012.562006	-00000005.203353	000000000.284817
000000015.804112	-00000006.546278	000000000.358325
000000006.675271	-00000002.799173	-00000000.151623
000000006.990113	-00000002.931198	-00000000.052918
000000009.101902	-00000003.816744	-00000000.068905
000000012.757886	-00000005.415401	000000000.096760
000000015.620586	-00000006.630546	000000000.118472
000000012.792211	-00000005.429971	000000000.291100
000000006.577102	-00000002.825746	-00000000.149948
000000008.452673	-00000003.631555	-00000000.064228
000000015.818901	-00000006.878254	000000000.120427
000000017.423717	-00000007.576048	000000000.132644
000000012.680160	-00000005.513490	000000000.289634
000000015.870828	-00000006.900832	000000000.362513
000000006.268508	-00000002.758210	-00000000.143456
000000006.681611	-00000002.939979	-00000000.050963
000000009.226115	-00000004.059587	-00000000.070371
000000012.588349	-00000005.604694	000000000.096202
000000017.722349	-00000007.890499	000000000.135436
000000012.668097	-00000005.640200	000000000.290471
000000018.458704	-00000008.218345	000000000.423246
000000006.143928	-00000002.767638	-00000000.141152
000000006.582761	-00000002.965318	-00000000.050405
000000009.108280	-00000004.102981	-00000000.069743
000000017.222765	-00000007.758290	-00000000.131876
000000009.554360	-00000004.354173	000000000.073303
000000012.484365	-00000005.689453	000000000.095783
000000017.707415	-00000008.069734	000000000.135855
000000017.876818	-00000008.146935	000000000.411519
000000005.937954	-00000002.737434	-00000000.136963
000000006.266035	-00000002.888682	-00000000.048171
000000009.271915	-00000004.274412	-00000000.071279
000000017.317867	-00000007.983646	-00000000.133133
000000009.062857	-00000004.226079	000000000.069813
000000012.506742	-00000005.831990	000000000.096341
000000017.192240	-00000008.016872	000000000.132435
000000012.613038	-00000005.881556	000000000.291518
000000017.750675	-00000008.277276	000000000.410262
000000005.751073	-00000002.712382	-00000000.133194
000000006.150145	-00000002.900597	-00000000.047473
000000009.189040	-00000004.333833	-00000000.070930
000000015.501983	-00000007.311210	-00000000.119659
000000016.011473	-00000007.637081	000000000.123848
000000017.623625	-00000008.406038	000000000.409005
000000005.727185	-00000002.762466	-00000000.133194
000000006.052545	-00000002.919401	-00000000.046914
000000016.059057	-00000007.745970	-00000000.124476
000000006.183552	-00000003.015920	000000000.048031
000000015.656610	-00000007.636240	000000000.121614
000000017.427191	-00000008.499809	000000000.135367
000000017.450752	-00000008.511301	000000000.406702
000000005.640092	-00000002.781386	-00000000.131728
000000005.999932	-00000002.958839	-00000000.046705
000000006.174897	-00000003.078690	000000000.048171
000000015.464089	-00000007.710111	000000000.120636
000000015.738443	-00000007.846898	000000000.368377
000000017.411602	-00000008.681105	000000000.407539
000000005.499544	-00000002.771998	-00000000.129005
000000005.956025	-00000003.002084	-00000000.046565
000000006.156705	-00000003.136998	000000000.048241
000000014.879447	-00000007.581457	000000000.116587
000000014.885453	-00000007.584517	000000000.349948
000000017.379725	-00000008.855412	000000000.408587
000000005.208498	-00000002.682553	-00000000.122723
000000005.680681	-00000002.925743	-00000000.044610
000000006.031527	-00000003.139814	000000000.047473
000000014.644192	-00000007.623284	000000000.115261
000000015.058141	-00000007.838772	000000000.355602
000000005.237978	-00000002.755833	-00000000.123979
000000005.504489	-00000002.896052	-00000000.043423
000000005.933263	-00000003.154772	000000000.046914
000000014.135647	-00000007.516057	000000000.111770
000000005.817348	-00000003.093139	000000000.138011
000000014.397717	-00000007.655402	000000000.341571
000000005.116853	-00000002.749384	-00000000.121675
000000005.399729	-00000002.901379	-00000000.042795
000000005.694596	-00000003.091913	000000000.045239
000000005.877997	-00000003.191492	000000000.140105
000000014.400653	-00000007.818917	000000000.343246
000000005.040073	-00000002.765079	-00000000.120419
000000005.321602	-00000002.919531	-00000000.042376
000000005.518716	-00000003.059074	000000000.044052
000000005.849923	-00000003.242665	000000000.140105
000000013.850938	-00000007.677700	000000000.331728
000000005.068090	-00000002.838267	-00000000.121675
000000005.208674	-00000002.916998	-00000000.041678
000000005.404777	-00000003.057876	000000000.043354
000000005.795298	-00000003.278821	000000000.139477
000000004.956328	-00000002.832775	-00000000.119581
000000005.200384	-00000002.972264	-00000000.041818
000000005.663668	-00000003.269920	000000000.045657
000000005.792439	-00000003.344266	000000000.140105
000000004.914146	-00000002.865845	-00000000.119162
000000005.191525	-00000003.027608	-00000000.041957
000000005.652150	-00000003.329370	000000000.045797
000000005.806107	-00000003.420058	000000000.141152
000000004.863173	-00000002.893284	-00000000.118534
000000005.216470	-00000003.103473	-00000000.042376
000000005.700024	-00000003.424920	000000000.046425
000000005.767471	-00000003.465446	000000000.140942
000000012.966097	-00000007.790817	000000000.316859
000000004.795004	-00000002.909680	-00000000.117487
000000005.009662	-00000003.039937	-00000000.040910
000000005.524974	-00000003.385708	000000000.045239
000000005.762584	-00000003.531316	000000000.141571
000000004.879951	-00000003.019805	-00000000.120209
000000004.889406	-00000003.025656	-00000000.040142
000000005.613942	-00000003.507980	000000000.046216
000000005.723069	-00000003.576170	000000000.141361
000000004.921057	-00000003.104955	-00000000.121885
000000005.201099	-00000003.281649	-00000000.042935
000000005.616850	-00000003.578328	000000000.046495
000000005.767532	-00000003.674323	000000000.143246
000000004.961042	-00000003.191049	-00000000.123560
000000005.197495	-00000003.343141	-00000000.043144
000000005.593796	-00000003.632654	000000000.046565
000000005.844252	-00000003.795301	000000000.145969
000000007.387068	-00000004.797218	000000000.184503
000000012.049053	-00000007.824747	000000000.300943
000000004.974811	-00000003.261629	-00000000.124607
000000005.201573	-00000003.410301	-00000000.043423
000000005.620253	-00000003.719965	000000000.047054
000000005.719202	-00000003.785457	000000000.143665
000000011.938625	-00000007.902004	000000000.299895
000000005.045914	-00000003.371572	-00000000.127120
000000005.312961	-00000003.550007	-00000000.044610
000000005.512966	-00000003.718542	000000000.046425
000000007.270483	-00000004.904003	000000000.061226
000000007.219334	-00000004.869502	000000000.182408
000000004.999772	-00000003.404223	-00000000.126702
000000005.339640	-00000003.635631	-00000000.045099
000000007.149827	-00000004.868144	-00000000.060388
000000005.562716	-00000003.823149	000000000.047124
000000007.186205	-00000004.938942	000000000.060877
000000007.110649	-00000004.887014	000000000.180733
000000005.232743	-00000003.630083	-00000000.133403
000000005.389873	-00000003.739088	-00000000.045797
000000007.148154	-00000004.958851	-00000000.060737
000000005.381698	-00000003.768306	000000000.045867
000000007.159214	-00000005.012936	000000000.061016
000000007.075922	-00000004.954614	000000000.180943
000000005.053903	-00000003.571745	-00000000.129634
000000005.471365	-00000003.866778	-00000000.046774
000000011.065224	-00000007.820127	-00000000.094596
000000005.503287	-00000003.925457	000000000.047193
000000007.139619	-00000005.092641	000000000.061226
000000011.071702	-00000007.897368	000000000.094945
000000007.154506	-00000005.103260	000000000.184084
000000011.224191	-00000008.006138	000000000.288796
000000004.860262	-00000003.498888	-00000000.125445
000000007.051031	-00000005.076016	-00000000.181990
000000005.486106	-00000003.949432	-00000000.047193
000000007.125446	-00000005.129587	-00000000.061295
000000010.736862	-00000007.729434	-00000000.092362
000000011.002363	-00000007.993685	000000000.094945
000000011.428904	-00000008.303584	000000000.295916
000000004.773105	-00000003.499785	-00000000.123979
000000010.781901	-00000007.905617	-00000000.093339
000000010.731228	-00000007.940691	000000000.093200
000000010.913982	-00000008.075922	000000000.284398
000000004.654263	-00000003.475503	-00000000.121675
000000010.438047	-00000007.794459	-00000000.272880
000000010.672441	-00000007.969489	-00000000.092990
000000010.669510	-00000008.040052	000000000.093270
000000010.707354	-00000008.068569	000000000.280838
000000004.369092	-00000003.322335	-00000000.114974
000000010.154758	-00000007.721858	-00000000.267225
000000010.491051	-00000007.977581	-00000000.092013
000000010.741742	-00000008.242429	000000000.094526
000000010.620671	-00000008.149528	000000000.280419
000000004.308313	-00000003.335852	-00000000.114136
000000007.122551	-00000005.514868	-00000000.188691
000000010.134417	-00000007.846904	-00000000.268482
000000010.318248	-00000007.989241	-00000000.091105
000000010.503927	-00000008.206568	000000000.093060
000000010.486123	-00000008.192657	000000000.278744
000000004.341850	-00000003.422839	-00000000.115812
000000004.122813	-00000003.250164	-00000000.036652
000000010.303107	-00000008.122314	-00000000.091594
000000010.181484	-00000008.098719	000000000.090826
000000010.437703	-00000008.302524	000000000.279372
000000004.257236	-00000003.416793	-00000000.114346
000000010.315608	-00000008.279151	-00000000.277068
000000004.164482	-00000003.342350	-00000000.037280
000000009.966681	-00000007.999107	-00000000.089221
000000009.830657	-00000007.960709	000000000.088313
000000010.388163	-00000008.412169	000000000.280000
000000004.087896	-00000003.339952	-00000000.110576
000000009.360353	-00000007.647730	-00000000.253194
000000009.633209	-00000007.870662	-00000000.086847
000000009.591060	-00000007.906260	000000000.086777
000000010.190926	-00000008.400750	000000000.276649
000000004.266137	-00000003.548108	-00000000.116230
000000009.377813	-00000007.799445	-00000000.255498
000000005.943003	-00000004.942743	-00000000.053965
000000009.441148	-00000007.852119	-00000000.085730
000000005.860097	-00000004.917205	000000000.053407
000000009.437437	-00000007.918950	000000000.086009
000000009.718971	-00000008.155186	000000000.265759
000000004.242642	-00000003.591661	-00000000.116440
000000009.538314	-00000008.074779	-00000000.261780
000000009.502012	-00000008.044047	-00000000.086917
000000009.261519	-00000007.910085	000000000.085032
000000009.396556	-00000008.025417	000000000.258848
000000004.332321	-00000003.732967	-00000000.119791
000000009.232692	-00000007.955396	-00000000.255288
000000009.386002	-00000008.087497	-00000000.086498
000000006.716751	-00000005.838783	000000000.062133
000000006.814861	-00000005.924068	000000000.063041
000000006.890331	-00000005.989673	000000000.063739
000000006.526806	-00000005.673666	000000000.181152
000000009.288438	-00000008.074316	000000000.257801
000000006.862792	-00000006.018507	-00000000.191204
000000009.546271	-00000008.371855	-00000000.265969
000000009.194777	-00000008.063602	-00000000.085381
000000008.972271	-00000007.937994	000000000.083635
000000006.776563	-00000005.995397	000000000.189529
000000009.344917	-00000008.267684	000000000.261361
000000002.908986	-00000002.596369	-00000000.081675
000000008.741875	-00000007.802422	-00000000.245445
000000002.976696	-00000002.656803	-00000000.027855
000000008.818183	-00000007.870529	-00000000.082518
000000008.917521	-00000008.029371	000000000.083775
000000006.293056	-00000005.666294	000000000.177382
000000009.049519	-00000008.148224	000000000.255079
000000003.100834	-00000002.816599	-00000000.087749
000000008.444036	-00000007.670022	-00000000.238953
000000002.968203	-00000002.696125	-00000000.027995
000000008.512301	-00000007.732030	-00000000.080284
000000008.817622	-00000008.079862	000000000.083496
000000008.941213	-00000008.193112	000000000.254032
000000002.899938	-00000002.680675	-00000000.082723
000000008.391466	-00000007.756991	-00000000.239372
000000002.907846	-00000002.687985	-00000000.027646
000000008.547306	-00000007.901048	-00000000.081262
000000008.754090	-00000008.163321	000000000.083566
000000008.898623	-00000008.298100	000000000.254869
000000002.818177	-00000002.651077	-00000000.081047
000000008.330736	-00000007.836774	-00000000.239581
000000008.383346	-00000007.886264	-00000000.080354
000000008.450405	-00000008.019135	000000000.081332
000000008.506775	-00000008.072628	000000000.245655
000000002.867156	-00000002.744705	-00000000.083141
000000008.493137	-00000008.130410	-00000000.246283
000000008.458676	-00000008.097421	-00000000.081751
000000008.207467	-00000007.925859	000000000.079656
000000008.277785	-00000007.993764	000000000.241047
000000008.586576	-00000008.364673	-00000000.251100
000000008.595414	-00000008.373281	-00000000.083775
000000008.223577	-00000008.081286	000000000.080494
000000008.314676	-00000008.170810	000000000.244189
000000008.328647	-00000008.256281	-00000000.245655
000000008.103018	-00000008.032612	-00000000.079656
000000008.032537	-00000008.032537	000000000.079307
000000008.221848	-00000008.221848	000000000.243560
000000008.312591	-00000008.385450	-00000000.247330
000000008.131172	-00000008.202441	-00000000.080634
000000008.151376	-00000008.294901	000000000.081192
000000008.023651	-00000008.164927	000000000.239791
000000007.597272	-00000007.798818	-00000000.228063
000000007.703419	-00000007.907781	-00000000.077073
000000007.849448	-00000008.128342	000000000.078888
000000008.084050	-00000008.371279	000000000.243770
000000007.197072	-00000007.518159	-00000000.218011
000000007.620288	-00000007.960257	-00000000.076933
000000007.853934	-00000008.276320	000000000.079656
000000007.845521	-00000008.267454	000000000.238744
000000007.357251	-00000007.820988	-00000000.224922
000000007.392944	-00000007.858931	-00000000.075328
000000007.515439	-00000008.059321	000000000.076933
000000007.663980	-00000008.218613	000000000.235393
000000007.119058	-00000007.701354	-00000000.219686
000000007.100083	-00000007.680826	-00000000.073024
000000007.404288	-00000008.080362	000000000.076515
000000007.375827	-00000008.049303	000000000.228691
000000007.138969	-00000007.859392	-00000000.222409
000000007.207597	-00000007.934945	-00000000.074839
000000007.313419	-00000008.122375	000000000.076305
000000007.191576	-00000007.987055	000000000.225131
000000007.143343	-00000008.003440	-00000000.224712
000000007.504304	-00000008.407862	-00000000.078679
000000007.122992	-00000008.051078	000000000.075049
000000006.962609	-00000007.869799	000000000.220105
000000007.073229	-00000008.065472	-00000000.224712
000000007.054828	-00000008.044490	-00000000.074699
000000006.986858	-00000008.037461	000000000.074350
000000006.978937	-00000008.028349	000000000.222827
000000006.500062	-00000007.543693	-00000000.208586
000000006.879920	-00000007.984540	-00000000.073582
000000006.728117	-00000007.877614	000000000.072326
000000006.785244	-00000007.944499	000000000.218848
000000006.375845	-00000007.531452	-00000000.206702
000000006.512771	-00000007.693196	-00000000.070371
000000006.633406	-00000007.905386	000000000.072047
000000006.734936	-00000008.026384	000000000.219477
000000006.665937	-00000008.086429	000000000.073164
000000006.670997	-00000008.092566	000000000.219686
000000006.683219	-00000008.253089	000000000.074141
000000006.600123	-00000008.150473	000000000.219686
000000006.281020	-00000007.896324	000000000.070441
000000006.130424	-00000007.707000	000000000.206283
000000006.150308	-00000007.872036	000000000.069743
000000006.321457	-00000008.091096	000000000.215079
000000005.977891	-00000007.790540	000000000.068556
000000006.372334	-00000008.304588	000000000.219267
000000006.090219	-00000008.081994	000000000.070650
000000006.185301	-00000008.208172	000000000.215288
000000005.954031	-00000008.046412	000000000.069882
000000005.863666	-00000007.924290	000000000.206492
000000005.713134	-00000007.863454	000000000.067858
000000005.947082	-00000008.185456	000000000.211937
000000005.493316	-00000007.701345	000000000.066043
000000005.707058	-00000008.001000	000000000.205864
000000005.529142	-00000007.896433	000000000.067299
000000005.665692	-00000008.091447	000000000.206911
000000005.420375	-00000007.886695	000000000.066811
000000005.719449	-00000008.321849	000000000.211518
000000005.261877	-00000007.801054	000000000.065694
000000005.450935	-00000008.081344	000000000.204189
000000005.226716	-00000007.896707	000000000.066113
000000005.115334	-00000007.728426	000000000.194136
000000005.081358	-00000007.824605	000000000.065135
000000005.461531	-00000008.410021	000000000.210052
000000005.029002	-00000007.893951	000000000.065345
000000005.430908	-00000008.524817	000000000.211728
000000005.028811	-00000008.047780	000000000.066252
000000005.388097	-00000008.622758	000000000.212984
000000004.984515	-00000008.133989	000000000.066601
000000005.135035	-00000008.379615	000000000.205864
000000004.805188	-00000007.997176	000000000.065135
000000005.046266	-00000008.398397	000000000.205236
000000004.719992	-00000008.012956	000000000.064926
000000004.977859	-00000008.450728	000000000.205445
000000004.669886	-00000008.088480	000000000.065205
000000004.893927	-00000008.476529	000000000.205026
