000000004.287337	000000004.803556	-00000000.134869
000000004.800890	000000005.378942	-00000000.050335
000000004.456814	000000004.906570	-00000000.138848
000000004.874540	000000005.366451	-00000000.050614
000000004.465529	000000004.830782	-00000000.137801
000000004.975488	000000005.382453	-00000000.051173
000000004.582869	000000004.871733	-00000000.140105
000000004.885236	000000005.193159	-00000000.049776
000000004.348663	000000004.542673	-00000000.131728
000000004.958028	000000005.179224	-00000000.050056
000000004.499761	000000004.619134	-00000000.135079
000000004.947214	000000005.078457	-00000000.049497
000000004.546938	000000004.586792	-00000000.135288
000000004.984303	000000005.027990	-00000000.049427
000000004.785600	000000004.744019	-00000000.141152
000000005.099007	000000005.054702	-00000000.050125
000000004.769525	000000004.646265	-00000000.139477
000000004.985340	000000004.856503	-00000000.048590
000000004.766556	000000004.562985	-00000000.138220
000000004.702475	000000004.501640	-00000000.045448
000000005.995475	000000005.739419	-00000000.057944
000000004.929990	000000004.637671	-00000000.141780
000000005.185875	000000004.878384	-00000000.049707
000000004.992298	000000004.614833	-00000000.142408
000000005.360424	000000004.955125	-00000000.050963
000000004.965775	000000004.510592	-00000000.140524
000000005.262823	000000004.780412	-00000000.049637
000000005.057160	000000004.513688	-00000000.141990
000000005.640056	000000005.033943	-00000000.052778
000000005.096356	000000004.469384	-00000000.141990
000000005.315378	000000004.661461	-00000000.049358
000000005.013980	000000004.320322	-00000000.138639
000000005.371005	000000004.627954	-00000000.049497
000000007.166390	000000006.174957	-00000000.066043
000000005.104906	000000004.321621	-00000000.140105
000000005.411187	000000004.580907	-00000000.049497
000000007.227635	000000006.118645	-00000000.066113
000000005.119363	000000004.257730	-00000000.139477
000000005.627785	000000004.680580	-00000000.051103
000000005.210519	000000004.257173	-00000000.140942
000000005.761341	000000004.707213	-00000000.051941
000000005.122717	000000004.111415	-00000000.137592
000000005.381072	000000004.318767	-00000000.048171
000000006.800427	000000005.457920	-00000000.060877
000000005.229064	000000004.122262	-00000000.139477
000000005.646291	000000004.451177	-00000000.050195
000000005.399225	000000004.180527	-00000000.143037
000000005.455625	000000004.224196	-00000000.048171
000000007.195100	000000005.571042	-00000000.063529
000000005.387752	000000004.096941	-00000000.141780
000000005.699235	000000004.333799	-00000000.049986
000000005.639590	000000004.211281	-00000000.147435
000000005.720813	000000004.271934	-00000000.049846
000000008.116504	000000006.060881	-00000000.070720
000000005.563248	000000004.079142	-00000000.144503
000000006.064316	000000004.446540	-00000000.052499
000000005.793367	000000004.170628	-00000000.149529
000000006.760246	000000004.866681	-00000000.058154
000000005.927517	000000004.189155	-00000000.152042
000000006.916786	000000004.888301	-00000000.059131
000000008.550029	000000006.042563	-00000000.073094
000000005.577759	000000003.869429	-00000000.142199
000000007.041342	000000004.884753	-00000000.059829
000000006.388137	000000004.349528	-00000000.161885
000000007.075436	000000004.817493	-00000000.059760
000000006.517292	000000004.354715	-00000000.164189
000000007.241924	000000004.838899	-00000000.060807
000000008.414268	000000005.622234	-00000000.070650
000000009.270660	000000006.194457	-00000000.077841
000000005.769109	000000003.782394	-00000000.144503
000000007.426040	000000004.868725	-00000000.061994
000000010.018464	000000006.568393	-00000000.083635
000000011.036635	000000007.167275	000000000.091873
000000012.437181	000000008.076800	000000000.103532
000000013.508020	000000008.772211	000000000.337382
000000006.028927	000000003.877936	-00000000.150157
000000007.064555	000000004.544075	-00000000.058643
000000008.956847	000000005.761238	-00000000.074350
000000005.741232	000000003.622448	-00000000.142199
000000005.700067	000000003.596474	-00000000.047054
000000007.332282	000000004.626325	-00000000.060528
000000009.023696	000000005.693528	-00000000.074490
000000005.783547	000000003.613961	000000000.047612
000000005.782420	000000003.613257	000000000.142827
000000005.568586	000000003.445945	-00000000.137173
000000005.705724	000000003.530809	-00000000.046844
000000005.721076	000000003.505880	000000000.046844
000000005.745534	000000003.520868	000000000.141152
000000005.718106	000000003.469832	-00000000.140105
000000007.239516	000000004.393046	-00000000.177382
000000005.804710	000000003.522385	-00000000.047403
000000009.181530	000000005.571489	-00000000.074979
000000012.008621	000000007.215508	000000000.097807
000000014.217287	000000008.542608	000000000.347435
000000022.050077	000000013.249023	000000000.538848
000000005.610693	000000003.338012	-00000000.136754
000000007.372090	000000004.385932	-00000000.179686
000000007.218838	000000004.294757	-00000000.058643
000000008.946202	000000005.322431	-00000000.072675
000000012.191755	000000007.181493	000000000.098785
000000014.765084	000000008.697299	000000000.358953
000000018.004099	000000010.605226	000000000.437697
000000006.200978	000000003.616304	-00000000.150367
000000007.299232	000000004.256786	-00000000.058992
000000009.156433	000000005.339874	-00000000.074001
000000012.245301	000000007.069828	000000000.098715
000000013.844709	000000007.993247	000000000.334869
000000014.857737	000000008.578118	000000000.359372
000000018.018036	000000010.402718	000000000.435812
000000005.746215	000000003.284233	-00000000.138639
000000007.352031	000000004.202032	-00000000.177382
000000007.353465	000000004.202851	-00000000.059131
000000009.532590	000000005.448324	-00000000.076654
000000012.341343	000000006.982396	000000000.098994
000000013.826920	000000007.822895	000000000.332775
000000007.257575	000000004.064437	-00000000.174241
000000007.424760	000000004.158065	-00000000.059411
000000009.204609	000000005.154829	-00000000.073652
000000012.419297	000000006.884129	000000000.099134
000000013.530037	000000007.499822	000000000.108000
000000013.903403	000000007.706782	000000000.332984
000000007.582023	000000004.159640	-00000000.181152
000000007.443229	000000004.083495	-00000000.059271
000000009.477185	000000005.199362	-00000000.075467
000000012.522839	000000006.799346	000000000.099483
000000019.391239	000000010.528584	000000000.462199
000000006.112041	000000003.284118	-00000000.145340
000000007.822119	000000004.202976	-00000000.061994
000000012.767111	000000006.788393	000000000.100949
000000007.830423	000000004.119785	-00000000.185340
000000009.124001	000000004.800369	-00000000.071977
000000009.561744	000000004.977529	000000000.075258
000000009.630825	000000005.013490	000000000.227435
000000006.452849	000000003.323436	-00000000.152042
000000009.521142	000000004.903710	-00000000.074769
000000009.685005	000000004.934756	000000000.075886
000000009.727657	000000004.956489	000000000.228691
000000006.178059	000000003.113998	-00000000.144922
000000008.659996	000000004.364997	-00000000.203141
000000009.661797	000000004.869946	-00000000.075537
000000013.611620	000000006.786503	000000000.106185
000000016.063681	000000008.009056	000000000.125314
000000020.797768	000000010.369385	000000000.162244
000000020.784765	000000010.362902	000000000.486492
000000007.630713	000000003.763051	-00000000.178220
000000009.614242	000000004.741220	-00000000.074839
000000014.335416	000000006.991849	000000000.111351
000000025.241589	000000012.311145	000000000.588273
000000027.218502	000000013.275351	000000000.634346
000000007.023906	000000003.387930	-00000000.163351
000000008.842916	000000004.265316	-00000000.205655
000000009.502135	000000004.583286	-00000000.073652
000000013.836295	000000006.599574	000000000.107023
000000015.686549	000000007.482100	000000000.121334
000000016.697420	000000007.964261	000000000.129153
000000024.978081	000000011.913934	000000000.579686
000000027.432575	000000013.084667	000000000.636650
000000007.432991	000000003.505626	-00000000.172147
000000009.840232	000000004.640955	-00000000.075956
000000014.500571	000000006.761727	000000000.111700
000000016.575966	000000007.729500	000000000.127687
000000016.590857	000000007.736443	000000000.383456
000000008.961408	000000004.131265	-00000000.206702
000000009.571596	000000004.412566	-00000000.073582
000000012.050767	000000005.555480	-00000000.092641
000000013.112223	000000005.975584	000000000.100600
000000014.431634	000000006.576874	000000000.110723
000000016.903372	000000007.703310	000000000.389110
000000023.562828	000000010.738199	000000000.542409
000000007.493041	000000003.375369	-00000000.172147
000000008.860384	000000003.991312	-00000000.203560
000000009.947082	000000004.480834	-00000000.076166
000000011.624682	000000005.236538	-00000000.089011
000000012.964941	000000005.840280	-00000000.099274
000000013.766794	000000006.129372	000000000.105208
000000023.619104	000000010.515903	000000000.541571
000000009.077899	000000003.994371	-00000000.207749
000000010.626507	000000004.675775	-00000000.081052
000000012.951342	000000005.698727	-00000000.098785
000000013.012765	000000005.658111	000000000.099064
000000014.452515	000000006.284132	000000000.110025
000000014.743092	000000006.410479	000000000.336754
000000024.966068	000000010.855556	000000000.570262
000000030.201332	000000013.131913	000000000.689843
000000009.075666	000000003.899214	-00000000.206911
000000010.510715	000000004.515759	-00000000.079866
000000013.761212	000000005.841288	000000000.104370
000000024.945074	000000010.588555	000000000.189192
000000025.538408	000000010.840411	000000000.581152
000000009.210767	000000003.862395	-00000000.209215
000000010.153186	000000004.257584	-00000000.076864
000000011.776220	000000004.938179	-00000000.089151
000000013.941003	000000005.774552	000000000.105347
000000025.091957	000000010.393429	000000000.189611
000000025.872190	000000010.716612	000000000.586597
000000009.142335	000000003.740228	-00000000.206911
000000010.587925	000000004.331635	-00000000.079866
000000014.077128	000000005.759105	-00000000.106185
000000014.528617	000000005.869942	000000000.109396
000000025.459846	000000010.286446	000000000.191705
000000026.122311	000000010.554099	000000000.590157
000000009.378920	000000003.741809	-00000000.211518
000000010.420989	000000004.157553	-00000000.078330
000000014.238303	000000005.680507	-00000000.107023
000000015.202653	000000005.988484	000000000.114074
000000019.463861	000000007.667019	000000000.146048
000000019.497274	000000007.680181	000000000.438953
000000009.327353	000000003.627209	-00000000.209634
000000010.671230	000000004.149814	-00000000.079935
000000014.166174	000000005.508924	-00000000.106115
000000015.263668	000000005.859173	000000000.114144
000000025.560808	000000009.811875	000000000.191147
000000030.792065	000000011.819966	000000000.690890
000000009.349301	000000003.542133	-00000000.209424
000000010.389099	000000003.936077	-00000000.077562
000000024.924240	000000009.318791	000000000.185771
000000026.619576	000000009.952651	000000000.198407
000000030.856581	000000011.536802	000000000.690053
000000009.267298	000000003.418887	-00000000.206911
000000010.779555	000000003.976788	-00000000.080215
000000015.085749	000000005.565427	-00000000.112259
000000017.515444	000000006.375100	000000000.130131
000000025.211338	000000009.176177	000000000.187307
000000027.541719	000000010.024366	000000000.204621
000000031.200346	000000011.355997	000000000.695498
000000035.766251	000000013.017851	000000000.797278
000000009.306190	000000003.341264	-00000000.207121
000000009.844461	000000003.534523	-00000000.073024
000000009.831511	000000003.481521	000000000.072815
000000009.914414	000000003.510878	000000000.220314
000000009.334993	000000003.259925	-00000000.207121
000000010.120388	000000003.534198	-00000000.074839
000000010.116802	000000003.483494	000000000.074699
000000014.910465	000000005.134085	000000000.110094
000000024.790892	000000008.536189	000000000.183049
000000009.944674	000000003.424226	000000000.220314
000000030.892771	000000010.637234	000000000.684398
000000038.530884	000000013.267247	000000000.853613
000000009.429356	000000003.200835	-00000000.208586
000000010.311818	000000003.500391	-00000000.076026
000000015.210742	000000005.089443	000000000.111979
000000015.387917	000000005.148725	000000000.339895
000000009.390465	000000003.096511	-00000000.207121
000000010.322978	000000003.404008	-00000000.075886
000000015.444781	000000005.018313	000000000.113376
000000015.546364	000000005.051320	000000000.342409
000000009.502825	000000003.041878	-00000000.209005
000000010.504669	000000003.362571	-00000000.077003
000000024.881868	000000007.845223	000000000.182141
000000024.905624	000000007.852713	000000000.547016
000000009.595845	000000002.979589	-00000000.210471
000000010.571813	000000003.282635	-00000000.077283
000000026.431620	000000008.080956	000000000.192962
000000034.084789	000000010.420766	000000000.746597
000000010.052294	000000003.025397	-00000000.219895
000000010.676661	000000003.213310	-00000000.077841
000000017.111383	000000005.149942	-00000000.124755
000000025.235519	000000007.475101	000000000.183747
000000026.951767	000000007.983477	000000000.196243
000000043.798866	000000012.973815	000000000.956859
000000010.059115	000000002.931965	-00000000.219477
000000010.809898	000000003.150798	-00000000.078609
000000012.758752	000000003.718837	-00000000.092781
000000025.741962	000000007.381389	000000000.186958
000000010.363370	000000002.922773	-00000000.225550
000000010.808108	000000003.048202	-00000000.078400
000000013.069823	000000003.686071	-00000000.094806
000000014.609715	000000004.120366	-00000000.105976
000000018.125446	000000005.026631	000000000.131317
000000018.218256	000000005.052369	000000000.396021
000000010.513875	000000002.866411	-00000000.228272
000000010.525573	000000002.869601	-00000000.076166
000000013.410216	000000003.656045	-00000000.097040
000000018.236235	000000004.886384	000000000.131806
000000018.271309	000000004.895782	000000000.396231
000000010.857544	000000002.858553	-00000000.235183
000000012.568840	000000003.309099	-00000000.272251
000000013.818749	000000003.638173	-00000000.099762
000000020.872753	000000005.398061	000000000.150516
000000014.306084	000000003.699805	000000000.309529
000000020.888044	000000005.402016	000000000.451937
000000011.104950	000000002.820298	-00000000.240000
000000012.926704	000000003.282965	-00000000.279372
000000013.869357	000000003.522368	-00000000.099902
000000014.321217	000000003.570680	000000000.103043
000000014.318424	000000003.569984	000000000.309110
000000020.973194	000000005.229205	000000000.452775
000000011.255385	000000002.754175	-00000000.242723
000000013.158798	000000003.219938	-00000000.283770
000000014.064690	000000003.441608	-00000000.101089
000000027.799379	000000006.674040	000000000.199594
000000042.677677	000000010.246004	000000000.919372
000000011.463893	000000002.699389	-00000000.246702
000000013.831382	000000003.256858	-00000000.099204
000000027.924765	000000006.446940	000000000.200083
000000033.189507	000000007.662402	000000000.713508
000000012.842442	000000002.905948	-00000000.275812
000000013.810511	000000003.125000	-00000000.098855
000000028.819557	000000006.389142	000000000.206087
000000039.462990	000000008.748734	000000000.846702
000000011.470177	000000002.490420	-00000000.245864
000000014.228139	000000003.089232	-00000000.101647
000000023.091408	000000005.013636	-00000000.164967
000000023.484753	000000004.991838	000000000.167620
000000023.509512	000000004.997101	000000000.503456
000000013.449134	000000002.797424	-00000000.287749
000000014.655953	000000003.048443	-00000000.104509
000000018.180431	000000003.781535	-00000000.129642
000000029.250040	000000005.950988	000000000.208391
000000051.180042	000000010.412697	000000001.094032
000000063.406818	000000012.900263	000000001.355393
000000010.972580	000000002.182582	-00000000.234346
000000013.384783	000000002.662399	-00000000.285864
000000014.966419	000000002.977006	-00000000.106534
000000016.859289	000000003.353521	-00000000.120008
000000018.389277	000000003.657854	-00000000.130899
000000018.463957	000000003.589030	000000000.131317
000000018.440731	000000003.584515	000000000.393508
000000014.271873	000000002.709600	-00000000.304293
000000017.212112	000000003.267822	-00000000.122312
000000026.311260	000000004.876504	000000000.186819
000000026.296301	000000004.873731	000000000.560210
000000011.028677	000000001.994310	-00000000.234765
000000013.193091	000000002.385700	-00000000.280838
000000014.885270	000000002.691695	-00000000.316859
000000016.118193	000000002.914644	-00000000.114353
000000029.139751	000000005.138124	000000000.206575
000000034.053825	000000006.004608	000000000.241412
000000044.168789	000000007.788149	000000000.939477
000000016.941296	000000002.911047	-00000000.120008
000000029.065128	000000004.863834	000000000.205738
000000077.110619	000000012.903892	000000001.637697
000000010.913786	000000001.777423	-00000000.231623
000000017.212797	000000002.803282	-00000000.121753
000000025.531122	000000004.043733	000000000.180466
000000028.948439	000000004.584982	000000000.204621
000000017.908674	000000002.756409	-00000000.126500
000000020.508001	000000003.156483	-00000000.144861
000000022.914940	000000003.424661	000000000.161756
000000034.525703	000000005.159901	000000000.243716
000000022.930248	000000003.426949	000000000.485655
000000010.745256	000000001.557988	-00000000.227435
000000018.921675	000000002.743512	-00000000.133482
000000022.632776	000000003.281596	-00000000.159661
000000029.340927	000000004.123599	000000000.206855
000000030.717367	000000004.317044	000000000.216559
000000034.569416	000000004.858415	000000000.243716
000000034.552776	000000004.856076	000000000.730891
000000017.765793	000000002.417818	-00000000.125174
000000020.084362	000000002.733362	-00000000.141510
000000022.720001	000000003.092057	-00000000.160080
000000027.045958	000000003.560668	000000000.190449
000000027.288492	000000003.592598	000000000.576545
000000055.201454	000000007.267409	000000001.166283
000000010.612124	000000001.350033	-00000000.224084
000000020.871277	000000002.655162	-00000000.146886
000000023.073473	000000002.935317	-00000000.162384
000000027.115700	000000003.329389	000000000.190728
000000030.907133	000000003.794919	000000000.217396
000000060.849583	000000007.471389	000000001.284189
000000020.277964	000000002.400055	-00000000.142557
000000022.810226	000000002.699768	-00000000.160360
000000024.418959	000000002.890174	-00000000.171669
000000026.199852	000000002.985096	000000000.184096
000000026.398561	000000003.007736	000000000.185492
000000031.296751	000000003.565814	000000000.219910
000000066.157372	000000007.537680	000000001.394765
000000010.435303	000000001.142851	-00000000.219895
000000025.059549	000000002.744467	-00000000.175998
000000031.306786	000000003.290476	000000000.219770
000000071.550102	000000007.520218	000000001.507017
000000026.694355	000000002.687980	-00000000.187307
000000031.433846	000000003.026735	000000000.220468
000000050.853588	000000004.896644	000000001.070158
000000010.334188	000000000.949579	-00000000.217382
000000031.100439	000000002.720936	000000000.217955
000000035.815304	000000003.133433	000000000.753089
000000040.134911	000000003.158686	000000000.281066
000000040.286560	000000003.170621	000000000.846493
000000061.954792	000000004.875948	000000001.301781
000000010.189662	000000000.757223	-00000000.214032
000000048.660477	000000003.402672	000000001.021781
000000010.674748	000000000.699660	-00000000.224084
000000041.381660	000000002.531011	000000000.289443
000000052.779770	000000003.228149	000000001.107645
000000010.001691	000000000.567937	-00000000.209843
000000010.505581	000000000.504619	-00000000.220314
000000009.990099	000000000.392512	-00000000.209424
000000010.432841	000000000.318752	-00000000.218639
000000009.915464	000000000.216356	-00000000.207749
000000015.555919	000000000.339431	-00000000.108628
000000010.376835	000000000.135840	-00000000.217382
000000009.837749	000000000.042926	-00000000.206073
000000015.579472	000000000.067979	-00000000.108768
000000010.357629	-00000000.045194	-00000000.216963
000000009.827003	-00000000.128642	-00000000.205864
000000015.528291	-00000000.203276	-00000000.108419
000000010.335273	-00000000.225516	-00000000.216545
000000009.793282	-00000000.299212	-00000000.205236
000000015.542369	-00000000.474862	-00000000.108559
000000010.469624	-00000000.411353	-00000000.219477
000000009.826512	-00000000.472001	-00000000.206073
000000015.491761	-00000000.744123	-00000000.108279
000000010.341069	-00000000.587208	-00000000.216963
000000049.506279	-00000003.027934	000000000.346271
000000058.567684	-00000003.582153	000000001.229111
000000009.836731	-00000000.644733	-00000000.206492
000000015.336718	-00000001.005222	-00000000.107302
000000027.262760	-00000001.906398	000000000.190798
000000049.757553	-00000003.479387	000000001.044817
000000010.329246	-00000000.767596	-00000000.216963
000000027.294931	-00000002.148158	000000000.191147
000000027.399246	-00000002.156368	000000000.575707
000000009.744273	-00000000.809687	-00000000.204817
000000015.446389	-00000001.283496	-00000000.108210
000000027.314993	-00000002.389752	000000000.191426
000000027.369427	-00000002.394515	000000000.575498
000000010.443703	-00000000.959641	-00000000.219686
000000022.375191	-00000002.055991	-00000000.156869
000000026.805367	-00000002.581063	000000000.188005
000000071.095512	-00000006.845719	000000001.496127
000000009.768448	-00000000.983631	-00000000.205655
000000015.411687	-00000001.551875	-00000000.108140
000000024.404974	-00000002.565066	000000000.171320
000000024.897367	-00000002.616819	000000000.524398
000000010.157028	-00000001.112375	-00000000.214032
000000018.409475	-00000002.016165	-00000000.129293
000000021.441273	-00000002.348201	-00000000.150586
000000025.365273	-00000002.890008	000000000.178232
000000025.290791	-00000002.881522	000000000.533194
000000027.575506	-00000003.141832	000000000.581362
000000009.670365	-00000001.144563	-00000000.203979
000000015.412047	-00000001.824136	-00000000.108349
000000019.890676	-00000002.354217	-00000000.139835
000000026.291906	-00000003.228240	000000000.184934
000000051.749931	-00000006.354093	000000001.092147
000000010.106313	-00000001.285685	-00000000.213403
000000015.772494	-00000002.006515	-00000000.111002
000000018.381405	-00000002.338410	-00000000.129363
000000019.670979	-00000002.502465	-00000000.138438
000000026.252819	-00000003.456249	000000000.184864
000000039.359402	-00000005.181764	000000000.277156
000000056.926189	-00000007.494475	000000001.202723
000000009.688543	-00000001.318553	-00000000.204817
000000015.100428	-00000002.055078	-00000000.106394
000000018.905260	-00000002.572893	-00000000.133202
000000026.300879	-00000003.696347	000000000.185422
000000026.325453	-00000003.699801	000000000.556859
000000010.131807	-00000001.469042	-00000000.214450
000000016.002274	-00000002.320219	-00000000.112887
000000026.366520	-00000003.940503	000000000.186120
000000034.021317	-00000005.084520	000000000.240155
000000026.321829	-00000003.933824	000000000.557487
000000028.170881	-00000004.210166	000000000.596650
000000009.703581	-00000001.493524	-00000000.205655
000000012.322165	-00000001.896563	-00000000.261152
000000014.607627	-00000002.248329	-00000000.103183
000000019.674273	-00000003.116099	000000000.139067
000000046.825165	-00000007.416377	000000000.330982
000000027.214720	-00000004.310388	000000000.577173
000000047.546764	-00000007.530668	000000001.008378
000000010.104626	-00000001.645643	-00000000.214450
000000014.202532	-00000002.313029	-00000000.100460
000000019.636467	-00000003.286018	000000000.138997
000000045.417343	-00000007.600257	000000000.321487
000000019.750969	-00000003.305179	000000000.419477
000000047.597565	-00000007.965101	000000001.010891
000000009.636624	-00000001.655875	-00000000.204817
000000012.622205	-00000002.168891	-00000000.268272
000000013.620052	-00000002.340353	-00000000.096481
000000015.748801	-00000002.706139	-00000000.111561
000000013.668798	-00000002.410178	000000000.096900
000000028.430708	-00000005.013101	000000000.201549
000000044.000137	-00000007.758411	000000000.311923
000000028.681158	-00000005.057262	000000000.610053
000000009.985822	-00000001.805731	-00000000.212566
000000013.667993	-00000002.471576	-00000000.096970
000000027.727114	-00000005.138916	000000000.196872
000000028.055941	-00000005.199862	000000000.597697
000000009.655370	-00000001.833129	-00000000.205864
000000012.742071	-00000002.419158	-00000000.090547
000000015.934957	-00000003.025346	-00000000.113236
000000027.406363	-00000005.327257	000000000.194917
000000027.401020	-00000005.326219	000000000.584712
000000010.139096	-00000002.016792	-00000000.216545
000000012.132018	-00000002.413208	-00000000.086358
000000015.741220	-00000003.131123	-00000000.112049
000000017.467360	-00000003.474474	-00000000.124336
000000015.413839	-00000003.135981	000000000.109815
000000015.391241	-00000003.131383	000000000.329005
000000009.856826	-00000002.050223	-00000000.210890
000000011.944063	-00000002.484369	-00000000.085171
000000015.458752	-00000003.215425	-00000000.110234
000000026.937529	-00000005.725749	000000000.192264
000000026.746469	-00000005.685138	000000000.572775
000000009.623615	-00000002.089492	-00000000.206283
000000011.990334	-00000002.603357	-00000000.085660
000000016.055515	-00000003.485994	-00000000.114702
000000023.716822	-00000005.149427	-00000000.169435
000000023.655075	-00000005.244204	000000000.169156
000000037.400990	-00000008.291600	000000000.267452
000000027.125317	-00000006.013538	000000000.581990
000000009.429492	-00000002.133676	-00000000.202513
000000012.298766	-00000002.782927	-00000000.088034
000000015.926951	-00000003.603901	-00000000.114004
000000023.349127	-00000005.283368	-00000000.167131
000000026.463245	-00000006.109522	000000000.189611
000000027.807844	-00000006.419947	000000000.199245
000000027.364052	-00000006.317489	000000000.588273
000000009.585683	-00000002.257129	-00000000.206283
000000009.918492	-00000002.335495	-00000000.071139
000000012.420017	-00000002.924526	-00000000.089081
000000018.912298	-00000004.453255	-00000000.135646
000000023.297415	-00000005.593215	000000000.167271
000000023.302595	-00000005.594458	000000000.501990
000000009.177169	-00000002.245639	-00000000.197906
000000009.810316	-00000002.400569	-00000000.070511
000000012.559147	-00000003.073204	-00000000.090268
000000018.668739	-00000004.568212	-00000000.134180
000000023.170097	-00000005.776954	000000000.166712
000000023.194683	-00000005.783084	000000000.500733
000000009.011870	-00000002.288724	-00000000.194765
000000009.750226	-00000002.476242	-00000000.070231
000000011.097424	-00000002.818387	-00000000.079935
000000012.667539	-00000003.217145	-00000000.091245
000000023.118801	-00000005.978929	000000000.166712
000000023.143333	-00000005.985273	000000000.500733
000000008.517807	-00000002.242551	-00000000.184503
000000011.207789	-00000002.950765	-00000000.080913
000000015.201591	-00000004.002245	-00000000.109745
000000019.485500	-00000005.130104	-00000000.140672
000000023.374836	-00000006.263268	000000000.168947
000000025.181072	-00000006.747248	000000000.182001
000000029.324795	-00000007.857555	000000000.211951
000000029.579819	-00000007.925889	000000000.641466
000000008.575079	-00000002.337835	-00000000.186178
000000010.571750	-00000002.882190	-00000000.229529
000000010.911479	-00000002.974811	-00000000.078958
000000019.430342	-00000005.297319	-00000000.140603
000000011.148932	-00000003.091873	000000000.080773
000000028.397497	-00000007.875323	000000000.205738
000000011.156393	-00000003.093942	000000000.242513
000000008.381146	-00000002.363728	-00000000.182408
000000008.960240	-00000002.527049	-00000000.064996
000000011.087214	-00000003.126918	-00000000.080424
000000011.083077	-00000003.178021	000000000.080494
000000023.108170	-00000006.626161	000000000.167829
000000027.799011	-00000007.971238	000000000.201898
000000011.109749	-00000003.185669	000000000.242094
000000028.091516	-00000008.055113	000000000.612147
000000008.504176	-00000002.478741	-00000000.185550
000000011.145906	-00000003.248736	-00000000.081052
000000015.581229	-00000004.541514	-00000000.113306
000000019.306133	-00000005.627224	-00000000.140393
000000016.088604	-00000004.765662	000000000.117146
000000015.980020	-00000004.733498	000000000.349110
000000007.678039	-00000002.310827	-00000000.167958
000000010.310782	-00000003.103193	-00000000.225550
000000015.971901	-00000004.806997	-00000000.116447
000000015.893398	-00000004.859099	000000000.116029
000000015.861616	-00000004.849383	000000000.347435
000000007.676676	-00000002.383671	-00000000.168377
000000009.185277	-00000002.852104	-00000000.201466
000000007.878723	-00000002.446408	-00000000.057595
000000009.263468	-00000002.876383	-00000000.067718
000000016.053493	-00000004.984742	-00000000.117355
000000015.983907	-00000005.039706	000000000.117006
000000015.980791	-00000005.038724	000000000.350995
000000007.874586	-00000002.520675	-00000000.173194
000000010.740668	-00000003.438115	-00000000.236230
000000013.799879	-00000004.417376	-00000000.101158
000000015.561769	-00000004.981361	-00000000.114074
000000018.828407	-00000006.027020	-00000000.138020
000000027.570456	-00000008.958184	000000000.202387
000000008.137136	-00000002.683225	-00000000.179477
000000010.434904	-00000003.440915	-00000000.230157
000000015.229834	-00000005.022046	-00000000.335916
000000015.365758	-00000005.066867	-00000000.112957
000000016.438890	-00000005.420733	-00000000.120846
000000018.775095	-00000006.191098	-00000000.138020
000000016.345514	-00000005.469132	000000000.361047
000000009.221076	-00000003.130134	-00000000.203979
000000015.280100	-00000005.186895	-00000000.338011
000000013.654400	-00000004.635044	-00000000.100670
000000015.699718	-00000005.329337	-00000000.115749
000000019.193806	-00000006.515419	-00000000.141510
000000015.039901	-00000005.178653	000000000.333194
000000016.798182	-00000005.784078	000000000.372147
000000009.287799	-00000003.243444	-00000000.206073
000000015.064356	-00000005.260709	-00000000.334241
000000016.030241	-00000005.598011	-00000000.118542
000000018.447050	-00000006.441998	-00000000.136414
000000022.194992	-00000007.750838	-00000000.164129
000000015.295715	-00000005.416497	000000000.339895
000000006.972585	-00000002.503414	-00000000.155183
000000010.021326	-00000003.598024	-00000000.223037
000000012.223195	-00000004.388576	-00000000.272042
000000018.888943	-00000006.781823	-00000000.140114
000000021.919456	-00000007.869889	-00000000.162594
000000020.259279	-00000007.373775	000000000.150516
000000014.919046	-00000005.430089	000000000.332566
000000009.558073	-00000003.526159	-00000000.213403
000000021.971905	-00000008.105864	-00000000.163501
000000019.023348	-00000007.112538	000000000.141789
000000015.770101	-00000005.896199	000000000.352670
000000016.107229	-00000006.022246	000000000.360210
000000020.171495	-00000007.541813	000000000.451100
000000007.619680	-00000002.886838	-00000000.170681
000000009.386699	-00000003.556302	-00000000.210262
000000013.462994	-00000005.100672	-00000000.301571
000000018.982782	-00000007.191933	-00000000.141720
000000018.503113	-00000007.102680	000000000.138369
000000013.972634	-00000005.363592	000000000.313508
000000018.378168	-00000007.054718	000000000.412356
000000010.138021	-00000003.942461	-00000000.227854
000000011.833904	-00000004.601954	-00000000.265969
000000013.529787	-00000005.261446	-00000000.304084
000000018.835419	-00000007.324694	-00000000.141091
000000018.254349	-00000007.190579	000000000.136972
000000018.129862	-00000007.141542	000000000.408168
000000009.239628	-00000003.686238	-00000000.208377
000000013.427641	-00000005.357085	-00000000.302827
000000018.794983	-00000007.498437	-00000000.423875
000000018.937965	-00000007.555482	-00000000.142348
000000018.190905	-00000007.349603	000000000.136972
000000018.011232	-00000007.277010	000000000.406911
000000019.108219	-00000007.817379	-00000000.432461
000000018.695463	-00000007.648516	-00000000.141021
000000018.199984	-00000007.538680	000000000.137531
000000020.103128	-00000008.326988	000000000.151912
000000017.115734	-00000007.089569	000000000.388063
000000010.722845	-00000004.496462	-00000000.243560
000000019.546373	-00000008.196475	-00000000.443979
000000016.866646	-00000007.072772	-00000000.127687
000000018.249914	-00000007.652824	-00000000.138159
000000019.633181	-00000008.232876	-00000000.148631
000000017.194613	-00000007.298680	000000000.130410
000000016.657484	-00000007.070683	000000000.379058
000000010.692385	-00000004.593811	-00000000.243770
000000018.573883	-00000007.979970	-00000000.423456
000000016.813469	-00000007.223636	-00000000.127757
000000018.908262	-00000008.123631	-00000000.143674
000000016.332441	-00000007.101548	000000000.124336
000000018.404947	-00000008.002699	000000000.140114
000000016.640989	-00000007.235708	000000000.380105
000000006.744366	-00000002.967592	-00000000.154346
000000010.981329	-00000004.831900	-00000000.251309
000000016.490295	-00000007.255904	-00000000.377382
000000016.099937	-00000007.084142	-00000000.122800
000000016.059738	-00000007.150256	000000000.122731
000000016.120541	-00000007.177327	000000000.369634
000000010.482964	-00000004.722231	-00000000.240838
000000016.034378	-00000007.222960	-00000000.368377
000000018.140085	-00000008.171513	-00000000.416754
000000015.982800	-00000007.199726	-00000000.122382
000000015.714648	-00000007.161578	000000000.120566
000000015.702487	-00000007.156036	000000000.361466
000000006.337449	-00000002.921604	-00000000.146178
000000010.686502	-00000004.926545	-00000000.246492
000000016.569979	-00000007.638865	-00000000.382199
000000015.283677	-00000007.045872	-00000000.117495
000000006.516194	-00000003.038551	000000000.050195
000000015.560925	-00000007.256179	000000000.119868
000000015.431037	-00000007.195611	000000000.356649
000000006.347883	-00000002.993856	-00000000.147016
000000006.457652	-00000003.045627	-00000000.049846
000000015.583382	-00000007.349600	-00000000.120287
000000015.737136	-00000007.422115	-00000000.121474
000000006.489430	-00000003.095299	000000000.050195
000000015.460908	-00000007.374475	000000000.119589
000000015.096940	-00000007.200871	000000000.350367
000000006.366540	-00000003.070854	-00000000.148063
000000006.412815	-00000003.093175	-00000000.049707
000000006.408246	-00000003.125510	000000000.049776
000000006.460912	-00000003.151197	000000000.150576
000000006.411234	-00000003.161671	-00000000.149738
000000014.597887	-00000007.198881	-00000000.340943
000000006.484232	-00000003.197669	-00000000.050475
000000014.735260	-00000007.266626	-00000000.114702
000000006.327032	-00000003.154542	000000000.049358
000000014.014331	-00000006.987288	000000000.109327
000000006.451062	-00000003.216381	000000000.150995
000000006.410182	-00000003.230998	-00000000.150367
000000014.757706	-00000007.438496	-00000000.346178
000000014.224808	-00000007.169894	-00000000.111211
000000013.970642	-00000007.118398	000000000.109466
000000014.101540	-00000007.185093	000000000.331519
000000006.186203	-00000003.186104	-00000000.145759
000000013.687861	-00000007.049712	-00000000.322513
000000013.743870	-00000007.078558	-00000000.107930
000000015.548531	-00000008.008019	-00000000.122102
000000013.721724	-00000007.143077	000000000.108000
000000013.612631	-00000007.086287	000000000.321466
000000013.625820	-00000007.168891	-00000000.322513
000000013.938215	-00000007.333250	-00000000.109955
000000013.552916	-00000007.206213	000000000.107162
000000013.479653	-00000007.167259	000000000.319791
000000013.536321	-00000007.273328	-00000000.321885
000000014.032248	-00000007.539799	-00000000.111211
000000013.340119	-00000007.243093	000000000.105976
000000013.337519	-00000007.241682	000000000.317906
000000013.761591	-00000007.549868	-00000000.328796
000000013.606468	-00000007.464764	-00000000.108349
000000013.530037	-00000007.499822	000000000.108000
000000013.116418	-00000007.270549	000000000.314136
000000013.555614	-00000007.591509	-00000000.325445
000000013.313965	-00000007.456179	-00000000.106534
000000012.967983	-00000007.336932	000000000.104021
000000012.948052	-00000007.325655	000000000.311623
000000013.714533	-00000007.838501	-00000000.330890
000000013.717207	-00000007.840030	-00000000.110304
000000012.635003	-00000007.294822	000000000.101857
000000012.874973	-00000007.433369	000000000.311414
000000012.229228	-00000007.131875	-00000000.296545
000000013.999701	-00000008.164385	-00000000.339477
000000012.378461	-00000007.218905	-00000000.100041
000000012.441622	-00000007.328675	000000000.100809
000000012.533955	-00000007.383064	000000000.304712
000000012.269631	-00000007.299664	-00000000.299058
000000015.551845	-00000009.252376	-00000000.379058
000000012.306399	-00000007.321538	-00000000.099972
000000012.111479	-00000007.277311	000000000.098645
000000013.980058	-00000008.400066	000000000.113864
000000012.169106	-00000007.311936	000000000.297382
000000012.077255	-00000007.328659	-00000000.295916
000000012.088160	-00000007.335275	-00000000.098715
000000011.928145	-00000007.309577	000000000.097668
000000011.925819	-00000007.308152	000000000.292984
000000011.706782	-00000007.244377	-00000000.288377
000000011.751581	-00000007.272099	-00000000.096481
000000011.736700	-00000007.333904	000000000.096621
000000011.870070	-00000007.417243	000000000.293194
000000011.651573	-00000007.351595	-00000000.288587
000000011.603104	-00000007.321013	-00000000.095783
000000011.765024	-00000007.495147	000000000.097389
000000011.535065	-00000007.348647	000000000.286492
000000011.259043	-00000007.242060	-00000000.280419
000000011.185547	-00000007.194785	-00000000.092851
000000011.372096	-00000007.385126	000000000.094666
000000011.311185	-00000007.345569	000000000.282513
000000011.488051	-00000007.531897	-00000000.287749
000000011.130698	-00000007.297605	-00000000.092921
000000011.173798	-00000007.395775	000000000.093549
000000011.154945	-00000007.383297	000000000.280210
000000011.297194	-00000007.548543	-00000000.284607
000000011.374228	-00000007.600016	-00000000.095504
000000013.885204	-00000009.277797	-00000000.116587
000000010.868418	-00000007.330840	000000000.091524
000000010.534757	-00000007.105783	000000000.266178
000000011.693680	-00000007.961943	-00000000.296335
000000011.373598	-00000007.744007	-00000000.096062
000000010.622728	-00000007.300799	000000000.089988
000000010.356994	-00000007.118165	000000000.263246
000000010.662638	-00000007.396935	-00000000.271833
000000010.648285	-00000007.386978	-00000000.090477
000000012.118997	-00000008.407248	-00000000.102974
000000010.583186	-00000007.410427	000000000.090198
000000010.237155	-00000007.168133	000000000.261780
000000010.475213	-00000007.403149	-00000000.268691
000000010.305765	-00000007.283395	-00000000.088104
000000010.575103	-00000007.543148	000000000.090687
000000010.060261	-00000007.175914	000000000.258848
000000010.199247	-00000007.342407	-00000000.263246
000000012.519840	-00000009.012996	-00000000.323142
000000009.957770	-00000007.168569	-00000000.085660
000000009.999207	-00000007.264849	000000000.086288
000000009.827400	-00000007.140024	000000000.254450
000000009.812279	-00000007.194660	-00000000.254869
000000010.144826	-00000007.438494	-00000000.087824
000000009.621932	-00000007.119855	000000000.083566
000000009.652204	-00000007.142255	000000000.251518
000000009.829228	-00000007.339833	-00000000.256963
000000009.903255	-00000007.395112	-00000000.086288
000000012.643476	-00000009.441332	-00000000.110164
000000009.647282	-00000007.269748	000000000.084334
000000009.709278	-00000007.316465	000000000.254660
000000009.629512	-00000007.322451	-00000000.253403
000000009.511992	-00000007.233087	-00000000.083426
000000012.297931	-00000009.351564	-00000000.107860
000000009.377208	-00000007.195385	000000000.082518
000000009.565743	-00000007.340053	000000000.252566
000000009.628487	-00000007.455171	-00000000.255079
000000009.448510	-00000007.315818	-00000000.083426
000000009.117062	-00000007.123030	000000000.080773
000000009.422542	-00000007.361696	000000000.250471
000000009.146935	-00000007.210863	-00000000.243979
000000009.054483	-00000007.137979	-00000000.080494
000000008.976297	-00000007.140069	000000000.080075
000000009.185804	-00000007.306719	000000000.245864
000000003.173434	-00000002.546950	-00000000.085236
000000009.114850	-00000007.315440	-00000000.244817
000000010.962771	-00000008.798554	-00000000.294450
000000009.233607	-00000007.410753	-00000000.082658
000000012.150304	-00000009.751650	-00000000.108768
000000029.205963	-00000023.440264	-00000000.261448
000000009.162328	-00000007.419507	000000000.082309
000000008.981837	-00000007.273348	000000000.242094
000000009.437776	-00000007.710986	-00000000.255288
000000010.808150	-00000008.830629	-00000000.292356
000000008.990479	-00000007.345530	-00000000.081052
000000009.050936	-00000007.461015	000000000.081890
000000008.848593	-00000007.294217	000000000.240210
000000009.124151	-00000007.588476	-00000000.248587
000000011.245689	-00000009.352941	-00000000.306388
000000008.726143	-00000007.257456	-00000000.079237
000000004.848943	-00000004.068747	000000000.044191
000000008.885900	-00000007.456155	000000000.080983
000000004.916927	-00000004.125792	000000000.134450
000000008.669721	-00000007.274760	000000000.237068
000000010.852469	-00000009.106303	000000000.296754
000000009.683295	-00000008.197515	-00000000.265759
000000008.899074	-00000007.533622	-00000000.081401
000000008.676021	-00000007.410022	000000000.079656
000000008.529884	-00000007.285209	000000000.234974
000000008.770679	-00000007.557300	-00000000.242513
000000010.898970	-00000009.391153	-00000000.301361
000000008.575426	-00000007.389060	-00000000.079028
000000008.784606	-00000007.636341	000000000.081262
000000008.405622	-00000007.306895	000000000.233299
000000004.615284	-00000004.047495	-00000000.128586
000000008.854731	-00000007.765390	-00000000.246702
000000004.631220	-00000004.061471	-00000000.043005
000000008.442955	-00000007.404273	-00000000.078400
000000008.448014	-00000007.474172	000000000.078749
000000008.289122	-00000007.333595	000000000.231833
000000008.376387	-00000007.476211	-00000000.235183
000000008.467546	-00000007.557573	-00000000.079237
000000004.681698	-00000004.215420	000000000.043982
000000008.285863	-00000007.460624	000000000.077841
000000004.599058	-00000004.141010	000000000.129634
000000008.247099	-00000007.425721	000000000.232461
000000008.392233	-00000007.622968	-00000000.237487
000000008.245830	-00000007.489984	-00000000.077771
000000008.227815	-00000007.539403	000000000.077911
000000004.533261	-00000004.153969	000000000.128796
000000008.152499	-00000007.470389	000000000.231623
000000008.141850	-00000007.526249	-00000000.232251
000000008.121409	-00000007.507354	-00000000.077213
000000010.140747	-00000009.374010	-00000000.096411
000000004.505029	-00000004.201007	000000000.043005
000000008.220215	-00000007.665474	000000000.078469
000000008.006567	-00000007.466244	000000000.229319
000000004.558602	-00000004.288305	-00000000.131100
000000007.930221	-00000007.460007	-00000000.228063
000000009.357514	-00000008.802670	-00000000.269110
000000008.113855	-00000007.632753	-00000000.077771
000000010.131393	-00000009.530663	-00000000.097109
000000004.475451	-00000004.247044	000000000.043074
000000007.891881	-00000007.489115	000000000.075956
000000007.781559	-00000007.384424	000000000.224712
000000004.499341	-00000004.307181	-00000000.130471
000000008.088702	-00000007.743248	-00000000.234555
000000004.478547	-00000004.287276	-00000000.043284
000000008.003597	-00000007.661778	-00000000.077352
000000007.739908	-00000007.474342	000000000.075118
000000007.680864	-00000007.417325	000000000.223665
000000007.999338	-00000007.792610	-00000000.233927
000000007.786012	-00000007.584797	-00000000.075886
000000004.586089	-00000004.506737	000000000.044890
000000007.624461	-00000007.492537	000000000.074630
000000007.694284	-00000007.561152	000000000.225969
000000004.636494	-00000004.596208	-00000000.136754
000000007.796125	-00000007.728386	-00000000.229948
000000009.372391	-00000009.290956	-00000000.276440
000000007.577493	-00000007.511654	-00000000.074490
000000007.664851	-00000007.664851	000000000.075677
000000004.651742	-00000004.651742	000000000.137801
000000007.599731	-00000007.599731	000000000.225131
000000007.890274	-00000007.959432	-00000000.234765
000000007.729893	-00000007.797645	-00000000.076654
000000007.590662	-00000007.724314	000000000.075607
000000007.484069	-00000007.615844	000000000.223665
000000004.081179	-00000004.189447	-00000000.122513
000000007.701917	-00000007.906239	-00000000.231204
000000007.535954	-00000007.735873	-00000000.075398
000000007.620217	-00000007.890965	000000000.076584
000000003.576706	-00000003.703788	000000000.107853
000000005.062949	-00000005.242837	000000000.152670
000000007.431214	-00000007.695248	000000000.224084
000000004.016809	-00000004.196014	-00000000.121675
000000007.494358	-00000007.828708	-00000000.227016
000000007.516564	-00000007.851905	-00000000.075886
000000007.730033	-00000008.145756	000000000.078400
000000007.267430	-00000007.658274	000000000.221152
000000003.993741	-00000004.245471	-00000000.122094
000000007.528510	-00000008.003041	-00000000.230157
000000007.529977	-00000008.004601	-00000000.076724
000000008.735870	-00000009.286504	-00000000.089011
000000007.344944	-00000007.876488	000000000.075188
000000003.504703	-00000003.758333	000000000.107644
000000007.152594	-00000007.670218	000000000.219686
000000007.539822	-00000008.156533	-00000000.232670
000000007.486989	-00000008.099380	-00000000.077003
000000007.235395	-00000007.896048	000000000.074769
000000007.328547	-00000007.997705	000000000.227225
000000007.696911	-00000008.473639	-00000000.239791
000000007.664794	-00000008.438281	-00000000.079586
000000003.385718	-00000003.760221	000000000.035325
000000007.159523	-00000007.951456	000000000.074699
000000004.020593	-00000004.465321	000000000.125864
000000007.345442	-00000008.157940	000000000.229948
000000003.854609	-00000004.318725	-00000000.121257
000000007.356379	-00000008.242126	-00000000.231414
000000007.657453	-00000008.579451	-00000000.080284
000000003.922615	-00000004.433710	000000000.041329
000000007.361529	-00000008.320695	000000000.077562
000000007.585335	-00000008.573662	000000000.239791
000000004.054088	-00000004.622801	-00000000.128796
000000004.087844	-00000004.661293	-00000000.043284
000000003.962500	-00000004.558335	000000000.042167
000000003.922373	-00000004.512174	000000000.125236
000000003.948330	-00000004.582263	-00000000.126702
000000004.007847	-00000004.651336	-00000000.042865
000000003.922571	-00000004.592740	000000000.042167
000000003.915313	-00000004.584242	000000000.126283
000000003.921113	-00000004.631805	-00000000.127120
000000003.954182	-00000004.670869	-00000000.042725
000000003.914481	-00000004.665097	000000000.042516
000000003.926571	-00000004.679505	000000000.127958
000000003.879982	-00000004.706795	000000000.042586
000000003.911023	-00000004.744451	000000000.128796
000000002.529806	-00000003.124051	000000000.028065
000000003.907984	-00000004.825959	000000000.043354
000000002.510438	-00000003.100132	000000000.083560
000000003.900931	-00000004.817248	000000000.129843
000000002.440198	-00000003.067749	000000000.027367
000000002.458394	-00000003.090624	000000000.082723
000000002.401021	-00000003.073167	000000000.027227
000000002.431329	-00000003.111960	000000000.082723
000000002.392374	-00000003.117803	000000000.027436
000000005.673518	-00000007.393873	000000000.065065
000000002.458857	-00000003.204444	000000000.084607
000000005.769793	-00000007.519340	000000000.198534
000000003.400172	-00000004.512181	000000000.039444
000000005.548599	-00000007.363240	000000000.064367
000000003.435610	-00000004.559209	000000000.119581
000000005.481332	-00000007.273973	000000000.190785
000000005.442496	-00000007.355111	000000000.063879
000000003.312436	-00000004.476501	000000000.116649
000000005.471169	-00000007.393861	000000000.192670
000000003.244496	-00000004.465665	000000000.038537
000000005.366349	-00000007.386145	000000000.063739
000000003.431913	-00000004.723623	000000000.122304
000000005.471081	-00000007.530297	000000000.194974
000000003.315733	-00000004.648486	000000000.039863
000000005.127482	-00000007.188465	000000000.061645
000000003.257029	-00000004.566186	000000000.117487
000000005.114871	-00000007.170785	000000000.184503
000000005.024407	-00000007.175597	000000000.061156
000000003.440704	-00000004.913835	000000000.125655
000000005.109445	-00000007.297044	000000000.186597
000000004.984253	-00000007.252134	000000000.061435
000000005.028584	-00000007.316636	000000000.185969
000000003.539605	-00000005.247680	000000000.044191
000000004.948737	-00000007.336804	000000000.061784
000000003.561278	-00000005.279811	000000000.133403
000000004.953362	-00000007.343662	000000000.185550
000000004.829331	-00000007.296323	000000000.061086
000000003.945484	-00000005.960976	000000000.149738
000000004.872535	-00000007.361597	000000000.184922
000000004.749137	-00000007.313029	000000000.060877
000000004.677423	-00000007.202600	000000000.179895
000000004.835578	-00000007.590338	000000000.062831
000000004.592904	-00000007.209415	000000000.179058
000000004.541297	-00000007.267595	000000000.059829
000000004.551008	-00000007.283135	000000000.179895
000000004.378431	-00000007.144950	000000000.058503
000000004.367130	-00000007.126508	000000000.175079
000000004.377717	-00000007.285745	000000000.059341
000000004.376863	-00000007.284324	000000000.178011
000000004.227692	-00000007.177196	000000000.058154
000000004.262387	-00000007.236097	000000000.175916
000000004.169899	-00000007.222476	000000000.058224
000000002.874369	-00000004.978554	000000000.120419
000000004.209077	-00000007.290335	000000000.176335
