000000002.303736	000000002.673618	-00000000.073927
000000002.323768	000000002.696866	-00000000.024853
000000002.241284	000000002.555695	-00000000.071204
000000002.399960	000000002.736630	-00000000.025412
000000002.216900	000000002.483826	-00000000.069738
000000002.370481	000000002.655900	-00000000.024853
000000002.278824	000000002.508789	-00000000.070995
000000002.413738	000000002.657318	-00000000.025063
000000002.354922	000000002.547540	-00000000.072670
000000002.525077	000000002.731613	-00000000.025970
000000002.377064	000000002.526893	-00000000.072670
000000002.589929	000000002.753175	-00000000.026389
000000002.558037	000000002.672161	-00000000.077487
000000002.627686	000000002.744916	-00000000.026529
000000002.560329	000000002.628252	-00000000.076859
000000002.581762	000000002.650253	-00000000.025831
000000002.639476	000000002.662611	-00000000.078534
000000002.675191	000000002.698639	-00000000.026529
000000002.669711	000000002.646515	-00000000.078743
000000002.790961	000000002.766711	-00000000.027436
000000002.821611	000000002.748692	-00000000.082513
000000002.807835	000000002.735272	-00000000.027367
000000002.766047	000000002.647914	-00000000.080209
000000002.867715	000000002.745240	-00000000.027716
000000002.898281	000000002.726430	-00000000.083351
000000002.898846	000000002.726962	-00000000.027785
000000002.819180	000000002.606023	-00000000.080419
000000002.922532	000000002.701561	-00000000.027785
000000002.893618	000000002.628378	-00000000.081885
000000003.034820	000000002.756637	-00000000.028623
000000002.864232	000000002.556425	-00000000.080419
000000003.118444	000000002.783317	-00000000.029182
000000002.946566	000000002.584069	-00000000.082094
000000003.120059	000000002.736218	-00000000.028972
000000003.006873	000000002.590888	-00000000.083141
000000003.227148	000000002.780689	-00000000.029740
000000003.143828	000000002.661447	-00000000.086283
000000003.228395	000000002.733038	-00000000.029531
000000003.113127	000000002.589160	-00000000.084817
000000003.244433	000000002.698367	-00000000.029461
000000003.158829	000000002.580872	-00000000.085445
000000003.275601	000000002.676278	-00000000.029531
000000003.118854	000000002.503145	-00000000.083770
000000003.345623	000000002.685146	-00000000.029950
000000003.266202	000000002.574866	-00000000.087120
000000003.384634	000000002.668230	-00000000.030089
000000003.193685	000000002.472815	-00000000.084607
000000003.455229	000000002.675324	-00000000.030508
000000003.334517	000000002.535626	-00000000.087749
000000003.605801	000000002.741915	-00000000.031625
000000003.428614	000000002.560268	-00000000.089634
000000003.693690	000000002.758209	-00000000.032184
000000003.595954	000000002.636663	-00000000.093403
000000003.927289	000000002.879608	-00000000.033999
000000003.732421	000000002.686959	-00000000.096335
000000004.041540	000000002.909492	-00000000.034767
000000003.902691	000000002.758149	-00000000.100105
000000004.042277	000000002.856799	-00000000.034557
000000003.754103	000000002.604314	-00000000.095707
000000004.124567	000000002.861314	-00000000.035046
000000003.958497	000000002.695244	-00000000.100314
000000004.198974	000000002.858979	-00000000.035465
000000004.717109	000000003.181730	000000000.039723
000000004.948269	000000003.337649	000000000.125026
000000004.006805	000000002.677261	-00000000.100942
000000004.232077	000000002.827784	-00000000.035535
000000004.744695	000000003.140445	000000000.039723
000000005.027229	000000003.327450	000000000.126283
000000004.071820	000000002.669602	-00000000.101990
000000004.315131	000000002.829124	-00000000.036023
000000004.839011	000000003.142491	000000000.040282
000000005.064459	000000003.288898	000000000.126492
000000004.128596	000000002.655602	-00000000.102827
000000004.381707	000000002.818408	-00000000.036372
000000004.975888	000000003.169991	000000000.041189
000000005.177288	000000003.298296	000000000.128586
000000004.210801	000000002.656817	-00000000.104293
000000004.499163	000000002.838760	-00000000.037140
000000005.045763	000000003.152943	000000000.041538
000000005.477189	000000003.422528	000000000.135288
000000004.165812	000000002.577883	-00000000.102618
000000004.583287	000000002.836224	-00000000.037629
000000005.004876	000000003.066992	000000000.040980
000000005.617667	000000003.442510	000000000.138011
000000004.290716	000000002.603671	-00000000.105131
000000004.633510	000000002.811682	-00000000.037838
000000005.211450	000000003.131355	000000000.042446
000000005.656064	000000003.398506	000000000.138220
000000004.339051	000000002.581464	-00000000.105759
000000004.675057	000000002.781367	-00000000.037978
000000005.307506	000000003.126360	000000000.043005
000000005.642434	000000003.323647	000000000.137173
000000004.482323	000000002.614013	-00000000.108691
000000004.871913	000000002.841216	-00000000.039374
000000005.464487	000000003.154923	000000000.044052
000000005.671223	000000003.274282	000000000.137173
000000004.548364	000000002.599604	-00000000.109738
000000005.018067	000000002.868062	-00000000.040352
000000005.439590	000000003.077572	000000000.043633
000000005.699580	000000003.224667	000000000.137173
000000004.658107	000000002.608665	-00000000.111833
000000005.086528	000000002.848592	-00000000.040701
000000005.509970	000000003.054226	000000000.043982
000000005.727503	000000003.174807	000000000.137173
000000004.768348	000000002.616005	-00000000.113927
000000005.163795	000000002.832955	-00000000.041120
000000005.510049	000000002.991713	000000000.043773
000000005.869211	000000003.186721	000000000.139895
000000004.879065	000000002.621616	-00000000.116021
000000005.214746	000000002.801984	-00000000.041329
000000005.571263	000000002.962293	000000000.044052
000000005.967417	000000003.172932	000000000.141571
000000004.981388	000000002.620835	-00000000.117906
000000005.247849	000000002.761027	-00000000.041399
000000005.561422	000000002.895093	000000000.043773
000000005.861856	000000003.051489	000000000.138429
000000005.092951	000000002.623042	-00000000.120000
000000005.325083	000000002.742598	-00000000.041818
000000005.755762	000000002.932707	000000000.045099
000000006.200046	000000003.159081	000000000.145759
000000005.079936	000000002.560498	-00000000.119162
000000005.402391	000000002.723029	-00000000.042237
000000005.969067	000000002.976067	000000000.046565
000000006.316851	000000003.149466	000000000.147853
000000005.245555	000000002.586821	-00000000.122513
000000005.515633	000000002.720009	-00000000.042935
000000006.066712	000000002.958933	000000000.047124
000000006.442940	000000003.142432	000000000.150157
000000005.303949	000000002.558321	-00000000.123351
000000005.593200	000000002.697839	-00000000.043354
000000006.128405	000000002.923099	000000000.047403
000000006.650595	000000003.172171	000000000.154346
000000005.425541	000000002.558851	-00000000.125655
000000005.779327	000000002.725708	-00000000.044610
000000006.307748	000000002.941351	000000000.048590
000000006.895490	000000003.215420	000000000.159372
000000005.420425	000000002.498850	-00000000.125026
000000005.920949	000000002.729595	-00000000.045518
000000006.515164	000000002.969131	000000000.049986
000000007.196215	000000003.279504	000000000.165655
000000005.706379	000000002.570536	-00000000.131100
000000006.117774	000000002.755856	-00000000.046844
000000006.650449	000000002.960971	000000000.050824
000000007.023624	000000003.127119	000000000.161047
000000005.600478	000000002.464269	-00000000.128168
000000006.169049	000000002.714447	-00000000.047054
000000006.657694	000000002.894848	000000000.050684
000000007.279860	000000003.165373	000000000.166283
000000006.007576	000000002.581059	-00000000.136963
000000006.293566	000000002.703929	-00000000.047822
000000006.894413	000000002.926505	000000000.052290
000000007.886996	000000003.347831	000000000.179477
000000006.075972	000000002.547866	-00000000.138011
000000006.492136	000000002.722379	-00000000.049148
000000007.159892	000000002.965724	000000000.054105
000000007.814307	000000003.236792	000000000.177173
000000006.236774	000000002.551532	-00000000.141152
000000006.561923	000000002.684553	-00000000.049497
000000007.241129	000000002.925606	000000000.054524
000000007.675398	000000003.101062	000000000.173403
000000006.370236	000000002.541466	-00000000.143665
000000006.640827	000000002.649421	-00000000.049916
000000007.350120	000000002.895289	000000000.055152
000000007.823095	000000003.081599	000000000.176126
000000006.597168	000000002.565499	-00000000.148272
000000006.784852	000000002.638485	-00000000.050824
000000007.319092	000000002.809536	000000000.054733
000000007.933693	000000003.045460	000000000.178011
000000006.703449	000000002.539710	-00000000.150157
000000007.041397	000000002.667747	-00000000.052569
000000007.736724	000000002.892642	000000000.057665
000000007.988061	000000002.986614	000000000.178639
000000006.809775	000000002.512259	-00000000.152042
000000007.120699	000000002.626965	-00000000.052988
000000007.827449	000000002.848958	000000000.058154
000000007.995030	000000002.909953	000000000.178220
000000006.897307	000000002.476386	-00000000.153508
000000007.350406	000000002.639065	-00000000.054524
000000007.955700	000000002.817261	000000000.058922
000000008.123788	000000002.876784	000000000.180524
000000007.154625	000000002.498507	-00000000.158744
000000007.543087	000000002.634164	-00000000.055780
000000008.282541	000000002.851907	000000000.061156
000000008.630692	000000002.971785	000000000.191204
000000007.251894	000000002.461686	-00000000.160419
000000007.906674	000000002.683954	-00000000.058294
000000008.477806	000000002.836634	000000000.062412
000000008.978656	000000003.004216	000000000.198325
000000007.462998	000000002.460928	-00000000.164607
000000008.119730	000000002.677485	-00000000.059690
000000008.644894	000000002.808896	000000000.063460
000000008.985513	000000002.919570	000000000.197906
000000007.655583	000000002.450571	-00000000.168377
000000008.514211	000000002.725420	-00000000.062412
000000008.850277	000000002.790482	000000000.064786
000000009.630429	000000003.036463	000000000.211518
000000007.991764	000000002.481508	-00000000.175288
000000008.556770	000000002.656948	-00000000.062552
000000008.989045	000000002.748227	000000000.065624
000000009.713925	000000002.969845	000000000.212775
000000008.233308	000000002.477944	-00000000.180105
000000008.684960	000000002.613876	-00000000.063320
000000009.338676	000000002.766242	000000000.067997
000000009.825747	000000002.910519	000000000.214660
000000008.225822	000000002.397609	-00000000.179477
000000008.822642	000000002.571566	-00000000.064158
000000009.410522	000000002.698424	000000000.068347
000000009.821940	000000002.816396	000000000.214032
000000008.342657	000000002.352873	-00000000.181571
000000008.921743	000000002.516192	-00000000.064716
000000009.558981	000000002.650940	000000000.069254
000000010.029193	000000002.781341	000000000.218011
000000008.208540	000000002.237905	-00000000.178220
000000009.136313	000000002.490845	-00000000.066113
000000009.745955	000000002.611421	000000000.070441
000000010.226912	000000002.740293	000000000.221780
000000008.343777	000000002.196733	-00000000.180733
000000009.293085	000000002.446665	-00000000.067090
000000010.000721	000000002.586362	000000000.072116
000000010.579534	000000002.736053	000000000.228901
000000008.207585	000000002.084461	-00000000.177382
000000009.633920	000000002.446704	-00000000.069394
000000010.333397	000000002.576405	000000000.074350
000000010.864928	000000002.708931	000000000.234555
000000008.409977	000000002.057908	-00000000.181361
000000009.994866	000000002.445728	-00000000.071837
000000010.442998	000000002.507142	000000000.074979
000000011.335346	000000002.721376	000000000.244189
000000008.252445	000000001.943193	-00000000.177592
000000010.278635	000000002.420297	-00000000.073722
000000010.620375	000000002.451907	000000000.076096
000000012.011348	000000002.773038	000000000.258220
000000008.444612	000000001.910821	-00000000.181361
000000010.387142	000000002.350370	-00000000.074350
000000010.983063	000000002.434886	000000000.078539
000000013.050215	000000002.893163	000000000.280000
000000008.285102	000000001.798872	-00000000.177592
000000010.700419	000000002.323289	-00000000.076445
000000011.052798	000000002.349345	000000000.078888
000000010.610575	000000002.255347	000000000.227225
000000014.414733	000000003.063946	000000000.308691
000000021.631880	000000004.597998	000000000.463246
000000008.525616	000000001.773331	-00000000.182408
000000011.356651	000000002.362187	-00000000.080983
000000012.670118	000000002.577765	000000000.090268
000000014.627068	000000002.975910	000000000.312670
000000008.236789	000000001.638399	-00000000.175916
000000011.935866	000000002.374191	-00000000.084962
000000012.927715	000000002.512893	000000000.091943
000000014.907646	000000002.897753	000000000.318115
000000008.447221	000000001.603755	-00000000.180105
000000012.329453	000000002.340820	-00000000.087615
000000013.755401	000000002.549413	000000000.097668
000000014.981518	000000002.776660	000000000.319162
000000024.261410	000000004.496586	000000000.516859
000000008.244452	000000001.490840	-00000000.175497
000000012.280528	000000002.220681	-00000000.087126
000000014.003625	000000002.469217	000000000.099274
000000015.083945	000000002.659707	000000000.320838
000000008.385242	000000001.440848	-00000000.178220
000000012.930181	000000002.221811	-00000000.091594
000000014.734747	000000002.465751	000000000.104300
000000015.284074	000000002.557677	000000000.324608
000000017.423845	000000002.915752	000000000.370053
000000025.046160	000000004.191290	000000000.531937
000000008.229745	000000001.340299	-00000000.174660
000000012.238457	000000001.993159	-00000000.086568
000000015.160647	000000002.401211	000000000.107162
000000015.562554	000000002.464866	000000000.330053
000000020.569036	000000003.257815	000000000.436231
000000008.458519	000000001.301891	-00000000.179267
000000012.205968	000000001.878678	-00000000.086219
000000015.210513	000000002.341122	-00000000.107442
000000015.438161	000000002.307249	000000000.108977
000000017.307356	000000002.586602	000000000.122172
000000019.449675	000000002.906774	000000000.411937
000000021.625034	000000003.231883	000000000.458011
000000025.570341	000000003.821513	000000000.541571
000000008.133150	000000001.179251	-00000000.172147
000000012.271378	000000001.779265	-00000000.086568
000000015.774658	000000002.287217	-00000000.111281
000000017.388683	000000002.443820	000000000.122591
000000021.484104	000000003.019394	000000000.454451
000000008.440327	000000001.148678	-00000000.178429
000000017.329823	000000002.358485	-00000000.122102
000000018.836994	000000002.479937	000000000.132644
000000021.539371	000000002.835712	000000000.455079
000000025.514194	000000003.359007	000000000.539058
000000031.907610	000000004.200716	000000000.674136
000000008.152493	000000001.037128	-00000000.172147
000000012.221203	000000001.554733	-00000000.086009
000000018.004450	000000002.290455	-00000000.126710
000000019.453430	000000002.388581	000000000.136833
000000021.880842	000000002.686630	000000000.461780
000000025.314299	000000003.108205	000000000.534241
000000008.389588	000000000.992973	-00000000.176963
000000021.748756	000000002.477958	000000000.152820
000000024.972918	000000002.845304	000000000.526492
000000028.876799	000000003.290096	000000000.608796
000000008.129598	000000000.890336	-00000000.171309
000000012.087430	000000001.323789	-00000000.084892
000000023.271244	000000002.445906	000000000.163361
000000025.101120	000000002.638234	000000000.176207
000000028.864639	000000003.033796	000000000.607958
000000032.802082	000000003.447638	000000000.690890
000000008.415587	000000000.847405	-00000000.177173
000000026.347494	000000002.536975	000000000.184794
000000029.327892	000000002.823955	000000000.617173
000000033.069759	000000003.184256	000000000.695917
000000008.104074	000000000.744660	-00000000.170471
000000012.068862	000000001.108973	-00000000.084613
000000028.510399	000000002.494337	000000000.199804
000000029.729891	000000002.601028	000000000.625131
000000033.723755	000000002.950446	000000000.709110
000000037.528385	000000003.283308	000000000.789110
000000008.369314	000000000.695436	-00000000.175916
000000031.501820	000000002.479247	000000000.220608
000000033.056973	000000002.601640	000000000.231499
000000033.748219	000000002.656042	000000000.709110
000000037.595474	000000002.958828	000000000.789948
000000039.040688	000000003.072569	000000000.820315
000000008.075955	000000000.600147	-00000000.169634
000000012.046489	000000000.895209	-00000000.084334
000000038.926384	000000002.721998	000000000.817383
000000044.312050	000000003.098600	000000000.930472
000000008.330295	000000000.545996	-00000000.174869
000000044.487091	000000002.720947	000000000.933613
000000008.015326	000000000.455143	-00000000.168168
000000011.900538	000000000.675762	-00000000.083217
000000055.761227	000000002.922322	000000001.169634
000000008.238692	000000000.395733	-00000000.172775
000000055.644768	000000002.429503	000000001.166702
000000007.972099	000000000.313225	-00000000.167121
000000011.870552	000000000.466395	-00000000.082937
000000008.154406	000000000.249140	-00000000.170890
000000007.996342	000000000.174481	-00000000.167539
000000011.716926	000000000.255664	-00000000.081820
000000008.157512	000000000.106788	-00000000.170890
000000011.748707	000000000.153799	-00000000.082030
000000007.978174	000000000.034812	-00000000.167121
000000011.679605	000000000.050962	-00000000.081541
000000007.968176	-00000000.034768	-00000000.166911
000000011.619606	-00000000.050700	-00000000.081122
000000007.867600	-00000000.102993	-00000000.164817
000000011.438741	-00000000.149741	-00000000.079866
000000008.086301	-00000000.176444	-00000000.169424
000000011.766912	-00000000.256755	-00000000.082169
000000007.974529	-00000000.243644	-00000000.167121
000000011.714249	-00000000.357903	-00000000.081820
000000008.161911	-00000000.320682	-00000000.171100
000000011.840576	-00000000.465218	-00000000.082728
000000007.969062	-00000000.382782	-00000000.167121
000000011.666265	-00000000.560371	-00000000.081541
000000008.185016	-00000000.464779	-00000000.171728
000000046.043839	-00000002.816162	000000000.966283
000000008.001074	-00000000.524418	-00000000.167958
000000011.894189	-00000000.779586	-00000000.083217
000000036.839142	-00000002.576044	000000000.257818
000000043.693699	-00000003.055361	000000000.917487
000000008.355124	-00000000.620893	-00000000.175497
000000033.116787	-00000002.606348	000000000.231917
000000043.794941	-00000003.446737	000000000.920210
000000008.070411	-00000000.670599	-00000000.169634
000000011.958494	-00000000.993674	-00000000.083775
000000029.476683	-00000002.578876	000000000.206575
000000034.978683	-00000003.060238	000000000.735498
000000043.583916	-00000003.813099	000000000.916440
000000058.125172	-00000005.085294	000000001.222200
000000008.352971	-00000000.767530	-00000000.175707
000000011.869705	-00000001.090673	-00000000.083217
000000023.480824	-00000002.260946	000000000.164688
000000025.232679	-00000002.429631	000000000.176975
000000027.342867	-00000002.632819	000000000.191775
000000035.040215	-00000003.373989	000000000.737383
000000008.097268	-00000000.815352	-00000000.170471
000000011.939331	-00000001.202227	-00000000.083775
000000021.600489	-00000002.270303	000000000.151633
000000023.440310	-00000002.463676	000000000.164548
000000025.170734	-00000002.645551	000000000.176696
000000047.487946	-00000004.991184	000000001.000210
000000008.387995	-00000000.918635	-00000000.176754
000000011.759399	-00000001.287864	-00000000.082588
000000020.765146	-00000002.365890	000000000.145908
000000047.492252	-00000005.411059	000000001.001257
000000008.081804	-00000000.956545	-00000000.170471
000000011.916531	-00000001.410414	-00000000.083775
000000019.522907	-00000002.397112	000000000.137321
000000062.030453	-00000007.616382	000000001.309111
000000008.410357	-00000001.069932	-00000000.177592
000000019.540901	-00000002.572608	000000000.137601
000000020.439110	-00000002.690860	000000000.431833
000000026.386475	-00000003.473845	000000000.557487
000000008.143131	-00000001.108232	-00000000.172147
000000011.969368	-00000001.628960	-00000000.084334
000000016.596600	-00000002.258698	-00000000.116936
000000016.873758	-00000002.371452	000000000.118961
000000018.814634	-00000002.644224	000000000.132644
000000020.998978	-00000002.951214	000000000.444189
000000008.350825	-00000001.210812	-00000000.176754
000000012.142727	-00000001.760612	-00000000.085660
000000015.507460	-00000002.248475	-00000000.109396
000000015.586511	-00000002.329420	000000000.110025
000000016.921650	-00000002.528957	000000000.119449
000000020.897394	-00000003.123137	000000000.147514
000000021.160297	-00000003.162428	000000000.448168
000000038.256630	-00000005.717492	000000000.810262
000000008.122550	-00000001.250180	-00000000.172147
000000011.939116	-00000001.837606	-00000000.084334
000000015.318673	-00000002.426239	000000000.108279
000000019.986427	-00000003.165539	000000000.423875
000000022.237864	-00000003.522132	000000000.471623
000000008.377761	-00000001.364405	-00000000.177801
000000014.024877	-00000002.284096	-00000000.099204
000000015.079939	-00000002.523516	000000000.106743
000000020.756758	-00000003.473490	000000000.440838
000000008.148762	-00000001.400213	-00000000.173194
000000012.023491	-00000002.066014	-00000000.085171
000000014.239973	-00000002.510891	000000000.100949
000000017.122049	-00000003.019079	000000000.364189
000000020.932421	-00000003.690951	000000000.445236
000000028.819002	-00000005.081567	000000000.612985
000000008.441217	-00000001.526421	-00000000.179686
000000012.556053	-00000002.270504	-00000000.089081
000000013.539090	-00000002.509322	000000000.096132
000000015.708967	-00000002.911485	000000000.334660
000000028.734238	-00000005.325576	000000000.612147
000000043.450336	-00000008.053043	000000000.925655
000000008.191839	-00000001.555269	-00000000.174660
000000011.946305	-00000002.268077	-00000000.084892
000000013.320356	-00000002.589215	000000000.094736
000000013.837908	-00000002.689817	000000000.295288
000000015.427795	-00000002.998860	000000000.329215
000000017.763556	-00000003.452885	000000000.379058
000000008.413292	-00000001.673508	-00000000.179686
000000011.769136	-00000002.341027	-00000000.083775
000000012.728911	-00000002.589726	000000000.090687
000000013.265270	-00000002.698850	000000000.283560
000000042.382244	-00000008.622765	000000000.905969
000000008.163448	-00000001.698000	-00000000.174660
000000011.748260	-00000002.443641	-00000000.083775
000000012.666702	-00000002.692391	000000000.090407
000000013.221656	-00000002.810350	000000000.283142
000000034.589493	-00000007.352223	000000000.740733
000000008.392574	-00000001.822206	-00000000.179895
000000011.550590	-00000002.507879	-00000000.082518
000000012.369370	-00000002.742223	000000000.088453
000000013.030694	-00000002.888835	000000000.279581
000000022.957447	-00000005.089543	000000000.492566
000000008.171576	-00000001.849039	-00000000.175497
000000010.767517	-00000002.436440	-00000000.077073
000000011.906512	-00000002.748835	000000000.085311
000000012.985504	-00000002.997940	000000000.279162
000000032.760880	-00000007.563445	000000000.704294
000000008.437347	-00000001.986732	-00000000.181571
000000010.570641	-00000002.489055	-00000000.075816
000000011.609814	-00000002.787270	000000000.083356
000000012.842190	-00000003.083137	000000000.276649
000000008.186618	-00000002.003253	-00000000.176545
000000010.247409	-00000002.507525	-00000000.073652
000000011.196939	-00000002.791711	000000000.080564
000000012.717787	-00000003.170900	000000000.274555
000000008.382009	-00000002.128759	-00000000.181152
000000009.779302	-00000002.483626	-00000000.070441
000000011.026934	-00000002.851759	000000000.079517
000000011.895925	-00000003.076495	000000000.257382
000000008.237425	-00000002.168733	-00000000.178429
000000009.641213	-00000002.538320	-00000000.069603
000000010.141974	-00000002.717534	000000000.073303
000000012.708796	-00000003.405312	000000000.275602
000000008.440038	-00000002.301018	-00000000.183246
000000009.473980	-00000002.582903	-00000000.068556
000000010.329867	-00000002.864726	000000000.074839
000000012.746035	-00000003.534788	000000000.277068
000000008.140586	-00000002.295882	-00000000.177173
000000009.239346	-00000002.605765	-00000000.067020
000000010.448660	-00000002.996105	000000000.075886
000000012.781977	-00000003.665173	000000000.278534
000000026.697994	-00000007.655527	000000000.581780
000000008.197027	-00000002.389216	-00000000.178848
000000008.813044	-00000002.568768	-00000000.064088
000000011.352149	-00000003.362660	000000000.082658
000000012.644058	-00000003.745341	000000000.276231
000000016.852354	-00000004.991895	000000000.368168
000000008.003541	-00000002.408792	-00000000.175079
000000008.617932	-00000002.593703	-00000000.062831
000000008.692598	-00000002.657594	000000000.063460
000000009.935764	-00000003.037668	000000000.072535
000000010.643413	-00000003.254018	000000000.077701
000000012.696941	-00000003.881845	000000000.278115
000000016.922882	-00000005.173844	000000000.370681
000000025.011446	-00000007.646766	000000000.547854
000000008.049053	-00000002.499297	-00000000.176545
000000008.451721	-00000002.624329	-00000000.061784
000000010.695963	-00000003.321185	-00000000.078190
000000008.840741	-00000002.787475	000000000.064716
000000011.635063	-00000003.668521	000000000.085171
000000012.662583	-00000003.992497	000000000.278115
000000017.868736	-00000005.633991	000000000.392461
000000024.323984	-00000007.669322	000000000.534241
000000007.684148	-00000002.459715	-00000000.169005
000000008.142786	-00000002.606526	-00000000.059690
000000011.364848	-00000003.692663	000000000.083426
000000012.646277	-00000004.109025	000000000.278534
000000015.803094	-00000005.134737	000000000.348063
000000018.142178	-00000005.894751	000000000.399581
000000007.624411	-00000002.514154	-00000000.168168
000000008.053252	-00000002.655564	-00000000.059201
000000007.795031	-00000002.608181	000000000.057386
000000010.990804	-00000003.677471	000000000.080913
000000022.441898	-00000007.508954	000000000.495707
000000007.412837	-00000002.516319	-00000000.163979
000000007.793045	-00000002.645382	-00000000.057456
000000008.868749	-00000003.053755	000000000.065484
000000010.693555	-00000003.682086	000000000.078958
000000022.001682	-00000007.575787	000000000.162454
000000022.101376	-00000007.610114	000000000.489634
000000007.296207	-00000002.547950	-00000000.161885
000000007.816866	-00000002.729772	-00000000.057805
000000008.681517	-00000003.074286	000000000.064297
000000010.840113	-00000003.838685	000000000.080284
000000022.226944	-00000007.870974	000000000.164618
000000016.266424	-00000005.760243	000000000.361466
000000021.195358	-00000007.505670	000000000.470995
000000007.170188	-00000002.574361	-00000000.159581
000000007.679809	-00000002.757333	-00000000.056967
000000008.757722	-00000003.187550	000000000.065065
000000016.284475	-00000005.927064	000000000.120985
000000020.597561	-00000007.496899	000000000.153029
000000016.412828	-00000005.973781	000000000.365864
000000020.593544	-00000007.495437	000000000.459058
000000007.091171	-00000002.616071	-00000000.158325
000000007.674218	-00000002.831169	-00000000.057107
000000008.589075	-00000003.211323	000000000.064018
000000013.075625	-00000004.888776	000000000.097458
000000016.475662	-00000006.159998	000000000.122800
000000016.453720	-00000006.151794	000000000.367958
000000020.368153	-00000007.615340	000000000.455498
000000006.843688	-00000002.592842	-00000000.153299
000000007.406090	-00000002.805917	-00000000.055292
000000008.756771	-00000003.361409	000000000.065484
000000008.895070	-00000003.414497	000000000.199581
000000020.123579	-00000007.724718	000000000.451519
000000006.746257	-00000002.623476	-00000000.151623
000000007.465201	-00000002.903058	-00000000.055920
000000008.568937	-00000003.375394	000000000.064297
000000008.864935	-00000003.491991	000000000.199581
000000006.509527	-00000002.597038	-00000000.146806
000000006.241448	-00000002.490085	-00000000.046914
000000008.668958	-00000003.502486	000000000.065275
000000019.711449	-00000007.963942	000000000.148422
000000019.818842	-00000008.007332	000000000.447749
000000006.449602	-00000002.638602	-00000000.145969
000000007.450420	-00000003.048047	-00000000.056199
000000008.471769	-00000003.509122	000000000.064018
000000018.301607	-00000007.580774	000000000.138299
000000018.307276	-00000007.583122	000000000.415079
000000006.149732	-00000002.578796	-00000000.139686
000000007.451202	-00000003.124548	-00000000.056409
000000008.569692	-00000003.637618	000000000.064996
000000018.069069	-00000007.669865	000000000.137042
000000017.955111	-00000007.621492	000000000.408587
000000006.081064	-00000002.612631	-00000000.138639
000000007.607406	-00000003.268399	-00000000.057805
000000008.739369	-00000003.799986	000000000.066531
000000010.637638	-00000004.625377	000000000.080983
000000017.276991	-00000007.512249	000000000.131527
000000017.557848	-00000007.634370	000000000.401047
000000005.911615	-00000002.601173	-00000000.135288
000000006.663305	-00000002.931925	-00000000.050824
000000008.715012	-00000003.880173	000000000.066601
000000010.660816	-00000004.746501	000000000.081471
000000016.726608	-00000007.447166	000000000.127827
000000017.125221	-00000007.624640	000000000.392670
000000005.843113	-00000002.632130	-00000000.134241
000000006.500705	-00000002.928354	-00000000.049776
000000009.372685	-00000004.222087	-00000000.071767
000000010.473399	-00000004.773003	000000000.080354
000000016.533594	-00000007.534792	000000000.126850
000000016.630444	-00000007.578930	000000000.382827
000000005.683730	-00000002.620235	-00000000.131100
000000006.465822	-00000002.980785	-00000000.049707
000000010.479717	-00000004.831215	-00000000.080564
000000010.512915	-00000004.902253	000000000.080983
000000016.557840	-00000007.721048	000000000.127548
000000016.328085	-00000007.613911	000000000.377382
000000005.732988	-00000002.703853	-00000000.132775
000000006.629495	-00000003.126673	-00000000.051173
000000010.328626	-00000004.871296	-00000000.079726
000000010.569016	-00000005.041162	000000000.081751
000000015.975371	-00000007.619861	000000000.123568
000000015.593254	-00000007.437601	000000000.361885
000000005.601114	-00000002.701657	-00000000.130262
000000006.556923	-00000003.162684	-00000000.050824
000000010.402811	-00000005.017721	-00000000.080634
000000010.281953	-00000005.014843	000000000.079866
000000015.530784	-00000007.574869	000000000.120636
000000015.339049	-00000007.481354	000000000.357487
000000005.478691	-00000002.701791	-00000000.127958
000000006.564949	-00000003.237474	-00000000.051103
000000008.466272	-00000004.175103	-00000000.065903
000000015.365648	-00000007.661030	000000000.119868
000000015.067389	-00000007.512323	000000000.352670
000000005.383482	-00000002.713498	-00000000.126283
000000005.777433	-00000002.912066	-00000000.045169
000000009.626079	-00000004.851943	-00000000.075258
000000015.387308	-00000007.840225	000000000.120566
000000015.152698	-00000007.720685	000000000.356231
000000005.270715	-00000002.714597	-00000000.124189
000000005.609561	-00000002.889114	-00000000.044052
000000009.503362	-00000004.894553	-00000000.074630
000000016.437527	-00000008.465882	-00000000.129083
000000014.307136	-00000007.447823	000000000.112608
000000014.437370	-00000007.515619	000000000.340943
000000005.220282	-00000002.746523	-00000000.123560
000000005.522188	-00000002.905364	-00000000.043563
000000009.327542	-00000004.907457	-00000000.073582
000000015.256815	-00000008.026999	-00000000.120357
000000005.721361	-00000003.042102	000000000.045239
000000014.100329	-00000007.497278	000000000.111491
000000014.106408	-00000007.500510	000000000.334660
000000005.055204	-00000002.716259	-00000000.120209
000000005.531859	-00000002.972375	-00000000.043842
000000013.770729	-00000007.476896	000000000.109396
000000013.768044	-00000007.475438	000000000.328168
000000005.013777	-00000002.750652	-00000000.119791
000000005.391738	-00000002.958009	-00000000.042935
000000005.833571	-00000003.233601	000000000.046565
000000013.608751	-00000007.543454	000000000.108628
000000013.632331	-00000007.556524	000000000.326492
000000004.823845	-00000002.701483	-00000000.115812
000000005.278472	-00000002.956087	-00000000.042237
000000009.256957	-00000005.184145	-00000000.074071
000000009.599790	-00000005.431299	000000000.077003
000000013.263897	-00000007.504352	000000000.106394
000000013.696394	-00000007.749047	000000000.329634
000000004.826127	-00000002.758359	-00000000.116440
000000005.087521	-00000002.907758	-00000000.040910
000000009.020366	-00000005.155564	-00000000.072535
000000013.595662	-00000007.770561	-00000000.109327
000000013.128625	-00000007.579815	000000000.105836
000000013.368500	-00000007.718307	000000000.323351
000000004.680962	-00000002.729856	-00000000.113508
000000004.949657	-00000002.886554	-00000000.040003
000000012.949970	-00000007.628116	000000000.104928
000000013.326480	-00000007.849896	000000000.323979
000000004.665553	-00000002.775712	-00000000.113717
000000004.950060	-00000002.944977	-00000000.040212
000000012.908626	-00000007.756285	000000000.105138
000000012.751852	-00000007.662086	000000000.311623
000000004.470209	-00000002.712589	-00000000.109529
000000004.753194	-00000002.884309	-00000000.038816
000000008.762633	-00000005.317297	-00000000.071558
000000012.721082	-00000007.795489	000000000.104160
000000012.752700	-00000007.814864	000000000.313299
000000004.480373	-00000002.772539	-00000000.110367
000000004.719340	-00000002.920416	-00000000.038746
000000004.791355	-00000002.993971	000000000.039444
000000012.177673	-00000007.609455	000000000.100251
000000012.277043	-00000007.671548	000000000.303246
000000004.362998	-00000002.752847	-00000000.108063
000000004.676761	-00000002.950816	-00000000.038606
000000004.731311	-00000003.014177	000000000.039165
000000011.849361	-00000007.548876	000000000.098087
000000012.159038	-00000007.746161	000000000.301990
000000004.279950	-00000002.752956	-00000000.106597
000000004.558321	-00000002.932010	-00000000.037838
000000004.813851	-00000003.126152	000000000.040072
000000011.531439	-00000007.488604	000000000.095992
000000011.730428	-00000007.617829	000000000.292984
000000004.264124	-00000002.795682	-00000000.106806
000000004.658000	-00000003.053919	-00000000.038886
000000004.786388	-00000003.168041	000000000.040072
000000011.340571	-00000007.506160	000000000.094945
000000011.488426	-00000007.604023	000000000.288587
000000004.231252	-00000002.827232	-00000000.106597
000000004.581286	-00000003.061117	-00000000.038467
000000004.650787	-00000003.136996	000000000.039165
000000011.150284	-00000007.520961	000000000.093898
000000011.139821	-00000007.513904	000000000.281466
000000004.247739	-00000002.892183	-00000000.107644
000000004.521336	-00000003.078468	-00000000.038187
000000004.598512	-00000003.160470	000000000.038955
000000010.985334	-00000007.550011	000000000.093060
000000004.614094	-00000003.171179	000000000.117278
000000011.082067	-00000007.616493	000000000.281676
000000004.115549	-00000002.855058	-00000000.104922
000000004.601110	-00000003.191904	-00000000.039095
000000004.669053	-00000003.269306	000000000.039793
000000010.828926	-00000007.582496	000000000.092292
000000004.619004	-00000003.234262	000000000.118115
000000010.949660	-00000007.667035	000000000.280000
000000004.000666	-00000002.827391	-00000000.102618
000000004.450588	-00000003.145365	-00000000.038048
000000004.567077	-00000003.257664	000000000.039165
000000010.811191	-00000007.711547	000000000.092711
000000004.655719	-00000003.320892	000000000.119791
000000004.170575	-00000003.002385	-00000000.107644
000000004.398624	-00000003.166556	-00000000.037838
000000004.595104	-00000003.338539	000000000.039654
000000004.586121	-00000003.332011	000000000.118744
000000004.063590	-00000002.979547	-00000000.105550
000000004.395016	-00000003.222559	-00000000.038048
000000004.549719	-00000003.366615	000000000.039514
000000004.621163	-00000003.419481	000000000.120419
000000010.150486	-00000007.510964	000000000.264503
000000004.045444	-00000003.020877	-00000000.105759
000000004.502936	-00000003.362502	-00000000.039235
000000004.584056	-00000003.454334	000000000.040072
000000010.158397	-00000007.654901	000000000.088802
000000004.599132	-00000003.465694	000000000.120628
000000010.260216	-00000007.731627	000000000.269110
000000003.987096	-00000003.031858	-00000000.104922
000000004.385864	-00000003.335089	-00000000.038467
000000004.498204	-00000003.451593	000000000.039584
000000009.551742	-00000007.329309	000000000.084054
000000009.827493	-00000007.540900	000000000.259477
000000003.952581	-00000003.060415	-00000000.104712
000000004.356594	-00000003.373235	-00000000.038467
000000009.559204	-00000007.401526	-00000000.084403
000000009.424379	-00000007.363132	000000000.083496
000000009.737677	-00000007.607907	000000000.258848
000000003.996387	-00000003.150497	-00000000.106597
000000004.429080	-00000003.491605	-00000000.039374
000000009.297926	-00000007.329894	-00000000.082658
000000009.336288	-00000007.426419	000000000.083286
000000009.310994	-00000007.406299	000000000.249215
000000004.031118	-00000003.235315	-00000000.108272
000000004.273663	-00000003.429977	-00000000.038257
000000009.272601	-00000007.442049	-00000000.083007
000000004.515108	-00000003.656262	000000000.040561
000000009.193413	-00000007.444679	000000000.082588
000000009.354785	-00000007.575356	000000000.252147
000000003.824661	-00000003.124879	-00000000.103456
000000004.251312	-00000003.473467	-00000000.038327
000000009.106636	-00000007.440434	-00000000.082100
000000009.220689	-00000007.600949	000000000.083426
000000009.296037	-00000007.663062	000000000.252356
000000003.958667	-00000003.292389	-00000000.107853
000000004.266968	-00000003.548800	-00000000.038746
000000009.056736	-00000007.532408	-00000000.082239
000000009.307213	-00000007.809679	000000000.084822
000000009.466232	-00000007.943112	000000000.258848
000000003.884001	-00000003.288050	-00000000.106597
000000004.197676	-00000003.553595	-00000000.038397
000000009.196728	-00000007.785604	-00000000.084124
000000008.744455	-00000007.468471	000000000.080284
000000008.719944	-00000007.447536	000000000.240210
000000003.832438	-00000003.302240	-00000000.105969
000000004.355893	-00000003.753277	-00000000.040142
000000008.795115	-00000007.578356	-00000000.081052
000000008.807246	-00000007.656023	000000000.081471
000000008.790438	-00000007.641411	000000000.243979
000000003.878643	-00000003.401478	-00000000.108063
000000004.225237	-00000003.705433	-00000000.039235
000000008.563247	-00000007.509766	-00000000.079517
000000008.575334	-00000007.586814	000000000.079935
000000005.518593	-00000004.882439	000000000.154346
000000008.760860	-00000007.750954	000000000.245026
000000003.833894	-00000003.421881	-00000000.107644
000000004.230042	-00000003.775457	-00000000.039584
000000008.601831	-00000007.677428	-00000000.080494
000000005.484275	-00000004.938064	000000000.051522
000000008.508801	-00000007.661359	000000000.079935
000000005.483206	-00000004.937101	000000000.154555
000000008.648309	-00000007.786973	000000000.243770
000000003.707680	-00000003.367819	-00000000.104922
000000004.078503	-00000003.704651	-00000000.038467
000000008.519703	-00000007.738753	-00000000.080354
000000008.537463	-00000007.823144	000000000.080843
000000008.439974	-00000007.733811	000000000.239791
000000003.891056	-00000003.596855	-00000000.110995
000000004.156164	-00000003.841918	-00000000.039514
000000008.569335	-00000007.921412	-00000000.081471
000000008.395736	-00000007.829150	000000000.080145
000000008.364851	-00000007.800350	000000000.239581
000000003.852237	-00000003.623823	-00000000.110785
000000003.802004	-00000003.576568	-00000000.036442
000000008.339644	-00000007.845154	-00000000.079935
000000008.211038	-00000007.791984	000000000.079028
000000008.078898	-00000007.666588	000000000.233299
000000003.618250	-00000003.463721	-00000000.104922
000000003.972905	-00000003.803229	-00000000.038397
000000008.451452	-00000008.090506	-00000000.081681
000000008.236239	-00000007.953644	000000000.079935
000000005.494551	-00000005.306026	000000000.160000
000000008.234634	-00000007.952094	000000000.239791
000000003.752599	-00000003.655620	-00000000.109738
000000007.886292	-00000007.682486	-00000000.076864
000000007.745711	-00000007.611689	000000000.075816
000000005.419515	-00000005.325742	000000000.159162
000000008.172057	-00000008.030659	000000000.240000
000000003.734756	-00000003.702306	-00000000.110157
000000004.758126	-00000004.716784	-00000000.046774
000000007.726629	-00000007.659493	-00000000.075956
000000008.039608	-00000008.039608	000000000.079377
000000008.115806	-00000008.115806	000000000.240419
000000003.216642	-00000003.244835	-00000000.095707
000000003.977586	-00000004.012450	-00000000.039444
000000007.680614	-00000007.747933	-00000000.076166
000000007.688787	-00000007.824167	000000000.076584
000000007.813424	-00000007.950998	000000000.233508
000000003.599809	-00000003.695307	-00000000.108063
000000003.963353	-00000004.068496	-00000000.039654
000000004.661044	-00000004.826653	000000000.046844
000000004.687916	-00000004.854479	000000000.141361
000000003.816315	-00000003.986575	-00000000.115602
000000004.010678	-00000004.189609	-00000000.040491
000000004.501729	-00000004.743833	000000000.045657
000000004.590318	-00000004.837186	000000000.139686
000000003.459415	-00000003.677467	-00000000.105759
000000004.001371	-00000004.253583	-00000000.040771
000000004.412422	-00000004.731743	000000000.045169
000000004.200189	-00000004.504151	000000000.129005
000000003.413619	-00000003.692832	-00000000.105340
000000004.181311	-00000004.523316	-00000000.043005
000000004.452031	-00000004.858540	000000000.046007
000000004.511953	-00000004.923933	000000000.139895
000000003.320764	-00000003.655876	-00000000.103456
000000004.175296	-00000004.596642	-00000000.043354
000000006.925210	-00000007.624061	-00000000.071907
000000006.811584	-00000007.565030	000000000.071069
000000007.010951	-00000007.786449	000000000.219477
000000003.275419	-00000003.669797	-00000000.103037
000000004.281515	-00000004.797032	-00000000.044890
000000006.758534	-00000007.572298	-00000000.070860
000000006.851325	-00000007.744013	000000000.072186
000000006.710869	-00000007.585258	000000000.212147
000000003.513542	-00000004.006427	-00000000.111623
000000004.101031	-00000004.676330	-00000000.043423
000000004.546378	-00000005.230010	000000000.048380
000000006.868771	-00000007.901617	000000000.073094
000000004.847213	-00000005.576080	000000000.154764
000000006.755926	-00000007.771804	000000000.215707
000000003.798229	-00000004.408062	-00000000.121885
000000004.268945	-00000004.954354	-00000000.045657
000000004.253781	-00000004.980538	000000000.045727
000000006.591737	-00000007.717932	000000000.070860
000000004.311389	-00000005.047988	000000000.139058
000000006.752778	-00000007.906487	000000000.217801
000000002.551630	-00000003.014107	-00000000.082723
000000003.914653	-00000004.624174	-00000000.126911
000000004.186781	-00000004.945626	-00000000.045239
000000006.525693	-00000007.708460	-00000000.070511
000000004.248723	-00000005.063430	000000000.046146
000000006.459858	-00000007.698559	000000000.070162
000000004.286453	-00000005.108396	000000000.139686
000000006.638540	-00000007.911503	000000000.216335
000000004.248899	-00000005.154326	000000000.046635
000000006.379709	-00000007.739206	000000000.070022
000000004.298946	-00000005.215038	000000000.141571
000000006.378465	-00000007.737697	000000000.210052
000000004.165999	-00000005.144581	000000000.046216
000000006.425205	-00000007.934467	000000000.071279
000000004.221814	-00000005.213506	000000000.140524
000000006.587540	-00000008.134933	000000000.219267
000000006.386845	-00000008.029365	000000000.071628
000000004.182381	-00000005.257973	000000000.140733
000000006.391823	-00000008.035624	000000000.215079
000000003.552280	-00000004.546711	000000000.040282
000000005.965614	-00000007.635638	000000000.067648
000000006.099867	-00000007.807474	000000000.207539
000000003.408981	-00000004.442670	000000000.039095
000000005.910930	-00000007.703273	000000000.067788
000000003.536128	-00000004.608372	000000000.121675
000000005.763707	-00000007.511409	000000000.198325
000000005.674978	-00000007.530950	000000000.065833
000000003.489762	-00000004.631070	000000000.121466
000000006.046915	-00000008.024527	000000000.210471
000000005.787484	-00000007.821336	000000000.067928
000000003.306489	-00000004.468464	000000000.116440
000000005.542532	-00000007.490303	000000000.195183
000000005.454514	-00000007.507494	000000000.064786
000000005.418191	-00000007.457501	000000000.193089
000000005.319109	-00000007.457116	000000000.063948
000000005.707058	-00000008.001000	000000000.205864
000000005.253832	-00000007.503250	000000000.063948
000000005.229870	-00000007.469028	000000000.190995
000000004.978590	-00000007.243893	000000000.061365
000000005.136178	-00000007.473185	000000000.189948
000000005.082940	-00000007.535768	000000000.063460
000000003.997352	-00000005.926319	000000000.149738
000000005.109902	-00000007.575742	000000000.191414
000000003.488157	-00000005.270030	000000000.044122
000000004.928678	-00000007.446419	000000000.062343
000000003.526104	-00000005.327362	000000000.133822
000000004.933234	-00000007.453304	000000000.187225
000000004.781814	-00000007.363348	000000000.061295
000000004.835334	-00000007.445761	000000000.185969
000000004.701257	-00000007.379495	000000000.061086
000000004.802405	-00000007.538266	000000000.187225
000000004.673774	-00000007.479602	000000000.061575
000000004.720545	-00000007.554451	000000000.186597
000000004.613550	-00000007.528629	000000000.061645
000000004.706680	-00000007.680603	000000000.188691
000000001.792289	-00000002.982870	000000000.024295
000000004.676432	-00000007.782889	000000000.063390
000000004.690968	-00000007.807081	000000000.190785
000000001.674836	-00000002.843307	000000000.023038
000000004.400250	-00000007.470143	000000000.060528
000000004.673403	-00000007.933864	000000000.192880
000000004.504890	-00000007.802699	000000000.062901
000000004.469019	-00000007.740569	000000000.187225
