000000004.014375	000000004.658911	-00000000.042935
000000004.087844	000000004.661293	-00000000.043284
000000003.914526	000000004.385855	-00000000.123141
000000004.095073	000000004.588141	-00000000.042935
000000003.919039	000000004.314525	-00000000.122094
000000004.148402	000000004.567035	-00000000.043074
000000004.031192	000000004.360919	-00000000.124398
000000004.188098	000000004.530660	-00000000.043074
000000004.062244	000000004.318293	-00000000.124189
000000004.234328	000000004.501223	-00000000.043144
000000004.120514	000000004.304345	-00000000.124817
000000004.204297	000000004.391866	-00000000.042446
000000004.130013	000000004.239578	-00000000.123979
000000004.179663	000000004.290544	-00000000.041818
000000004.159814	000000004.196275	-00000000.123770
000000004.252145	000000004.289415	-00000000.042167
000000004.139472	000000004.103506	-00000000.122094
000000004.268110	000000004.231026	-00000000.041957
000000004.203770	000000004.095131	-00000000.122932
000000004.326358	000000004.214551	-00000000.042167
000000004.239347	000000004.058291	-00000000.122932
000000004.377419	000000004.190467	-00000000.042306
000000004.354703	000000004.096496	-00000000.125236
000000004.457521	000000004.193218	-00000000.042725
000000004.397627	000000004.065125	-00000000.125445
000000004.538002	000000004.194886	-00000000.043144
000000004.514340	000000004.100538	-00000000.127749
000000004.722476	000000004.289596	-00000000.044540
000000004.572329	000000004.080959	-00000000.128377
000000004.991002	000000004.454640	-00000000.046705
000000004.705485	000000004.126600	-00000000.131100
000000005.104868	000000004.476849	-00000000.047403
000000004.801909	000000004.137589	-00000000.132775
000000005.272524	000000004.543097	-00000000.048590
000000004.906508	000000004.153666	-00000000.134660
000000004.999051	000000004.232009	-00000000.045727
000000004.973316	000000004.136263	-00000000.135497
000000005.812303	000000004.834041	-00000000.052778
000000005.125355	000000004.187591	-00000000.138639
000000005.877497	000000004.802116	-00000000.052988
000000005.138312	000000004.123931	-00000000.138011
000000006.192132	000000004.969711	-00000000.055431
000000005.323281	000000004.196537	-00000000.141990
000000006.219559	000000004.903105	-00000000.055292
000000005.399225	000000004.180527	-00000000.143037
000000006.475589	000000005.013937	-00000000.057177
000000005.491210	000000004.175612	-00000000.144503
000000006.495218	000000004.939078	-00000000.056967
000000005.671633	000000004.235209	-00000000.148272
000000006.738380	000000005.031787	-00000000.058712
000000005.821253	000000004.268319	-00000000.151204
000000006.765906	000000004.960967	-00000000.058573
000000005.963760	000000004.293293	-00000000.153927
000000006.873864	000000004.948474	-00000000.059131
000000005.927517	000000004.189155	-00000000.152042
000000006.982115	000000004.934471	-00000000.059690
000000006.070639	000000004.211352	-00000000.154764
000000007.074207	000000004.907552	-00000000.060109
000000006.297233	000000004.287633	-00000000.159581
000000007.133296	000000004.856888	-00000000.060248
000000008.132661	000000005.485549	000000000.068486
000000006.484041	000000004.332498	-00000000.163351
000000007.241924	000000004.838899	-00000000.060807
000000006.571768	000000004.308640	-00000000.164607
000000007.300600	000000004.786483	-00000000.060946
000000008.235544	000000005.348225	000000000.068556
000000009.610930	000000006.241411	000000000.080005
000000010.003146	000000006.496119	000000000.249843
000000006.676385	000000004.294395	-00000000.166283
000000007.392553	000000004.755050	-00000000.061365
000000008.172263	000000005.206306	000000000.067648
000000009.966701	000000006.349488	000000000.247539
000000006.730517	000000004.246640	-00000000.166702
000000007.399938	000000004.669013	-00000000.061086
000000008.302189	000000005.187783	000000000.068347
000000009.692954	000000006.056830	000000000.079796
000000009.987815	000000006.241080	000000000.246702
000000006.843834	000000004.235093	-00000000.168586
000000007.550944	000000004.672666	-00000000.061994
000000008.347144	000000005.115136	000000000.068347
000000009.779545	000000005.992913	000000000.080075
000000010.135669	000000006.211145	000000000.249005
000000014.670718	000000008.990228	000000000.360419
000000006.735228	000000004.087037	-00000000.165026
000000007.591433	000000004.606595	-00000000.061994
000000008.528606	000000005.124504	000000000.069464
000000009.934327	000000005.969146	000000000.080913
000000010.266612	000000006.168803	000000000.250890
000000007.045587	000000004.191684	-00000000.171728
000000007.725875	000000004.596413	-00000000.062762
000000008.529921	000000005.024507	000000000.069114
000000015.419779	000000009.082944	000000000.374869
000000007.159626	000000004.175370	-00000000.173613
000000007.627481	000000004.448216	-00000000.061645
000000008.582103	000000004.954879	000000000.069184
000000010.348751	000000005.974854	000000000.083426
000000013.351183	000000007.708309	000000000.322932
000000007.247870	000000004.142499	-00000000.174869
000000007.909098	000000004.520422	-00000000.063599
000000008.450948	000000004.781316	000000000.067788
000000007.336082	000000004.108403	-00000000.176126
000000007.895896	000000004.421915	-00000000.063180
000000008.527334	000000004.726779	000000000.068067
000000011.238589	000000006.229652	000000000.089709
000000014.017079	000000007.769794	000000000.335707
000000007.362889	000000004.039419	-00000000.175916
000000008.030622	000000004.405750	-00000000.063948
000000008.533106	000000004.633099	000000000.067788
000000011.705559	000000006.355600	000000000.092990
000000015.947032	000000008.658532	000000000.380105
000000007.512350	000000004.036531	-00000000.178639
000000008.139232	000000004.373367	-00000000.064507
000000008.537895	000000004.539680	000000000.067509
000000013.117723	000000006.974817	000000000.311204
000000014.830266	000000007.885392	000000000.351833
000000016.242672	000000008.636382	000000000.385341
000000007.600377	000000003.998752	-00000000.179895
000000008.203636	000000004.316142	-00000000.064716
000000008.506227	000000004.428061	000000000.066950
000000008.575514	000000004.464130	000000000.202513
000000007.723864	000000003.978051	-00000000.181990
000000008.383227	000000004.317646	-00000000.065833
000000008.535634	000000004.349123	000000000.066880
000000008.551787	000000004.357353	000000000.201047
000000007.838635	000000003.950998	-00000000.183874
000000008.483093	000000004.275831	-00000000.066322
000000008.546415	000000004.261086	000000000.066671
000000008.580539	000000004.278099	000000000.200838
000000007.980416	000000003.935506	-00000000.186388
000000008.609769	000000004.245868	-00000000.067020
000000008.682138	000000004.234562	000000000.067439
000000008.689432	000000004.238119	000000000.202513
000000008.140527	000000003.926524	-00000000.189319
000000008.628479	000000004.161884	-00000000.066880
000000012.040195	000000005.742878	000000000.093130
000000016.044447	000000007.652809	000000000.372356
000000028.181557	000000013.441913	000000000.654032
000000008.282992	000000003.906513	-00000000.191833
000000008.890577	000000004.193069	-00000000.068626
000000012.461429	000000005.810860	000000000.095992
000000015.258876	000000007.115331	000000000.352670
000000030.336529	000000014.146156	000000000.701152
000000008.452959	000000003.896868	-00000000.194974
000000009.017642	000000004.157190	-00000000.069324
000000012.566259	000000005.726774	000000000.096411
000000015.702487	000000007.156036	000000000.361466
000000008.541337	000000003.847592	-00000000.196230
000000008.962402	000000004.037268	-00000000.068626
000000011.770561	000000005.302251	-00000000.090128
000000012.624890	000000005.620963	000000000.096481
000000015.709537	000000006.994336	000000000.360210
000000008.748459	000000003.849414	-00000000.200210
000000009.921735	000000004.365668	-00000000.075677
000000011.907912	000000005.239607	-00000000.090826
000000012.636780	000000005.494628	000000000.096202
000000015.030248	000000006.535338	000000000.114423
000000015.852492	000000006.892860	000000000.362094
000000025.928772	000000011.274151	000000000.592252
000000035.482441	000000015.428205	000000000.810472
000000008.965436	000000003.851855	-00000000.204398
000000010.069706	000000004.326287	-00000000.076515
000000012.656633	000000005.372422	000000000.095992
000000015.114322	000000006.415649	000000000.114632
000000015.599136	000000006.621440	000000000.354974
000000009.219987	000000003.866261	-00000000.209424
000000010.420617	000000004.369728	-00000000.078888
000000012.832375	000000005.315343	000000000.096970
000000015.215924	000000006.302642	000000000.114981
000000015.702507	000000006.504191	000000000.356021
000000035.395298	000000014.661213	000000000.802514
000000009.077561	000000003.713728	-00000000.205445
000000010.365801	000000004.240761	-00000000.078190
000000013.054430	000000005.274332	000000000.098296
000000015.288889	000000006.177112	000000000.115121
000000015.721588	000000006.351934	000000000.355183
000000009.397491	000000003.749219	-00000000.211937
000000010.894670	000000004.346533	-00000000.081890
000000012.951097	000000005.101573	000000000.097179
000000015.379428	000000006.058118	000000000.115400
000000022.455353	000000008.845399	000000000.505550
000000009.224854	000000003.587349	-00000000.207330
000000011.146543	000000004.334653	-00000000.083496
000000013.107150	000000005.031363	000000000.098017
000000015.478386	000000005.941596	000000000.115749
000000022.849035	000000008.770924	000000000.512670
000000009.526937	000000003.609434	-00000000.213403
000000011.296158	000000004.279731	-00000000.084334
000000013.150557	000000004.916792	000000000.098017
000000015.510913	000000005.799293	000000000.115610
000000021.276524	000000007.954967	000000000.475812
000000023.514681	000000008.791779	000000000.525864
000000009.295437	000000003.429268	-00000000.207539
000000011.258021	000000004.153304	-00000000.083775
000000013.108393	000000004.771065	000000000.097389
000000015.523344	000000005.650035	000000000.115330
000000023.599903	000000008.589662	000000000.526074
000000009.654348	000000003.466265	-00000000.214869
000000011.670298	000000004.190065	-00000000.086568
000000012.866742	000000004.556353	000000000.095294
000000013.033873	000000004.615536	000000000.289634
000000009.353870	000000003.266518	-00000000.207539
000000011.819707	000000004.127626	-00000000.087405
000000013.010018	000000004.479709	000000000.096062
000000013.045295	000000004.491855	000000000.289005
000000009.741774	000000003.306887	-00000000.215497
000000012.120411	000000004.114325	-00000000.089360
000000012.944302	000000004.331103	000000000.095294
000000013.074515	000000004.374671	000000000.288796
000000009.409454	000000003.102773	-00000000.207539
000000012.592704	000000004.152451	-00000000.092572
000000013.295445	000000004.319952	000000000.097598
000000016.538469	000000005.373674	000000000.121404
000000019.363039	000000006.291433	000000000.142138
000000019.577959	000000006.361265	000000000.431204
000000026.538166	000000008.622773	000000000.584503
000000009.788482	000000003.133317	-00000000.215288
000000012.780840	000000004.091179	-00000000.093689
000000016.632420	000000005.244182	000000000.121753
000000019.588869	000000006.176347	000000000.143395
000000009.462172	000000002.938082	-00000000.207539
000000012.749206	000000003.958734	-00000000.093200
000000016.553232	000000005.060831	000000000.120846
000000019.670710	000000006.013939	000000000.143605
000000021.975348	000000006.718538	000000000.160429
000000009.640629	000000002.901500	-00000000.210890
000000011.660662	000000003.509461	-00000000.255079
000000013.080106	000000003.936665	-00000000.095364
000000016.520061	000000004.893465	000000000.120287
000000020.316896	000000006.018138	000000000.147933
000000023.269989	000000006.892885	000000000.169435
000000009.348835	000000002.724937	-00000000.203979
000000013.440371	000000003.917511	-00000000.097738
000000016.879343	000000004.840074	000000000.122591
000000020.301353	000000005.821319	000000000.147444
000000032.310528	000000009.264895	000000000.704084
000000009.901492	000000002.792510	-00000000.215497
000000013.762774	000000003.881504	-00000000.099832
000000017.007662	000000004.716642	000000000.123219
000000023.964907	000000006.646057	000000000.173624
000000032.409420	000000008.987927	000000000.704503
000000009.472134	000000002.582400	-00000000.205655
000000013.892598	000000003.787557	-00000000.100530
000000016.999880	000000004.555104	000000000.122870
000000017.151081	000000004.595618	000000000.371937
000000009.590992	000000002.525097	-00000000.207749
000000014.505336	000000003.818936	-00000000.104719
000000016.942171	000000004.381543	000000000.122172
000000017.064699	000000004.413231	000000000.369215
000000009.525450	000000002.419156	-00000000.205864
000000014.111658	000000003.583905	-00000000.101647
000000017.076790	000000004.257722	000000000.122870
000000017.121964	000000004.268985	000000000.369634
000000010.060897	000000002.461886	-00000000.216963
000000014.200675	000000003.474883	-00000000.102066
000000015.842202	000000003.876562	-00000000.113864
000000017.084124	000000004.101535	000000000.122661
000000017.352997	000000004.166086	000000000.373822
000000038.730721	000000009.298424	000000000.834346
000000009.517561	000000002.241088	-00000000.204817
000000014.249926	000000003.355412	-00000000.102206
000000020.519733	000000004.737354	000000000.147025
000000027.681179	000000006.390704	000000000.198338
000000033.322643	000000007.693139	000000000.238759
000000009.468497	000000002.142502	-00000000.203351
000000010.911687	000000002.469063	-00000000.234346
000000017.136347	000000003.877559	-00000000.122661
000000020.501717	000000004.545121	000000000.146606
000000009.457522	000000002.053429	-00000000.202723
000000014.345404	000000003.114692	-00000000.102485
000000020.736225	000000004.407620	000000000.148003
000000020.849533	000000004.431705	000000000.446492
000000010.473489	000000002.178489	-00000000.224084
000000018.346865	000000003.816153	-00000000.130829
000000020.803293	000000004.232478	000000000.148212
000000020.897209	000000004.251585	000000000.446702
000000009.482114	000000001.886110	-00000000.202513
000000014.279886	000000002.840446	-00000000.101647
000000019.311192	000000003.841235	-00000000.137461
000000020.868885	000000004.056500	000000000.148422
000000026.454208	000000005.142177	000000000.188145
000000028.525391	000000005.544774	000000000.202875
000000044.212605	000000008.594060	000000000.943456
000000020.139742	000000003.823650	-00000000.143116
000000020.883825	000000003.870588	000000000.148282
000000024.816750	000000004.599513	000000000.176207
000000028.641516	000000005.308392	000000000.203364
000000033.787060	000000006.262061	000000000.719791
000000009.464396	000000001.711442	-00000000.201466
000000014.770091	000000002.670868	-00000000.104789
000000018.509354	000000003.347036	-00000000.131317
000000020.457708	000000003.699356	-00000000.145140
000000022.049307	000000003.887888	000000000.156310
000000024.668833	000000004.349781	000000000.174881
000000024.762482	000000004.366294	000000000.526702
000000022.970034	000000003.843865	000000000.162594
000000024.695990	000000004.132691	000000000.174811
000000024.809504	000000004.151687	000000000.526911
000000009.423748	000000001.534755	-00000000.200000
000000014.646669	000000002.385362	-00000000.103602
000000023.131098	000000003.663606	000000000.163501
000000024.612595	000000003.898252	000000000.173973
000000028.444731	000000004.505203	000000000.201060
000000028.626804	000000004.534040	000000000.607121
000000010.148247	000000001.561965	-00000000.215079
000000014.133225	000000002.175311	-00000000.099832
000000025.159950	000000003.760180	000000000.177603
000000028.562080	000000004.268631	000000000.201619
000000028.685059	000000004.287011	000000000.607540
000000009.449099	000000001.370054	-00000000.200000
000000014.339699	000000002.079157	-00000000.101158
000000025.667124	000000003.607279	000000000.180954
000000028.637856	000000004.024788	000000000.201898
000000042.451756	000000005.966205	000000000.299287
000000059.907978	000000008.419518	000000001.267226
000000010.342371	000000001.407535	-00000000.218639
000000028.037378	000000003.691191	000000000.197430
000000032.835854	000000004.322922	000000000.231219
000000032.938488	000000004.336434	000000000.695917
000000009.342637	000000001.188534	-00000000.197278
000000014.304363	000000001.819745	-00000000.100670
000000028.753361	000000003.530469	000000000.202247
000000032.912029	000000004.041089	000000000.231499
000000033.004845	000000004.052485	000000000.696545
000000036.840748	000000004.197473	000000000.258865
000000036.903099	000000004.204577	000000000.778011
000000009.361958	000000001.025301	-00000000.197278
000000014.463167	000000001.583974	-00000000.101577
000000032.977543	000000003.466079	000000000.231499
000000041.172203	000000004.327373	000000000.289024
000000041.263607	000000004.336980	000000000.869110
000000040.810249	000000003.929580	000000000.286232
000000041.200367	000000003.967144	000000000.867016
000000009.348557	000000000.859012	-00000000.196649
000000014.329284	000000001.316676	-00000000.100460
000000040.235321	000000003.520135	000000000.281973
000000045.455257	000000003.976820	000000000.318555
000000045.436436	000000003.975173	000000000.955393
000000064.027924	000000005.039107	000000001.345341
000000009.272393	000000000.689058	-00000000.194765
000000014.070857	000000001.045645	-00000000.098506
000000052.630196	000000003.680262	000000000.368331
000000052.679775	000000003.683729	000000001.106179
000000009.208218	000000000.603538	-00000000.193299
000000057.271580	000000003.502880	000000000.400585
000000057.300327	000000003.504638	000000001.202514
000000009.322933	000000000.529395	-00000000.195602
000000014.226734	000000000.807853	-00000000.099483
000000061.591942	000000003.227897	000000001.291938
000000009.736636	000000000.467684	-00000000.204189
000000069.302292	000000003.025803	000000000.484290
000000069.278786	000000003.024777	000000001.452566
000000009.250832	000000000.363466	-00000000.193927
000000013.888945	000000000.545698	-00000000.097040
000000077.345879	000000002.700978	000000001.621153
000000009.723329	000000000.297075	-00000000.203770
000000085.971657	000000002.251247	000000001.801467
000000009.255766	000000000.201962	-00000000.193927
000000013.776384	000000000.300602	-00000000.096202
000000009.687044	000000000.126810	-00000000.202932
000000009.187897	000000000.040090	-00000000.192461
000000013.809532	000000000.060256	-00000000.096411
000000009.617799	-00000000.041966	-00000000.201466
000000094.225739	-00000000.822296	000000001.973823
000000009.257176	-00000000.121183	-00000000.193927
000000013.768485	-00000000.180239	-00000000.096132
000000009.265762	-00000000.202180	-00000000.194136
000000009.293624	-00000000.283946	-00000000.194765
000000013.703272	-00000000.418673	-00000000.095713
000000009.407088	-00000000.451855	-00000000.197278
000000013.933596	-00000000.669279	-00000000.097389
000000009.397770	-00000000.615962	-00000000.197278
000000066.832108	-00000004.673356	000000001.403352
000000010.349187	-00000000.769077	-00000000.217382
000000047.622261	-00000003.747953	000000001.000629
000000009.505150	-00000000.789817	-00000000.199791
000000014.459813	-00000001.201518	-00000000.101298
000000047.288212	-00000004.137182	000000000.331400
000000047.039955	-00000004.115463	000000000.989110
000000038.620430	-00000003.718724	000000000.270873
000000044.702152	-00000004.304328	000000000.313528
000000042.145782	-00000004.058177	000000000.886911
000000009.489918	-00000000.955584	-00000000.199791
000000014.625681	-00000001.472729	-00000000.102625
000000033.265949	-00000003.496392	000000000.233523
000000035.762135	-00000003.758752	000000000.251046
000000035.307724	-00000003.710991	000000000.743665
000000010.733454	-00000001.175504	-00000000.226178
000000030.750299	-00000003.503554	000000000.216070
000000035.012619	-00000003.989184	000000000.246020
000000030.615168	-00000003.488158	000000000.645445
000000034.906456	-00000003.977088	000000000.735917
000000009.590938	-00000001.135162	-00000000.202304
000000014.726847	-00000001.743037	-00000000.103532
000000028.088371	-00000003.448818	000000000.197570
000000034.847446	-00000004.278728	000000000.245112
000000030.166784	-00000003.704015	000000000.636650
000000010.334425	-00000001.314705	-00000000.218220
000000025.479513	-00000003.354441	000000000.179418
000000025.583580	-00000003.368142	000000000.540524
000000009.539946	-00000001.298330	-00000000.201676
000000014.436564	-00000001.964730	-00000000.101717
000000024.602600	-00000003.348267	-00000000.173345
000000024.548147	-00000003.450017	000000000.173065
000000025.315601	-00000003.557876	000000000.535498
000000010.626525	-00000001.540773	-00000000.224922
000000017.595573	-00000002.551237	-00000000.124127
000000022.939560	-00000003.326078	-00000000.161826
000000023.063288	-00000003.446831	000000000.162803
000000024.937510	-00000003.726936	000000000.528168
000000009.555360	-00000001.470711	-00000000.202513
000000014.390193	-00000002.214863	-00000000.101647
000000021.723656	-00000003.343590	-00000000.153448
000000022.074297	-00000003.496225	000000000.156031
000000024.839756	-00000003.934231	000000000.175579
000000024.904036	-00000003.944412	000000000.528168
000000009.334938	-00000001.520291	-00000000.198115
000000010.765769	-00000001.753317	-00000000.228482
000000017.627327	-00000002.870792	-00000000.124685
000000020.292150	-00000003.304786	-00000000.143535
000000020.563555	-00000003.441159	000000000.145559
000000024.784752	-00000004.147545	000000000.175439
000000024.730618	-00000004.138486	000000000.525236
000000009.607064	-00000001.650796	-00000000.204189
000000014.595730	-00000002.508005	-00000000.103392
000000017.680445	-00000003.038056	-00000000.125244
000000019.405127	-00000003.334411	-00000000.137461
000000020.207764	-00000003.563174	000000000.143255
000000024.865789	-00000004.384510	000000000.176277
000000024.792021	-00000004.371502	000000000.527330
000000009.828410	-00000001.777266	-00000000.209215
000000018.105907	-00000003.274081	-00000000.128455
000000019.890762	-00000003.686535	000000000.141231
000000025.062557	-00000004.645070	000000000.177952
000000024.792250	-00000004.594972	000000000.528168
000000009.498212	-00000001.803292	-00000000.202513
000000014.539911	-00000002.760489	-00000000.103323
000000019.494642	-00000003.789374	000000000.138648
000000017.047125	-00000003.313626	000000000.363770
000000020.364296	-00000003.958418	000000000.434555
000000024.859163	-00000004.832132	000000000.530472
000000009.482114	-00000001.886110	-00000000.202513
000000017.310438	-00000003.443260	-00000000.123219
000000016.903290	-00000003.439013	000000000.120427
000000019.999775	-00000004.069000	000000000.142488
000000016.674662	-00000003.392498	000000000.356440
000000009.465294	-00000001.968784	-00000000.202513
000000015.507703	-00000003.225607	-00000000.110583
000000016.686790	-00000003.546887	000000000.119100
000000016.487953	-00000003.504622	000000000.353089
000000009.975342	-00000002.165859	-00000000.213822
000000015.400787	-00000003.343839	-00000000.110025
000000017.084764	-00000003.787601	000000000.122172
000000019.749987	-00000004.378467	000000000.141231
000000016.349371	-00000003.624568	000000000.350786
000000009.546507	-00000002.160154	-00000000.205026
000000014.668791	-00000003.319209	-00000000.104998
000000016.330044	-00000003.770088	000000000.117006
000000016.365826	-00000003.778349	000000000.351833
000000009.897096	-00000002.330457	-00000000.212984
000000011.843428	-00000002.788757	-00000000.254869
000000014.347260	-00000003.378331	-00000000.102904
000000016.286798	-00000003.910115	000000000.116936
000000020.059502	-00000004.815860	000000000.144023
000000016.759981	-00000004.023715	000000000.361047
000000009.478220	-00000002.319306	-00000000.204398
000000014.220101	-00000003.479637	-00000000.102206
000000015.058623	-00000003.754536	000000000.108349
000000016.620760	-00000004.144021	000000000.119589
000000016.685427	-00000004.160144	000000000.360210
000000009.573901	-00000002.431461	-00000000.206911
000000013.646439	-00000003.465754	-00000000.098296
000000016.729185	-00000004.326461	000000000.120636
000000016.367786	-00000004.232997	000000000.354136
000000009.358952	-00000002.464006	-00000000.202723
000000012.996780	-00000003.421767	-00000000.093828
000000016.623177	-00000004.454167	000000000.120147
000000016.166052	-00000004.331681	000000000.350576
000000009.481779	-00000002.585030	-00000000.205864
000000013.053254	-00000003.558726	-00000000.094456
000000016.545132	-00000004.588371	000000000.119868
000000020.669371	-00000005.732124	000000000.149748
000000016.175808	-00000004.485949	000000000.351623
000000009.420370	-00000002.656819	-00000000.205026
000000012.165138	-00000003.430924	-00000000.088243
000000016.110353	-00000004.619570	000000000.117006
000000020.695461	-00000005.934328	000000000.150307
000000016.318644	-00000004.679296	000000000.355602
000000009.531204	-00000002.778093	-00000000.207958
000000012.643549	-00000003.685258	-00000000.091943
000000016.433769	-00000004.867904	000000000.119659
000000016.382635	-00000004.852758	000000000.357906
000000009.372567	-00000002.820823	-00000000.205026
000000012.333219	-00000003.711878	-00000000.089919
000000016.601048	-00000005.075449	000000000.121195
000000034.110558	-00000010.428644	000000000.249022
000000016.358786	-00000005.001383	000000000.358325
000000009.662683	-00000003.000343	-00000000.211937
000000011.956559	-00000003.712610	-00000000.087405
000000021.162464	-00000006.672499	000000000.154914
000000033.875202	-00000010.680810	000000000.247974
000000011.165576	-00000003.520493	000000000.245236
000000016.562431	-00000005.222115	000000000.363770
000000033.897202	-00000010.687746	000000000.744503
000000009.426650	-00000003.017494	-00000000.207330
000000011.504661	-00000003.682671	-00000000.084334
000000010.965414	-00000003.562879	000000000.080494
000000010.868192	-00000003.531290	000000000.239372
000000009.713291	-00000003.202963	-00000000.214241
000000010.797816	-00000003.560586	-00000000.079377
000000012.868110	-00000004.243266	-00000000.094596
000000011.019252	-00000003.686990	000000000.081122
000000010.789557	-00000003.610135	000000000.238325
000000009.372552	-00000003.181553	-00000000.207330
000000010.453854	-00000003.548605	-00000000.077073
000000010.929929	-00000003.763476	000000000.080703
000000020.781992	-00000007.155814	000000000.153448
000000030.369316	-00000010.456994	000000000.224238
000000010.729282	-00000003.694388	000000000.237696
000000020.324190	-00000006.998180	000000000.450262
000000009.467135	-00000003.306072	-00000000.210052
000000010.516895	-00000003.672664	-00000000.077771
000000010.472491	-00000003.708504	000000000.077562
000000020.822443	-00000007.373614	000000000.154216
000000010.847425	-00000003.841274	000000000.241047
000000009.165044	-00000003.290587	-00000000.203979
000000010.013869	-00000003.595346	-00000000.074281
000000010.590078	-00000003.854473	000000000.078679
000000016.275080	-00000005.923645	000000000.120915
000000010.578619	-00000003.850302	000000000.235812
000000008.967142	-00000003.308154	-00000000.200210
000000009.775716	-00000003.606452	-00000000.072745
000000010.284410	-00000003.845183	000000000.076654
000000010.600803	-00000003.963478	000000000.237068
000000008.769645	-00000003.322521	-00000000.196440
000000009.379177	-00000003.553452	-00000000.070022
000000010.558537	-00000004.053043	000000000.078958
000000010.313802	-00000003.959097	000000000.231414
000000008.628500	-00000003.355440	-00000000.193927
000000009.301211	-00000003.617043	-00000000.069673
000000010.355295	-00000004.079059	000000000.077701
000000010.157931	-00000004.001316	000000000.228691
000000008.478171	-00000003.382447	-00000000.191204
000000008.897779	-00000003.549854	-00000000.066880
000000011.015412	-00000004.394704	-00000000.082798
000000010.486195	-00000004.236698	000000000.078958
000000017.152483	-00000006.930053	000000000.129153
000000010.168977	-00000004.108533	000000000.229738
000000008.189238	-00000003.350306	-00000000.185340
000000008.598062	-00000003.517560	-00000000.064856
000000010.384152	-00000004.301257	000000000.078469
000000010.123499	-00000004.193291	000000000.229529
000000008.058269	-00000003.379112	-00000000.183037
000000008.428712	-00000003.534452	-00000000.063809
000000010.180536	-00000004.321381	000000000.077213
000000010.206161	-00000004.332258	000000000.232251
000000007.881500	-00000003.386159	-00000000.179686
000000008.268919	-00000003.552608	-00000000.062831
000000010.023223	-00000004.358221	000000000.076305
000000016.680916	-00000007.253069	000000000.126989
000000016.873493	-00000007.336804	000000000.128455
000000010.186302	-00000004.429131	000000000.232670
000000007.778441	-00000003.422596	-00000000.178011
000000008.100309	-00000003.564221	-00000000.061784
000000008.541442	-00000003.802895	000000000.065275
000000010.130972	-00000004.510600	000000000.077422
000000010.156398	-00000004.521919	000000000.232880
000000007.547734	-00000003.400006	-00000000.173403
000000007.995959	-00000003.601917	-00000000.061226
000000008.444235	-00000003.848259	000000000.064786
000000010.227715	-00000004.661038	000000000.078469
000000010.098355	-00000004.602086	000000000.232461
000000007.535935	-00000003.474114	-00000000.173822
000000007.882491	-00000003.633878	-00000000.060597
000000008.310640	-00000003.875315	000000000.064018
000000010.331656	-00000004.817730	000000000.079586
000000010.130300	-00000004.723836	000000000.234136
000000007.360651	-00000003.471508	-00000000.170471
000000007.714814	-00000003.638543	-00000000.059550
000000008.222351	-00000003.921860	000000000.063599
000000008.374154	-00000003.994267	000000000.194346
000000007.195000	-00000003.470456	-00000000.167330
000000007.673762	-00000003.701384	-00000000.059480
000000008.088949	-00000003.945244	000000000.062831
000000008.231148	-00000004.014599	000000000.191833
000000007.128574	-00000003.515424	-00000000.166492
000000007.614264	-00000003.754939	-00000000.059271
000000008.009467	-00000003.993373	000000000.062482
000000008.177906	-00000004.077354	000000000.191414
000000006.865502	-00000003.460498	-00000000.161047
000000007.599066	-00000003.830245	-00000000.059411
000000007.929764	-00000004.040417	000000000.062133
000000006.547462	-00000003.336098	000000000.153927
000000008.061841	-00000004.107713	000000000.189529
000000006.799489	-00000003.501967	-00000000.160210
000000007.280872	-00000003.749896	-00000000.057177
000000007.796635	-00000004.058671	000000000.061365
000000006.553572	-00000003.411574	000000000.154764
000000007.937006	-00000004.131743	000000000.187435
000000006.733279	-00000003.542549	-00000000.159372
000000007.150526	-00000003.762074	-00000000.056409
000000006.242288	-00000003.319083	000000000.049358
000000007.822725	-00000004.159417	000000000.061854
000000006.329346	-00000003.365373	000000000.150157
000000007.962441	-00000004.233705	000000000.188901
000000006.640460	-00000003.568048	-00000000.157906
000000006.958868	-00000003.739134	-00000000.055152
000000006.133994	-00000003.330487	000000000.048729
000000007.812494	-00000004.241838	000000000.062063
000000006.299737	-00000003.420478	000000000.150157
000000006.503886	-00000003.568154	-00000000.155393
000000007.048711	-00000003.867055	-00000000.056129
000000006.227140	-00000003.451760	000000000.049707
000000007.818909	-00000004.334092	000000000.062412
000000006.287137	-00000003.485017	000000000.150576
000000006.594623	-00000003.693166	-00000000.158325
000000007.180467	-00000004.021255	-00000000.057456
000000006.022715	-00000003.407488	000000000.048310
000000007.867824	-00000004.451400	000000000.063111
000000015.692131	-00000008.878181	000000000.125872
000000006.030242	-00000003.411747	000000000.145131
000000006.431942	-00000003.676158	-00000000.155183
000000007.153784	-00000004.088724	-00000000.057526
000000005.984089	-00000003.454916	000000000.048241
000000007.837339	-00000004.524890	000000000.063180
000000017.562569	-00000010.139753	000000000.141580
000000005.879023	-00000003.394255	000000000.142199
000000006.408254	-00000003.737183	-00000000.155393
000000007.532462	-00000004.392802	-00000000.060877
000000006.324204	-00000003.725241	000000000.051242
000000007.814786	-00000004.603261	000000000.063320
000000017.370020	-00000010.231724	000000000.140742
000000005.797493	-00000003.414984	000000000.140942
000000017.556150	-00000010.341363	000000000.426807
000000006.169185	-00000003.670279	-00000000.150367
000000007.468060	-00000004.443028	-00000000.060667
000000005.948596	-00000003.574277	000000000.048450
000000007.722889	-00000004.640380	000000000.062901
000000017.005785	-00000010.218106	000000000.138508
000000005.844599	-00000003.511789	000000000.142827
000000006.077090	-00000003.687669	-00000000.148901
000000006.138117	-00000003.724701	-00000000.050125
000000007.480297	-00000004.539155	-00000000.061086
000000006.036545	-00000003.699200	000000000.049427
000000011.450679	-00000007.016985	000000000.093758
000000005.677338	-00000003.479077	000000000.139477
000000005.976665	-00000003.698473	-00000000.147225
000000006.360480	-00000003.935984	-00000000.052220
000000011.419952	-00000007.066881	-00000000.093758
000000006.343245	-00000003.963700	000000000.052220
000000011.439890	-00000007.148437	000000000.094177
000000005.697633	-00000003.560276	000000000.140733
000000005.817331	-00000003.670463	-00000000.144084
000000006.275147	-00000003.959323	-00000000.051801
000000011.628474	-00000007.337021	-00000000.095992
000000006.080704	-00000003.873836	000000000.050335
000000011.587915	-00000007.382317	000000000.095923
000000016.395130	-00000010.444850	000000000.135716
000000005.733804	-00000003.652836	000000000.142408
000000005.801897	-00000003.731905	-00000000.144503
000000007.417783	-00000004.771278	-00000000.061575
000000011.622875	-00000007.476085	-00000000.096481
000000006.315036	-00000004.101032	000000000.052569
000000011.539826	-00000007.494051	000000000.096062
000000005.684939	-00000003.691843	000000000.141990
000000005.752387	-00000003.771430	-00000000.144084
000000006.372345	-00000004.177893	-00000000.053197
000000005.862075	-00000003.880023	000000000.049078
000000016.076927	-00000010.641087	000000000.134599
000000005.710865	-00000003.779939	000000000.143456
000000005.536373	-00000003.699286	-00000000.139477
000000005.919919	-00000003.955564	-00000000.049707
000000005.985505	-00000004.037274	000000000.050405
000000015.809361	-00000010.663548	000000000.133133
000000006.232995	-00000004.204208	000000000.157487
000000015.872587	-00000010.706195	000000000.401047
000000005.594785	-00000003.809354	-00000000.141780
000000007.563112	-00000005.149539	-00000000.063879
000000015.175818	-00000010.332847	-00000000.128176
000000006.065421	-00000004.168648	000000000.051382
000000014.710295	-00000010.110106	000000000.124615
000000006.055999	-00000004.162173	000000000.153927
000000015.078201	-00000010.362961	000000000.383246
000000005.290246	-00000003.669974	-00000000.134869
000000006.022525	-00000004.177974	-00000000.051173
000000006.192638	-00000004.336132	000000000.052778
000000005.585392	-00000003.910933	000000000.142827
000000014.667795	-00000010.270501	000000000.375079
000000005.421310	-00000003.831403	-00000000.139058
000000006.998447	-00000004.946013	-00000000.059829
000000014.699190	-00000010.388360	-00000000.125663
000000005.975462	-00000004.262256	000000000.051242
000000005.437099	-00000003.878245	000000000.139895
000000005.168592	-00000003.720854	-00000000.133403
000000005.680880	-00000004.089648	-00000000.048869
000000014.510589	-00000010.446129	-00000000.124825
000000006.447708	-00000004.684534	000000000.055641
000000014.958360	-00000010.867885	000000000.129083
000000005.475844	-00000003.978433	000000000.141780
000000004.958547	-00000003.635757	-00000000.128796
000000005.128863	-00000003.760638	-00000000.044401
000000007.354596	-00000005.392612	-00000000.063669
000000014.225336	-00000010.430448	-00000000.123149
000000006.462852	-00000004.782259	000000000.056129
000000013.110585	-00000009.701323	000000000.113864
000000014.147536	-00000010.468626	000000000.122870
000000005.601654	-00000004.145005	000000000.145969
000000005.207007	-00000003.888257	-00000000.136126
000000007.273789	-00000005.431596	-00000000.190157
000000007.331294	-00000005.474536	-00000000.063879
000000014.181848	-00000010.590088	-00000000.123568
000000006.484762	-00000004.886619	000000000.056688
000000008.912555	-00000006.716092	000000000.077911
000000014.407034	-00000010.856479	000000000.125942
000000005.261854	-00000003.965091	000000000.138011
000000005.180837	-00000003.939600	-00000000.136335
000000007.251401	-00000005.514094	-00000000.063599
000000005.537471	-00000004.249051	000000000.048729
000000008.702874	-00000006.677950	000000000.076584
000000005.330165	-00000004.089980	000000000.140733
000000005.075114	-00000003.929573	-00000000.134450
000000007.185792	-00000005.563835	-00000000.190367
000000007.361141	-00000005.699604	-00000000.064996
000000009.171776	-00000007.101548	-00000000.080983
000000006.177854	-00000004.826668	000000000.054733
000000008.636388	-00000006.747485	000000000.076515
000000005.412446	-00000004.228667	000000000.143874
000000005.158401	-00000004.066556	-00000000.137592
000000007.790154	-00000006.141263	-00000000.069254
000000006.088543	-00000004.843046	000000000.054314
000000008.663260	-00000006.891069	000000000.077283
000000005.445758	-00000004.331752	000000000.145759
000000005.013557	-00000004.023805	-00000000.134660
000000007.477452	-00000006.001290	-00000000.200838
000000007.814252	-00000006.271601	-00000000.069952
000000009.490963	-00000007.617303	-00000000.084962
000000012.563633	-00000010.083382	-00000000.112468
000000005.626400	-00000004.556169	000000000.050544
000000008.587254	-00000006.953821	000000000.077143
000000005.431059	-00000004.397985	000000000.146388
000000004.916315	-00000004.016798	-00000000.132984
000000007.680290	-00000006.275060	-00000000.207749
000000009.029198	-00000007.377164	-00000000.081401
000000012.281568	-00000010.034462	-00000000.110723
000000005.532413	-00000004.560570	000000000.050056
000000005.469619	-00000004.508806	000000000.148482
000000004.819581	-00000004.008403	-00000000.131309
000000008.580066	-00000007.135965	-00000000.077911
000000012.224287	-00000010.166832	-00000000.111002
000000005.607309	-00000004.705091	000000000.051103
000000008.679072	-00000007.282606	000000000.079098
000000012.585804	-00000010.560743	000000000.114702
000000005.445382	-00000004.569218	000000000.148901
000000004.746264	-00000004.018010	-00000000.130262
000000006.302918	-00000005.335814	-00000000.172984
000000008.906706	-00000007.540083	-00000000.081471
000000012.043514	-00000010.195588	-00000000.110164
000000005.535621	-00000004.727867	000000000.050824
000000008.478319	-00000007.241169	000000000.077841
000000005.633372	-00000004.811355	000000000.155183
000000004.627707	-00000003.987488	-00000000.127958
000000005.537665	-00000004.771557	-00000000.051033
000000007.439106	-00000006.409945	-00000000.068556
000000005.486605	-00000004.769433	000000000.050754
000000008.656308	-00000007.524814	000000000.080075
000000005.651535	-00000004.912804	000000000.156859
000000004.382265	-00000003.843143	-00000000.122094
000000005.757830	-00000005.049481	-00000000.160419
000000004.330492	-00000003.797740	-00000000.040212
000000006.262673	-00000005.492217	-00000000.058154
000000007.375369	-00000006.468025	-00000000.068486
000000005.444776	-00000004.817131	000000000.050754
000000008.403079	-00000007.434416	000000000.078330
000000005.526081	-00000004.889063	000000000.154555
000000008.259170	-00000007.307096	000000000.230995
000000004.281430	-00000003.821322	-00000000.120209
000000006.071575	-00000005.419088	-00000000.170471
000000004.379250	-00000003.908630	-00000000.040980
000000006.729274	-00000006.006106	-00000000.062971
000000009.094217	-00000008.116899	-00000000.085102
000000008.375038	-00000007.540918	000000000.078679
000000005.661521	-00000005.097657	000000000.159581
000000008.455133	-00000007.613036	000000000.238325
000000004.210917	-00000003.824928	-00000000.119162
000000005.572620	-00000005.061812	-00000000.157696
000000007.860925	-00000007.140361	-00000000.074141
000000008.949019	-00000008.128716	-00000000.084403
000000008.345776	-00000007.647495	000000000.079028
000000008.027189	-00000007.355564	000000000.228063
000000004.368260	-00000004.037979	-00000000.124607
000000005.588058	-00000005.165548	-00000000.053127
000000007.651454	-00000007.072931	-00000000.072745
000000011.682786	-00000010.799457	-00000000.111072
000000008.461555	-00000007.890529	000000000.080773
000000011.416153	-00000010.645735	000000000.108977
000000008.035814	-00000007.493518	000000000.230157
000000005.964050	-00000005.610418	-00000000.171518
000000006.591597	-00000006.200755	-00000000.063180
000000008.121139	-00000007.639604	-00000000.077841
000000008.029698	-00000007.619899	000000000.077283
000000008.071646	-00000007.659706	000000000.233089
000000004.643782	-00000004.445454	-00000000.134660
000000007.050101	-00000006.749003	-00000000.068137
000000008.063602	-00000007.786931	000000000.078260
000000007.997304	-00000007.722907	000000000.232880
000000004.218093	-00000004.109084	-00000000.123351
000000005.550123	-00000005.406690	-00000000.162304
000000006.589817	-00000006.419516	-00000000.064228
000000011.123898	-00000010.836422	-00000000.108419
000000008.109460	-00000007.969144	000000000.079377
000000011.297612	-00000011.102132	000000000.110583
000000008.093617	-00000007.953576	000000000.237696
000000011.159921	-00000010.966824	000000000.327749
000000004.558390	-00000004.518783	-00000000.134450
000000006.135852	-00000006.082539	-00000000.060318
000000007.378646	-00000007.314535	-00000000.072535
000000011.511824	-00000011.411800	-00000000.113166
000000011.497276	-00000011.497276	000000000.113515
000000010.646693	-00000010.646693	000000000.315393
000000012.230264	-00000012.230264	000000000.362304
000000005.947619	-00000005.999750	-00000000.176963
000000006.307818	-00000006.363106	-00000000.062552
000000011.623000	-00000011.724875	-00000000.115261
000000010.667580	-00000010.855408	000000000.106255
000000012.251595	-00000012.467314	000000000.122032
000000010.497317	-00000010.682148	000000000.313717
000000004.576501	-00000004.697910	-00000000.137382
000000006.140407	-00000006.303304	-00000000.061435
000000011.213220	-00000011.510692	-00000000.112189
000000012.378501	-00000012.706886	-00000000.123848
000000010.141766	-00000010.502106	000000000.101926
000000009.903656	-00000010.255536	000000000.298639
000000005.869658	-00000006.131525	-00000000.177801
000000006.098996	-00000006.371095	-00000000.061575
000000011.105429	-00000011.600883	-00000000.112119
000000009.898297	-00000010.430630	000000000.100391
000000010.985871	-00000011.576693	000000000.111421
000000009.972070	-00000010.508369	000000000.303456
000000004.569168	-00000004.857169	-00000000.139686
000000005.919837	-00000006.292972	-00000000.060318
000000009.811581	-00000010.430017	-00000000.099972
000000012.031520	-00000012.789882	-00000000.122591
000000009.731880	-00000010.436163	000000000.099623
000000011.709626	-00000012.557037	000000000.119868
000000009.716345	-00000010.419504	000000000.298429
000000005.212046	-00000005.638360	-00000000.160838
000000005.756090	-00000006.226903	-00000000.059201
000000009.516555	-00000010.294951	-00000000.097877
000000009.518834	-00000010.387984	000000000.098366
000000009.510223	-00000010.378588	000000000.294869
000000004.913923	-00000005.409808	-00000000.153089
000000005.842725	-00000006.432338	-00000000.060667
000000009.211201	-00000010.140741	-00000000.095643
000000009.233777	-00000010.255149	000000000.096341
000000009.499571	-00000010.550342	000000000.297382
000000004.600233	-00000005.154126	-00000000.144712
000000005.605494	-00000006.280426	-00000000.176335
000000005.733101	-00000006.423397	-00000000.060109
000000009.142332	-00000010.243117	-00000000.095853
000000009.355967	-00000010.574997	000000000.098575
000000009.321019	-00000010.535496	000000000.294660
000000004.944009	-00000005.637562	-00000000.157068
000000005.498810	-00000006.270191	-00000000.058224
000000009.164683	-00000010.450318	-00000000.097040
000000009.361734	-00000010.769444	000000000.099623
000000009.346791	-00000010.752253	000000000.298429
000000004.927255	-00000005.718361	-00000000.158115
000000005.691926	-00000006.605806	-00000000.060877
000000008.325721	-00000009.748167	000000000.089500
000000009.241420	-00000010.820312	000000000.099343
000000009.109757	-00000010.666156	000000000.293822
000000003.707938	-00000004.379993	-00000000.120209
000000004.915925	-00000005.806925	-00000000.159372
000000005.478998	-00000006.472053	-00000000.059201
000000009.161815	-00000010.822373	-00000000.098994
000000009.480886	-00000011.298881	000000000.102974
000000009.035612	-00000010.768223	000000000.294450
000000008.338782	-00000010.115751	000000000.091524
000000009.483695	-00000011.504642	000000000.104091
000000009.113002	-00000011.054955	000000000.300105
000000008.407516	-00000010.382417	000000000.093270
000000008.619799	-00000010.644565	000000000.286911
000000008.216992	-00000010.330175	000000000.092153
000000008.433224	-00000010.602015	000000000.283770
000000008.120377	-00000010.393608	000000000.092083
000000008.229589	-00000010.533393	000000000.280000
000000007.919793	-00000010.321276	000000000.090826
000000008.411238	-00000010.961739	000000000.289424
000000005.626833	-00000007.467061	000000000.065275
000000007.733135	-00000010.262217	000000000.089709
000000007.863997	-00000010.435877	000000000.273717
000000007.387519	-00000009.983659	000000000.086707
000000007.719106	-00000010.431773	000000000.271833
000000007.317748	-00000010.072016	000000000.086917
000000007.592520	-00000010.450207	000000000.270576
000000007.223769	-00000010.127350	000000000.086847
000000007.448785	-00000010.442811	000000000.268691
000000007.089232	-00000010.124473	000000000.086288
000000007.466328	-00000010.663021	000000000.272670
000000007.028930	-00000010.227157	000000000.086637
000000007.242747	-00000010.538262	000000000.267854
000000006.939415	-00000010.288105	000000000.086637
000000007.105783	-00000010.534757	000000000.266178
000000006.722429	-00000010.156482	000000000.085032
000000006.754227	-00000010.204524	000000000.256335
000000006.633542	-00000010.214759	000000000.085032
000000006.659474	-00000010.254691	000000000.256126
000000006.501167	-00000010.204788	000000000.084473
000000006.548245	-00000010.278687	000000000.255288
000000006.406568	-00000010.252652	000000000.084403
000000006.474194	-00000010.360875	000000000.255916
000000006.280280	-00000010.248486	000000000.083915
000000006.508904	-00000010.621567	000000000.260943
000000006.273011	-00000010.440043	000000000.085032
000000007.189756	-00000011.965764	000000000.097458
000000006.189400	-00000010.300892	000000000.251728
000000006.201968	-00000010.528852	000000000.085311
000000006.099273	-00000010.354511	000000000.251728
000000006.064852	-00000010.504632	000000000.084683
000000005.993685	-00000010.381367	000000000.251100
