000000003.360976	000000003.900604	-00000000.107853
000000003.577036	000000004.151355	-00000000.038257
000000003.355334	000000003.826025	-00000000.106597
000000003.599941	000000004.104945	-00000000.038118
000000003.361965	000000003.766764	-00000000.105759
000000003.628967	000000004.065914	-00000000.038048
000000003.394708	000000003.737282	-00000000.105759
000000003.644139	000000004.011885	-00000000.037838
000000003.474698	000000003.758907	-00000000.107225
000000003.665435	000000003.965245	-00000000.037699
000000003.445715	000000003.662903	-00000000.105340
000000003.693046	000000003.925824	-00000000.037629
000000003.532857	000000003.690470	-00000000.107016
000000003.734080	000000003.900670	-00000000.037699
000000003.592833	000000003.688146	-00000000.107853
000000003.788910	000000003.889425	-00000000.037908
000000003.624881	000000003.656653	-00000000.107853
000000003.850867	000000003.884619	-00000000.038187
000000003.670853	000000003.638958	-00000000.108272
000000003.877518	000000003.843827	-00000000.038118
000000003.774083	000000003.676549	-00000000.110367
000000003.925239	000000003.823799	-00000000.038257
000000003.878244	000000003.712611	-00000000.112461
000000004.001799	000000003.830889	-00000000.038676
000000003.917777	000000003.685476	-00000000.112670
000000004.086061	000000003.843783	-00000000.039165
000000003.942447	000000003.644361	-00000000.112461
000000004.258967	000000003.936949	-00000000.040491
000000004.018503	000000003.650151	-00000000.113717
000000004.322769	000000003.926527	-00000000.040771
000000004.072580	000000003.634917	-00000000.114346
000000004.327027	000000003.862020	-00000000.040491
000000004.209380	000000003.691527	-00000000.117278
000000004.345528	000000003.810926	-00000000.040352
000000004.142972	000000003.569813	-00000000.114555
000000004.348317	000000003.746750	-00000000.040072
000000004.318948	000000003.656260	-00000000.118534
000000004.457169	000000003.773272	-00000000.040771
000000004.227703	000000003.516143	-00000000.115183
000000004.474551	000000003.721444	-00000000.040631
000000004.420812	000000003.611955	-00000000.119581
000000004.553318	000000003.720217	-00000000.041050
000000004.389787	000000003.523176	-00000000.117906
000000004.749381	000000003.811781	-00000000.042516
000000004.553839	000000003.589957	-00000000.121466
000000004.680375	000000003.689710	-00000000.041608
000000004.648235	000000003.599048	-00000000.123141
000000004.902156	000000003.795655	-00000000.043284
000000004.767006	000000003.624916	-00000000.125445
000000005.022650	000000003.819312	-00000000.044052
000000004.766415	000000003.559251	-00000000.124607
000000005.224048	000000003.900981	-00000000.045518
000000004.902108	000000003.594374	-00000000.127330
000000005.217569	000000003.825680	-00000000.045169
000000005.054997	000000003.639077	-00000000.130471
000000005.591609	000000004.025382	-00000000.048101
000000005.209031	000000003.681379	-00000000.133613
000000005.634689	000000003.982205	-00000000.048171
000000005.191670	000000003.601590	-00000000.132356
000000005.808902	000000004.029779	-00000000.049358
000000005.446032	000000003.708071	-00000000.138011
000000005.926504	000000004.035213	-00000000.050056
000000006.996906	000000004.719473	000000000.058922
000000007.883955	000000005.317795	000000000.066392
000000008.437752	000000005.691336	000000000.213194
000000005.627815	000000003.760386	-00000000.141780
000000005.811831	000000003.883341	-00000000.048799
000000005.677137	000000003.722095	-00000000.142199
000000006.138191	000000004.024374	-00000000.051242
000000007.405281	000000004.809045	000000000.061645
000000005.776671	000000003.715679	-00000000.143874
000000006.290819	000000004.046391	-00000000.052220
000000007.480700	000000004.765731	000000000.061924
000000005.825787	000000003.675798	-00000000.144293
000000006.241319	000000003.937979	-00000000.051522
000000007.691608	000000004.806251	000000000.063320
000000009.004295	000000005.626508	000000000.222409
000000005.968163	000000003.693212	-00000000.147016
000000006.385990	000000003.951770	-00000000.052429
000000007.886729	000000004.832994	000000000.064577
000000010.093045	000000006.185026	000000000.247958
000000006.025807	000000003.656549	-00000000.147644
000000006.420232	000000003.895892	-00000000.052429
000000007.722889	000000004.640380	000000000.062901
000000010.078077	000000006.055520	000000000.246283
000000006.109040	000000003.634497	-00000000.148901
000000006.479766	000000003.855056	-00000000.052639
000000007.823402	000000004.608336	000000000.063390
000000006.149160	000000003.586084	-00000000.149110
000000006.210826	000000003.622047	-00000000.050195
000000005.975430	000000003.449916	000000000.048171
000000007.733418	000000004.464891	000000000.062343
000000005.948289	000000003.434247	000000000.143874
000000006.345141	000000003.626547	-00000000.153089
000000006.806513	000000003.890243	-00000000.054733
000000007.693757	000000004.352918	000000000.061714
000000012.304131	000000006.961342	000000000.296126
000000006.428885	000000003.600349	-00000000.154346
000000006.910000	000000003.869786	-00000000.055292
000000007.670228	000000004.251677	000000000.061226
000000010.519367	000000005.830980	000000000.251937
000000006.547712	000000003.592198	-00000000.156440
000000007.022410	000000003.852626	-00000000.055920
000000007.715826	000000004.189352	000000000.061295
000000010.763148	000000005.843913	000000000.256545
000000016.702650	000000009.068799	000000000.398115
000000006.675687	000000003.586976	-00000000.158744
000000007.135041	000000003.833796	-00000000.056548
000000007.716774	000000004.103081	000000000.061016
000000007.980096	000000004.243092	000000000.189319
000000010.743115	000000005.712216	000000000.254869
000000016.701704	000000008.880454	000000000.396231
000000006.777518	000000003.565825	-00000000.160419
000000007.212473	000000003.794666	-00000000.056897
000000007.832115	000000004.077141	000000000.061645
000000007.963610	000000004.145593	000000000.188063
000000006.906148	000000003.556900	-00000000.162723
000000007.343103	000000003.781946	-00000000.057665
000000007.894125	000000004.022258	000000000.061854
000000008.052933	000000004.103174	000000000.189319
000000006.981564	000000003.518998	-00000000.163770
000000007.474051	000000003.767232	-00000000.058433
000000007.902078	000000003.939831	000000000.061645
000000007.972116	000000003.974751	000000000.186597
000000007.003040	000000003.453517	-00000000.163560
000000007.515611	000000003.706289	-00000000.058503
000000008.008060	000000003.905792	000000000.062203
000000008.006498	000000003.905030	000000000.186597
000000007.176991	000000003.461769	-00000000.166911
000000007.646741	000000003.688350	-00000000.059271
000000007.960608	000000003.797015	000000000.061575
000000008.013200	000000003.822100	000000000.185969
000000007.243097	000000003.416066	-00000000.167749
000000007.705770	000000003.634277	-00000000.059480
000000008.111257	000000003.782341	000000000.062482
000000008.109675	000000003.781604	000000000.187435
000000007.336187	000000003.382029	-00000000.169215
000000007.882491	000000003.633878	-00000000.060597
000000008.635322	000000003.935343	000000000.066252
000000007.447462	000000003.354837	-00000000.171100
000000007.986841	000000003.597810	-00000000.061156
000000009.263125	000000004.124209	000000000.070790
000000007.531361	000000003.313878	-00000000.172356
000000008.164379	000000003.592413	-00000000.062273
000000009.353785	000000004.067142	000000000.071209
000000011.187860	000000004.864620	000000000.085171
000000007.725339	000000003.319068	-00000000.176126
000000008.287295	000000003.560503	-00000000.062971
000000009.784728	000000004.153371	000000000.074211
000000007.763229	000000003.255392	-00000000.176335
000000008.474820	000000003.553787	-00000000.064158
000000009.903748	000000004.102266	000000000.074839
000000011.529736	000000004.775773	000000000.087126
000000034.878040	000000014.446957	000000000.790786
000000007.846862	000000003.210236	-00000000.177592
000000008.625827	000000003.528919	-00000000.065065
000000009.855724	000000003.981971	000000000.074211
000000034.873005	000000014.089609	000000000.787854
000000008.023155	000000003.200914	-00000000.180943
000000008.907066	000000003.553559	-00000000.066950
000000010.280864	000000004.049740	000000000.077143
000000011.825319	000000004.658117	000000000.088732
000000028.572426	000000011.254978	000000000.214394
000000028.985453	000000011.417673	000000000.652566
000000008.097372	000000003.148896	-00000000.181990
000000009.096175	000000003.537309	-00000000.068137
000000010.707907	000000004.110380	000000000.080075
000000028.744242	000000011.033880	000000000.214953
000000008.302179	000000003.145414	-00000000.185969
000000009.276316	000000003.514482	-00000000.069254
000000011.745583	000000004.391493	000000000.087545
000000029.148529	000000010.898189	000000000.217257
000000008.151094	000000003.007097	-00000000.181990
000000009.381684	000000003.461086	-00000000.069813
000000011.332417	000000004.124662	000000000.084194
000000032.155499	000000011.703645	000000000.238899
000000008.327581	000000002.989907	-00000000.185340
000000009.787992	000000003.514248	-00000000.072605
000000011.660191	000000004.129090	000000000.086358
000000032.096161	000000011.365847	000000000.237712
000000008.211773	000000002.867680	-00000000.182199
000000009.893811	000000003.455074	-00000000.073164
000000011.761964	000000004.049969	000000000.086847
000000014.948285	000000005.147107	000000000.110374
000000032.175213	000000011.078814	000000000.237572
000000008.312222	000000002.821620	-00000000.183874
000000010.207658	000000003.465033	-00000000.075258
000000011.996001	000000004.013806	000000000.088313
000000014.888318	000000004.981562	000000000.109606
000000032.520367	000000010.881163	000000000.718325
000000008.260571	000000002.723927	-00000000.182199
000000010.180527	000000003.357034	-00000000.074839
000000011.954489	000000003.884249	000000000.087754
000000014.874162	000000004.832908	000000000.109187
000000049.377533	000000016.043734	000000001.087540
000000008.550638	000000002.737081	-00000000.188063
000000010.657049	000000003.411348	-00000000.078120
000000012.007004	000000003.785794	000000000.087894
000000014.788906	000000004.662924	000000000.324817
000000008.316400	000000002.582311	-00000000.182408
000000010.915612	000000003.389388	-00000000.079796
000000012.049147	000000003.683794	000000000.087964
000000012.362309	000000003.779537	000000000.270785
000000008.625826	000000002.596079	-00000000.188691
000000011.117132	000000003.345877	-00000000.081052
000000012.100010	000000003.584186	000000000.088104
000000012.298959	000000003.643118	000000000.268691
000000008.360200	000000002.436776	-00000000.182408
000000011.347512	000000003.307498	-00000000.082518
000000012.246176	000000003.511534	000000000.088941
000000012.445609	000000003.568721	000000000.271204
000000008.583218	000000002.420718	-00000000.186806
000000011.578054	000000003.265349	-00000000.083985
000000012.122175	000000003.361777	000000000.087824
000000014.887728	000000004.128732	000000000.107860
000000028.638399	000000007.942131	000000000.207483
000000059.414055	000000016.476976	000000001.291519
000000008.391809	000000002.287870	-00000000.182199
000000011.731528	000000003.198382	-00000000.084892
000000013.580586	000000003.638907	000000000.098157
000000015.039099	000000004.029714	000000000.108698
000000028.629343	000000007.671209	000000000.206925
000000008.711173	000000002.293461	-00000000.188691
000000011.884705	000000003.128982	-00000000.085800
000000013.447244	000000003.477694	000000000.096970
000000013.551094	000000003.504551	000000000.293194
000000008.478910	000000002.153369	-00000000.183246
000000012.018170	000000003.052226	-00000000.086568
000000013.583809	000000003.386824	000000000.097738
000000013.571460	000000003.383745	000000000.292984
000000008.681893	000000002.124446	-00000000.187225
000000012.403736	000000003.035175	-00000000.089151
000000013.855934	000000003.326515	000000000.099483
000000013.629637	000000003.272186	000000000.293613
000000008.466542	000000001.993606	-00000000.182199
000000012.303214	000000002.897022	-00000000.088243
000000028.509373	000000006.581907	000000000.204272
000000031.919584	000000007.369216	000000000.228706
000000071.619972	000000016.534773	000000001.539687
000000008.805409	000000001.992461	-00000000.189110
000000011.733082	000000002.654925	-00000000.083985
000000013.205813	000000002.988170	-00000000.094526
000000028.575489	000000006.335033	000000000.204341
000000031.972916	000000007.088224	000000000.228636
000000080.546272	000000017.856680	000000001.728168
000000008.500046	000000001.845541	-00000000.182199
000000012.312812	000000002.673374	-00000000.087964
000000014.824235	000000003.218657	-00000000.105906
000000032.043331	000000006.811021	000000000.228706
000000034.354790	000000007.302336	000000000.735707
000000048.349010	000000010.276899	000000001.035393
000000008.799688	000000001.830338	-00000000.188272
000000012.276931	000000002.553605	-00000000.087545
000000032.326931	000000006.576988	000000000.230312
000000008.491737	000000001.689112	-00000000.181361
000000012.318363	000000002.450275	-00000000.087685
000000032.334011	000000006.285095	000000000.229963
000000008.771358	000000001.665294	-00000000.187016
000000013.282406	000000002.521744	-00000000.094387
000000032.594109	000000006.040961	000000000.231429
000000054.381733	000000010.079059	000000001.158535
000000008.441217	000000001.526421	-00000000.179686
000000012.191967	000000002.204667	-00000000.086498
000000032.251667	000000005.686839	000000000.228636
000000008.749819	000000001.503494	-00000000.185969
000000013.245550	000000002.276002	-00000000.093828
000000030.386719	000000005.084993	000000000.215093
000000032.428280	000000005.426633	000000000.229544
000000046.788990	000000007.829792	000000000.993718
000000008.466572	000000001.378869	-00000000.179686
000000012.238457	000000001.993159	-00000000.086568
000000030.183020	000000004.780520	000000000.213347
000000008.735200	000000001.344476	-00000000.185131
000000029.897221	000000004.468170	000000000.211043
000000052.534889	000000007.851392	000000001.112671
000000008.489347	000000001.230897	-00000000.179686
000000012.350548	000000001.790744	-00000000.087126
000000030.103415	000000004.230759	000000000.212230
000000030.374762	000000004.268894	000000000.642513
000000008.707801	000000001.185080	-00000000.184084
000000023.804010	000000003.133857	000000000.167620
000000030.030134	000000003.953542	000000000.211462
000000042.018131	000000005.531792	000000000.887749
000000058.759960	000000007.735896	000000001.241467
000000008.509536	000000001.082550	-00000000.179686
000000012.102165	000000001.539590	-00000000.085171
000000030.202444	000000003.708394	000000000.212440
000000008.617944	000000001.020001	-00000000.181780
000000030.740364	000000003.502422	000000000.216000
000000008.407872	000000000.920812	-00000000.177173
000000012.127192	000000001.328143	-00000000.085171
000000030.859262	000000003.243439	000000000.216629
000000034.877033	000000003.665724	000000000.244833
000000051.017727	000000005.362179	000000001.074556
000000008.773698	000000000.883465	-00000000.184712
000000035.086861	000000003.378480	000000000.246089
000000035.209396	000000003.390279	000000000.740943
000000008.422662	000000000.773934	-00000000.177173
000000012.029030	000000001.105313	-00000000.084334
000000034.606960	000000003.027717	000000000.242529
000000039.281300	000000003.436668	000000000.825969
000000008.688146	000000000.721929	-00000000.182618
000000035.439548	000000002.789153	000000000.248184
000000043.316525	000000003.409084	000000000.910158
000000008.434886	000000000.626820	-00000000.177173
000000012.076406	000000000.897432	-00000000.084543
000000043.422905	000000003.036425	000000000.303894
000000047.413795	000000003.315495	000000000.995603
000000008.619611	000000000.564959	-00000000.180943
000000055.583916	000000003.399658	000000001.166493
000000008.364687	000000000.474981	-00000000.175497
000000011.930490	000000000.677462	-00000000.083426
000000059.784824	000000003.133190	000000001.254032
000000008.668103	000000000.416359	-00000000.181780
000000068.190063	000000002.977242	000000001.429739
000000008.371703	000000000.328925	-00000000.175497
000000011.800608	000000000.463647	-00000000.082449
000000076.426636	000000002.668877	000000001.601886
000000008.684042	000000000.265321	-00000000.181990
000000008.396159	000000000.183205	-00000000.175916
000000011.996852	000000000.261772	-00000000.083775
000000008.577383	000000000.112284	-00000000.179686
000000008.318096	000000000.036295	-00000000.174241
000000011.809600	000000000.051529	-00000000.082449
000000008.508053	-00000000.037124	-00000000.178220
000000008.357450	-00000000.109405	-00000000.175079
000000011.708712	-00000000.153275	-00000000.081751
000000008.496114	-00000000.185386	-00000000.178011
000000008.314296	-00000000.254025	-00000000.174241
000000011.644282	-00000000.355765	-00000000.081332
000000008.521554	-00000000.334813	-00000000.178639
000000008.228705	-00000000.395253	-00000000.172566
000000011.736182	-00000000.563729	-00000000.082030
000000008.494450	-00000000.482350	-00000000.178220
000000008.220554	-00000000.538804	-00000000.172566
000000011.714578	-00000000.767814	-00000000.081960
000000070.941170	-00000004.960690	000000001.489634
000000008.544559	-00000000.634970	-00000000.179477
000000062.074394	-00000004.885361	000000001.304294
000000008.269680	-00000000.687157	-00000000.173822
000000011.709359	-00000000.972973	-00000000.082030
000000050.744987	-00000004.439611	000000001.067016
000000008.522222	-00000000.783082	-00000000.179267
000000050.117161	-00000004.825734	000000001.054660
000000008.296218	-00000000.835385	-00000000.174660
000000011.680646	-00000001.176179	-00000000.081960
000000042.116974	-00000004.426672	000000000.295656
000000042.745121	-00000004.492693	000000000.900315
000000008.596701	-00000000.941492	-00000000.181152
000000024.331982	-00000002.772279	000000000.170971
000000024.565643	-00000002.798902	000000000.517906
000000008.320088	-00000000.984747	-00000000.175497
000000011.797366	-00000001.396310	-00000000.082937
000000024.852751	-00000003.051534	000000000.174811
000000035.244453	-00000004.327475	000000000.247905
000000024.877674	-00000003.054594	000000000.525026
000000008.638468	-00000001.098952	-00000000.182408
000000024.825174	-00000003.268296	000000000.174811
000000024.899633	-00000003.278099	000000000.526074
000000008.390794	-00000001.141937	-00000000.177382
000000011.830650	-00000001.610081	-00000000.083356
000000013.148471	-00000001.789428	-00000000.092641
000000030.608440	-00000004.301736	000000000.215791
000000031.265806	-00000004.394123	000000000.661362
000000008.667445	-00000001.256720	-00000000.183456
000000028.453293	-00000004.252373	000000000.200851
000000032.359810	-00000004.836206	000000000.228427
000000031.147167	-00000004.654975	000000000.659686
000000035.399002	-00000005.290416	000000000.749739
000000008.359705	-00000001.286682	-00000000.177173
000000011.771098	-00000001.811745	-00000000.083147
000000017.849373	-00000002.747281	-00000000.126082
000000026.390388	-00000004.179827	000000000.186539
000000031.046112	-00000004.917221	000000000.658430
000000008.663927	-00000001.411010	-00000000.183874
000000025.366648	-00000004.244921	000000000.179558
000000031.195452	-00000005.220328	000000000.220817
000000025.578638	-00000004.280396	000000000.543246
000000008.464070	-00000001.454393	-00000000.179895
000000012.033346	-00000002.067707	-00000000.085241
000000013.758027	-00000002.364061	-00000000.097458
000000023.949940	-00000004.223021	000000000.169784
000000025.998291	-00000004.584200	000000000.184305
000000025.146475	-00000004.434002	000000000.534869
000000008.608468	-00000001.556665	-00000000.183246
000000022.840454	-00000004.233228	000000000.162175
000000026.006460	-00000004.820012	000000000.184654
000000024.566151	-00000004.553067	000000000.523351
000000026.109522	-00000004.839114	000000000.556231
000000008.427576	-00000001.600025	-00000000.179686
000000013.262757	-00000002.518013	-00000000.094247
000000015.316029	-00000002.907839	-00000000.108838
000000021.585455	-00000004.195787	000000000.153518
000000024.770836	-00000004.814963	000000000.528587
000000008.668241	-00000001.724220	-00000000.185131
000000019.899649	-00000003.958286	-00000000.141650
000000020.136961	-00000004.096911	000000000.143465
000000021.949778	-00000004.465733	000000000.156380
000000023.140745	-00000004.708038	000000000.494660
000000008.525616	-00000001.773331	-00000000.182408
000000013.402805	-00000002.787787	-00000000.095573
000000015.321688	-00000003.186916	-00000000.109257
000000019.002810	-00000003.952590	-00000000.135506
000000019.415756	-00000004.126946	000000000.138578
000000021.733910	-00000004.619685	000000000.155124
000000023.005472	-00000004.889964	000000000.164199
000000018.962122	-00000004.030523	000000000.406074
000000023.167234	-00000004.924348	000000000.496126
000000008.763841	-00000001.902816	-00000000.187854
000000018.264006	-00000003.965504	-00000000.130480
000000018.929918	-00000004.196661	000000000.135367
000000021.800158	-00000004.832979	000000000.155892
000000018.838379	-00000004.176368	000000000.404189
000000024.333721	-00000005.394656	000000000.522095
000000008.483617	-00000001.919647	-00000000.182199
000000013.313098	-00000003.012446	-00000000.095294
000000015.644111	-00000003.539901	-00000000.111979
000000017.936108	-00000004.058527	-00000000.128385
000000018.434633	-00000004.255970	000000000.132085
000000021.679205	-00000005.005039	000000000.155333
000000019.044756	-00000004.396829	000000000.409424
000000024.470808	-00000005.649531	000000000.526074
000000008.894735	-00000002.094432	-00000000.191414
000000015.476353	-00000003.644197	-00000000.111002
000000017.559336	-00000004.134675	-00000000.125942
000000018.105087	-00000004.346647	000000000.129991
000000021.663874	-00000005.201036	000000000.155542
000000018.655687	-00000004.478834	000000000.401885
000000024.867767	-00000005.970223	000000000.535707
000000008.487668	-00000002.076919	-00000000.183037
000000012.899108	-00000003.156392	-00000000.092711
000000015.181706	-00000003.714940	-00000000.109117
000000018.454575	-00000004.601243	000000000.132784
000000018.761404	-00000004.677743	000000000.405026
000000029.703939	-00000007.406024	000000000.641257
000000008.934349	-00000002.269036	-00000000.193089
000000013.152143	-00000003.340219	-00000000.094736
000000015.604238	-00000003.962971	-00000000.112398
000000018.365313	-00000004.749593	000000000.132435
000000018.603716	-00000004.811248	000000000.402513
000000008.624158	-00000002.270551	-00000000.186806
000000013.151505	-00000003.462502	-00000000.094945
000000014.979177	-00000003.943688	-00000000.108140
000000016.275454	-00000004.360995	000000000.117634
000000018.265213	-00000004.894149	000000000.132016
000000018.541710	-00000004.968236	000000000.402094
000000008.941617	-00000002.437765	-00000000.194136
000000014.461809	-00000003.942742	-00000000.104649
000000017.479830	-00000004.847586	000000000.126640
000000018.651794	-00000005.172600	000000000.405445
000000028.892939	-00000008.012721	000000000.628063
000000008.640952	-00000002.437001	-00000000.188063
000000012.319127	-00000003.474353	-00000000.089360
000000014.041880	-00000003.960220	-00000000.101857
000000016.658258	-00000004.776679	000000000.120985
000000018.523062	-00000005.311402	000000000.134529
000000026.107231	-00000007.486128	000000000.189611
000000014.213943	-00000004.075782	000000000.309738
000000018.644386	-00000005.346192	000000000.406283
000000009.022489	-00000002.629816	-00000000.196859
000000012.086733	-00000003.522961	-00000000.087894
000000013.718778	-00000003.998659	-00000000.099762
000000016.798113	-00000004.975828	000000000.122312
000000026.040909	-00000007.713669	000000000.189611
000000013.966939	-00000004.137196	000000000.305131
000000018.712057	-00000005.542764	000000000.408796
000000008.711988	-00000002.622011	-00000000.190576
000000012.409822	-00000003.734933	-00000000.090477
000000017.136564	-00000005.239173	000000000.125104
000000025.972605	-00000007.940622	000000000.189611
000000013.786890	-00000004.215075	000000000.301990
000000009.070700	-00000002.816527	-00000000.198953
000000012.300357	-00000003.819362	-00000000.089919
000000013.819021	-00000004.357121	000000000.101158
000000016.899452	-00000005.328377	000000000.123708
000000013.835398	-00000004.362284	000000000.303875
000000016.943834	-00000005.342370	000000000.372147
000000008.664902	-00000002.773657	-00000000.190576
000000012.076085	-00000003.865585	-00000000.088522
000000013.799494	-00000004.483727	000000000.101298
000000016.852310	-00000005.475647	000000000.123708
000000013.673193	-00000004.442690	000000000.301152
000000008.953699	-00000002.952487	-00000000.197487
000000011.861453	-00000003.911320	-00000000.087196
000000013.854671	-00000004.635708	000000000.101996
000000013.491686	-00000004.514255	000000000.298011
000000008.709846	-00000002.956594	-00000000.192670
000000011.637487	-00000003.950395	-00000000.085800
000000014.097339	-00000004.854103	000000000.104091
000000013.640841	-00000004.696918	000000000.302199
000000022.725283	-00000007.824942	000000000.503456
000000008.995194	-00000003.141263	-00000000.199581
000000010.835765	-00000003.784018	-00000000.240419
000000011.413758	-00000003.985863	-00000000.084403
000000014.026164	-00000004.966925	000000000.103881
000000013.712426	-00000004.855824	000000000.304712
000000022.326281	-00000007.906150	000000000.496126
000000008.751018	-00000003.141936	-00000000.194765
000000011.133841	-00000003.997457	-00000000.082588
000000011.952600	-00000004.350390	000000000.088802
000000014.433327	-00000005.253301	000000000.107232
000000020.409626	-00000007.428496	000000000.151633
000000013.678925	-00000004.978721	000000000.304922
000000009.079700	-00000003.349679	-00000000.202723
000000010.873373	-00000004.011399	-00000000.080913
000000011.633185	-00000004.349470	000000000.086707
000000014.087207	-00000005.266991	000000000.104998
000000020.372124	-00000007.616825	000000000.151842
000000013.503851	-00000005.048883	000000000.301990
000000008.741597	-00000003.311895	-00000000.195812
000000010.772495	-00000004.081334	-00000000.080424
000000011.781498	-00000004.522493	000000000.088104
000000012.059214	-00000004.629098	000000000.270576
000000013.449944	-00000005.162950	000000000.301780
000000009.159628	-00000003.561985	-00000000.205864
000000010.661910	-00000004.146190	-00000000.079866
000000011.667152	-00000004.595813	000000000.087545
000000011.785806	-00000004.642552	000000000.265340
000000008.831042	-00000003.523228	-00000000.199162
000000010.885383	-00000004.342827	-00000000.081820
000000011.710047	-00000004.731166	000000000.088173
000000011.707764	-00000004.730244	000000000.264503
000000009.567990	-00000003.914368	-00000000.216545
000000011.124726	-00000004.551246	-00000000.083915
000000011.575928	-00000004.794907	000000000.087475
000000011.712223	-00000004.851362	000000000.265550
000000009.210767	-00000003.862395	-00000000.209215
000000011.066142	-00000004.640419	-00000000.083775
000000011.745356	-00000004.985608	000000000.089081
000000011.706254	-00000004.969010	000000000.266388
000000009.020551	-00000003.875534	-00000000.205655
000000010.508666	-00000004.514879	-00000000.239581
000000011.300857	-00000004.855231	-00000000.085870
000000013.764736	-00000005.985078	000000000.104789
000000025.649544	-00000011.152740	000000000.195266
000000017.337803	-00000007.538691	000000000.396021
000000025.461174	-00000011.070833	000000000.581571
000000008.904027	-00000003.917866	-00000000.203770
000000010.734248	-00000004.723182	-00000000.245655
000000011.111610	-00000004.889226	-00000000.084753
000000013.702847	-00000006.100901	000000000.104719
000000018.087759	-00000008.053189	000000000.138229
000000025.870977	-00000011.518501	000000000.197709
000000016.832951	-00000007.494513	000000000.385969
000000008.760111	-00000003.946142	-00000000.201257
000000011.250870	-00000005.068147	-00000000.086149
000000017.780210	-00000008.102909	000000000.136414
000000025.660284	-00000011.694065	000000000.196872
000000016.721418	-00000007.620390	000000000.384922
000000008.661786	-00000003.993138	-00000000.199791
000000010.713739	-00000004.939102	-00000000.247121
000000011.242538	-00000005.182881	-00000000.086428
000000008.573462	-00000003.997871	000000000.066043
000000013.331463	-00000006.216563	000000000.102694
000000018.044147	-00000008.414124	000000000.138997
000000008.571792	-00000003.997092	000000000.198115
000000016.382450	-00000007.639262	000000000.378639
000000008.545226	-00000004.030190	-00000000.197906
000000009.134775	-00000004.308239	-00000000.070511
000000008.953428	-00000004.270566	000000000.069254
000000008.699015	-00000004.149217	000000000.201885
000000008.446696	-00000004.074203	-00000000.196440
000000008.853648	-00000004.270493	-00000000.068626
000000008.655176	-00000004.221411	000000000.067230
000000008.518699	-00000004.154847	000000000.198534
000000008.312187	-00000004.099117	-00000000.194136
000000008.914698	-00000004.396242	-00000000.069394
000000008.591161	-00000004.283395	000000000.067020
000000007.998958	-00000003.988133	000000000.187225
000000008.124327	-00000004.094998	-00000000.190576
000000008.742051	-00000004.406356	-00000000.068347
000000011.054810	-00000005.572083	-00000000.086428
000000008.214880	-00000004.185690	000000000.064367
000000007.892586	-00000004.021473	000000000.185550
000000008.399369	-00000004.325960	-00000000.197906
000000008.605476	-00000004.432112	-00000000.067579
000000010.481256	-00000005.398202	-00000000.082309
000000011.521381	-00000005.933901	-00000000.090477
000000008.550576	-00000004.451149	000000000.067299
000000007.786247	-00000004.053264	000000000.183874
000000007.812727	-00000004.110475	-00000000.184922
000000008.575321	-00000004.511694	-00000000.067648
000000010.885083	-00000005.726919	-00000000.085870
000000008.573213	-00000004.558458	000000000.067788
000000021.719982	-00000011.548719	000000000.171739
000000007.724097	-00000004.106975	000000000.183246
000000007.494736	-00000004.027067	-00000000.178220
000000011.283936	-00000006.063077	-00000000.089430
000000013.204230	-00000007.094889	-00000000.104649
000000008.629773	-00000004.685585	000000000.068556
000000020.695639	-00000011.236814	000000000.164409
000000007.389231	-00000004.012025	000000000.176126
000000007.354125	-00000004.034611	-00000000.175707
000000008.977463	-00000004.925205	-00000000.071488
000000011.853057	-00000006.502810	-00000000.094387
000000013.992218	-00000007.676394	-00000000.111421
000000008.203733	-00000004.547403	000000000.065484
000000014.859426	-00000008.236714	000000000.118612
000000019.975828	-00000011.072782	000000000.159452
000000007.406404	-00000004.105437	000000000.177382
000000007.327359	-00000004.103518	-00000000.175916
000000010.748889	-00000006.019667	-00000000.086009
000000008.041890	-00000004.549883	000000000.064507
000000019.869736	-00000011.241755	000000000.159382
000000007.335490	-00000004.150220	000000000.176545
000000007.282591	-00000004.162344	-00000000.175707
000000008.152188	-00000004.659359	-00000000.065554
000000011.173447	-00000006.386151	-00000000.089849
000000008.253020	-00000004.764884	000000000.066531
000000014.029270	-00000008.099803	000000000.113096
000000020.169241	-00000011.644716	000000000.162594
000000007.688619	-00000004.439026	000000000.185969
000000019.593857	-00000011.312518	000000000.473927
000000007.323718	-00000004.271066	-00000000.177592
000000008.068027	-00000004.705134	-00000000.065205
000000011.203673	-00000006.533789	-00000000.090547
000000013.674183	-00000007.974548	-00000000.110513
000000008.099116	-00000004.770744	000000000.065624
000000012.045281	-00000007.095213	000000000.097598
000000007.623746	-00000004.490730	000000000.185340
000000007.105732	-00000004.227467	-00000000.173194
000000007.983691	-00000004.749797	-00000000.064856
000000011.447014	-00000006.810258	-00000000.092990
000000007.877175	-00000004.733084	000000000.064158
000000007.541418	-00000004.531341	000000000.184293
000000019.736235	-00000011.858726	000000000.482304
000000007.222421	-00000004.382672	-00000000.176963
000000007.847900	-00000004.762223	-00000000.064088
000000007.809993	-00000004.785970	000000000.063948
000000008.030108	-00000004.920857	000000000.197278
000000011.465495	-00000007.026064	000000000.281676
000000006.886343	-00000004.261398	-00000000.169634
000000007.797540	-00000004.825264	-00000000.064018
000000011.530496	-00000007.135287	-00000000.094666
000000007.861215	-00000004.912232	000000000.064716
000000011.617975	-00000007.259717	000000000.095643
000000007.927511	-00000004.953659	000000000.195812
000000006.831982	-00000004.310659	-00000000.169215
000000007.822792	-00000004.935814	-00000000.064577
000000007.885518	-00000005.023629	000000000.065275
000000007.850253	-00000005.001163	000000000.194974
000000006.583891	-00000004.234901	-00000000.163979
000000008.023316	-00000005.160771	-00000000.066601
000000010.823908	-00000006.962172	-00000000.089849
000000007.824605	-00000005.081358	000000000.065135
000000011.707556	-00000007.602976	000000000.097458
000000007.487686	-00000004.862560	000000000.187016
000000006.529963	-00000004.281231	-00000000.163560
000000010.779466	-00000007.067327	-00000000.089988
000000007.579837	-00000005.016985	000000000.063460
000000011.949292	-00000007.909064	000000000.100041
000000016.318748	-00000010.801144	000000000.136623
000000007.369934	-00000004.878053	000000000.185131
000000006.342722	-00000004.238071	-00000000.159791
000000010.110424	-00000006.755569	-00000000.084892
000000007.054938	-00000004.758616	000000000.059411
000000008.215562	-00000005.541467	000000000.069184
000000011.415569	-00000007.699899	000000000.096132
000000007.078428	-00000004.774460	000000000.178848
000000006.131951	-00000004.175097	-00000000.155393
000000006.182741	-00000004.209678	-00000000.052220
000000010.414778	-00000007.091169	-00000000.087964
000000006.774152	-00000004.655746	000000000.057386
000000011.537485	-00000007.929494	000000000.097738
000000007.085931	-00000004.870026	000000000.180105
000000006.267791	-00000004.348122	-00000000.159791
000000008.068376	-00000005.597232	-00000000.068556
000000010.179957	-00000007.062088	-00000000.086498
000000015.701291	-00000010.892373	-00000000.133412
000000011.033710	-00000007.725886	000000000.094038
000000007.084111	-00000004.960348	000000000.181152
000000010.843194	-00000007.592486	000000000.277278
000000006.899107	-00000004.875807	-00000000.176963
000000007.896731	-00000005.580858	-00000000.067509
000000010.403760	-00000007.352651	-00000000.088941
000000010.843754	-00000007.734775	000000000.092990
000000007.341712	-00000005.236792	000000000.188901
000000010.678853	-00000007.617152	000000000.274765
000000006.507396	-00000004.684655	-00000000.167958
000000008.342777	-00000006.005940	-00000000.071767
000000010.607013	-00000007.635957	-00000000.091245
000000007.628845	-00000005.542680	000000000.065833
000000011.188433	-00000008.128872	000000000.096551
000000007.473677	-00000005.429945	000000000.193508
000000010.773743	-00000007.827582	000000000.278953
000000006.563020	-00000004.812205	-00000000.170471
000000007.854579	-00000005.759215	-00000000.067997
000000010.160954	-00000007.450320	-00000000.087964
000000007.371188	-00000005.454392	000000000.064018
000000011.028647	-00000008.160769	000000000.095783
000000007.474229	-00000005.530639	000000000.194765
000000006.528786	-00000004.875276	-00000000.170681
000000008.140540	-00000006.078830	-00000000.070930
000000011.016972	-00000008.226763	-00000000.095992
000000010.789303	-00000008.130323	000000000.094317
000000007.545450	-00000005.685905	000000000.197906
000000010.771230	-00000008.116704	000000000.282513
000000007.265904	-00000005.525122	-00000000.191204
000000008.469255	-00000006.440171	-00000000.074281
000000010.920881	-00000008.304431	-00000000.095783
000000010.678276	-00000008.193729	000000000.093968
000000010.787239	-00000008.277340	000000000.284817
000000005.280648	-00000004.088715	-00000000.139895
000000007.351800	-00000005.692372	-00000000.194765
000000007.519275	-00000005.822044	-00000000.066392
000000009.211308	-00000007.132157	-00000000.081332
000000010.858523	-00000008.483608	000000000.096202
000000013.679534	-00000010.687623	000000000.121195
000000015.216116	-00000011.888133	000000000.134808
000000010.856406	-00000008.481955	000000000.288587
000000014.842867	-00000011.596519	000000000.394555
000000006.179089	-00000004.871201	-00000000.164817
000000008.008475	-00000006.313373	-00000000.213613
000000009.062337	-00000007.144170	-00000000.080564
000000014.802864	-00000011.669637	-00000000.131597
000000013.930085	-00000011.080490	000000000.124266
000000013.794355	-00000010.972526	000000000.369215
000000006.799101	-00000005.456856	-00000000.182618
000000008.960654	-00000007.191685	-00000000.080215
000000013.499471	-00000010.834471	-00000000.120846
000000013.452068	-00000010.893270	000000000.120846
000000013.643690	-00000011.048442	000000000.367749
000000006.209267	-00000005.073184	-00000000.167958
000000007.719002	-00000006.306689	-00000000.208796
000000008.742680	-00000007.143069	-00000000.078818
000000014.008422	-00000011.445360	-00000000.126291
000000013.395077	-00000011.042049	000000000.121195
000000013.554470	-00000011.173443	000000000.367958
000000006.134012	-00000005.101604	-00000000.167121
000000008.224803	-00000006.840497	-00000000.224084
000000008.695390	-00000007.231879	-00000000.078958
000000008.617790	-00000007.231184	000000000.078539
000000012.700707	-00000010.657159	000000000.115749
000000013.173076	-00000011.053523	000000000.360210
000000006.333440	-00000005.361653	-00000000.173822
000000007.912985	-00000006.698836	-00000000.217173
000000008.631949	-00000007.307485	-00000000.078958
000000008.949760	-00000007.643817	000000000.082169
000000012.728886	-00000010.871495	000000000.116866
000000012.984885	-00000011.090139	000000000.357697
000000006.074339	-00000005.233985	-00000000.167958
000000007.998132	-00000006.891632	-00000000.221152
000000008.469370	-00000007.297677	-00000000.078050
000000008.761965	-00000007.616660	000000000.081052
000000012.648624	-00000010.995281	000000000.117006
000000012.615976	-00000010.966901	000000000.350157
000000006.441854	-00000005.649354	-00000000.179477
000000007.915137	-00000006.941389	-00000000.220524
000000008.405364	-00000007.371307	-00000000.078050
000000012.305043	-00000010.886582	000000000.114702
000000012.385012	-00000010.957333	000000000.346388
000000006.795092	-00000006.064851	-00000000.190785
000000008.400401	-00000007.497645	-00000000.078609
000000012.346948	-00000011.020073	-00000000.115540
000000008.672289	-00000007.808564	000000000.081471
000000012.536549	-00000011.287959	000000000.117774
000000008.462564	-00000007.619726	000000000.238534
000000012.340929	-00000011.111822	000000000.347854
000000005.927847	-00000005.384477	-00000000.167749
000000007.807589	-00000007.091914	-00000000.220943
000000008.297643	-00000007.537048	-00000000.078260
000000008.227815	-00000007.539403	000000000.077911
000000008.255695	-00000007.564951	000000000.234555
000000005.946708	-00000005.497080	-00000000.169634
000000007.319590	-00000006.766160	-00000000.208796
000000008.260927	-00000007.636322	-00000000.078539
000000008.234842	-00000007.679114	000000000.078609
000000012.359576	-00000011.525491	000000000.117983
000000008.335604	-00000007.773076	000000000.238744
000000012.218240	-00000011.393693	000000000.349948
000000006.451951	-00000006.069390	-00000000.185550
000000008.368778	-00000007.872561	-00000000.080215
000000012.185992	-00000011.564075	000000000.117285
000000011.893531	-00000011.286539	000000000.343456
000000006.579292	-00000006.298302	-00000000.190785
000000008.379218	-00000008.021357	-00000000.080983
000000011.940750	-00000011.531048	000000000.115889
000000011.924038	-00000011.514910	000000000.347225
000000006.946605	-00000006.767083	-00000000.203141
000000008.351877	-00000008.136039	-00000000.081401
000000012.517240	-00000012.300657	000000000.122521
000000011.744658	-00000011.541443	000000000.344922
000000006.873087	-00000006.813368	-00000000.202723
000000008.429695	-00000008.356451	-00000000.082868
000000012.136772	-00000012.031319	-00000000.119310
000000012.077089	-00000012.077089	000000000.119240
000000011.756606	-00000011.756606	000000000.348272
000000007.341263	-00000007.405609	-00000000.218429
000000008.081892	-00000008.152729	-00000000.080145
000000011.925719	-00000012.030248	-00000000.118263
000000003.981067	-00000004.051164	000000000.039654
000000011.845078	-00000012.053638	000000000.117983
000000003.966276	-00000004.036112	000000000.118534
000000010.938794	-00000011.131397	000000000.326911
000000011.877807	-00000012.086945	000000000.354974
000000006.962421	-00000007.147125	-00000000.209005
000000008.191860	-00000008.409180	-00000000.081960
000000012.085436	-00000012.406047	-00000000.120915
000000003.987242	-00000004.128910	000000000.040072
000000010.919764	-00000011.307746	000000000.109745
000000004.048970	-00000004.192831	000000000.122094
000000010.889854	-00000011.276774	000000000.328377
000000006.851391	-00000007.157057	-00000000.207539
000000003.996848	-00000004.175162	-00000000.040352
000000011.388942	-00000011.897044	-00000000.114981
000000003.999243	-00000004.214323	000000000.040561
000000004.005345	-00000004.220753	000000000.121885
000000006.761273	-00000007.187445	-00000000.206702
000000004.021926	-00000004.275434	-00000000.040980
000000007.776638	-00000008.266809	-00000000.079237
000000011.764305	-00000012.505825	-00000000.119868
000000003.989593	-00000004.278315	000000000.040840
000000010.536618	-00000011.299139	000000000.107860
000000003.927449	-00000004.211674	000000000.120628
000000006.813665	-00000007.370981	-00000000.210262
000000003.970887	-00000004.295682	-00000000.040840
000000010.711215	-00000011.587327	-00000000.110164
000000003.979129	-00000004.342458	000000000.041120
000000010.647042	-00000011.619207	000000000.110025
000000003.883792	-00000004.238415	000000000.120419
000000006.332306	-00000006.971325	-00000000.197278
000000003.987038	-00000004.389386	-00000000.041399
000000004.068215	-00000004.518210	000000000.042446
000000009.949730	-00000011.050294	000000000.103811
000000011.722883	-00000013.019581	000000000.122312
000000003.947005	-00000004.383593	000000000.123560
000000004.060987	-00000004.549952	-00000000.127749
000000006.683986	-00000007.488773	-00000000.210262
000000003.968558	-00000004.446393	-00000000.041608
000000009.961347	-00000011.160747	-00000000.104440
000000003.902737	-00000004.411242	000000000.041120
000000009.674017	-00000010.934487	000000000.101926
000000003.948349	-00000004.462797	000000000.124817
000000010.387604	-00000011.741051	000000000.328377
000000004.054088	-00000004.622801	-00000000.128796
000000004.127404	-00000004.706403	-00000000.043703
000000010.107525	-00000011.525423	-00000000.107023
000000003.988742	-00000004.588522	000000000.042446
000000009.486382	-00000010.912834	000000000.100949
000000003.987964	-00000004.587628	000000000.127330
000000009.582920	-00000011.023889	000000000.305969
000000004.000540	-00000004.642855	-00000000.128377
000000009.693246	-00000011.249566	-00000000.103672
000000009.234926	-00000010.812710	000000000.099274
000000003.467292	-00000004.059678	000000000.111833
000000003.966331	-00000004.685219	-00000000.128586
000000006.414604	-00000007.577237	-00000000.207958
000000009.342725	-00000011.036073	-00000000.100949
000000003.541674	-00000004.220802	000000000.038467
000000009.609441	-00000011.452085	000000000.104370
000000003.386748	-00000004.036169	000000000.110367
000000003.536509	-00000004.290128	000000000.038816
000000003.179694	-00000003.857277	000000000.104712
000000003.505229	-00000004.328598	000000000.038886
000000003.252873	-00000004.016963	000000000.108272
000000003.510897	-00000004.413802	000000000.039374
000000003.279933	-00000004.123440	000000000.110367
000000003.386056	-00000004.333953	000000000.038397
000000003.237669	-00000004.144028	000000000.110157
000000003.390719	-00000004.418870	000000000.038886
000000003.134434	-00000004.084874	000000000.107853
000000003.207596	-00000004.256623	000000000.037210
000000003.038499	-00000004.032225	000000000.105759
000000003.081107	-00000004.163877	000000000.036163
000000002.902099	-00000003.921961	000000000.102199
000000003.126941	-00000004.303865	000000000.037140
000000002.961788	-00000004.076551	000000000.105550
000000003.431871	-00000004.811306	000000000.041259
000000003.013187	-00000004.224333	000000000.108691
000000003.240628	-00000004.628097	000000000.039444
000000003.314545	-00000004.733661	000000000.121047
000000003.018872	-00000004.392486	000000000.037210
000000002.955992	-00000004.300995	000000000.109319
000000002.857406	-00000004.236279	000000000.035674
000000003.729726	-00000005.529546	000000000.046565
000000003.125203	-00000004.633304	000000000.117068
000000002.952791	-00000004.461180	000000000.037350
000000002.880479	-00000004.351929	000000000.109319
000000002.913748	-00000004.486778	000000000.037350
000000002.967632	-00000004.569752	000000000.114136
000000003.051787	-00000004.790347	000000000.039654
000000002.975987	-00000004.671364	000000000.116021
000000002.866793	-00000004.587828	000000000.037769
000000003.051666	-00000004.883686	000000000.120628
000000003.077441	-00000005.021928	000000000.041120
000000003.003708	-00000004.901606	000000000.120419
000000003.100454	-00000005.160021	000000000.042027
000000004.763986	-00000007.928604	000000000.064577
000000002.981416	-00000004.961910	000000000.121257
000000004.804251	-00000007.995617	000000000.195393
000000005.211042	-00000008.672630	000000000.211937
000000003.329370	-00000005.652150	000000000.045797
000000004.846873	-00000008.228358	000000000.066671
000000003.085156	-00000005.237556	000000000.127330
000000003.279920	-00000005.680988	000000000.045797
000000004.934880	-00000008.547462	000000000.068905
000000003.099320	-00000005.368180	000000000.129843
