000000003.837386	000000004.453505	-00000000.123141
000000003.922991	000000004.552855	-00000000.041957
000000004.001351	000000004.562667	-00000000.127120
000000004.397729	000000005.014649	-00000000.046565
000000004.060987	000000004.549952	-00000000.127749
000000003.828726	000000004.289725	-00000000.040142
000000003.582929	000000003.944497	-00000000.111623
000000003.603798	000000003.967473	-00000000.037420
000000004.336586	000000004.691292	-00000000.133822
000000003.848706	000000004.163507	-00000000.039584
000000003.938938	000000004.187214	-00000000.120419
000000004.117849	000000004.377403	-00000000.041957
000000004.106687	000000004.289901	-00000000.124398
000000004.570790	000000004.774710	-00000000.046146
000000003.983510	000000004.089187	-00000000.119581
000000004.737882	000000004.863572	-00000000.047403
000000004.610285	000000004.650694	-00000000.137173
000000004.843503	000000004.885956	-00000000.048031
000000004.657794	000000004.617324	-00000000.137382
000000004.900160	000000004.857584	-00000000.048171
000000004.776686	000000004.653242	-00000000.139686
000000004.842083	000000004.716949	-00000000.047193
000000004.788223	000000004.583726	-00000000.138848
000000004.716922	000000004.515471	-00000000.045588
000000004.740655	000000004.459563	-00000000.136335
000000004.923668	000000004.631724	-00000000.047193
000000004.779391	000000004.418024	-00000000.136335
000000004.787666	000000004.425673	-00000000.045518
000000004.691954	000000004.261871	-00000000.132775
000000004.781693	000000004.343384	-00000000.045099
000000004.587246	000000004.094274	-00000000.128796
000000004.864175	000000004.341443	-00000000.045518
000000004.795686	000000004.205704	-00000000.133613
000000004.871803	000000004.272457	-00000000.045239
000000004.817057	000000004.150641	-00000000.133194
000000004.916477	000000004.236308	-00000000.045308
000000004.807310	000000004.069688	-00000000.131937
000000004.823512	000000004.083404	-00000000.044122
000000005.334592	000000004.436733	-00000000.145340
000000004.766703	000000003.964425	-00000000.043284
000000005.063417	000000004.136985	-00000000.136963
000000005.575491	000000004.555367	-00000000.050265
000000005.005760	000000004.017548	-00000000.134450
000000005.256293	000000004.218621	-00000000.047054
000000005.488161	000000004.326518	-00000000.146388
000000005.803350	000000004.574993	-00000000.051592
000000005.517803	000000004.272339	-00000000.146178
000000005.977468	000000004.628250	-00000000.052778
000000005.395710	000000004.102993	-00000000.141990
000000006.049468	000000004.600122	-00000000.053058
000000007.506116	000000005.707783	-00000000.065833
000000005.703676	000000004.259137	-00000000.149110
000000005.849010	000000004.367663	-00000000.050963
000000005.780940	000000004.238760	-00000000.150157
000000006.733649	000000004.937315	-00000000.058294
000000005.744684	000000004.135581	-00000000.148272
000000006.403162	000000004.609617	-00000000.055082
000000005.837707	000000004.125683	-00000000.149738
000000006.663632	000000004.709390	-00000000.056967
000000006.070639	000000004.211352	-00000000.154764
000000006.030742	000000004.183674	-00000000.051242
000000006.123687	000000004.169470	-00000000.155183
000000006.645619	000000004.524841	-00000000.056129
000000008.945097	000000006.033545	000000000.075328
000000006.259593	000000004.182527	-00000000.157696
000000006.501934	000000004.344453	-00000000.054593
000000006.337659	000000004.155151	-00000000.158744
000000006.665038	000000004.369791	-00000000.055641
000000008.086690	000000005.301867	-00000000.067509
000000008.420047	000000005.468043	000000000.070092
000000006.466172	000000004.159181	-00000000.161047
000000006.879532	000000004.425064	-00000000.057107
000000008.905997	000000005.673746	000000000.073722
000000016.282316	000000010.372980	000000000.404398
000000006.324656	000000003.990561	-00000000.156649
000000006.571145	000000004.146084	-00000000.054244
000000006.580693	000000004.112073	000000000.054175
000000008.709242	000000005.442139	000000000.071698
000000009.735354	000000006.083324	000000000.080145
000000006.537017	000000004.084782	000000000.161466
000000006.580283	000000004.072002	-00000000.162094
000000007.287341	000000004.509543	-00000000.059829
000000009.412918	000000005.768244	000000000.077073
000000013.221549	000000008.102176	000000000.324817
000000006.709586	000000004.071477	-00000000.164398
000000006.975911	000000004.233087	-00000000.056967
000000009.008609	000000005.412919	000000000.073373
000000013.908773	000000008.357234	000000000.339895
000000021.313076	000000012.806189	000000000.520838
000000006.796414	000000004.043441	-00000000.165655
000000007.012585	000000004.172050	-00000000.056967
000000011.571398	000000006.816074	000000000.093758
000000006.883259	000000004.014198	-00000000.166911
000000007.040088	000000004.105658	-00000000.056897
000000007.811359	000000004.509891	000000000.062971
000000011.344657	000000006.549840	000000000.091455
000000014.095802	000000008.138215	000000000.340943
000000007.065588	000000004.038317	-00000000.170471
000000007.006194	000000004.004369	-00000000.056339
000000008.846730	000000005.056323	-00000000.071139
000000008.994320	000000005.140677	-00000000.072326
000000007.162852	000000004.052547	000000000.057456
000000013.722500	000000007.763817	000000000.330262
000000007.126729	000000003.991160	-00000000.171100
000000008.445556	000000004.729739	-00000000.067579
000000007.259167	000000004.023822	000000000.057944
000000013.363863	000000007.407711	000000000.106674
000000013.317536	000000007.382031	000000000.318953
000000018.634058	000000010.329027	000000000.446283
000000007.608319	000000004.174067	-00000000.181780
000000008.626781	000000004.732814	-00000000.068696
000000013.234664	000000007.185836	000000000.105138
000000018.363249	000000009.970430	000000000.437697
000000021.675663	000000011.768925	000000000.516649
000000007.679683	000000004.126442	-00000000.182618
000000008.808693	000000004.733081	-00000000.069813
000000009.659211	000000005.135893	000000000.076375
000000012.599356	000000006.699196	000000000.099623
000000010.963804	000000005.829558	000000000.260105
000000023.807873	000000012.658871	000000000.564817
000000008.122405	000000004.273404	-00000000.192251
000000008.929308	000000004.697936	-00000000.070441
000000012.284801	000000006.395062	000000000.096690
000000015.380393	000000008.006526	000000000.121055
000000018.791637	000000009.782308	000000000.443770
000000021.957571	000000011.430388	000000000.518534
000000008.106058	000000004.174894	-00000000.190995
000000007.894280	000000004.065821	-00000000.061994
000000013.640978	000000006.950425	000000000.106883
000000013.192913	000000006.722125	000000000.310157
000000018.617952	000000009.486320	000000000.437697
000000008.383234	000000004.225498	-00000000.196649
000000008.849206	000000004.460367	-00000000.069184
000000009.083362	000000004.528797	000000000.070860
000000009.188961	000000004.581447	000000000.215079
000000008.222519	000000004.054898	-00000000.192042
000000008.878823	000000004.378551	-00000000.069114
000000009.230391	000000004.501962	000000000.071698
000000009.237576	000000004.505467	000000000.215288
000000008.383662	000000004.043798	-00000000.194974
000000008.934709	000000004.309592	-00000000.069254
000000009.242248	000000004.408326	000000000.071488
000000009.312637	000000004.441900	000000000.216126
000000008.689907	000000004.098426	-00000000.201257
000000009.225218	000000004.350895	-00000000.071209
000000012.381689	000000005.839583	-00000000.095573
000000008.519085	000000003.972515	000000000.065624
000000013.548971	000000006.317989	000000000.104370
000000016.920355	000000007.890090	000000000.130340
000000015.177326	000000007.077303	000000000.350786
000000021.076096	000000009.827945	000000000.487121
000000008.916010	000000004.110337	-00000000.205655
000000009.117536	000000004.203241	-00000000.070092
000000010.815722	000000004.986116	-00000000.083147
000000012.884737	000000005.871913	000000000.098855
000000015.796543	000000007.198900	000000000.121195
000000008.624540	000000003.930429	000000000.198534
000000019.896490	000000009.067352	000000000.458011
000000009.042696	000000004.073438	-00000000.207749
000000009.372685	000000004.222087	-00000000.071767
000000012.499953	000000005.630818	-00000000.095713
000000013.182140	000000005.869067	000000000.100740
000000015.666923	000000006.975363	000000000.119729
000000008.841181	000000003.936347	000000000.202723
000000021.920282	000000009.759539	000000000.502618
000000009.215165	000000004.054770	-00000000.210890
000000008.905764	000000003.918630	-00000000.067928
000000011.102458	000000004.885198	-00000000.084683
000000008.876925	000000003.859797	000000000.067579
000000016.616724	000000007.225157	000000000.126500
000000019.464914	000000008.463586	000000000.444608
000000021.885424	000000009.516053	000000000.499896
000000023.480759	000000010.209724	000000000.536335
000000009.590076	000000004.120222	-00000000.218639
000000009.399005	000000004.038131	-00000000.071418
000000009.711090	000000004.122113	000000000.073652
000000013.466658	000000005.716257	000000000.102136
000000016.255720	000000006.900144	000000000.123289
000000013.602077	000000005.773739	000000000.309529
000000009.883826	000000004.144632	-00000000.224503
000000009.821200	000000004.118371	-00000000.074350
000000011.601006	000000004.864705	-00000000.087824
000000009.820601	000000004.067826	000000000.074211
000000016.241405	000000006.727411	000000000.122731
000000012.894529	000000005.341089	000000000.292356
000000019.083164	000000007.904506	000000000.432670
000000009.919619	000000004.058223	-00000000.224503
000000011.476422	000000004.695128	-00000000.086568
000000015.631939	000000006.315713	000000000.117704
000000012.838680	000000005.187163	000000000.290053
000000021.524487	000000008.696457	000000000.486283
000000010.363241	000000004.134514	-00000000.233717
000000011.674851	000000004.657794	-00000000.087754
000000012.830146	000000005.053929	000000000.096272
000000016.737804	000000006.593196	000000000.125593
000000018.226437	000000007.179584	000000000.136763
000000021.720486	000000008.555927	000000000.489006
000000031.450520	000000012.388689	000000000.708063
000000010.585287	000000004.116393	-00000000.237906
000000011.929410	000000004.639094	-00000000.089360
000000013.312532	000000005.110202	000000000.099553
000000017.961649	000000006.894831	000000000.134319
000000013.673953	000000005.248939	000000000.306806
000000021.691650	000000008.326645	000000000.486702
000000024.183764	000000009.283278	000000000.542618
000000010.985429	000000004.162007	-00000000.246073
000000012.352835	000000004.680070	-00000000.092222
000000017.468510	000000006.531209	000000000.130201
000000019.590885	000000007.324732	000000000.438115
000000022.859154	000000008.546687	000000000.511204
000000011.105749	000000004.097127	-00000000.247958
000000012.411968	000000004.579017	-00000000.092362
000000013.211757	000000004.808686	000000000.098157
000000017.543634	000000006.385361	000000000.130340
000000021.063288	000000007.666410	000000000.469529
000000023.139553	000000008.422109	000000000.515812
000000011.442190	000000004.108166	-00000000.254660
000000012.592628	000000004.521215	-00000000.093409
000000013.045840	000000004.619774	000000000.096621
000000013.109267	000000004.642235	000000000.291309
000000011.524798	000000004.024640	-00000000.255707
000000011.932995	000000004.167188	-00000000.088243
000000013.047838	000000004.492731	000000000.096341
000000013.073654	000000004.501620	000000000.289634
000000011.881367	000000004.033181	-00000000.262827
000000012.991565	000000004.410042	-00000000.095783
000000013.086548	000000004.378697	000000000.096341
000000013.121921	000000004.390533	000000000.289843
000000012.049038	000000003.973177	-00000000.265759
000000012.526226	000000004.130530	-00000000.092083
000000012.715316	000000004.131456	000000000.093339
000000019.486673	000000006.331604	000000000.143046
000000012.570210	000000004.084309	000000000.276859
000000031.121252	000000010.111908	000000000.685445
000000012.426040	000000003.977607	-00000000.273299
000000012.933220	000000004.139956	-00000000.094806
000000012.092836	000000003.812857	000000000.088522
000000018.930820	000000005.968865	000000000.138578
000000020.904966	000000006.591311	000000000.153029
000000023.723272	000000007.479919	000000000.521047
000000012.412537	000000003.854195	-00000000.272251
000000013.570502	000000004.213753	-00000000.099204
000000016.951191	000000005.263484	-00000000.123917
000000013.693950	000000004.186661	000000000.099972
000000019.221258	000000005.876528	000000000.140323
000000021.181633	000000006.475875	000000000.154635
000000022.563843	000000006.898459	000000000.494241
000000024.007547	000000007.339844	000000000.525864
000000012.914804	000000003.886915	-00000000.282513
000000013.568456	000000004.083642	-00000000.098924
000000013.624496	000000004.035760	000000000.099204
000000019.942965	000000005.907375	000000000.145210
000000025.777008	000000007.635498	000000000.563142
000000033.637608	000000009.963913	000000000.734870
000000012.420321	000000003.620193	-00000000.270995
000000014.361996	000000004.186140	-00000000.104440
000000017.052366	000000004.889688	000000000.123848
000000019.993755	000000005.733117	000000000.145210
000000017.125927	000000004.910780	000000000.373194
000000012.903694	000000003.639218	-00000000.280838
000000015.552897	000000004.386371	-00000000.112817
000000017.094387	000000004.740693	000000000.123848
000000016.936909	000000004.697020	000000000.368168
000000043.739231	000000012.129962	000000000.950786
000000012.481609	000000003.402877	-00000000.270995
000000015.436221	000000004.208397	-00000000.111700
000000015.666934	000000004.197942	000000000.113236
000000017.009541	000000004.557693	000000000.122940
000000017.073824	000000004.574917	000000000.370262
000000012.365805	000000003.255645	-00000000.267854
000000014.734548	000000003.879283	-00000000.319162
000000015.897848	000000004.185554	-00000000.114772
000000017.009939	000000004.399069	000000000.122661
000000017.142134	000000004.433257	000000000.370890
000000012.393744	000000003.147610	-00000000.267854
000000016.360218	000000004.154966	-00000000.117844
000000020.560066	000000005.126200	000000000.147933
000000023.713449	000000005.912427	000000000.170622
000000023.718529	000000005.913693	000000000.512042
000000012.255649	000000002.998938	-00000000.264293
000000015.809981	000000003.868678	-00000000.340943
000000017.211761	000000004.211691	-00000000.123708
000000020.438719	000000004.906902	000000000.146746
000000023.754419	000000005.702931	000000000.170552
000000031.070126	000000007.459277	000000000.669320
000000041.122227	000000009.872573	000000000.885864
000000012.203499	000000002.873543	-00000000.262618
000000014.470975	000000003.407462	-00000000.311414
000000017.345196	000000004.084251	-00000000.124406
000000019.846720	000000004.673282	-00000000.142348
000000020.383326	000000004.705862	000000000.146048
000000022.322273	000000005.153503	000000000.159941
000000024.680193	000000005.697871	000000000.176835
000000016.947731	000000003.834880	-00000000.363979
000000017.721539	000000004.009974	-00000000.126850
000000019.789215	000000004.477842	-00000000.141650
000000020.911751	000000004.636024	000000000.149539
000000021.210258	000000004.702201	000000000.455079
000000012.144319	000000002.636790	-00000000.260314
000000014.479388	000000003.143783	-00000000.310367
000000017.902437	000000003.887000	-00000000.127897
000000021.127474	000000004.490783	000000000.150795
000000021.123354	000000004.489908	000000000.452356
000000019.227983	000000003.999426	-00000000.137112
000000020.842491	000000004.240453	000000000.148491
000000024.693502	000000005.023950	000000000.175928
000000021.308687	000000004.335301	000000000.455498
000000011.953150	000000002.377629	-00000000.255288
000000014.257490	000000002.835991	-00000000.304503
000000019.840803	000000003.946581	-00000000.141231
000000019.632065	000000003.816087	000000000.139625
000000023.391605	000000004.546867	000000000.166363
000000025.011251	000000004.861695	000000000.177883
000000038.579304	000000007.499057	000000000.823247
000000020.326405	000000003.859088	-00000000.144442
000000019.418812	000000003.599064	000000000.137880
000000024.895407	000000004.614091	000000000.176766
000000028.857828	000000005.348483	000000000.204900
000000011.815737	000000002.136633	-00000000.251518
000000013.842416	000000002.503117	-00000000.294660
000000020.998917	000000003.797223	-00000000.148980
000000022.009918	000000003.880942	000000000.156031
000000025.210464	000000004.445285	000000000.178720
000000022.064701	000000003.890602	000000000.469320
000000025.274471	000000004.456571	000000000.537592
000000021.957655	000000003.773015	-00000000.155542
000000024.340937	000000004.073276	000000000.172298
000000025.174349	000000004.212741	000000000.534660
000000012.107790	000000001.971879	-00000000.256963
000000023.371504	000000003.806291	-00000000.165316
000000024.296541	000000003.848194	000000000.171739
000000024.728203	000000003.806034	-00000000.174671
000000029.620304	000000004.426784	000000000.209089
000000029.782625	000000004.451043	000000000.630786
000000011.744585	000000001.702884	-00000000.248587
000000013.822398	000000002.004152	-00000000.292566
000000025.294872	000000003.667582	-00000000.178441
000000032.687950	000000004.593992	000000000.230451
000000028.447065	000000003.871476	-00000000.200432
000000029.425367	000000003.873923	000000000.207204
000000033.192764	000000004.369910	000000000.233733
000000033.255680	000000004.378193	000000000.702618
000000011.742763	000000001.493868	-00000000.247958
000000013.220526	000000001.681863	-00000000.279162
000000029.332870	000000003.731612	-00000000.206436
000000033.507542	000000004.114209	000000000.235687
000000037.140171	000000004.560239	000000000.261239
000000033.302544	000000004.089038	000000000.702828
000000032.859833	000000003.889218	-00000000.231010
000000036.999718	000000004.215585	000000000.259982
000000037.111706	000000004.228344	000000000.782409
000000011.717354	000000001.283259	-00000000.246911
000000037.731239	000000003.965713	000000000.264869
000000041.172203	000000004.327373	000000000.289024
000000041.233780	000000004.333845	000000000.868482
000000011.489069	000000001.055697	-00000000.241676
000000045.425369	000000003.974205	000000000.318345
000000045.486233	000000003.979530	000000000.956440
000000046.814095	000000003.684349	000000000.327840
000000063.512054	000000004.998507	000000000.444776
000000011.416010	000000000.848356	-00000000.239791
000000013.210667	000000000.981722	-00000000.277487
000000068.540245	000000004.192101	000000000.479403
000000011.359205	000000000.645022	-00000000.238325
000000076.612991	000000004.015117	000000000.535602
000000076.637993	000000004.016427	000000001.607540
000000088.773262	000000003.875924	000000000.620355
000000088.725990	000000003.873860	000000001.860315
000000011.388712	000000000.447464	-00000000.238744
000000011.204874	000000000.244491	-00000000.234765
000000012.644216	000000000.275898	-00000000.264922
000000011.247426	000000000.049076	-00000000.235602
000000012.857057	000000000.056100	-00000000.269320
000000011.306551	-00000000.148011	-00000000.236859
000000011.452143	-00000000.349895	-00000000.240000
000000053.625542	-00000001.872645	000000001.123980
000000053.707043	-00000002.344900	000000001.126074
000000011.324456	-00000000.543953	-00000000.237487
000000053.814835	-00000002.820316	000000000.376220
000000053.904186	-00000002.824999	000000001.130681
000000064.467949	-00000003.943029	000000000.450920
000000064.654968	-00000003.954468	000000001.356859
000000011.403027	-00000000.747394	-00000000.239372
000000052.141403	-00000003.646082	000000000.364910
000000052.221001	-00000003.651648	000000001.096545
000000047.242760	-00000003.718086	000000000.330842
000000047.113949	-00000003.707948	000000000.989948
000000011.766858	-00000000.977750	-00000000.247330
000000041.072105	-00000003.593344	000000000.287837
000000041.223454	-00000003.606585	000000000.866807
000000047.129593	-00000004.123305	000000000.990995
000000036.699364	-00000003.533747	000000000.257399
000000042.044514	-00000004.048426	000000000.294888
000000036.901199	-00000003.553181	000000000.776545
000000040.822197	-00000003.930731	000000000.859058
000000011.638578	-00000001.171943	-00000000.245026
000000036.746689	-00000003.862233	000000000.257958
000000036.292088	-00000003.814452	000000000.764398
000000032.395508	-00000003.547885	-00000000.227519
000000036.771198	-00000004.189548	000000000.258376
000000036.108414	-00000004.114034	000000000.761257
000000011.596496	-00000001.372536	-00000000.244607
000000013.165200	-00000001.558204	-00000000.277696
000000028.718840	-00000003.399099	-00000000.201898
000000032.273937	-00000003.819872	-00000000.226891
000000036.256824	-00000004.451778	000000000.255025
000000035.922291	-00000004.410703	000000000.758116
000000032.556808	-00000004.141749	-00000000.229125
000000026.371792	-00000003.471912	000000000.185702
000000033.113453	-00000004.359469	000000000.233174
000000026.554983	-00000003.496030	000000000.561047
000000011.402366	-00000001.551794	-00000000.241047
000000013.423288	-00000001.826829	-00000000.283770
000000024.622417	-00000003.350964	-00000000.173484
000000026.657368	-00000003.746449	000000000.187936
000000026.157145	-00000003.676147	000000000.553299
000000019.268042	-00000002.793733	-00000000.135925
000000023.117693	-00000003.351906	-00000000.163082
000000026.198391	-00000003.915376	000000000.184934
000000026.242725	-00000003.922002	000000000.555812
000000011.699634	-00000001.800746	-00000000.247958
000000020.745203	-00000003.192992	-00000000.146537
000000026.390388	-00000004.179827	000000000.186539
000000025.960632	-00000004.111760	000000000.550576
000000019.936842	-00000003.246921	-00000000.141021
000000022.703741	-00000003.799303	000000000.160709
000000026.224695	-00000004.388509	000000000.185632
000000025.992786	-00000004.349701	000000000.552042
000000011.814225	-00000002.030055	-00000000.251100
000000019.434690	-00000003.339491	-00000000.137670
000000022.630331	-00000003.990338	000000000.160429
000000026.608858	-00000004.691860	000000000.188634
000000022.635765	-00000003.991296	000000000.481466
000000025.934147	-00000004.572890	000000000.551623
000000018.627438	-00000003.368389	-00000000.132155
000000020.854328	-00000003.865121	000000000.148073
000000026.507906	-00000004.912950	000000000.188215
000000017.793011	-00000003.297740	000000000.379058
000000026.109522	-00000004.839114	000000000.556231
000000011.737707	-00000002.228473	-00000000.250262
000000017.614906	-00000003.344295	-00000000.125174
000000020.562185	-00000003.903853	-00000000.146118
000000017.747387	-00000003.449743	000000000.126221
000000020.927782	-00000004.067949	000000000.148840
000000017.616344	-00000003.424270	000000000.375916
000000017.104479	-00000003.402292	-00000000.121753
000000020.399836	-00000004.057780	-00000000.145210
000000017.657814	-00000003.592523	000000000.125802
000000020.783695	-00000004.228491	000000000.148073
000000017.791529	-00000003.619728	000000000.380314
000000011.706816	-00000002.435021	-00000000.250471
000000016.134275	-00000003.355934	-00000000.115051
000000020.598616	-00000004.284518	-00000000.146886
000000017.684477	-00000003.758952	000000000.126221
000000020.843817	-00000004.430490	000000000.148771
000000017.583237	-00000003.737432	000000000.376545
000000013.658694	-00000002.965593	-00000000.292775
000000015.133989	-00000003.285911	-00000000.324398
000000016.329132	-00000003.545402	-00000000.116657
000000020.365000	-00000004.421675	-00000000.145489
000000017.768154	-00000003.939105	000000000.127059
000000017.618277	-00000003.905878	000000000.378011
000000011.769799	-00000002.663234	-00000000.252775
000000015.371020	-00000003.478107	-00000000.110025
000000020.637741	-00000004.669844	-00000000.147723
000000017.528490	-00000004.046771	000000000.125593
000000016.989288	-00000003.922286	000000000.365236
000000013.741100	-00000003.235600	-00000000.295707
000000015.515286	-00000003.653365	-00000000.111281
000000017.491198	-00000004.118630	-00000000.125453
000000017.648083	-00000004.236930	000000000.126710
000000016.993298	-00000004.079730	000000000.366073
000000011.731238	-00000002.870616	-00000000.252984
000000015.259412	-00000003.733954	-00000000.109676
000000017.444878	-00000004.268734	-00000000.125383
000000017.387276	-00000004.335135	000000000.125104
000000016.811537	-00000004.191587	000000000.362932
000000012.868564	-00000003.268199	-00000000.278115
000000015.168094	-00000003.852205	-00000000.109257
000000017.445732	-00000004.430651	-00000000.125663
000000023.629272	-00000006.001071	-00000000.170203
000000017.126116	-00000004.429114	000000000.123498
000000016.861433	-00000004.360663	000000000.364817
000000011.892056	-00000003.130917	-00000000.257592
000000017.212997	-00000004.531804	-00000000.124266
000000016.922609	-00000004.534400	000000000.122312
000000013.249596	-00000003.550219	000000000.287330
000000016.871023	-00000004.520577	000000000.365864
000000012.279049	-00000003.347653	-00000000.266597
000000017.057024	-00000004.650279	-00000000.123429
000000012.835244	-00000003.559528	000000000.092990
000000016.901667	-00000004.687247	000000000.122451
000000012.900183	-00000003.577537	000000000.280419
000000011.902960	-00000003.356982	-00000000.259058
000000013.397051	-00000003.778359	-00000000.097179
000000014.879195	-00000004.196367	-00000000.107930
000000016.890676	-00000004.763664	-00000000.122521
000000012.938267	-00000003.709988	000000000.093968
000000012.849250	-00000003.684463	000000000.280000
000000011.729237	-00000003.418761	-00000000.255916
000000013.401969	-00000003.906318	-00000000.097458
000000017.078871	-00000004.978037	-00000000.124197
000000013.001279	-00000003.851154	000000000.094666
000000012.538611	-00000003.714106	000000000.273927
000000011.440468	-00000003.443190	-00000000.250262
000000013.233314	-00000003.982775	-00000000.096481
000000015.253740	-00000004.590855	-00000000.111211
000000016.881571	-00000005.080776	-00000000.123080
000000012.651603	-00000003.867983	000000000.092362
000000012.505723	-00000003.823383	000000000.273927
000000011.123542	-00000003.453952	-00000000.243979
000000013.016604	-00000004.041763	-00000000.095155
000000015.241747	-00000004.732688	-00000000.111421
000000023.693466	-00000007.357017	-00000000.173205
000000012.502924	-00000003.942157	000000000.091524
000000012.309785	-00000003.881260	000000000.270367
000000010.921584	-00000003.496027	-00000000.240210
000000012.999886	-00000004.161296	-00000000.095294
000000034.694935	-00000011.105936	-00000000.254327
000000012.287351	-00000003.992402	000000000.090198
000000012.418075	-00000004.034877	000000000.273508
000000010.719751	-00000003.534844	-00000000.236440
000000012.877606	-00000004.246398	-00000000.094666
000000012.583949	-00000004.210530	000000000.092641
000000012.391871	-00000004.146262	000000000.273717
000000010.300341	-00000003.496494	-00000000.227854
000000012.650678	-00000004.294326	-00000000.093270
000000015.472462	-00000005.252193	-00000000.114074
000000012.887104	-00000004.437386	000000000.095155
000000012.326859	-00000004.244478	000000000.273089
000000009.891883	-00000003.454400	-00000000.219477
000000012.006179	-00000004.192745	-00000000.266388
000000012.801536	-00000004.470496	-00000000.094666
000000022.497093	-00000007.856337	-00000000.166363
000000012.961004	-00000004.589733	000000000.095992
000000012.242228	-00000004.335200	000000000.272042
000000009.080357	-00000003.260181	-00000000.202094
000000011.122260	-00000003.993299	-00000000.247539
000000013.223201	-00000004.747614	-00000000.098087
000000017.486624	-00000006.278339	-00000000.129712
000000012.544591	-00000004.565858	000000000.093200
000000021.960083	-00000007.992816	000000000.163152
000000012.232115	-00000004.452126	000000000.272670
000000010.833734	-00000003.996775	-00000000.241885
000000013.162503	-00000004.855904	-00000000.097947
000000017.459316	-00000006.441082	-00000000.129921
000000012.523002	-00000004.682158	000000000.093339
000000012.220891	-00000004.569204	000000000.273299
000000009.957006	-00000003.772372	-00000000.223037
000000012.434570	-00000004.711038	-00000000.278534
000000012.913903	-00000004.892640	-00000000.096411
000000012.556351	-00000004.819932	000000000.093898
000000012.479233	-00000004.790329	000000000.280000
000000009.308717	-00000003.619962	-00000000.209215
000000012.290487	-00000004.779509	-00000000.276231
000000012.917314	-00000005.023269	-00000000.096760
000000017.372202	-00000006.755680	-00000000.130131
000000012.439380	-00000004.900002	000000000.093339
000000012.334631	-00000004.858740	000000000.277696
000000009.128196	-00000003.641781	-00000000.205864
000000012.183309	-00000004.860647	-00000000.274765
000000012.761532	-00000005.091335	-00000000.095923
000000017.228996	-00000006.873672	-00000000.129502
000000027.185593	-00000010.845952	-00000000.204341
000000012.535221	-00000005.064558	000000000.094387
000000016.429296	-00000006.637867	000000000.123708
000000012.634745	-00000005.104768	000000000.285445
000000008.855480	-00000003.622872	-00000000.200419
000000012.168188	-00000004.978137	-00000000.275393
000000014.891584	-00000006.092308	-00000000.112328
000000017.066551	-00000006.982111	-00000000.128734
000000025.127811	-00000010.280059	-00000000.189541
000000015.945772	-00000006.604955	000000000.120497
000000015.637851	-00000006.477410	000000000.354555
000000008.897287	-00000003.730942	-00000000.202094
000000013.350541	-00000005.598346	-00000000.303246
000000014.533533	-00000006.094416	-00000000.110025
000000016.543882	-00000006.937426	-00000000.125244
000000024.050415	-00000010.085176	-00000000.182071
000000015.823093	-00000006.716505	000000000.120008
000000015.571527	-00000006.609721	000000000.354346
000000008.754160	-00000003.761084	-00000000.199581
000000013.236877	-00000005.687011	-00000000.301780
000000016.170332	-00000006.947323	-00000000.122870
000000015.837242	-00000006.886229	000000000.120566
000000015.568265	-00000006.769274	000000000.355602
000000008.949782	-00000003.937999	-00000000.204817
000000013.616848	-00000005.991557	-00000000.311623
000000015.990101	-00000007.035813	-00000000.121963
000000015.548165	-00000006.922489	000000000.118821
000000015.499466	-00000006.900807	000000000.355393
000000008.778343	-00000003.954355	-00000000.201676
000000008.880345	-00000004.000304	-00000000.067997
000000008.881006	-00000004.047307	000000000.068137
000000008.915665	-00000004.063103	000000000.205236
000000008.734421	-00000004.026623	-00000000.201466
000000008.754287	-00000004.035782	-00000000.067299
000000008.781908	-00000004.095071	000000000.067648
000000008.834563	-00000004.119624	000000000.204189
000000008.671823	-00000004.089897	-00000000.200838
000000008.736824	-00000004.120553	-00000000.067439
000000008.772916	-00000004.184466	000000000.067858
000000008.762181	-00000004.179346	000000000.203351
000000008.707842	-00000004.200164	-00000000.202513
000000008.646493	-00000004.170573	-00000000.067020
000000008.709102	-00000004.247713	000000000.067648
000000008.725376	-00000004.255651	000000000.203351
000000008.670857	-00000004.275994	-00000000.202513
000000008.771201	-00000004.325478	-00000000.068277
000000008.770144	-00000004.372632	000000000.068416
000000008.768434	-00000004.371779	000000000.205236
000000008.811769	-00000004.441497	-00000000.206702
000000011.963293	-00000006.029996	-00000000.280628
000000015.346942	-00000007.735496	-00000000.360000
000000015.528524	-00000007.827021	-00000000.121404
000000022.350719	-00000011.265690	-00000000.174741
000000020.635208	-00000010.514164	000000000.161686
000000006.253494	-00000003.186314	000000000.147016
000000021.334927	-00000010.870688	000000000.501571
000000008.834892	-00000004.550268	-00000000.208168
000000011.812447	-00000006.083810	-00000000.278325
000000015.895238	-00000008.186585	-00000000.124825
000000020.109079	-00000010.356856	-00000000.157916
000000021.824839	-00000011.240530	-00000000.171390
000000006.226664	-00000003.241396	000000000.049008
000000019.691162	-00000010.250569	000000000.154984
000000006.305264	-00000003.282313	000000000.148901
000000006.246643	-00000003.286518	-00000000.147853
000000010.706002	-00000005.632700	-00000000.253403
000000006.911585	-00000003.636361	-00000000.054524
000000014.531143	-00000007.645204	-00000000.114632
000000016.079834	-00000008.460010	-00000000.126850
000000006.560141	-00000003.488089	000000000.051871
000000019.362570	-00000010.295260	000000000.153099
000000006.408794	-00000003.407616	000000000.152042
000000006.235339	-00000003.350368	-00000000.148272
000000011.360998	-00000006.104485	-00000000.270157
000000006.386302	-00000003.431484	-00000000.050614
000000018.991541	-00000010.204523	-00000000.150516
000000021.184906	-00000011.383060	-00000000.167899
000000006.678847	-00000003.626318	000000000.053058
000000018.568953	-00000010.082118	000000000.147514
000000006.510606	-00000003.534971	000000000.155183
000000006.363640	-00000003.491213	-00000000.152042
000000011.771858	-00000006.458262	-00000000.281257
000000006.794467	-00000003.727572	-00000000.054105
000000020.243128	-00000011.105761	-00000000.161197
000000006.279616	-00000003.480848	000000000.050125
000000018.532740	-00000010.272865	000000000.147933
000000006.313369	-00000003.499558	000000000.151204
000000006.219532	-00000003.483105	-00000000.149319
000000011.322514	-00000006.340912	-00000000.271833
000000006.718055	-00000003.762292	-00000000.053756
000000006.283815	-00000003.555211	000000000.050405
000000006.352203	-00000003.593904	000000000.152880
000000006.735745	-00000003.849796	-00000000.162513
000000011.015026	-00000006.295606	-00000000.265759
000000006.476605	-00000003.701685	-00000000.052080
000000011.902716	-00000006.802962	-00000000.095713
000000006.053370	-00000003.494915	000000000.048799
000000006.008898	-00000003.469239	000000000.145340
000000006.796895	-00000003.963832	-00000000.164817
000000011.227399	-00000006.547626	-00000000.272251
000000006.495885	-00000003.788288	-00000000.052499
000000011.747877	-00000006.851159	-00000000.094945
000000005.858936	-00000003.451177	000000000.047473
000000011.760951	-00000006.927730	000000000.095294
000000005.918094	-00000003.486024	000000000.143874
000000005.945788	-00000003.537372	-00000000.144922
000000010.576973	-00000006.292638	-00000000.257801
000000005.972729	-00000003.553400	-00000000.048520
000000006.017168	-00000003.615479	000000000.049008
000000005.913157	-00000003.552983	000000000.144503
000000006.316413	-00000003.832894	-00000000.154764
000000011.641346	-00000007.064142	-00000000.285236
000000005.770514	-00000003.501634	-00000000.047124
000000006.360541	-00000003.897744	000000000.052080
000000017.154703	-00000010.512415	000000000.140463
000000005.950123	-00000003.646240	000000000.146178
000000005.849140	-00000003.619558	-00000000.144084
000000011.791799	-00000007.296987	-00000000.290471
000000005.901301	-00000003.651836	-00000000.048450
000000005.817468	-00000003.635158	000000000.047891
000000005.841770	-00000003.650343	000000000.144293
000000016.440046	-00000010.272881	000000000.406074
000000006.350023	-00000004.006566	-00000000.157278
000000005.826922	-00000003.676514	-00000000.048101
000000005.852994	-00000003.728768	000000000.048450
000000005.775964	-00000003.679695	000000000.143456
000000006.146647	-00000003.953656	-00000000.153089
000000005.845078	-00000003.759681	-00000000.048520
000000005.778299	-00000003.752471	000000000.048101
000000005.710094	-00000003.708178	000000000.142618
000000006.036662	-00000003.957809	-00000000.151204
000000005.536079	-00000003.629613	-00000000.046216
000000005.595238	-00000003.703407	000000000.046844
000000005.710865	-00000003.779939	000000000.143456
000000005.769134	-00000003.854812	-00000000.145340
000000009.917257	-00000006.626500	-00000000.249843
000000011.496703	-00000007.681851	-00000000.289634
000000005.770258	-00000003.855563	-00000000.048450
000000016.022030	-00000010.705578	-00000000.134529
000000005.695349	-00000003.841562	000000000.047961
000000005.503602	-00000003.712226	000000000.139058
000000005.875764	-00000004.000666	-00000000.148901
000000005.744658	-00000003.911399	-00000000.048520
000000005.480306	-00000003.766510	000000000.046425
000000005.545153	-00000003.811078	000000000.140942
000000005.791341	-00000004.017596	-00000000.147644
000000010.268334	-00000007.123397	-00000000.261780
000000005.710307	-00000003.961381	-00000000.048520
000000005.750307	-00000004.026409	000000000.049008
000000005.601771	-00000003.922402	000000000.143246
000000010.181287	-00000007.195422	-00000000.261152
000000015.602598	-00000011.026826	-00000000.400210
000000005.887842	-00000004.161116	-00000000.050335
000000015.605640	-00000011.028976	-00000000.133412
000000005.894053	-00000004.204187	000000000.050544
000000005.526632	-00000003.942108	000000000.142199
000000005.809595	-00000004.182310	-00000000.149948
000000010.069424	-00000007.248948	-00000000.259895
000000005.964923	-00000004.294130	-00000000.051312
000000005.622531	-00000004.085008	000000000.048520
000000005.799380	-00000004.213496	000000000.150157
000000014.292195	-00000010.383887	000000000.370053
000000010.118660	-00000007.419309	-00000000.262827
000000015.407777	-00000011.297449	-00000000.400210
000000006.120766	-00000004.487931	-00000000.052988
000000015.378524	-00000011.276000	-00000000.133133
000000005.618823	-00000004.157710	000000000.048799
000000005.344476	-00000003.954704	000000000.139267
000000010.037508	-00000007.495363	-00000000.262409
000000014.603653	-00000010.905065	-00000000.381780
000000014.590476	-00000010.895225	-00000000.127129
000000005.542396	-00000004.176495	000000000.048450
000000005.437515	-00000004.097461	000000000.142618
000000010.003551	-00000007.606876	-00000000.263246
000000015.104804	-00000011.485960	-00000000.397487
000000016.728292	-00000012.720490	-00000000.440210
000000005.739035	-00000004.364063	-00000000.050335
000000014.128692	-00000010.743707	-00000000.123917
000000005.585072	-00000004.285576	000000000.049148
000000005.520528	-00000004.236050	000000000.145759
000000006.023733	-00000004.664073	-00000000.159581
000000005.653293	-00000004.377247	-00000000.049916
000000005.602620	-00000004.377246	000000000.049637
000000005.428203	-00000004.240977	000000000.144293
000000005.865031	-00000004.623618	-00000000.156440
000000005.803350	-00000004.574993	-00000000.051592
000000005.587686	-00000004.444646	000000000.049846
000000005.586596	-00000004.443779	000000000.149529
000000005.699705	-00000004.574497	-00000000.153089
000000008.397514	-00000006.739717	-00000000.225550
000000013.847711	-00000011.113963	-00000000.371937
000000005.708615	-00000004.581648	-00000000.051103
000000005.758511	-00000004.663150	000000000.051731
000000005.757389	-00000004.662241	000000000.155183
000000008.764202	-00000007.160653	-00000000.237068
000000015.027664	-00000012.278117	-00000000.406492
000000005.792316	-00000004.732521	-00000000.052220
000000005.532413	-00000004.560570	000000000.050056
000000005.724199	-00000004.718665	000000000.155393
000000005.811170	-00000004.833098	-00000000.158325
000000008.916610	-00000007.415866	-00000000.242932
000000010.115740	-00000008.413172	-00000000.275602
000000005.773861	-00000004.802070	-00000000.052429
000000008.772271	-00000007.295821	-00000000.079656
000000005.645610	-00000004.737229	000000000.051452
000000005.613874	-00000004.710600	000000000.153508
000000008.968413	-00000007.525392	000000000.245236
000000008.622636	-00000007.299600	-00000000.236649
000000005.815690	-00000004.923345	-00000000.053197
000000008.784592	-00000007.436706	-00000000.080354
000000005.573640	-00000004.760338	000000000.051173
000000008.926949	-00000007.624334	000000000.081960
000000005.663782	-00000004.837327	000000000.156021
000000008.778253	-00000007.563827	-00000000.242723
000000011.663941	-00000010.050295	-00000000.322513
000000005.757353	-00000004.960853	-00000000.053058
000000008.779964	-00000007.565301	-00000000.080913
000000011.734395	-00000010.111002	-00000000.108140
000000005.622449	-00000004.887520	000000000.052010
000000008.799699	-00000007.649462	000000000.081401
000000005.659081	-00000004.919363	000000000.157068
000000008.752711	-00000007.608616	000000000.242932
000000008.681846	-00000007.613774	-00000000.241885
000000012.455254	-00000010.922964	-00000000.347016
000000005.743916	-00000005.037279	-00000000.053337
000000008.645947	-00000007.582292	-00000000.080284
000000008.605291	-00000007.613318	000000000.080215
000000008.588638	-00000007.598585	000000000.240210
000000008.436059	-00000007.529470	-00000000.236859
000000014.589682	-00000013.021789	-00000000.409634
000000008.624213	-00000007.697405	-00000000.080703
000000008.427057	-00000007.587756	000000000.079167
000000008.440273	-00000007.599657	000000000.237906
000000011.278450	-00000010.244622	-00000000.319162
000000008.763969	-00000007.960629	-00000000.082658
000000011.347267	-00000010.307132	-00000000.107023
000000008.500600	-00000007.789365	000000000.080494
000000011.154735	-00000010.221431	000000000.105626
000000008.594769	-00000007.875654	000000000.244189
000000007.591229	-00000007.017261	-00000000.216545
000000008.817279	-00000008.150609	-00000000.251518
000000011.328112	-00000010.471599	-00000000.323142
000000008.194839	-00000007.575232	-00000000.077911
000000011.359693	-00000010.500792	-00000000.108000
000000008.359169	-00000007.795052	000000000.079796
000000008.247860	-00000007.691254	000000000.236230
000000007.777296	-00000007.316150	-00000000.223665
000000011.381942	-00000010.707062	-00000000.327330
000000008.215824	-00000007.728675	-00000000.078749
000000011.304042	-00000010.633781	-00000000.108349
000000008.283573	-00000007.860818	000000000.079726
000000008.361732	-00000007.934988	000000000.241466
000000006.665957	-00000006.381265	-00000000.193299
000000007.850374	-00000007.515098	-00000000.227644
000000011.013635	-00000010.543262	-00000000.319372
000000008.473123	-00000008.111250	-00000000.081890
000000010.676279	-00000010.220314	-00000000.103183
000000008.286592	-00000008.002270	000000000.080424
000000010.559651	-00000010.197336	000000000.102485
000000008.220251	-00000007.938204	000000000.239372
000000007.591136	-00000007.394957	-00000000.221990
000000011.307927	-00000011.015695	-00000000.330681
000000010.550870	-00000010.278203	-00000000.102834
000000008.166518	-00000008.025215	000000000.079935
000000010.598643	-00000010.415257	000000000.103742
000000008.179189	-00000008.037666	000000000.240210
000000007.746423	-00000007.679116	-00000000.228482
000000010.920256	-00000010.825372	-00000000.322094
000000010.581504	-00000010.489564	-00000000.104021
000000008.152742	-00000008.152742	000000000.080494
000000010.804328	-00000010.804328	000000000.106674
000000008.144084	-00000008.144084	000000000.241257
000000010.663484	-00000010.756948	-00000000.317278
000000010.574044	-00000010.666725	-00000000.104859
000000010.317133	-00000010.498791	000000000.102764
000000011.718917	-00000011.925257	000000000.116727
000000010.546371	-00000010.732065	000000000.315183
000000006.432217	-00000006.602856	-00000000.193089
000000006.536862	-00000006.710277	-00000000.196230
000000007.255429	-00000007.447906	-00000000.217801
000000010.815489	-00000011.102409	-00000000.108210
000000010.641907	-00000011.020017	000000000.106953
000000010.452315	-00000010.823689	000000000.315183
000000006.256821	-00000006.535960	-00000000.189529
000000010.370421	-00000010.833083	-00000000.314136
000000012.008948	-00000012.544711	-00000000.363770
000000010.434678	-00000010.900207	-00000000.105347
000000010.758719	-00000011.337325	000000000.109117
000000009.524738	-00000010.036980	000000000.289843
000000010.749741	-00000011.327863	000000000.327121
000000010.364545	-00000011.017836	-00000000.316859
000000010.421379	-00000011.078253	-00000000.106185
000000010.454780	-00000011.211379	000000000.107023
000000009.600430	-00000010.295201	000000000.294869
000000010.458025	-00000011.313428	-00000000.322723
000000011.279195	-00000012.201764	-00000000.348063
000000010.154612	-00000010.985197	-00000000.104440
000000010.511928	-00000011.471756	000000000.108628
000000009.361627	-00000010.216422	000000000.290262
000000010.395053	-00000011.344210	000000000.322304
000000006.480195	-00000007.134138	-00000000.201885
000000010.621066	-00000011.692882	-00000000.330890
000000010.253344	-00000011.288052	-00000000.106464
000000010.551933	-00000011.719109	000000000.110094
000000009.593228	-00000010.654360	000000000.300314
000000005.678725	-00000006.362473	-00000000.178639
000000010.212384	-00000011.442010	-00000000.321257
000000010.340890	-00000011.585988	-00000000.108419
000000010.356499	-00000011.705893	000000000.109117
000000009.281271	-00000010.490568	000000000.293403
000000010.334606	-00000011.681148	000000000.326702
000000005.682314	-00000006.479438	-00000000.180524
000000010.448339	-00000011.914047	-00000000.331937
000000009.296550	-00000010.600683	-00000000.098436
000000010.410817	-00000011.871262	-00000000.110234
000000008.528560	-00000009.810986	000000000.090756
000000010.391722	-00000011.954309	000000000.110583
000000010.225718	-00000011.763342	000000000.326492
000000005.664712	-00000006.574222	-00000000.181780
000000008.869060	-00000010.293051	-00000000.284607
000000009.105777	-00000010.567774	-00000000.097389
000000008.715381	-00000010.204399	000000000.093689
000000010.012293	-00000011.722888	000000000.322932
000000005.723403	-00000006.760756	-00000000.185550
000000008.882257	-00000010.492145	-00000000.287958
000000008.812917	-00000010.410237	-00000000.095224
000000008.484590	-00000010.111540	000000000.092153
000000008.810685	-00000010.500166	000000000.287121
000000010.173097	-00000012.123824	000000000.331519
000000008.796747	-00000010.671308	000000000.096551
000000008.616970	-00000010.453220	000000000.283770
000000008.608893	-00000010.631098	000000000.095504
000000008.342958	-00000010.302695	000000000.277696
000000008.291693	-00000010.424087	000000000.092990
000000008.066020	-00000010.140377	000000000.271414
000000007.806397	-00000009.991734	000000000.088522
000000007.644838	-00000009.784947	000000000.260105
000000007.414534	-00000009.662808	000000000.085032
000000008.246908	-00000010.747581	000000000.283770
000000007.642864	-00000010.142424	000000000.088662
000000007.906115	-00000010.491770	000000000.275183
000000002.635001	-00000003.560999	000000000.030927
000000002.723691	-00000003.680857	000000000.095916
000000007.282482	-00000010.023477	000000000.086498
000000007.445606	-00000010.247997	000000000.265340
000000006.904390	-00000009.679598	000000000.083007
000000007.263001	-00000010.182352	000000000.261990
000000002.661330	-00000003.800773	000000000.032393
000000006.928635	-00000009.895116	000000000.084334
000000002.712422	-00000003.873739	000000000.099058
000000006.973160	-00000009.958704	000000000.254660
000000006.727430	-00000009.788472	000000000.248796
000000007.045659	-00000010.445620	000000000.087964
000000006.943653	-00000010.294389	000000000.260105
000000006.540294	-00000009.881307	000000000.082728
000000007.068762	-00000010.679735	000000000.268272
000000006.486493	-00000009.988323	000000000.083147
000000006.817386	-00000010.497853	000000000.262199
000000006.576387	-00000010.322860	000000000.085451
000000006.268911	-00000009.840219	000000000.244398
000000007.509801	-00000011.788026	000000000.292775
000000006.491353	-00000010.388336	000000000.085520
000000006.484789	-00000010.377832	000000000.256335
000000006.301179	-00000010.282590	000000000.084194
000000006.926812	-00000011.303529	000000000.277696
000000006.540824	-00000010.885759	000000000.088662
000000006.009176	-00000010.000949	000000000.244398
000000005.988807	-00000010.166977	000000000.082379
000000005.997787	-00000010.182222	000000000.247539
000000005.869857	-00000010.166890	000000000.081960
000000006.138653	-00000010.632460	000000000.257173
