000000004.086176	000000004.742241	-00000000.043703
000000004.074658	000000004.646256	-00000000.043144
000000003.754749	000000004.206841	-00000000.118115
000000004.115048	000000004.610522	-00000000.043144
000000003.811484	000000004.196116	-00000000.118744
000000004.175296	000000004.596642	-00000000.043354
000000003.868315	000000004.184720	-00000000.119372
000000004.208462	000000004.552689	-00000000.043284
000000003.897836	000000004.143522	-00000000.119162
000000004.268586	000000004.537641	-00000000.043493
000000003.975328	000000004.152682	-00000000.120419
000000004.287276	000000004.478547	-00000000.043284
000000003.990486	000000004.096348	-00000000.119791
000000004.340151	000000004.455289	-00000000.043423
000000004.124621	000000004.160774	-00000000.122723
000000004.442225	000000004.481161	-00000000.044052
000000004.132372	000000004.096467	-00000000.121885
000000004.438550	000000004.399985	-00000000.043633
000000004.139318	000000004.032344	-00000000.121047
000000004.426638	000000004.312240	-00000000.043144
000000004.196014	000000004.016809	-00000000.121675
000000004.514665	000000004.321851	-00000000.043633
000000004.296446	000000004.041693	-00000000.123560
000000004.574059	000000004.302845	-00000000.043842
000000004.280161	000000003.956540	-00000000.122094
000000004.589404	000000004.242401	-00000000.043633
000000004.366329	000000003.966094	-00000000.123560
000000004.530025	000000004.114785	-00000000.042725
000000004.393314	000000003.921183	-00000000.123351
000000004.603062	000000004.108390	-00000000.043074
000000004.434882	000000003.889287	-00000000.123560
000000004.571074	000000004.008725	-00000000.042446
000000004.483801	000000003.863490	-00000000.123979
000000004.598308	000000003.962155	-00000000.042376
000000004.471561	000000003.785456	-00000000.122723
000000004.548755	000000003.850805	-00000000.041608
000000004.527485	000000003.765470	-00000000.123351
000000004.712886	000000003.919666	-00000000.042795
000000004.598884	000000003.757445	-00000000.124398
000000004.855323	000000003.966966	-00000000.043773
000000004.647092	000000003.729686	-00000000.124817
000000005.022334	000000004.030849	-00000000.044959
000000004.765829	000000003.757076	-00000000.127120
000000004.955229	000000003.906388	-00000000.044052
000000004.806338	000000003.721465	-00000000.127330
000000005.313304	000000004.114000	-00000000.046914
000000005.013713	000000003.812516	-00000000.131937
000000005.277365	000000004.013001	-00000000.046286
000000005.006738	000000003.738708	-00000000.130890
000000005.704788	000000004.259967	-00000000.049707
000000005.176239	000000003.795375	-00000000.134450
000000005.806260	000000004.257326	-00000000.050265
000000005.290302	000000003.808472	-00000000.136545
000000005.964923	000000004.294130	-00000000.051312
000000005.437640	000000003.842944	-00000000.139477
000000006.002169	000000004.241914	-00000000.051312
000000005.503827	000000003.818141	-00000000.140314
000000006.236148	000000004.326170	-00000000.052988
000000005.677426	000000003.865622	-00000000.143874
000000006.265398	000000004.265957	-00000000.052918
000000007.237321	000000004.881635	000000000.060946
000000005.686005	000000003.799267	-00000000.143246
000000006.402160	000000004.277786	-00000000.053756
000000007.154566	000000004.735504	000000000.059899
000000005.827636	000000003.820765	-00000000.145969
000000006.489423	000000004.254652	-00000000.054175
000000007.329802	000000004.760029	000000000.061016
000000008.301018	000000005.390744	000000000.207330
000000009.458129	000000006.142181	000000000.236230
000000005.902799	000000003.796808	-00000000.147016
000000005.870309	000000003.775910	-00000000.048729
000000007.328893	000000004.669020	000000000.060667
000000006.054083	000000003.819842	-00000000.149948
000000006.621887	000000004.178100	-00000000.054663
000000007.530484	000000004.705568	000000000.061994
000000009.589321	000000005.992073	000000000.236859
000000010.869592	000000006.792075	000000000.268482
000000006.214712	000000003.845780	-00000000.153089
000000006.794148	000000004.204347	-00000000.055780
000000007.562734	000000004.634449	000000000.061924
000000008.635350	000000005.291749	000000000.212147
000000006.324960	000000003.838080	-00000000.154974
000000006.881873	000000004.176023	-00000000.056199
000000007.722889	000000004.640380	000000000.062901
000000008.629782	000000005.185296	000000000.210890
000000010.952195	000000006.580743	000000000.267644
000000006.435542	000000003.828745	-00000000.156859
000000006.986804	000000004.156712	-00000000.056758
000000007.814786	000000004.603261	000000000.063320
000000008.476572	000000004.993082	000000000.206073
000000006.563710	000000003.827842	-00000000.159162
000000007.152383	000000004.171147	-00000000.057805
000000007.958579	000000004.594888	000000000.064158
000000008.519821	000000004.918921	000000000.206073
000000011.255861	000000006.498574	000000000.272251
000000012.545956	000000007.243411	000000000.303456
000000006.735745	000000003.849796	-00000000.162513
000000007.292692	000000004.168117	-00000000.058643
000000007.806901	000000004.416932	000000000.062622
000000008.518913	000000004.819769	000000000.205026
000000006.777807	000000003.795754	-00000000.162723
000000007.363687	000000004.123863	-00000000.058922
000000007.853893	000000004.353484	000000000.062692
000000008.473206	000000004.696774	000000000.202932
000000011.323841	000000006.276907	000000000.271204
000000014.288152	000000007.920052	000000000.342199
000000006.863265	000000003.765316	-00000000.163979
000000007.504599	000000004.117164	-00000000.059760
000000008.128860	000000004.413611	000000000.064577
000000008.399650	000000004.560637	000000000.200210
000000011.378185	000000006.177851	000000000.271204
000000006.948703	000000003.733673	-00000000.165236
000000007.584284	000000004.075183	-00000000.060109
000000008.273017	000000004.398841	000000000.065414
000000008.606851	000000004.576344	000000000.204189
000000011.634697	000000006.186278	000000000.276021
000000014.724336	000000007.829068	000000000.349320
000000007.096045	000000003.733410	-00000000.167958
000000007.672656	000000004.036779	-00000000.060528
000000008.364308	000000004.354184	000000000.065833
000000008.460227	000000004.404116	000000000.199791
000000007.146130	000000003.680499	-00000000.168377
000000007.600912	000000003.914727	-00000000.059690
000000008.446536	000000004.303725	000000000.066182
000000008.444889	000000004.302886	000000000.198534
000000007.222615	000000003.640498	-00000000.169424
000000007.831235	000000003.947267	-00000000.061226
000000008.349534	000000004.162924	000000000.065135
000000008.401591	000000004.188879	000000000.196649
000000007.325843	000000003.612706	-00000000.171100
000000007.946098	000000003.918582	-00000000.061854
000000008.484408	000000004.138123	000000000.065903
000000008.446811	000000004.119785	000000000.196859
000000007.402116	000000003.570357	-00000000.172147
000000007.898932	000000003.809992	-00000000.061226
000000008.420916	000000004.016571	000000000.065135
000000008.509513	000000004.058829	000000000.197487
000000007.523416	000000003.548273	-00000000.174241
000000008.266519	000000003.898743	-00000000.063809
000000008.763783	000000004.086619	000000000.067509
000000010.703235	000000004.991000	000000000.082449
000000011.806601	000000005.505508	000000000.272880
000000014.533990	000000006.777310	000000000.335916
000000017.089216	000000007.968832	000000000.394974
000000007.781080	000000003.587127	-00000000.179477
000000008.372876	000000003.859949	-00000000.064367
000000008.771813	000000003.997545	000000000.067299
000000012.008854	000000005.472750	000000000.276440
000000014.656261	000000006.679243	000000000.337382
000000016.994349	000000007.744771	000000000.391204
000000007.693583	000000003.465707	-00000000.176754
000000008.506533	000000003.831913	-00000000.065135
000000008.870310	000000003.949317	000000000.067788
000000011.071901	000000004.929528	000000000.084613
000000012.138356	000000005.404345	000000000.278325
000000016.832951	000000007.494513	000000000.385969
000000007.824197	000000003.442729	-00000000.179058
000000008.548801	000000003.761563	-00000000.065205
000000011.142008	000000004.844683	000000000.084822
000000011.726625	000000005.098882	000000000.267854
000000017.447826	000000007.586531	000000000.398534
000000007.752897	000000003.330907	-00000000.176754
000000008.673178	000000003.726291	-00000000.065903
000000008.882655	000000003.770463	000000000.067369
000000011.257500	000000004.778525	000000000.085381
000000012.378075	000000005.254181	000000000.281676
000000017.025604	000000007.226941	000000000.387435
000000007.873869	000000003.301787	-00000000.178848
000000008.788361	000000003.685266	-00000000.066531
000000011.363441	000000004.706892	000000000.085870
000000016.958708	000000007.024527	000000000.384503
000000007.837609	000000003.206450	-00000000.177382
000000008.810931	000000003.604647	-00000000.066462
000000011.329911	000000004.577581	000000000.085311
000000012.310301	000000004.973684	000000000.278115
000000017.084251	000000006.902485	000000000.385969
000000020.096937	000000008.119690	000000000.454032
000000007.995296	000000003.189800	-00000000.180314
000000009.064960	000000003.616553	-00000000.068137
000000011.620632	000000004.577489	000000000.087196
000000011.739294	000000004.624231	000000000.264293
000000017.050814	000000006.716494	000000000.383875
000000007.994874	000000003.109036	-00000000.179686
000000009.133454	000000003.551806	-00000000.068416
000000011.585450	000000004.447238	000000000.086637
000000012.068548	000000004.632681	000000000.270785
000000015.102018	000000005.797122	000000000.338848
000000008.133892	000000003.081656	-00000000.182199
000000009.940245	000000003.766022	-00000000.074211
000000011.792416	000000004.409004	000000000.087894
000000012.080420	000000004.516684	000000000.270157
000000020.115305	000000007.520804	000000000.449843
000000008.047916	000000002.969033	-00000000.179686
000000010.057166	000000003.710284	-00000000.074839
000000011.830441	000000004.305929	000000000.087894
000000012.109982	000000004.407673	000000000.269948
000000008.167617	000000002.932474	-00000000.181780
000000010.277391	000000003.689961	-00000000.076235
000000011.801584	000000004.179160	000000000.087405
000000011.846405	000000004.195032	000000000.263246
000000008.098507	000000002.828125	-00000000.179686
000000010.422489	000000003.639696	-00000000.077073
000000011.884878	000000004.092292	000000000.087754
000000012.336311	000000004.247733	000000000.273299
000000008.208084	000000002.786269	-00000000.181571
000000010.804210	000000003.667535	-00000000.079656
000000012.005485	000000004.016979	000000000.088383
000000012.249655	000000004.098677	000000000.270576
000000008.080167	000000002.664440	-00000000.178220
000000010.940268	000000003.607559	-00000000.080424
000000012.230289	000000003.973862	000000000.089779
000000012.123311	000000003.939103	000000000.267016
000000008.264983	000000002.645642	-00000000.181780
000000011.257044	000000003.603408	-00000000.082518
000000012.321723	000000003.885024	000000000.090198
000000012.424206	000000003.917337	000000000.272880
000000008.192274	000000002.543769	-00000000.179686
000000011.307160	000000003.510967	-00000000.082658
000000012.699417	000000003.882601	000000000.092711
000000018.427544	000000005.633865	000000000.134529
000000019.934582	000000006.094613	000000000.436649
000000008.386486	000000002.524046	-00000000.183456
000000011.701237	000000003.521673	-00000000.085311
000000013.039631	000000003.862515	000000000.094945
000000017.756908	000000005.259836	000000000.129293
000000019.814457	000000005.869310	000000000.432880
000000008.245020	000000002.403204	-00000000.179895
000000011.635521	000000003.391445	-00000000.084613
000000013.293925	000000003.811972	000000000.096551
000000017.532986	000000005.027503	000000000.127338
000000020.105185	000000005.765069	000000000.438115
000000024.083935	000000006.905957	000000000.524817
000000008.496615	000000002.396293	-00000000.184922
000000012.126641	000000003.420066	-00000000.087964
000000017.075115	000000004.735348	000000000.123708
000000019.127598	000000005.304553	000000000.138578
000000020.260704	000000005.618791	000000000.440419
000000023.545963	000000006.529874	000000000.511833
000000008.276060	000000002.256313	-00000000.179686
000000011.731528	000000003.198382	-00000000.084892
000000017.009541	000000004.557693	000000000.122940
000000019.173161	000000005.137433	000000000.138578
000000020.086849	000000005.382255	000000000.435602
000000023.379934	000000006.264635	000000000.507016
000000008.566148	000000002.255278	-00000000.185550
000000012.145802	000000003.197723	-00000000.087685
000000017.251970	000000004.461663	000000000.124406
000000019.197899	000000004.964914	000000000.138438
000000020.200811	000000005.224285	000000000.437068
000000023.588585	000000006.100423	000000000.510367
000000008.323868	000000002.113993	-00000000.179895
000000011.785561	000000002.993151	-00000000.084892
000000017.193220	000000004.286751	000000000.123708
000000019.056143	000000004.751230	000000000.137112
000000020.216528	000000005.040546	000000000.436440
000000023.602118	000000005.884669	000000000.509529
000000008.643048	000000002.114940	-00000000.186388
000000011.888937	000000002.909204	-00000000.085451
000000013.763582	000000003.367927	-00000000.098924
000000017.628635	000000004.232261	000000000.126570
000000020.240301	000000004.859266	000000000.436021
000000023.574799	000000005.659809	000000000.507854
000000008.359494	000000001.968400	-00000000.179895
000000011.913872	000000002.805344	-00000000.085451
000000017.528490	000000004.046771	000000000.125593
000000020.320902	000000004.691450	000000000.436859
000000023.720709	000000005.476357	000000000.509948
000000008.717648	000000001.972602	-00000000.187225
000000011.918393	000000002.696857	-00000000.085311
000000018.549171	000000004.112252	000000000.132644
000000020.224417	000000004.483645	000000000.433927
000000008.392574	000000001.822206	-00000000.179895
000000011.921928	000000002.588505	-00000000.085171
000000016.387766	000000003.558133	-00000000.117076
000000017.899664	000000003.804691	000000000.127757
000000020.399685	000000004.336087	000000000.436859
000000008.731171	000000001.816086	-00000000.186806
000000012.130078	000000002.523060	-00000000.086498
000000017.240572	000000003.586044	-00000000.122940
000000019.166859	000000003.899542	000000000.136553
000000020.279993	000000004.126011	000000000.433508
000000008.423098	000000001.675458	-00000000.179895
000000012.122211	000000002.411258	-00000000.086288
000000017.673321	000000003.515442	-00000000.125802
000000019.465193	000000003.783650	000000000.138438
000000020.550766	000000003.994664	000000000.438534
000000008.761536	000000001.663429	-00000000.186806
000000018.273132	000000003.469263	-00000000.129851
000000019.939924	000000003.695647	000000000.141580
000000024.281071	000000004.500230	000000000.517278
000000008.451056	000000001.528200	-00000000.179895
000000012.477332	000000002.256269	-00000000.088522
000000020.375175	000000003.592693	000000000.144442
000000023.467398	000000004.137935	000000000.166363
000000024.476952	000000004.315947	000000000.520629
000000008.897619	000000001.528891	-00000000.189110
000000020.977783	000000003.510477	000000000.148491
000000022.950308	000000003.840564	000000000.162454
000000024.592569	000000004.115385	000000000.522304
000000008.476439	000000001.380476	-00000000.179895
000000012.593767	000000002.051025	-00000000.089081
000000015.307940	000000002.493057	-00000000.108279
000000022.202692	000000003.516561	000000000.156939
000000028.498434	000000004.513709	000000000.604398
000000037.089439	000000005.874390	000000000.786597
000000008.883421	000000001.367289	-00000000.188272
000000023.943489	000000003.578378	000000000.169016
000000028.255495	000000004.222812	000000000.199455
000000028.536739	000000004.264844	000000000.604398
000000008.568501	000000001.242374	-00000000.181361
000000012.578162	000000001.823747	-00000000.088732
000000025.092781	000000003.526561	000000000.176905
000000028.360586	000000003.985820	000000000.199943
000000028.513464	000000004.007306	000000000.603142
000000008.876211	000000001.207999	-00000000.187644
000000018.330572	000000002.494681	-00000000.129153
000000027.363213	000000003.602435	000000000.192683
000000008.608715	000000001.095167	-00000000.181780
000000012.766792	000000001.624141	-00000000.089849
000000029.001492	000000003.560935	000000000.203992
000000032.783001	000000004.025246	000000000.230591
000000032.895691	000000004.039083	000000000.694241
000000008.975370	000000001.062305	-00000000.189319
000000032.518814	000000003.705051	000000000.228497
000000037.350105	000000004.255507	000000000.787435
000000008.537071	000000000.934961	-00000000.179895
000000012.753432	000000001.396728	-00000000.089570
000000037.393112	000000003.930174	000000000.262495
000000041.482353	000000004.359971	000000000.873718
000000008.972649	000000000.903498	-00000000.188901
000000037.147282	000000003.576876	000000000.260541
000000041.317886	000000003.978460	000000000.289792
000000041.379498	000000003.984393	000000000.870786
000000008.542132	000000000.784912	-00000000.179686
000000012.895359	000000001.184917	-00000000.090407
000000045.227280	000000003.956874	000000000.950995
000000009.016940	000000000.749250	-00000000.189529
000000049.147213	000000003.867970	000000001.032671
000000008.674173	000000000.644602	-00000000.182199
000000013.093576	000000000.973021	-00000000.091664
000000057.277538	000000004.005236	000000001.202723
000000008.938855	000000000.585883	-00000000.187644
000000061.291992	000000003.748779	000000001.286283
000000008.564322	000000000.486317	-00000000.179686
000000012.948825	000000000.735288	-00000000.090547
000000069.748962	000000003.655388	000000001.463037
000000009.027609	000000000.433627	-00000000.189319
000000077.049675	000000003.364062	000000001.615498
000000008.571505	000000000.336775	-00000000.179686
000000013.039621	000000000.512328	-00000000.091105
000000085.818855	000000002.996860	000000001.798744
000000008.893898	000000000.271733	-00000000.186388
000000008.666036	000000000.189094	-00000000.181571
000000012.966598	000000000.282932	-00000000.090547
000000008.877292	000000000.116210	-00000000.185969
000000008.708007	000000000.037996	-00000000.182408
000000012.989559	000000000.056678	-00000000.090687
000000008.588035	-00000000.037473	-00000000.179895
000000009.957721	-00000000.043449	-00000000.208586
000000008.777322	-00000000.114901	-00000000.183874
000000013.098558	-00000000.171470	-00000000.091455
000000008.686027	-00000000.189530	-00000000.181990
000000008.783974	-00000000.268375	-00000000.184084
000000013.093572	-00000000.400045	-00000000.091455
000000009.031050	-00000000.354831	-00000000.189319
000000008.857842	-00000000.425473	-00000000.185759
000000013.593995	-00000000.652966	-00000000.095015
000000010.111489	-00000000.574172	-00000000.212147
000000071.630402	-00000004.381103	000000001.503247
000000008.918901	-00000000.584576	-00000000.187225
000000013.859923	-00000000.908427	-00000000.096970
000000054.853989	-00000003.835765	000000001.151833
000000059.521564	-00000004.162153	000000001.249844
000000010.060048	-00000000.747591	-00000000.211309
000000049.416325	-00000003.889149	000000001.038325
000000009.186319	-00000000.763324	-00000000.193089
000000013.722373	-00000001.140241	-00000000.096132
000000041.869041	-00000003.663066	000000000.293422
000000041.064098	-00000003.592643	000000000.863456
000000049.251026	-00000004.308907	000000001.035603
000000038.879230	-00000003.743644	000000000.272688
000000041.367661	-00000003.983253	000000000.290141
000000040.553497	-00000003.904858	000000000.853404
000000009.261126	-00000000.932546	-00000000.194974
000000013.929220	-00000001.402599	-00000000.097738
000000033.743305	-00000003.546564	000000000.236874
000000038.695904	-00000004.067103	000000000.271641
000000035.347500	-00000003.715172	000000000.744503
000000040.925545	-00000004.301448	000000000.861990
000000031.972363	-00000003.642791	000000000.224657
000000034.886589	-00000003.974825	000000000.735498
000000009.283154	-00000001.098734	-00000000.195812
000000014.567960	-00000001.724232	-00000000.102415
000000016.017803	-00000001.895832	-00000000.112608
000000017.745701	-00000002.100342	-00000000.124755
000000028.981642	-00000003.558498	000000000.203853
000000031.433170	-00000003.859508	000000000.221097
000000030.196556	-00000003.707671	000000000.637278
000000027.482182	-00000003.618098	000000000.193521
000000029.266739	-00000003.853039	000000000.206087
000000032.161686	-00000004.234166	000000000.226472
000000029.935068	-00000003.941027	000000000.632461
000000009.341817	-00000001.271365	-00000000.197487
000000014.575282	-00000001.983609	-00000000.102694
000000015.873285	-00000002.160259	-00000000.111840
000000017.527990	-00000002.385455	-00000000.123498
000000025.419561	-00000003.572486	000000000.179209
000000028.479416	-00000004.002521	000000000.200781
000000032.083904	-00000004.509099	000000000.226193
000000025.711620	-00000003.613533	000000000.543875
000000009.528253	-00000001.381531	-00000000.201676
000000010.557264	-00000001.530730	-00000000.223456
000000018.446651	-00000002.674637	-00000000.130131
000000024.275558	-00000003.519788	-00000000.171250
000000025.515987	-00000003.813390	000000000.180117
000000027.681879	-00000004.137084	000000000.195405
000000030.371937	-00000004.539116	000000000.214394
000000025.372581	-00000003.791958	000000000.537382
000000009.407139	-00000001.447897	-00000000.199372
000000014.785528	-00000002.275710	-00000000.104440
000000022.959078	-00000003.533740	-00000000.162175
000000024.573086	-00000003.891994	000000000.173694
000000025.081781	-00000003.972564	000000000.531937
000000010.410528	-00000001.695462	-00000000.220943
000000021.733131	-00000003.539465	-00000000.153727
000000022.831955	-00000003.820759	000000000.161616
000000025.455410	-00000004.259775	000000000.180186
000000025.154629	-00000004.209441	000000000.534241
000000009.538091	-00000001.638944	-00000000.202723
000000014.861823	-00000002.553728	-00000000.105277
000000020.765160	-00000003.568107	-00000000.147095
000000022.689419	-00000004.000757	000000000.160848
000000024.841249	-00000004.380183	000000000.528377
000000010.644985	-00000001.924927	-00000000.226597
000000015.252259	-00000002.758058	-00000000.108210
000000017.062851	-00000003.085466	-00000000.121055
000000019.729534	-00000003.567681	-00000000.139974
000000020.539694	-00000003.806807	000000000.145839
000000025.082222	-00000004.648715	000000000.178092
000000025.391905	-00000004.706111	000000000.540943
000000009.625902	-00000001.827535	-00000000.205236
000000014.657803	-00000002.782871	-00000000.104160
000000020.063971	-00000003.900041	000000000.142697
000000025.806351	-00000005.016246	000000000.183537
000000025.065260	-00000004.872193	000000000.534869
000000010.629381	-00000002.114315	-00000000.227016
000000015.545068	-00000003.092106	-00000000.110653
000000017.702742	-00000003.521294	-00000000.126012
000000019.872389	-00000004.043083	000000000.141580
000000025.149151	-00000005.116652	000000000.537592
000000009.661059	-00000002.009503	-00000000.206702
000000015.272738	-00000003.176734	-00000000.108908
000000020.012411	-00000004.253769	000000000.142837
000000017.016035	-00000003.616870	000000000.364398
000000020.292110	-00000004.313221	000000000.434555
000000010.356379	-00000002.248590	-00000000.221990
000000015.957795	-00000003.464777	-00000000.114004
000000016.869984	-00000003.739985	000000000.120636
000000020.052631	-00000004.445561	000000000.143395
000000016.778849	-00000003.719781	000000000.360000
000000009.829294	-00000002.224142	-00000000.211100
000000015.527071	-00000003.513417	-00000000.111142
000000018.365248	-00000004.155632	-00000000.131457
000000016.593119	-00000003.830823	000000000.118891
000000016.209961	-00000003.742364	000000000.348482
000000010.656165	-00000002.509194	-00000000.229319
000000015.456886	-00000003.639614	-00000000.110862
000000016.432652	-00000003.945130	000000000.117983
000000019.971992	-00000004.794851	000000000.143395
000000016.244738	-00000003.900016	000000000.349948
000000009.788980	-00000002.395348	-00000000.211100
000000015.152568	-00000003.707810	-00000000.108908
000000016.708084	-00000004.165793	000000000.120217
000000020.084633	-00000005.007661	000000000.144512
000000016.045172	-00000004.000511	000000000.346388
000000010.126242	-00000002.571738	-00000000.218848
000000014.499341	-00000003.682364	-00000000.104440
000000016.438745	-00000004.251349	000000000.118542
000000030.050571	-00000007.771606	000000000.216698
000000015.932215	-00000004.120351	000000000.344712
000000009.852036	-00000002.593825	-00000000.213403
000000014.157207	-00000003.727282	-00000000.102206
000000015.937387	-00000004.270410	000000000.115191
000000015.750794	-00000004.220413	000000000.341571
000000017.324909	-00000004.642196	000000000.375707
000000010.292023	-00000002.805928	-00000000.223456
000000013.226912	-00000003.606070	-00000000.095713
000000014.548638	-00000003.966414	-00000000.105277
000000015.986136	-00000004.358321	-00000000.115679
000000016.323503	-00000004.526908	000000000.118263
000000015.973489	-00000004.429841	000000000.347225
000000009.699421	-00000002.735520	-00000000.211100
000000013.320056	-00000003.756644	-00000000.096621
000000016.005239	-00000004.513945	-00000000.116098
000000016.033455	-00000004.597519	000000000.116447
000000016.011106	-00000004.591111	000000000.348901
000000010.001526	-00000002.915179	-00000000.218220
000000012.806753	-00000003.732828	-00000000.093130
000000015.926839	-00000004.642250	-00000000.115819
000000016.491299	-00000004.884945	000000000.120078
000000036.558907	-00000010.829242	000000000.266195
000000012.471509	-00000003.694229	000000000.272461
000000016.095053	-00000004.767572	000000000.351623
000000009.832102	-00000002.959127	-00000000.215079
000000012.352369	-00000003.717641	-00000000.090058
000000014.621758	-00000004.400650	-00000000.106604
000000012.517724	-00000003.827052	000000000.091385
000000017.107874	-00000005.230402	000000000.124895
000000011.970310	-00000003.659691	000000000.262199
000000010.168732	-00000003.157475	-00000000.223037
000000012.071158	-00000003.748194	-00000000.088243
000000012.369408	-00000003.900059	000000000.090547
000000011.956987	-00000003.770024	000000000.262618
000000009.902743	-00000003.169893	-00000000.217801
000000011.733230	-00000003.755836	-00000000.086009
000000011.964000	-00000003.887339	000000000.087824
000000011.809531	-00000003.837149	000000000.260105
000000010.055108	-00000003.315677	-00000000.221780
000000011.851955	-00000003.908189	-00000000.087126
000000016.324930	-00000005.383155	-00000000.120008
000000011.872724	-00000003.972558	000000000.087405
000000011.462719	-00000003.835372	000000000.253194
000000009.950053	-00000003.377588	-00000000.220105
000000011.438637	-00000003.882894	-00000000.084334
000000016.419369	-00000005.573625	-00000000.121055
000000011.790330	-00000004.059736	000000000.087056
000000030.218037	-00000010.404904	000000000.223121
000000011.523343	-00000003.967805	000000000.255288
000000010.184486	-00000003.556582	-00000000.225969
000000011.130538	-00000003.886958	-00000000.082309
000000022.525415	-00000007.866227	-00000000.166573
000000011.556503	-00000004.092372	000000000.085590
000000011.337490	-00000004.014816	000000000.251937
000000009.993097	-00000003.587888	-00000000.222409
000000011.152664	-00000004.004216	-00000000.082728
000000017.721912	-00000006.362817	-00000000.131457
000000019.764215	-00000007.096078	-00000000.146606
000000011.567335	-00000004.210166	000000000.085939
000000011.208075	-00000004.079405	000000000.249843
000000009.989546	-00000003.685338	-00000000.223037
000000011.905357	-00000004.392118	-00000000.088592
000000016.183407	-00000005.970374	-00000000.120427
000000011.436489	-00000004.275928	000000000.085241
000000011.396801	-00000004.261089	000000000.254869
000000009.601733	-00000003.637771	-00000000.215079
000000011.651501	-00000004.414359	-00000000.086987
000000011.538773	-00000004.429320	000000000.086288
000000011.583192	-00000004.446371	000000000.259895
000000009.318034	-00000003.623585	-00000000.209424
000000011.780293	-00000004.581105	-00000000.088243
000000016.207222	-00000006.302644	-00000000.121404
000000017.502682	-00000006.806421	-00000000.131108
000000011.760192	-00000004.632463	000000000.088243
000000020.059313	-00000007.901574	000000000.150516
000000011.990453	-00000004.723165	000000000.269948
000000009.202484	-00000003.671419	-00000000.207539
000000011.795593	-00000004.705965	-00000000.088662
000000016.151604	-00000006.443837	-00000000.121404
000000011.886207	-00000004.802340	000000000.089500
000000019.386942	-00000007.832833	000000000.145978
000000011.967319	-00000004.835110	000000000.270367
000000009.160841	-00000003.747799	-00000000.207330
000000014.262232	-00000005.834833	-00000000.107581
000000016.066992	-00000006.573180	-00000000.121195
000000017.520056	-00000007.167644	-00000000.132155
000000011.271055	-00000004.668624	000000000.085171
000000020.177038	-00000008.357602	000000000.152471
000000011.416646	-00000004.728930	000000000.258848
000000009.090907	-00000003.812134	-00000000.206492
000000011.082425	-00000004.647246	-00000000.251728
000000012.606180	-00000005.286210	-00000000.095434
000000016.036684	-00000006.724740	-00000000.121404
000000011.717741	-00000004.973886	000000000.088871
000000019.928444	-00000008.459123	000000000.151144
000000025.129169	-00000010.666699	000000000.190588
000000011.697051	-00000004.965104	000000000.266178
000000008.882763	-00000003.816336	-00000000.202513
000000011.243538	-00000004.830605	-00000000.256335
000000012.146124	-00000005.218387	-00000000.092292
000000017.484171	-00000007.511793	-00000000.132853
000000011.710572	-00000005.091902	000000000.089151
000000024.026390	-00000010.446971	000000000.182909
000000011.680782	-00000005.078949	000000000.266806
000000008.830818	-00000003.885653	-00000000.202094
000000011.301618	-00000004.972831	-00000000.258639
000000011.852995	-00000005.215443	-00000000.090407
000000016.063324	-00000007.068032	-00000000.122521
000000011.958018	-00000005.324053	000000000.091385
000000023.514088	-00000010.469146	000000000.179698
000000011.398546	-00000005.074960	000000000.261361
000000008.450181	-00000003.806529	-00000000.194136
000000011.230445	-00000005.058947	-00000000.258011
000000012.436131	-00000005.602069	-00000000.095224
000000011.838307	-00000005.395028	000000000.090826
000000022.793974	-00000010.387813	000000000.174881
000000011.599462	-00000005.286179	000000000.267016
000000022.998775	-00000010.481146	000000000.529424
000000008.425720	-00000003.884310	-00000000.194346
000000010.488798	-00000004.835402	-00000000.080634
000000012.404933	-00000005.718752	-00000000.095364
000000017.281544	-00000007.966901	-00000000.132853
000000011.881405	-00000005.540390	000000000.091524
000000022.557451	-00000010.518712	000000000.173764
000000011.471340	-00000005.349174	000000000.265131
000000022.317465	-00000010.406804	000000000.515812
000000008.165439	-00000003.851071	-00000000.189110
000000016.126041	-00000007.605535	-00000000.124476
000000022.647005	-00000010.681022	-00000000.174811
000000022.058647	-00000010.521435	000000000.170622
000000014.754033	-00000007.037313	000000000.342409
000000022.487492	-00000010.725984	000000000.521885
000000007.834356	-00000003.778845	-00000000.182199
000000008.574439	-00000004.135818	-00000000.066462
000000011.438589	-00000005.517320	-00000000.088662
000000016.419329	-00000007.919744	-00000000.127268
000000021.992954	-00000010.726680	000000000.170831
000000014.449438	-00000007.047462	000000000.336754
000000007.702447	-00000003.798427	-00000000.179895
000000008.107532	-00000003.998192	-00000000.063111
000000011.650093	-00000005.745190	-00000000.090687
000000023.174627	-00000011.428461	-00000000.180396
000000014.953988	-00000007.455783	000000000.116657
000000021.728477	-00000010.833419	000000000.169505
000000014.432124	-00000007.195592	000000000.337801
000000007.588656	-00000003.824998	-00000000.178011
000000008.063403	-00000004.064290	-00000000.063041
000000012.403175	-00000006.251715	-00000000.096970
000000022.172127	-00000011.175672	-00000000.173345
000000014.727980	-00000007.504281	000000000.115400
000000021.561832	-00000010.986302	000000000.168947
000000013.959010	-00000007.112471	000000000.328168
000000007.448330	-00000003.836142	-00000000.175497
000000007.903170	-00000004.070400	-00000000.062063
000000022.278227	-00000011.474040	-00000000.174950
000000014.111999	-00000007.346241	000000000.111072
000000021.695755	-00000011.294095	000000000.170762
000000013.674707	-00000007.118602	000000000.322932
000000007.449962	-00000003.919615	-00000000.176335
000000007.831950	-00000004.120588	-00000000.061784
000000014.371849	-00000007.561396	-00000000.113376
000000013.800135	-00000007.337662	000000000.109117
000000013.603238	-00000007.232970	000000000.322723
000000007.292175	-00000003.918227	-00000000.173403
000000007.795693	-00000004.188777	-00000000.061784
000000014.155569	-00000007.606061	-00000000.112189
000000013.990428	-00000007.596182	000000000.111142
000000019.368658	-00000010.516323	000000000.153867
000000013.864693	-00000007.527914	000000000.330471
000000007.284002	-00000003.996140	-00000000.174032
000000007.539667	-00000004.136403	-00000000.060039
000000007.635243	-00000004.232285	000000000.060946
000000014.098527	-00000007.814941	000000000.112538
000000007.616267	-00000004.221766	000000000.182408
000000013.693541	-00000007.590454	000000000.327958
000000007.144175	-00000004.000930	-00000000.171518
000000007.416035	-00000004.153179	-00000000.059341
000000007.519690	-00000004.254436	000000000.060318
000000007.570434	-00000004.283145	000000000.182199
000000007.065588	-00000004.038317	-00000000.170471
000000007.431601	-00000004.247510	-00000000.059760
000000007.516918	-00000004.339894	000000000.060597
000000007.541427	-00000004.354045	000000000.182408
000000007.073261	-00000004.125004	-00000000.171518
000000007.402890	-00000004.317238	-00000000.059829
000000007.435678	-00000004.379950	000000000.060248
000000007.468687	-00000004.399393	000000000.181571
000000007.028403	-00000004.181460	-00000000.171309
000000007.390715	-00000004.397014	-00000000.060039
000000007.414316	-00000004.454970	000000000.060388
000000007.430011	-00000004.464401	000000000.181571
000000007.025835	-00000004.263381	-00000000.172147
000000007.317868	-00000004.440591	-00000000.059760
000000007.366632	-00000004.514278	000000000.060318
000000007.365196	-00000004.513398	000000000.180943
000000007.115887	-00000004.403444	-00000000.175288
000000007.312851	-00000004.525330	-00000000.060039
000000007.428720	-00000004.641980	000000000.061156
000000013.610840	-00000008.504996	000000000.112049
000000016.528055	-00000010.327874	000000000.136065
000000007.461187	-00000004.662267	000000000.184293
000000013.574272	-00000008.482147	000000000.335288
000000007.178654	-00000004.529394	-00000000.177801
000000007.442224	-00000004.695693	-00000000.061435
000000011.391676	-00000007.187613	-00000000.094038
000000016.260191	-00000010.358885	000000000.134599
000000016.720785	-00000010.652314	000000000.415288
000000007.113630	-00000004.575640	-00000000.177173
000000007.476655	-00000004.809146	-00000000.062063
000000011.067803	-00000007.119051	-00000000.091873
000000011.019863	-00000007.156383	000000000.091734
000000015.766622	-00000010.238964	000000000.131248
000000016.425953	-00000010.667139	000000000.410262
000000007.148679	-00000004.686879	-00000000.179058
000000007.334051	-00000004.808414	-00000000.061226
000000010.921632	-00000007.160535	-00000000.091175
000000010.906960	-00000007.219160	000000000.091315
000000010.963193	-00000007.256379	000000000.275393
000000005.794072	-00000003.871475	-00000000.145969
000000007.248825	-00000004.843510	-00000000.182618
000000007.599447	-00000005.077788	-00000000.063809
000000010.842099	-00000007.244459	-00000000.091036
000000010.918159	-00000007.364391	000000000.091943
000000010.932607	-00000007.374136	000000000.276231
000000005.842708	-00000003.978158	-00000000.148063
000000007.346772	-00000005.002239	-00000000.186178
000000007.306875	-00000004.975074	-00000000.061714
000000010.869390	-00000007.400704	-00000000.091804
000000015.583846	-00000010.710481	000000000.132016
000000010.909038	-00000007.497574	000000000.277278
000000015.671443	-00000010.770684	000000000.398325
000000005.996707	-00000004.160064	-00000000.152880
000000007.343912	-00000005.094653	-00000000.187225
000000009.093637	-00000006.308480	-00000000.231833
000000010.804394	-00000007.495275	-00000000.091804
000000016.128536	-00000011.188764	-00000000.137042
000000015.473405	-00000010.834595	000000000.131876
000000015.388492	-00000010.775138	000000000.393508
000000007.160376	-00000005.060453	-00000000.183665
000000010.409896	-00000007.356987	-00000000.267016
000000010.861068	-00000007.675844	-00000000.092851
000000015.278991	-00000010.798122	-00000000.130619
000000016.708078	-00000011.808103	-00000000.142837
000000015.304998	-00000010.916949	000000000.131248
000000016.314478	-00000011.637004	000000000.139904
000000015.334573	-00000010.938045	000000000.394555
000000007.294450	-00000005.251253	-00000000.188272
000000010.256045	-00000007.383296	-00000000.264712
000000010.899173	-00000007.846282	-00000000.093758
000000015.768498	-00000011.351694	-00000000.135646
000000015.192969	-00000011.038339	000000000.131108
000000015.335597	-00000011.141964	000000000.397068
000000008.780256	-00000006.437950	-00000000.228063
000000010.312164	-00000007.561192	-00000000.267854
000000011.201242	-00000008.213091	-00000000.096970
000000013.765674	-00000010.093410	-00000000.119170
000000015.426908	-00000011.311478	-00000000.133552
000000015.232717	-00000011.271618	000000000.132295
000000015.044900	-00000011.132640	000000000.392042
000000009.356592	-00000006.986899	-00000000.244607
000000010.976910	-00000008.196847	-00000000.095643
000000013.757193	-00000010.272984	-00000000.119868
000000015.616056	-00000011.661062	-00000000.136065
000000014.031684	-00000010.573632	000000000.122661
000000005.022316	-00000003.784586	000000000.131728
000000014.987102	-00000011.293591	000000000.393089
000000008.507395	-00000006.469173	-00000000.223874
000000014.889931	-00000011.322566	-00000000.391833
000000013.690902	-00000010.410804	-00000000.120078
000000013.439078	-00000010.312167	000000000.118263
000000015.144747	-00000011.620973	000000000.133272
000000013.119187	-00000010.066707	000000000.346388
000000014.586568	-00000011.192667	000000000.385131
000000008.403187	-00000006.506443	-00000000.222618
000000013.691740	-00000010.601277	-00000000.362723
000000010.697769	-00000008.283098	-00000000.094456
000000013.465116	-00000010.425807	-00000000.118891
000000013.332817	-00000010.416739	000000000.118123
000000013.314461	-00000010.402397	000000000.353927
000000008.047733	-00000006.344321	-00000000.214660
000000013.849952	-00000010.918422	-00000000.369424
000000013.719151	-00000010.815308	-00000000.121963
000000013.217929	-00000010.514015	000000000.117913
000000004.858931	-00000003.864968	000000000.130052
000000012.769363	-00000010.157210	000000000.341780
000000007.773743	-00000006.239089	-00000000.208796
000000009.426736	-00000007.565755	-00000000.253194
000000013.785334	-00000011.063900	-00000000.370262
000000013.171927	-00000010.571589	-00000000.117913
000000009.341067	-00000007.564247	000000000.083915
000000013.047963	-00000010.566032	000000000.117215
000000004.817248	-00000003.900931	000000000.129843
000000009.129462	-00000007.392893	000000000.246073
000000008.020948	-00000006.553390	-00000000.216963
000000009.855856	-00000008.052572	-00000000.266597
000000014.214731	-00000011.613922	-00000000.384503
000000008.796885	-00000007.187357	-00000000.079307
000000013.203073	-00000010.787362	-00000000.119030
000000008.935195	-00000007.365606	000000000.080843
000000012.561743	-00000010.355102	000000000.113655
000000004.736736	-00000003.904664	000000000.128586
000000008.756019	-00000007.217905	000000000.237696
000000004.442931	-00000003.695147	-00000000.121047
000000008.224803	-00000006.840497	-00000000.224084
000000012.913710	-00000010.740219	-00000000.351833
000000004.728262	-00000003.932454	-00000000.042935
000000008.818401	-00000007.334187	-00000000.080075
000000012.931604	-00000010.755102	-00000000.117425
000000004.634456	-00000003.888770	000000000.042237
000000008.893559	-00000007.462582	000000000.081052
000000004.817363	-00000004.042247	000000000.131728
000000008.593134	-00000007.210495	000000000.234974
000000005.883232	-00000004.980524	-00000000.161466
000000007.508561	-00000006.356466	-00000000.206073
000000009.309394	-00000007.880984	-00000000.255498
000000004.647973	-00000003.934799	-00000000.042516
000000008.540363	-00000007.229951	-00000000.078120
000000013.150175	-00000011.132444	-00000000.120287
000000004.653571	-00000003.974525	000000000.042725
000000008.592379	-00000007.338584	000000000.078888
000000004.531025	-00000003.869861	000000000.124817
000000008.355028	-00000007.135869	000000000.230157
000000008.755531	-00000007.544248	-00000000.242094
000000008.484521	-00000007.310731	-00000000.078190
000000004.528147	-00000003.936258	000000000.041888
000000008.550652	-00000007.432968	000000000.079098
000000004.270719	-00000003.712480	000000000.118534
000000008.306008	-00000007.284173	-00000000.231414
000000009.155400	-00000008.029071	-00000000.255079
000000011.665995	-00000010.230803	-00000000.325026
000000008.510619	-00000007.463613	-00000000.079028
000000004.291412	-00000003.796720	000000000.040003
000000008.298227	-00000007.341651	000000000.077352
000000004.298063	-00000003.802605	000000000.120209
000000004.385855	-00000003.914526	-00000000.123141
000000008.667285	-00000007.735848	-00000000.243351
000000011.531517	-00000010.292273	-00000000.323770
000000008.370560	-00000007.471010	-00000000.078330
000000011.571068	-00000010.327573	-00000000.108279
000000004.139216	-00000003.726967	000000000.038886
000000008.181826	-00000007.366949	000000000.076864
000000004.041821	-00000003.639272	000000000.113927
000000004.358929	-00000003.959372	-00000000.123351
000000008.370031	-00000007.602801	-00000000.236859
000000004.233944	-00000003.845844	-00000000.039933
000000008.423477	-00000007.651348	-00000000.079447
000000004.099162	-00000003.756190	000000000.038816
000000004.172074	-00000003.823002	000000000.118534
000000003.949789	-00000003.651147	-00000000.112670
000000008.215266	-00000007.594114	-00000000.234346
000000003.935873	-00000003.638283	-00000000.037420
000000008.253584	-00000007.629534	-00000000.078469
000000004.110107	-00000003.832737	000000000.039235
000000004.153178	-00000003.872901	000000000.118953
000000008.206941	-00000007.720319	-00000000.236021
000000011.636815	-00000010.946822	-00000000.334660
000000003.947675	-00000003.713601	-00000000.037838
000000004.054744	-00000003.847808	000000000.039025
000000003.988684	-00000003.785120	000000000.115183
000000003.690470	-00000003.532857	-00000000.107016
000000008.327029	-00000007.971397	-00000000.241466
000000004.153491	-00000003.976103	-00000000.040142
000000008.292536	-00000007.938376	-00000000.080145
000000003.841181	-00000003.709385	000000000.037280
000000004.034611	-00000003.896179	000000000.117487
000000004.368484	-00000004.255588	-00000000.127749
000000003.910913	-00000003.809843	-00000000.038118
000000007.900618	-00000007.696441	-00000000.077003
000000003.901385	-00000003.833880	000000000.038187
000000004.086029	-00000004.015329	000000000.120000
000000003.692154	-00000003.660074	-00000000.108901
000000004.416384	-00000004.378011	-00000000.130262
000000008.499055	-00000008.425208	-00000000.250681
000000004.680007	-00000004.639344	-00000000.046007
000000008.060408	-00000007.990373	-00000000.079237
000000003.995056	-00000003.995056	000000000.039444
000000004.029624	-00000004.029624	000000000.119372
000000011.360305	-00000011.459878	-00000000.338011
000000012.648370	-00000012.759232	-00000000.376335
000000004.547824	-00000004.587686	-00000000.045099
000000007.779173	-00000007.847357	-00000000.077143
000000003.756782	-00000003.822929	000000000.037420
000000004.801111	-00000004.885646	000000000.047822
000000007.625707	-00000007.759976	000000000.075956
000000003.861163	-00000003.929148	000000000.115393
000000003.976533	-00000004.082026	-00000000.119372
000000003.949398	-00000004.054170	-00000000.039514
000000007.801107	-00000008.008060	-00000000.078050
000000004.147009	-00000004.294354	000000000.041678
000000003.625321	-00000003.754130	000000000.109319
000000003.968414	-00000004.145460	-00000000.120209
000000003.962273	-00000004.139045	-00000000.040003
000000007.710182	-00000008.054162	-00000000.077841
000000003.737674	-00000003.938687	000000000.037908
000000003.668125	-00000003.865397	000000000.111623
000000003.753979	-00000003.990597	-00000000.114764
000000009.542506	-00000010.143983	-00000000.291728
000000010.686511	-00000011.360095	-00000000.326702
000000003.871190	-00000004.115196	-00000000.039444
000000008.023297	-00000008.529016	-00000000.081751
000000003.798638	-00000004.073541	000000000.038886
000000007.870069	-00000008.439616	000000000.080564
000000003.538795	-00000003.794893	000000000.108691
000000003.909035	-00000004.228770	-00000000.120628
000000003.970887	-00000004.295682	-00000000.040840
000000003.871037	-00000004.224496	000000000.040003
000000003.410982	-00000003.722434	000000000.105759
000000004.241704	-00000004.669752	-00000000.132147
000000007.535579	-00000008.296025	-00000000.234765
000000009.061517	-00000009.975951	-00000000.282304
000000003.758439	-00000004.137719	-00000000.039025
000000009.439800	-00000010.392409	-00000000.098017
000000003.606526	-00000004.005453	000000000.037629
000000003.679411	-00000004.086400	000000000.115183
000000004.074302	-00000004.564870	-00000000.128168
000000009.027375	-00000010.114320	-00000000.283979
000000003.742164	-00000004.192740	-00000000.039235
000000003.465418	-00000003.916943	000000000.036512
000000003.583988	-00000004.050961	000000000.113298
000000003.684935	-00000004.201863	-00000000.117068
000000003.586754	-00000004.089909	-00000000.037978
000000003.477028	-00000003.999863	000000000.037001
000000003.456673	-00000003.976447	000000000.110367
000000003.700336	-00000004.294451	-00000000.118744
000000003.603146	-00000004.181657	-00000000.038537
000000003.416014	-00000003.999638	000000000.036721
000000003.473785	-00000004.067280	000000000.112042
000000003.430166	-00000004.051876	-00000000.111204
000000003.663434	-00000004.327423	-00000000.039584
000000008.606161	-00000010.166009	-00000000.092990
000000003.432402	-00000004.090578	000000000.037280
000000003.553836	-00000004.235297	000000000.115812
000000003.320247	-00000004.027782	000000000.036442
000000003.624851	-00000004.397295	000000000.119372
000000003.492643	-00000004.313055	000000000.038746
000000003.561172	-00000004.397681	000000000.118534
000000003.249447	-00000004.085115	000000000.036442
000000003.479094	-00000004.373820	000000000.117068
000000003.293709	-00000004.215755	000000000.037350
000000003.373085	-00000004.317352	000000000.114764
000000003.384631	-00000004.410937	000000000.038816
000000003.189210	-00000004.156260	000000000.109738
000000003.418226	-00000004.536139	000000000.039654
000000003.206970	-00000004.255794	000000000.111623
000000003.247653	-00000004.388951	000000000.038118
000000003.431375	-00000004.637237	000000000.120838
000000003.391438	-00000004.667914	000000000.040282
000000003.255616	-00000004.480971	000000000.116021
000000003.309926	-00000004.640345	000000000.039793
000000003.431202	-00000004.810368	000000000.123770
000000003.401225	-00000004.857453	000000000.041399
000000005.076028	-00000007.249319	000000000.061784
000000003.417766	-00000004.881075	000000000.124817
000000003.262421	-00000004.746851	000000000.040212
000000004.978590	-00000007.243893	000000000.061365
000000003.363715	-00000004.894236	000000000.124398
000000005.000270	-00000007.275438	000000000.184922
000000003.338300	-00000004.949234	000000000.041678
000000004.954328	-00000007.345094	000000000.061854
000000003.337649	-00000004.948269	000000000.125026
000000004.998088	-00000007.409970	000000000.187225
000000003.317060	-00000005.011532	000000000.041957
000000007.191564	-00000010.865267	000000000.090966
000000007.361225	-00000011.121597	000000000.279372
000000003.224185	-00000004.964809	000000000.041329
000000007.189060	-00000011.070182	000000000.092153
000000003.267118	-00000005.030920	000000000.125655
000000007.274782	-00000011.202181	000000000.279791
000000007.108300	-00000011.157797	000000000.092362
000000007.214351	-00000011.324264	000000000.281257
000000007.243820	-00000011.592535	000000000.095434
000000006.876843	-00000011.005250	000000000.271833
000000007.565595	-00000012.345928	000000000.101089
000000006.493233	-00000010.595993	000000000.260314
000000006.417218	-00000010.680044	000000000.086987
000000007.689331	-00000012.797196	000000000.104230
000000006.359325	-00000010.583694	000000000.258639
000000006.222269	-00000010.563316	000000000.085590
000000006.261650	-00000010.630172	000000000.258429
000000006.164850	-00000010.677833	000000000.086079
000000006.178645	-00000010.701726	000000000.258848
