000000003.616201	000000004.196808	-00000000.038676
000000003.639500	000000004.150054	-00000000.038537
000000003.461825	000000003.878647	-00000000.108901
000000003.715529	000000004.162899	-00000000.038955
000000003.488818	000000003.840889	-00000000.108691
000000003.798780	000000004.182130	-00000000.039444
000000003.569709	000000003.861690	-00000000.110157
000000003.882646	000000004.200222	-00000000.039933
000000003.603272	000000003.830391	-00000000.110157
000000003.898596	000000004.144330	-00000000.039723
000000003.705697	000000003.871022	-00000000.112251
000000003.996848	000000004.175162	-00000000.040352
000000003.683526	000000003.781245	-00000000.110576
000000004.088953	000000004.197427	-00000000.040910
000000003.730460	000000003.763157	-00000000.110995
000000004.139506	000000004.175788	-00000000.041050
000000003.869661	000000003.836039	-00000000.114136
000000004.211297	000000004.174706	-00000000.041399
000000003.938797	000000003.837006	-00000000.115183
000000004.197427	000000004.088953	-00000000.040910
000000003.986575	000000003.816315	-00000000.115602
000000004.254620	000000004.072913	-00000000.041120
000000004.092547	000000003.849884	-00000000.117696
000000004.326418	000000004.069888	-00000000.041469
000000004.052571	000000003.746158	-00000000.115602
000000004.354426	000000004.025190	-00000000.041399
000000004.099909	000000003.724095	-00000000.116021
000000004.344975	000000003.946697	-00000000.040980
000000004.035285	000000003.601630	-00000000.113298
000000004.371790	000000003.901972	-00000000.040910
000000004.224413	000000003.704711	-00000000.117696
000000004.405674	000000003.863672	-00000000.040910
000000004.150546	000000003.576339	-00000000.114764
000000004.446798	000000003.831606	-00000000.040980
000000004.326579	000000003.662719	-00000000.118744
000000004.487698	000000003.799116	-00000000.041050
000000004.358377	000000003.624824	-00000000.118744
000000004.543745	000000003.778992	-00000000.041259
000000004.420812	000000003.611955	-00000000.119581
000000004.646243	000000003.796139	-00000000.041888
000000004.491149	000000003.604529	-00000000.120628
000000004.694790	000000003.767967	-00000000.042027
000000004.600948	000000003.627095	-00000000.122723
000000004.853140	000000003.825907	-00000000.043144
000000004.592899	000000003.556202	-00000000.121675
000000005.004943	000000003.875241	-00000000.044191
000000004.759048	000000003.618864	-00000000.125236
000000005.062449	000000003.849576	-00000000.044401
000000004.758404	000000003.553269	-00000000.124398
000000005.135911	000000003.835167	-00000000.044750
000000004.950484	000000003.629845	-00000000.128586
000000005.064349	000000003.713334	-00000000.043842
000000004.925174	000000003.545618	-00000000.127120
000000005.202062	000000003.744949	-00000000.044750
000000005.078396	000000003.589056	-00000000.130262
000000005.259044	000000003.716724	-00000000.044959
000000005.101308	000000003.538904	-00000000.130052
000000005.250196	000000003.642190	-00000000.044610
000000005.214637	000000003.550520	-00000000.132147
000000005.463625	000000003.720050	-00000000.046146
000000005.228797	000000003.493770	-00000000.131728
000000005.620598	000000003.755563	-00000000.047193
000000005.342696	000000003.502825	-00000000.133822
000000005.611343	000000003.678958	-00000000.046844
000000007.673648	000000004.983325	000000000.063879
000000009.458129	000000006.142181	000000000.236230
000000005.448738	000000003.504746	-00000000.135707
000000005.786208	000000003.721814	-00000000.048031
000000005.639768	000000003.558428	-00000000.139686
000000006.046807	000000003.815251	-00000000.049916
000000007.886655	000000004.928129	000000000.064926
000000009.207782	000000005.753661	000000000.227435
000000011.191780	000000006.993400	000000000.276440
000000005.789629	000000003.582731	-00000000.142618
000000006.385990	000000003.951770	-00000000.052429
000000005.871956	000000003.563191	-00000000.143874
000000006.317645	000000003.833641	-00000000.051592
000000008.040033	000000004.830939	000000000.065484
000000009.649588	000000005.798057	000000000.235812
000000006.066079	000000003.608938	-00000000.147853
000000006.660237	000000003.962425	-00000000.054105
000000008.573001	000000005.049883	000000000.069464
000000009.760118	000000005.749148	000000000.237278
000000006.192342	000000003.611267	-00000000.150157
000000006.755029	000000003.939417	-00000000.054593
000000008.218381	000000004.744884	000000000.066252
000000010.182225	000000005.878711	000000000.246283
000000006.180220	000000003.532287	-00000000.149110
000000006.407151	000000003.661988	-00000000.051522
000000008.433540	000000004.771468	000000000.067648
000000006.455055	000000003.615004	-00000000.154974
000000007.023422	000000003.933305	-00000000.056199
000000008.544827	000000004.736475	000000000.068207
000000010.851650	000000006.015168	000000000.259895
000000006.530182	000000003.582580	-00000000.156021
000000007.092547	000000003.891104	-00000000.056478
000000008.418862	000000004.571070	000000000.066880
000000006.675687	000000003.586976	-00000000.158744
000000006.932441	000000003.724935	-00000000.054943
000000008.520236	000000004.530290	000000000.067369
000000009.577881	000000005.092649	000000000.227225
000000011.025597	000000005.862414	000000000.261571
000000006.759822	000000003.556515	-00000000.160000
000000007.177074	000000003.776042	-00000000.056618
000000008.479617	000000004.414209	000000000.066741
000000013.098277	000000006.818532	000000000.309320
000000006.906148	000000003.556900	-00000000.162723
000000007.378663	000000003.800261	-00000000.057944
000000008.606914	000000004.385441	000000000.067439
000000009.674209	000000004.929255	000000000.227435
000000011.313301	000000005.764415	000000000.265969
000000017.459898	000000008.896262	000000000.410471
000000007.017275	000000003.536998	-00000000.164607
000000007.536558	000000003.798738	-00000000.058922
000000006.649200	000000003.315169	000000000.051871
000000008.456923	000000004.216466	000000000.065973
000000017.536867	000000008.743559	000000000.410471
000000007.119608	000000003.511002	-00000000.166283
000000007.641170	000000003.768208	-00000000.059480
000000008.475422	000000004.133739	000000000.065833
000000011.600886	000000005.658130	000000000.270367
000000007.267040	000000003.505204	-00000000.169005
000000007.817871	000000003.770893	-00000000.060597
000000008.565326	000000004.085451	000000000.066252
000000008.780229	000000004.187954	000000000.203770
000000007.306395	000000003.445920	-00000000.169215
000000007.904745	000000003.728120	-00000000.061016
000000008.627840	000000004.023228	000000000.066462
000000008.743952	000000004.077372	000000000.202094
000000007.408823	000000003.415514	-00000000.170890
000000008.055034	000000003.713421	-00000000.061924
000000008.680819	000000003.956077	000000000.066601
000000008.833786	000000004.025788	000000000.203351
000000007.483925	000000003.371262	-00000000.171937
000000008.160071	000000003.675844	-00000000.062482
000000008.751553	000000003.896442	000000000.066880
000000008.795513	000000003.916015	000000000.201676
000000007.705233	000000003.390383	-00000000.176335
000000008.228450	000000003.620605	-00000000.062762
000000008.748540	000000003.803973	000000000.066601
000000008.765172	000000003.811205	000000000.200210
000000007.688596	000000003.303281	-00000000.175288
000000008.333233	000000003.580239	-00000000.063320
000000008.818221	000000003.743113	000000000.066880
000000008.862517	000000003.761916	000000000.201676
000000007.883089	000000003.305654	-00000000.179058
000000008.447155	000000003.542186	-00000000.063948
000000008.915220	000000003.692805	000000000.067369
000000008.978140	000000003.718867	000000000.203560
000000007.930142	000000003.244307	-00000000.179477
000000008.598062	000000003.517560	-00000000.064856
000000009.725922	000000003.929527	000000000.073233
000000012.312701	000000004.974654	000000000.092711
000000008.097444	000000003.230552	-00000000.182618
000000008.758461	000000003.494272	-00000000.065833
000000010.094785	000000003.976442	000000000.075747
000000012.243997	000000004.823039	000000000.091873
000000035.738800	000000014.077888	000000000.804608
000000008.199871	000000003.188755	-00000000.184293
000000008.909779	000000003.464823	-00000000.066741
000000010.511860	000000004.035125	000000000.078609
000000035.748287	000000013.722482	000000000.802095
000000008.339577	000000003.159583	-00000000.186806
000000009.098643	000000003.447168	-00000000.067928
000000010.752734	000000004.020283	000000000.080145
000000012.682232	000000004.741693	000000000.094526
000000029.817102	000000011.148157	000000000.666807
000000008.301172	000000003.062464	-00000000.185340
000000009.306631	000000003.433398	-00000000.069254
000000010.702839	000000003.895515	000000000.079517
000000029.825117	000000010.855454	000000000.221585
000000008.609872	000000003.091260	-00000000.191623
000000009.496235	000000003.409497	-00000000.070441
000000011.028637	000000003.905445	000000000.081681
000000012.546253	000000004.442861	000000000.092921
000000030.041252	000000010.638165	000000000.222493
000000065.998703	000000023.371367	000000001.466598
000000008.315600	000000002.903938	-00000000.184503
000000009.742761	000000003.402324	-00000000.072047
000000011.676870	000000004.020669	000000000.086219
000000033.007248	000000011.365307	000000000.243716
000000008.681445	000000002.946954	-00000000.192042
000000009.999339	000000003.394318	-00000000.073722
000000012.271008	000000004.105822	000000000.090338
000000032.906029	000000011.010203	000000000.242250
000000008.421984	000000002.777154	-00000000.185759
000000010.028579	000000003.306929	-00000000.073722
000000012.154206	000000003.949141	000000000.089221
000000032.896244	000000010.688638	000000000.241482
000000035.133831	000000011.415674	000000000.773822
000000008.683945	000000002.779752	-00000000.190995
000000010.580859	000000003.386960	-00000000.077562
000000012.417092	000000003.915094	000000000.090896
000000015.650114	000000004.934462	000000000.114562
000000033.420448	000000010.537427	000000000.734032
000000008.421429	000000002.614923	-00000000.184712
000000010.734162	000000003.333046	-00000000.078469
000000012.699417	000000003.882601	000000000.092711
000000015.702142	000000004.800626	000000000.114632
000000042.010815	000000012.843995	000000000.920210
000000008.750283	000000002.633536	-00000000.191414
000000011.050104	000000003.325704	-00000000.080564
000000012.704052	000000003.763112	000000000.092502
000000015.503737	000000004.592416	000000000.112887
000000015.625333	000000004.628435	000000000.341361
000000008.436988	000000002.459157	-00000000.184084
000000011.289911	000000003.290709	-00000000.082100
000000012.842143	000000003.682425	000000000.093270
000000013.252892	000000003.800205	000000000.288796
000000015.588244	000000004.469857	000000000.339686
000000008.698688	000000002.453284	-00000000.189319
000000011.597303	000000003.270778	-00000000.084124
000000012.844881	000000003.562201	000000000.093060
000000013.073597	000000003.625629	000000000.284189
000000008.478621	000000002.311537	-00000000.184084
000000011.654346	000000003.177340	-00000000.084334
000000012.875478	000000003.449974	000000000.093060
000000013.133711	000000003.519167	000000000.284817
000000008.624158	000000002.270551	-00000000.186806
000000012.068439	000000003.177355	-00000000.087126
000000012.972862	000000003.355010	000000000.093549
000000015.586798	000000004.031020	000000000.112398
000000029.469696	000000007.621382	000000000.212510
000000013.231676	000000003.421944	000000000.286283
000000029.657537	000000007.669960	000000000.641676
000000008.401389	000000002.133681	-00000000.181571
000000012.173244	000000003.091610	-00000000.087685
000000012.991943	000000003.239255	000000000.093479
000000015.757218	000000003.928716	000000000.113376
000000029.457460	000000007.344570	000000000.211951
000000008.788718	000000002.150586	-00000000.189529
000000012.500868	000000003.058943	-00000000.089849
000000014.264319	000000003.424560	000000000.102415
000000014.310146	000000003.435562	000000000.308272
000000008.554127	000000002.014230	-00000000.184084
000000012.381083	000000002.915358	-00000000.088802
000000014.342378	000000003.311199	000000000.102764
000000014.261649	000000003.292561	000000000.306597
000000008.863917	000000002.005700	-00000000.190367
000000012.562103	000000002.842514	-00000000.089919
000000014.273100	000000003.164270	000000000.102066
000000014.367926	000000003.185292	000000000.308272
000000008.509816	000000001.847662	-00000000.182408
000000012.390988	000000002.690347	-00000000.088522
000000029.324150	000000006.233040	000000000.209298
000000032.786709	000000006.969030	000000000.234012
000000008.926936	000000001.856805	-00000000.190995
000000012.834973	000000002.669678	-00000000.091524
000000029.387226	000000005.978899	000000000.209368
000000032.846275	000000006.682651	000000000.234012
000000037.630653	000000007.656043	000000000.804398
000000008.530960	000000001.696913	-00000000.182199
000000012.436054	000000002.473685	-00000000.088522
000000015.535260	000000003.090155	-00000000.110583
000000032.981869	000000006.411026	000000000.234570
000000008.928515	000000001.695132	-00000000.190367
000000013.007326	000000002.469518	-00000000.092432
000000033.184044	000000006.150299	000000000.235618
000000041.867641	000000007.759709	000000000.891938
000000052.101082	000000009.656364	000000001.109948
000000008.519923	000000001.540653	-00000000.181361
000000012.201807	000000002.206446	-00000000.086568
000000033.226604	000000005.858747	000000000.235548
000000008.996154	000000001.545822	-00000000.191204
000000014.033976	000000002.411478	-00000000.099413
000000033.010178	000000005.524009	000000000.233663
000000008.466572	000000001.378869	-00000000.179686
000000012.238457	000000001.993159	-00000000.086568
000000033.254654	000000005.267020	000000000.235059
000000034.433140	000000005.453673	000000000.730262
000000008.932829	000000001.374894	-00000000.189319
000000031.004892	000000004.633712	000000000.218863
000000008.410192	000000001.219420	-00000000.178011
000000012.192207	000000001.767786	-00000000.086009
000000030.846098	000000004.335136	000000000.217466
000000037.344719	000000005.248458	000000000.789948
000000067.174950	000000009.440824	000000001.420943
000000008.767241	000000001.193169	-00000000.185340
000000030.714212	000000004.043603	000000000.216279
000000031.124540	000000004.097623	000000000.657592
000000008.400439	000000001.068671	-00000000.177382
000000012.062486	000000001.534542	-00000000.084892
000000030.758255	000000003.776639	000000000.216349
000000042.689972	000000005.241669	000000000.900943
000000008.776800	000000001.038803	-00000000.185131
000000030.988752	000000003.530722	000000000.217746
000000045.644615	000000005.200547	000000000.962304
000000008.407872	000000000.920812	-00000000.177173
000000012.007908	000000001.315080	-00000000.084334
000000031.257061	000000003.285249	000000000.219421
000000008.763751	000000000.882463	-00000000.184503
000000031.603060	000000003.043029	000000000.221655
000000035.863251	000000003.453238	000000000.251535
000000051.749249	000000004.982886	000000001.089006
000000008.343016	000000000.766615	-00000000.175497
000000012.019073	000000001.104398	-00000000.084264
000000014.209790	000000001.305696	-00000000.099623
000000031.628410	000000002.767128	000000000.221655
000000035.692787	000000003.122714	000000000.250139
000000035.964703	000000003.146504	000000000.756231
000000008.688146	000000000.721929	-00000000.182618
000000035.309948	000000002.778953	000000000.247276
000000039.987549	000000003.147089	000000000.840210
000000008.315243	000000000.617929	-00000000.174660
000000011.926822	000000000.886316	-00000000.083496
000000013.911301	000000001.033788	-00000000.097389
000000035.811680	000000002.504196	000000000.250627
000000039.891617	000000002.789494	000000000.279181
000000044.062714	000000003.081165	000000000.925236
000000008.779233	000000000.575421	-00000000.184293
000000044.086536	000000002.696448	000000000.308362
000000048.199337	000000002.947998	000000001.011519
000000008.324760	000000000.472714	-00000000.174660
000000011.890554	000000000.675195	-00000000.083147
000000008.488349	000000000.407725	-00000000.178011
000000048.282825	000000002.108074	000000000.337404
000000060.509071	000000002.641883	000000001.268692
000000008.211862	000000000.322645	-00000000.172147
000000011.880544	000000000.466788	-00000000.083007
000000068.962822	000000002.408235	000000001.445446
000000008.564124	000000000.261658	-00000000.179477
000000077.226578	000000002.022249	000000001.618221
000000008.216242	000000000.179279	-00000000.172147
000000011.706928	000000000.255446	-00000000.081751
000000089.206841	000000001.557111	000000001.868901
000000008.567386	000000000.112153	-00000000.179477
000000008.228116	000000000.035902	-00000000.172356
000000011.659605	000000000.050875	-00000000.081401
000000008.388081	-00000000.036600	-00000000.175707
000000008.147514	-00000000.106657	-00000000.170681
000000011.518733	-00000000.150788	-00000000.080424
000000008.306201	-00000000.181242	-00000000.174032
000000008.104439	-00000000.247613	-00000000.169843
000000011.434385	-00000000.349352	-00000000.079866
000000008.351723	-00000000.328140	-00000000.175079
000000008.108870	-00000000.389497	-00000000.170052
000000011.416559	-00000000.548377	-00000000.079796
000000008.254889	-00000000.468747	-00000000.173194
000000008.090860	-00000000.530303	-00000000.169843
000000011.245597	-00000000.737075	-00000000.078679
000000008.365094	-00000000.621634	-00000000.175707
000000071.692535	-00000005.642325	000000001.506388
000000008.110265	-00000000.673911	-00000000.170471
000000011.390467	-00000000.946475	-00000000.079796
000000062.636944	-00000005.480022	000000001.317069
000000008.412706	-00000000.773019	-00000000.176963
000000051.331276	-00000004.942640	000000001.080210
000000008.137058	-00000000.819359	-00000000.171309
000000011.571202	-00000001.165159	-00000000.081192
000000050.759209	-00000005.335008	000000001.069111
000000008.507257	-00000000.931696	-00000000.179267
000000025.693142	-00000002.927364	000000000.180535
000000025.449730	-00000002.899630	000000000.536545
000000008.161233	-00000000.965946	-00000000.172147
000000011.598757	-00000001.372803	-00000000.081541
000000025.061180	-00000003.077126	000000000.176277
000000038.172394	-00000004.686981	000000000.268499
000000025.145603	-00000003.087492	000000000.530681
000000008.499618	-00000001.081288	-00000000.179477
000000025.558826	-00000003.364883	000000000.179977
000000025.434895	-00000003.348567	000000000.537382
000000008.271916	-00000001.125758	-00000000.174869
000000011.701841	-00000001.592551	-00000000.082449
000000032.420589	-00000004.556417	000000000.228566
000000025.642317	-00000003.603793	000000000.542409
000000008.449769	-00000001.225158	-00000000.178848
000000030.451057	-00000004.550941	000000000.214953
000000031.888767	-00000004.765808	000000000.675393
000000008.251009	-00000001.269952	-00000000.174869
000000011.771098	-00000001.811745	-00000000.083147
000000027.545956	-00000004.362851	000000000.194707
000000028.879303	-00000004.574032	000000000.204132
000000031.599094	-00000005.004805	000000000.670157
000000036.171089	-00000005.728938	000000000.767121
000000008.565249	-00000001.394940	-00000000.181780
000000011.567316	-00000001.883857	-00000000.081820
000000026.323322	-00000004.405014	000000000.186330
000000032.033775	-00000005.360616	000000000.226751
000000031.810595	-00000005.323268	000000000.675602
000000008.276855	-00000001.422224	-00000000.175916
000000011.777107	-00000002.023677	-00000000.083426
000000022.650026	-00000003.993811	000000000.160569
000000025.525595	-00000004.500851	000000000.180954
000000026.052298	-00000004.593723	000000000.554136
000000008.490409	-00000001.535316	-00000000.180733
000000022.574982	-00000004.184026	000000000.160290
000000023.646704	-00000004.382658	000000000.167899
000000026.704552	-00000004.949396	000000000.189611
000000025.627832	-00000004.749838	000000000.545969
000000008.250773	-00000001.566458	-00000000.175916
000000011.789118	-00000002.238234	-00000000.083775
000000022.341290	-00000004.342707	000000000.158893
000000025.408754	-00000004.938962	000000000.542199
000000008.521154	-00000001.694963	-00000000.181990
000000021.391235	-00000004.352096	000000000.152401
000000023.934311	-00000004.869491	000000000.511623
000000008.290697	-00000001.724467	-00000000.177382
000000011.885323	-00000002.472151	-00000000.084753
000000014.156652	-00000002.944588	-00000000.100949
000000020.188475	-00000004.291193	000000000.144093
000000022.624002	-00000004.808880	000000000.161477
000000019.832483	-00000004.215525	000000000.424712
000000023.812672	-00000005.061540	000000000.509948
000000008.558667	-00000001.858269	-00000000.183456
000000018.821012	-00000004.086442	-00000000.134459
000000019.496155	-00000004.322194	000000000.139416
000000022.493313	-00000004.986648	000000000.160848
000000023.655075	-00000005.244204	000000000.169156
000000019.463074	-00000004.314859	000000000.417592
000000024.343483	-00000005.396820	000000000.522304
000000008.308095	-00000001.879930	-00000000.178429
000000012.015924	-00000002.718926	-00000000.086009
000000016.824245	-00000003.806938	-00000000.120427
000000018.482286	-00000004.182115	-00000000.132295
000000019.009497	-00000004.388688	000000000.136204
000000022.370991	-00000005.164750	000000000.160290
000000019.765635	-00000004.563256	000000000.424922
000000008.563859	-00000002.016521	-00000000.184293
000000017.617735	-00000004.148426	-00000000.126361
000000018.756559	-00000004.503052	000000000.134669
000000022.334791	-00000005.362109	000000000.160360
000000019.297310	-00000004.632874	000000000.415707
000000025.587164	-00000006.142934	000000000.551205
000000008.332287	-00000002.038898	-00000000.179686
000000012.199759	-00000002.985262	-00000000.087685
000000016.007326	-00000003.916968	-00000000.115051
000000017.135004	-00000004.272236	000000000.123289
000000019.085253	-00000004.758488	000000000.137321
000000019.498667	-00000004.861564	000000000.420943
000000034.476749	-00000008.596019	000000000.744294
000000008.614573	-00000002.187823	-00000000.186178
000000012.241088	-00000003.108840	-00000000.088173
000000016.243914	-00000004.125429	-00000000.117006
000000016.990576	-00000004.394062	000000000.122521
000000019.168856	-00000004.957403	000000000.138229
000000019.310310	-00000004.993986	000000000.417801
000000008.314772	-00000002.189097	-00000000.180105
000000012.068439	-00000003.177355	-00000000.087126
000000015.520708	-00000004.086261	-00000000.112049
000000016.700451	-00000004.474873	000000000.120706
000000018.690210	-00000005.008027	000000000.135087
000000019.275650	-00000005.164895	000000000.418011
000000008.565433	-00000002.335205	-00000000.185969
000000012.792768	-00000003.487709	-00000000.092572
000000015.108201	-00000004.118968	-00000000.109327
000000017.768913	-00000004.927756	000000000.128734
000000019.060146	-00000005.285846	000000000.138089
000000020.187567	-00000005.598508	000000000.146257
000000019.345455	-00000005.364970	000000000.420524
000000029.576967	-00000008.202419	000000000.642932
000000008.371524	-00000002.361014	-00000000.182199
000000012.165138	-00000003.430924	-00000000.088243
000000014.571218	-00000004.109509	-00000000.105696
000000015.620122	-00000004.478998	000000000.113445
000000017.359962	-00000004.977889	000000000.126082
000000029.558077	-00000008.475642	000000000.214674
000000014.665637	-00000004.205304	000000000.319581
000000019.240238	-00000005.517050	000000000.419267
000000008.686545	-00000002.531897	-00000000.189529
000000012.441943	-00000003.626496	-00000000.090477
000000017.641853	-00000005.225755	000000000.128455
000000026.683302	-00000007.903955	000000000.194288
000000014.628381	-00000004.333124	000000000.319581
000000019.488529	-00000005.772766	000000000.425759
000000008.405632	-00000002.529808	-00000000.183874
000000012.103407	-00000003.642712	-00000000.088243
000000014.745860	-00000004.508262	000000000.107651
000000017.595579	-00000005.379508	000000000.128455
000000014.656937	-00000004.481075	000000000.321047
000000008.822449	-00000002.739443	-00000000.193508
000000012.032958	-00000003.736333	-00000000.087964
000000014.477071	-00000004.564603	000000000.105976
000000017.443058	-00000005.499775	000000000.127687
000000014.617274	-00000004.608809	000000000.321047
000000008.445898	-00000002.703553	-00000000.185759
000000012.323701	-00000003.944848	-00000000.090338
000000012.639233	-00000004.106736	000000000.092781
000000014.560321	-00000004.730935	000000000.106883
000000017.527544	-00000005.695045	000000000.128665
000000014.291245	-00000004.643507	000000000.314765
000000008.773295	-00000002.892999	-00000000.193508
000000012.155852	-00000004.008399	-00000000.089360
000000012.508083	-00000004.185146	000000000.092083
000000014.708141	-00000004.921275	000000000.108279
000000014.316547	-00000004.790250	000000000.316231
000000023.427937	-00000007.838878	000000000.517487
000000008.425830	-00000002.860184	-00000000.186388
000000011.921560	-00000004.046824	-00000000.087894
000000012.471086	-00000004.294139	000000000.092083
000000014.721365	-00000005.068973	000000000.108698
000000014.425449	-00000004.967081	000000000.319581
000000023.377546	-00000008.049535	000000000.517906
000000008.853613	-00000003.091820	-00000000.196440
000000011.630893	-00000004.061690	-00000000.086009
000000012.442564	-00000004.406143	000000000.092153
000000020.888426	-00000007.396980	000000000.154705
000000014.598314	-00000005.169534	000000000.324398
000000008.506365	-00000003.054097	-00000000.189319
000000011.444422	-00000004.108967	-00000000.084892
000000012.478813	-00000004.541917	000000000.092711
000000014.364749	-00000005.228341	000000000.320210
000000008.695127	-00000003.207802	-00000000.194136
000000011.154823	-00000004.115232	-00000000.083007
000000012.382504	-00000004.629629	000000000.092292
000000012.661031	-00000004.733766	000000000.283142
000000008.517213	-00000003.226883	-00000000.190785
000000011.071732	-00000004.194704	-00000000.082658
000000012.425653	-00000004.769761	000000000.092921
000000012.507234	-00000004.801077	000000000.280628
000000008.768270	-00000003.409794	-00000000.197068
000000011.034704	-00000004.291162	-00000000.082658
000000012.299821	-00000004.845028	000000000.092292
000000012.427652	-00000004.895382	000000000.279791
000000008.533887	-00000003.404676	-00000000.192461
000000011.145443	-00000004.446581	-00000000.083775
000000012.423961	-00000005.019606	000000000.093549
000000012.421538	-00000005.018627	000000000.280628
000000008.818466	-00000003.607730	-00000000.199581
000000009.690173	-00000003.964355	-00000000.073094
000000011.726313	-00000004.797361	-00000000.088453
000000018.652674	-00000007.726191	000000000.140952
000000026.523933	-00000010.986573	000000000.200432
000000012.441928	-00000005.153615	000000000.282094
000000017.956280	-00000007.437735	000000000.407121
000000026.851288	-00000011.122168	000000000.608796
000000008.574588	-00000003.595623	-00000000.194765
000000009.802757	-00000004.110637	-00000000.074211
000000011.785441	-00000004.942046	-00000000.089221
000000012.684248	-00000005.384144	000000000.096202
000000014.488393	-00000006.149958	000000000.109885
000000019.771961	-00000008.392700	000000000.149957
000000018.001125	-00000007.641025	000000000.409634
000000026.145807	-00000011.098237	000000000.594974
000000009.121596	-00000003.918947	-00000000.207958
000000009.702199	-00000004.168394	-00000000.073722
000000011.787804	-00000005.064440	-00000000.089570
000000013.874781	-00000006.032927	000000000.105626
000000026.401518	-00000011.479707	000000000.200990
000000017.612860	-00000007.658289	000000000.402304
000000008.739307	-00000003.845387	-00000000.200000
000000009.848512	-00000004.333449	-00000000.075118
000000012.191651	-00000005.364455	-00000000.092990
000000009.336207	-00000004.156747	000000000.071348
000000013.849011	-00000006.165977	000000000.105836
000000018.992147	-00000008.455849	000000000.145140
000000009.270452	-00000004.127471	000000000.212566
000000017.463160	-00000007.775099	000000000.400419
000000008.887731	-00000004.003631	-00000000.204189
000000009.545917	-00000004.300122	-00000000.073094
000000009.445168	-00000004.304411	000000000.072465
000000009.343253	-00000004.257966	000000000.215079
000000017.021641	-00000007.757208	000000000.391833
000000018.186136	-00000008.287900	000000000.418639
000000008.643627	-00000003.984767	-00000000.199372
000000009.489864	-00000004.374887	-00000000.072954
000000009.479749	-00000004.420479	000000000.073024
000000008.743952	-00000004.077372	000000000.202094
000000008.635653	-00000004.072838	-00000000.200000
000000009.496548	-00000004.478863	-00000000.073303
000000011.314458	-00000005.336245	-00000000.087336
000000009.296402	-00000004.434156	000000000.071907
000000008.680966	-00000004.140608	000000000.201466
000000008.419682	-00000004.061172	-00000000.195812
000000009.583196	-00000004.622385	-00000000.074281
000000009.293304	-00000004.532647	000000000.072186
000000008.410867	-00000004.102254	000000000.196021
000000008.222519	-00000004.054898	-00000000.192042
000000009.345186	-00000004.608536	-00000000.072745
000000011.506597	-00000005.674426	-00000000.089570
000000009.154955	-00000004.564492	000000000.071418
000000015.455140	-00000007.705648	000000000.120566
000000008.517907	-00000004.246872	000000000.199372
000000007.927914	-00000003.995998	-00000000.185969
000000009.161741	-00000004.617898	-00000000.071628
000000011.492359	-00000005.792626	-00000000.089849
000000008.143601	-00000004.149372	000000000.063809
000000015.360578	-00000007.826605	000000000.120357
000000008.150921	-00000004.153102	000000000.191623
000000007.812747	-00000004.023829	-00000000.184084
000000009.236663	-00000004.757194	-00000000.072535
000000011.708071	-00000006.030053	-00000000.091943
000000015.477962	-00000008.057318	000000000.121823
000000022.715794	-00000011.825094	000000000.178790
000000008.140974	-00000004.237923	000000000.192251
000000021.469822	-00000011.176482	000000000.507016
000000007.803879	-00000004.105819	-00000000.184712
000000009.203647	-00000004.842273	-00000000.072605
000000012.522269	-00000006.588284	-00000000.098785
000000008.820432	-00000004.689907	000000000.069743
000000015.301108	-00000008.135744	000000000.120985
000000020.907690	-00000011.116816	000000000.165316
000000008.394990	-00000004.463696	000000000.199162
000000021.053682	-00000011.194441	000000000.499477
000000022.280710	-00000011.846864	000000000.528587
000000007.750139	-00000004.164299	-00000000.184293
000000008.791075	-00000004.723615	-00000000.069673
000000011.468918	-00000006.162472	-00000000.090896
000000015.554685	-00000008.445504	000000000.123568
000000020.598972	-00000011.184329	000000000.163641
000000021.890800	-00000011.885735	000000000.173903
000000008.382076	-00000004.551096	000000000.199791
000000007.538197	-00000004.135596	-00000000.180105
000000008.793355	-00000004.824200	-00000000.070022
000000011.537443	-00000006.329658	-00000000.091873
000000008.649778	-00000004.794651	000000000.069045
000000008.280832	-00000004.590140	000000000.198325
000000007.432036	-00000004.162140	-00000000.178429
000000008.593877	-00000004.812802	-00000000.068765
000000008.581498	-00000004.855178	000000000.068835
000000012.767807	-00000007.223678	000000000.102415
000000008.518913	-00000004.819769	000000000.205026
000000020.109509	-00000011.377413	000000000.483979
000000007.204470	-00000004.117694	-00000000.173822
000000008.508142	-00000004.862803	-00000000.068416
000000008.460862	-00000004.884881	000000000.068207
000000012.609023	-00000007.279823	000000000.101647
000000020.688843	-00000011.944709	000000000.166782
000000008.424579	-00000004.863933	000000000.203770
000000006.986897	-00000004.074638	-00000000.169424
000000008.474020	-00000004.941903	-00000000.068486
000000008.529921	-00000005.024507	000000000.069114
000000012.501935	-00000007.364202	000000000.101298
000000020.144398	-00000011.865957	000000000.163222
000000008.674703	-00000005.109790	000000000.210890
000000006.994034	-00000004.161013	-00000000.170471
000000008.456353	-00000005.031002	-00000000.068696
000000011.489984	-00000006.835822	-00000000.093339
000000008.477179	-00000005.093603	000000000.069045
000000012.454337	-00000007.483321	000000000.101438
000000008.278420	-00000004.974176	000000000.202304
000000012.306223	-00000007.394324	000000000.300733
000000007.025835	-00000004.263381	-00000000.172147
000000008.292443	-00000005.031978	-00000000.067718
000000011.412796	-00000006.925455	-00000000.093200
000000008.543246	-00000005.235308	000000000.069952
000000012.200984	-00000007.476772	000000000.099902
000000007.868142	-00000004.821604	000000000.193299
000000006.886343	-00000004.261398	-00000000.169634
000000006.904692	-00000004.272753	-00000000.056688
000000011.402946	-00000007.056357	-00000000.093619
000000012.771979	-00000007.903541	-00000000.104859
000000007.759450	-00000004.848643	000000000.063879
000000012.432082	-00000007.768427	000000000.102345
000000017.757694	-00000011.096239	000000000.146188
000000007.774896	-00000004.858294	000000000.192042
000000006.975724	-00000004.401354	-00000000.172775
000000006.824857	-00000004.306164	-00000000.056339
000000008.812269	-00000005.560128	-00000000.072745
000000011.002651	-00000006.942156	-00000000.090826
000000012.195143	-00000007.769163	000000000.100949
000000008.027326	-00000005.113971	000000000.199372
000000006.525032	-00000004.197042	-00000000.162513
000000008.477467	-00000005.452890	-00000000.070371
000000010.420219	-00000006.702510	-00000000.086498
000000012.160427	-00000007.897074	000000000.101228
000000007.982393	-00000005.183827	000000000.199372
000000011.948435	-00000007.759404	000000000.298429
000000006.496518	-00000004.259304	-00000000.162723
000000008.571724	-00000005.619869	-00000000.071558
000000012.084041	-00000007.922644	-00000000.100879
000000011.890923	-00000007.870430	000000000.099553
000000008.370378	-00000005.540232	000000000.210262
000000011.680179	-00000007.730941	000000000.293403
000000006.342722	-00000004.238071	-00000000.159791
000000008.713589	-00000005.822234	-00000000.073164
000000008.315044	-00000005.608568	000000000.070022
000000011.763756	-00000007.934754	000000000.099064
000000008.230537	-00000005.551568	000000000.207958
000000011.471364	-00000007.737533	000000000.289843
000000006.297233	-00000004.287633	-00000000.159581
000000008.464072	-00000005.762982	-00000000.071488
000000011.669342	-00000008.020117	000000000.098855
000000016.210167	-00000011.140939	000000000.137321
000000008.231215	-00000005.657157	000000000.209215
000000005.972063	-00000004.142968	-00000000.152251
000000008.544920	-00000005.927822	-00000000.072605
000000011.844650	-00000008.293714	000000000.100949
000000008.279811	-00000005.797586	000000000.211728
000000011.514752	-00000008.062716	000000000.294450
000000005.780554	-00000004.085292	-00000000.148272
000000007.960509	-00000005.625931	-00000000.204189
000000009.676967	-00000006.839004	-00000000.082728
000000011.470609	-00000008.181906	000000000.098366
000000011.460233	-00000008.174504	000000000.294869
000000006.093584	-00000004.386753	-00000000.157278
000000008.505088	-00000006.122787	-00000000.073164
000000009.885947	-00000007.182561	000000000.085311
000000011.406862	-00000008.287570	000000000.098436
000000011.509787	-00000008.362350	000000000.298011
000000006.296951	-00000004.617115	-00000000.163560
000000009.467429	-00000006.941806	-00000000.081960
000000011.414489	-00000008.446278	000000000.099134
000000015.811480	-00000011.699879	000000000.137321
000000011.460485	-00000008.480312	000000000.298639
000000006.112226	-00000004.564216	-00000000.159791
000000006.850554	-00000005.115551	-00000000.059690
000000008.829602	-00000006.593377	-00000000.076933
000000009.926798	-00000007.480379	000000000.086777
000000014.446964	-00000010.886569	000000000.126291
000000014.619809	-00000011.016816	000000000.383456
000000005.626500	-00000004.278490	-00000000.148063
000000006.947573	-00000005.283057	-00000000.182827
000000009.344835	-00000007.105978	-00000000.081960
000000014.565613	-00000011.176588	000000000.128176
000000014.269297	-00000010.949216	000000000.376754
000000005.596854	-00000004.333548	-00000000.148272
000000008.529670	-00000006.604376	-00000000.225969
000000007.108126	-00000005.503699	-00000000.062762
000000009.353630	-00000007.242354	-00000000.082588
000000009.755336	-00000007.621704	000000000.086428
000000014.128689	-00000011.038542	000000000.125174
000000014.133813	-00000011.042545	000000000.375707
000000006.909274	-00000005.446832	-00000000.184293
000000009.109455	-00000007.181315	-00000000.080983
000000009.414546	-00000007.488668	000000000.083985
000000014.110082	-00000011.223666	000000000.125872
000000014.068209	-00000011.190358	000000000.376545
000000005.372225	-00000004.311667	-00000000.144293
000000007.072001	-00000005.675880	-00000000.189948
000000007.385326	-00000005.927351	-00000000.066113
000000009.093231	-00000007.298090	-00000000.081401
000000009.558662	-00000007.740452	000000000.085870
000000013.234474	-00000010.717066	000000000.118891
000000013.705848	-00000011.098777	000000000.369424
000000005.272457	-00000004.307778	-00000000.142618
000000006.774449	-00000005.534957	-00000000.183246
000000008.253215	-00000006.743159	-00000000.223246
000000009.021454	-00000007.370837	-00000000.081332
000000013.742298	-00000011.328277	000000000.124336
000000013.539041	-00000011.160724	000000000.367539
000000004.904135	-00000004.078726	-00000000.133613
000000006.841191	-00000005.689759	-00000000.186388
000000008.879907	-00000007.385341	-00000000.080634
000000009.161668	-00000007.687552	000000000.083496
000000013.750163	-00000011.537757	000000000.125314
000000013.402838	-00000011.246316	000000000.366492
000000006.753126	-00000005.716943	-00000000.185340
000000008.807488	-00000007.456089	-00000000.080564
000000008.904137	-00000007.604851	000000000.081751
000000008.940413	-00000007.635834	000000000.246283
000000004.923092	-00000004.242008	-00000000.136126
000000006.680257	-00000005.756078	-00000000.184712
000000007.908785	-00000006.814645	-00000000.072884
000000004.731914	-00000004.113390	000000000.043773
000000008.882715	-00000007.721627	000000000.082169
000000013.403316	-00000011.651324	000000000.123987
000000004.670628	-00000004.060115	000000000.129634
000000008.963984	-00000007.792272	000000000.248796
000000013.355431	-00000011.609698	000000000.370681
000000006.990577	-00000006.130571	-00000000.194765
000000008.848939	-00000007.760312	-00000000.082169
000000004.620944	-00000004.088266	000000000.043074
000000013.450916	-00000011.900366	000000000.125383
000000004.642507	-00000004.107343	000000000.129843
000000012.939117	-00000011.447564	000000000.361885
000000004.639459	-00000004.140875	-00000000.130262
000000007.115827	-00000006.351118	-00000000.199791
000000004.722428	-00000004.214928	-00000000.044191
000000008.803263	-00000007.857213	-00000000.082379
000000004.748580	-00000004.275640	000000000.044610
000000013.079030	-00000011.776412	000000000.122870
000000004.747654	-00000004.274807	000000000.133822
000000004.484738	-00000004.073649	-00000000.126911
000000007.060132	-00000006.412972	-00000000.199791
000000008.919412	-00000008.101823	-00000000.084124
000000004.644734	-00000004.256114	000000000.043982
000000012.747215	-00000011.680671	000000000.120706
000000004.665942	-00000004.275548	000000000.132566
000000012.516223	-00000011.469006	000000000.355602
000000004.559143	-00000004.214428	-00000000.130052
000000007.341615	-00000006.786519	-00000000.209424
000000008.760254	-00000008.097896	-00000000.083286
000000004.702489	-00000004.385142	000000000.044890
000000012.856885	-00000011.989239	000000000.122731
000000004.628454	-00000004.316103	000000000.132566
000000007.114624	-00000006.692770	-00000000.204607
000000004.676028	-00000004.398767	-00000000.044820
000000008.565434	-00000008.057556	-00000000.082100
000000004.642283	-00000004.405362	000000000.044680
000000012.947618	-00000012.286830	000000000.124615
000000004.829934	-00000004.583436	000000000.139477
000000004.730446	-00000004.528417	-00000000.137173
000000007.171501	-00000006.865219	-00000000.207958
000000004.702475	-00000004.501640	-00000000.045448
000000007.548519	-00000007.226135	-00000000.072954
000000008.610369	-00000008.242635	-00000000.083217
000000004.639628	-00000004.480437	000000000.045029
000000012.379536	-00000011.954779	000000000.120147
000000004.192831	-00000004.048970	000000000.122094
000000012.492192	-00000012.063570	000000000.363770
000000004.819655	-00000004.695100	-00000000.140942
000000007.304677	-00000007.115901	-00000000.213613
000000004.813432	-00000004.689037	-00000000.046914
000000007.614104	-00000007.417332	-00000000.074211
000000012.577955	-00000012.252901	-00000000.122591
000000004.792926	-00000004.709995	000000000.046914
000000011.661361	-00000011.459587	000000000.114144
000000012.888122	-00000012.665121	000000000.126151
000000004.093160	-00000004.022336	000000000.120209
000000004.714597	-00000004.673633	-00000000.139058
000000007.313305	-00000007.249762	-00000000.215707
000000004.751024	-00000004.709744	-00000000.046705
000000008.024899	-00000007.955173	-00000000.078888
000000012.108365	-00000012.003158	-00000000.119030
000000003.959701	-00000003.959701	000000000.039095
000000011.843750	-00000011.843750	000000000.116936
000000004.086181	-00000004.086181	000000000.121047
000000004.575092	-00000004.615192	-00000000.136126
000000007.482035	-00000007.547615	-00000000.222618
000000004.737904	-00000004.779431	-00000000.046984
000000012.348118	-00000012.456348	-00000000.122451
000000003.924996	-00000003.994105	000000000.039095
000000011.347445	-00000011.547244	000000000.113027
000000012.672131	-00000012.895254	000000000.126221
000000004.134458	-00000004.207255	000000000.123560
000000004.632312	-00000004.755202	-00000000.139058
000000007.101949	-00000007.290355	-00000000.213194
000000004.626238	-00000004.748966	-00000000.046286
000000007.842974	-00000008.051038	-00000000.078469
000000011.883082	-00000012.198325	-00000000.118891
000000004.153956	-00000004.301547	000000000.041748
000000011.169834	-00000011.566702	000000000.112259
000000004.000355	-00000004.142488	000000000.120628
000000003.961501	-00000004.138238	-00000000.120000
000000004.148977	-00000004.334078	-00000000.041888
000000004.185094	-00000004.410169	000000000.042446
000000003.908996	-00000004.119223	000000000.118953
000000003.836183	-00000004.077983	-00000000.117278
000000007.439455	-00000007.908374	-00000000.227435
000000003.878041	-00000004.122479	-00000000.039514
000000010.668039	-00000011.340460	-00000000.108698
000000004.139629	-00000004.439209	000000000.042376
000000003.777442	-00000004.050811	000000000.116021
000000003.719012	-00000004.023205	-00000000.114764
000000003.936949	-00000004.258967	-00000000.040491
000000003.918328	-00000004.276104	000000000.040491
000000003.620369	-00000003.950940	000000000.112251
000000003.905594	-00000004.299724	-00000000.121675
000000006.957470	-00000007.659578	-00000000.216754
000000003.973591	-00000004.374582	-00000000.041259
000000004.161891	-00000004.622248	000000000.043423
000000003.753000	-00000004.168128	000000000.117487
000000004.613548	-00000005.169044	-00000000.145131
000000004.361419	-00000004.886557	-00000000.045727
000000004.134648	-00000004.673369	000000000.043563
000000003.848978	-00000004.350478	000000000.121675
000000004.502344	-00000005.133940	-00000000.143037
000000004.186744	-00000004.774066	-00000000.044331
000000004.133071	-00000004.754555	000000000.043982
000000004.053555	-00000004.663082	000000000.129424
000000004.144115	-00000004.809483	-00000000.132984
000000004.184088	-00000004.855873	-00000000.044750
000000004.006997	-00000004.691590	000000000.043074
000000003.694549	-00000004.325761	000000000.119162
000000004.063229	-00000004.799679	-00000000.131728
000000004.128632	-00000004.876936	-00000000.044610
000000003.824493	-00000004.557853	000000000.041538
000000003.746630	-00000004.465060	000000000.122094
000000003.701885	-00000004.490746	000000000.040631
000000003.694804	-00000004.482155	000000000.121675
000000003.712900	-00000004.585050	000000000.041189
000000003.624091	-00000004.475379	000000000.120628
000000003.517122	-00000004.421628	000000000.039444
000000003.852520	-00000004.843282	000000000.129634
000000003.558437	-00000004.554591	000000000.040352
000000006.113369	-00000007.824756	000000000.069324
000000008.298914	-00000010.622126	000000000.094107
000000003.927059	-00000005.026406	000000000.133613
000000003.932503	-00000005.124938	000000000.045099
000000003.615250	-00000004.711485	000000000.124398
000000003.899666	-00000005.175032	000000000.045239
000000003.790603	-00000005.030301	000000000.131937
000000003.646175	-00000004.927523	000000000.042795
000000005.728004	-00000007.740953	000000000.067230
000000006.441774	-00000008.705558	000000000.075607
000000004.121218	-00000005.569506	000000000.145131
000000004.202562	-00000005.784331	000000000.049916
000000005.848320	-00000008.049522	000000000.069464
000000003.790383	-00000005.217015	000000000.135079
000000003.768670	-00000005.283481	000000000.045308
000000003.860828	-00000005.412681	000000000.139267
000000003.894489	-00000005.561907	000000000.047403
000000006.068291	-00000008.666417	000000000.073862
000000003.641412	-00000005.200475	000000000.132984
000000003.732526	-00000005.430860	000000000.046007
000000006.049071	-00000008.801454	000000000.074560
000000003.431669	-00000004.993109	000000000.126911
000000003.466911	-00000005.139907	000000000.043284
000000005.703629	-00000008.455977	000000000.071209
000000003.337649	-00000004.948269	000000000.125026
000000003.344657	-00000005.053225	000000000.042306
000000003.310896	-00000005.002218	000000000.125655
000000003.344002	-00000005.149312	000000000.042865
000000005.560629	-00000008.562618	000000000.071279
000000003.365131	-00000005.181847	000000000.129424
000000003.127008	-00000004.908419	000000000.040631
000000003.583002	-00000005.624187	000000000.139686
000000003.290719	-00000005.266250	000000000.043354
000000005.781278	-00000009.251979	000000000.076166
000000007.286212	-00000011.660378	000000000.095992
000000003.517892	-00000005.629804	000000000.139058
000000005.402503	-00000008.816085	000000000.072186
000000003.364153	-00000005.489799	000000000.134869
000000005.376866	-00000008.948608	000000000.072884
000000006.509923	-00000010.834331	000000000.088243
000000005.169848	-00000008.604073	000000000.210262
000000006.771265	-00000011.269278	000000000.275393
000000006.724720	-00000011.416308	000000000.092502
000000005.226499	-00000008.872834	000000000.215707
000000007.034828	-00000012.184680	000000000.098226
000000005.208858	-00000009.022006	000000000.218220
000000006.303617	-00000010.918185	000000000.264084
