000000003.661179	000000004.249008	-00000000.117487
000000003.714113	000000004.310440	-00000000.039723
000000003.988945	000000004.548520	-00000000.042237
000000003.761406	000000004.214300	-00000000.118325
000000004.148342	000000004.647824	-00000000.043493
000000003.717373	000000004.092509	-00000000.115812
000000003.771886	000000004.152523	-00000000.039165
000000003.922608	000000004.243454	-00000000.121047
000000004.120220	000000004.457229	-00000000.042376
000000003.945789	000000004.194497	-00000000.120628
000000004.193218	000000004.457521	-00000000.042725
000000003.933846	000000004.109350	-00000000.119162
000000004.287276	000000004.478547	-00000000.043284
000000003.990486	000000004.096348	-00000000.119791
000000004.361084	000000004.476778	-00000000.043633
000000004.378011	000000004.416384	-00000000.130262
000000004.329585	000000004.367534	-00000000.042935
000000004.359582	000000004.321702	-00000000.128586
000000004.332025	000000004.294385	-00000000.042586
000000004.167963	000000004.060250	-00000000.121885
000000004.297707	000000004.186641	-00000000.041888
000000004.239347	000000004.058291	-00000000.122932
000000004.399089	000000004.211212	-00000000.042516
000000004.325575	000000004.069094	-00000000.124398
000000004.311851	000000004.056184	-00000000.041329
000000004.522435	000000004.180495	-00000000.129005
000000004.648148	000000004.296704	-00000000.044191
000000004.573545	000000004.154315	-00000000.129424
000000005.122185	000000004.652665	-00000000.048310
000000004.654377	000000004.154190	-00000000.130681
000000005.080527	000000004.534544	-00000000.047542
000000005.006155	000000004.390280	-00000000.139477
000000005.165013	000000004.529595	-00000000.047961
000000005.074572	000000004.372531	-00000000.140314
000000005.522514	000000004.758502	-00000000.050893
000000005.112536	000000004.328081	-00000000.140314
000000005.243279	000000004.438764	-00000000.047961
000000005.180857	000000004.308874	-00000000.141152
000000005.658538	000000004.706156	-00000000.051382
000000005.349879	000000004.371035	-00000000.144712
000000005.714879	000000004.669251	-00000000.051522
000000005.224080	000000004.192768	-00000000.140314
000000005.131515	000000004.118476	-00000000.045937
000000005.393944	000000004.252243	-00000000.143874
000000005.764086	000000004.544039	-00000000.051242
000000005.549423	000000004.296823	-00000000.147016
000000005.937934	000000004.597640	-00000000.052429
000000005.634458	000000004.284542	-00000000.148272
000000005.906191	000000004.491172	-00000000.051801
000000005.479374	000000004.091643	-00000000.143246
000000006.017270	000000004.493309	-00000000.052429
000000005.563248	000000004.079142	-00000000.144503
000000005.967545	000000004.375585	-00000000.051661
000000005.801481	000000004.176469	-00000000.149738
000000006.240852	000000004.492771	-00000000.053686
000000005.886694	000000004.160304	-00000000.150995
000000006.149161	000000004.345798	-00000000.052569
000000006.430187	000000004.502465	000000000.054803
000000005.955634	000000004.131570	-00000000.151833
000000006.236148	000000004.326170	-00000000.052988
000000005.925349	000000004.034426	-00000000.150157
000000006.455509	000000004.395400	-00000000.054524
000000006.507786	000000004.389557	000000000.054803
000000006.539672	000000004.411064	000000000.165236
000000006.234654	000000004.165863	-00000000.157068
000000006.551821	000000004.377787	-00000000.055012
000000006.371103	000000004.177078	-00000000.159581
000000006.547961	000000004.293031	-00000000.054663
000000009.241925	000000006.001776	000000000.076933
000000010.424421	000000006.769699	000000000.086777
000000011.671734	000000007.579713	000000000.291518
000000006.525032	000000004.197042	-00000000.162513
000000006.610405	000000004.251956	-00000000.054873
000000006.240103	000000003.937212	-00000000.154555
000000006.292062	000000003.969995	-00000000.051941
000000009.845598	000000006.152213	000000000.081052
000000012.022685	000000007.512607	000000000.296964
000000014.515400	000000009.070229	000000000.358534
000000006.699306	000000004.145657	-00000000.165026
000000006.479526	000000004.009652	-00000000.053197
000000006.812153	000000004.133716	-00000000.166911
000000007.523041	000000004.565094	-00000000.061435
000000006.840028	000000004.109904	000000000.055710
000000009.900042	000000005.948545	000000000.080634
000000012.940388	000000007.775370	000000000.316231
000000014.602928	000000008.774324	000000000.356859
000000006.959666	000000004.140566	-00000000.169634
000000007.648530	000000004.550397	-00000000.062133
000000006.823937	000000004.019606	000000000.055292
000000013.231721	000000007.794079	000000000.321676
000000007.055988	000000004.114931	-00000000.171100
000000007.178298	000000004.186260	-00000000.058014
000000007.023294	000000004.054901	000000000.056618
000000009.759869	000000005.634863	000000000.078679
000000006.987292	000000004.034115	000000000.169005
000000007.308631	000000004.177227	-00000000.176335
000000007.674691	000000004.386447	-00000000.061714
000000009.895703	000000005.598720	000000000.079377
000000007.074440	000000004.002526	000000000.170262
000000007.466928	000000004.181681	-00000000.179267
000000008.227437	000000004.607586	-00000000.065833
000000010.127850	000000005.613958	000000000.080843
000000011.358818	000000006.296296	000000000.272042
000000013.422468	000000007.440196	000000000.321466
000000007.599554	000000004.169258	-00000000.181571
000000008.504042	000000004.665477	-00000000.067718
000000009.807360	000000005.324962	000000000.077911
000000010.967370	000000005.954796	000000000.087126
000000007.750139	000000004.164299	-00000000.184293
000000008.518006	000000004.576890	-00000000.067509
000000009.994723	000000005.314289	000000000.079028
000000010.063395	000000005.350802	000000000.238744
000000017.240185	000000009.166769	000000000.409005
000000008.033925	000000004.226852	-00000000.190157
000000008.708066	000000004.581535	-00000000.068696
000000009.952020	000000005.180693	000000000.078330
000000015.740990	000000008.194241	000000000.371728
000000008.052730	000000004.147428	-00000000.189738
000000008.703266	000000004.482476	-00000000.068347
000000010.121587	000000005.157206	000000000.079307
000000013.008379	000000006.628100	000000000.101926
000000015.696093	000000007.997559	000000000.369005
000000008.160038	000000004.112998	-00000000.191414
000000009.126022	000000004.599894	-00000000.071348
000000010.094613	000000005.032989	000000000.078749
000000013.262604	000000006.612490	000000000.103462
000000015.720548	000000007.837976	000000000.367958
000000019.048975	000000009.497468	000000000.445864
000000008.321154	000000004.103539	-00000000.194346
000000009.174784	000000004.524503	-00000000.071418
000000010.353855	000000005.049913	000000000.080424
000000010.899981	000000005.316276	000000000.254032
000000015.635586	000000007.625985	000000000.364398
000000008.482717	000000004.091577	-00000000.197278
000000009.322000	000000004.496399	-00000000.072256
000000010.207992	000000004.868962	000000000.078958
000000015.981278	000000007.622679	000000000.370890
000000018.742586	000000008.939754	000000000.434974
000000008.608525	000000004.060044	-00000000.199372
000000009.541769	000000004.500191	-00000000.073652
000000010.186651	000000004.750113	000000000.078469
000000013.920548	000000006.491258	000000000.107232
000000015.576015	000000007.263215	000000000.360000
000000018.330585	000000008.547692	000000000.423665
000000008.797977	000000004.055923	-00000000.202932
000000009.063047	000000004.178122	-00000000.069673
000000010.200418	000000004.648598	000000000.078260
000000013.967566	000000006.365386	000000000.107162
000000015.593315	000000007.106283	000000000.358953
000000018.258917	000000008.321068	000000000.420314
000000008.988002	000000004.048800	-00000000.206492
000000009.545917	000000004.300122	-00000000.073094
000000010.076160	000000004.486196	000000000.077003
000000010.339067	000000004.603249	000000000.237068
000000009.105351	000000004.006451	-00000000.208377
000000009.738677	000000004.285120	-00000000.074281
000000010.206630	000000004.437969	000000000.077701
000000010.268820	000000004.465010	000000000.234555
000000009.268570	000000003.982092	-00000000.211309
000000009.766513	000000004.196025	-00000000.074211
000000010.300198	000000004.372175	000000000.078120
000000010.298190	000000004.371322	000000000.234346
000000009.450487	000000003.962918	-00000000.214660
000000009.701318	000000004.068100	-00000000.073443
000000009.755931	000000004.041039	000000000.073722
000000009.717081	000000004.024947	000000000.220314
000000009.642017	000000003.944653	-00000000.218220
000000009.912297	000000004.055228	-00000000.074769
000000009.438502	000000003.813402	000000000.071069
000000010.671626	000000004.311617	000000000.080354
000000013.935233	000000005.630200	000000000.104928
000000009.529360	000000003.850111	000000000.215288
000000016.129461	000000006.516725	000000000.364398
000000018.706467	000000007.557903	000000000.422618
000000009.889652	000000003.945571	-00000000.223037
000000010.402413	000000004.150142	-00000000.078190
000000010.587894	000000004.170682	000000000.079447
000000014.644416	000000005.768589	000000000.109885
000000015.971766	000000006.291446	000000000.359581
000000018.483343	000000007.280783	000000000.416126
000000020.408884	000000008.039273	000000000.459477
000000009.877117	000000003.841001	-00000000.221990
000000010.764429	000000004.186058	-00000000.080634
000000013.228513	000000005.077950	000000000.098924
000000016.113205	000000006.185280	000000000.120497
000000010.939163	000000004.199152	000000000.245445
000000017.463457	000000006.703593	000000000.391833
000000020.562267	000000007.893115	000000000.461362
000000010.059848	000000003.811336	-00000000.225340
000000010.594824	000000004.014019	-00000000.079098
000000010.818300	000000004.044797	000000000.080634
000000018.036350	000000006.743515	000000000.403351
000000020.461800	000000007.650353	000000000.457592
000000009.942647	000000003.668036	-00000000.221990
000000011.154823	000000004.115232	-00000000.083007
000000010.834392	000000003.943396	000000000.080494
000000014.207806	000000005.171218	000000000.105557
000000018.188459	000000006.620058	000000000.405445
000000020.584150	000000007.492018	000000000.458848
000000010.087194	000000003.621673	-00000000.224503
000000011.275014	000000004.048143	-00000000.083635
000000014.356080	000000005.083755	000000000.106325
000000016.458118	000000005.828125	000000000.121893
000000018.302082	000000006.481108	000000000.406702
000000020.761839	000000007.352152	000000000.461362
000000009.910761	000000003.460993	-00000000.219895
000000011.781943	000000004.114439	-00000000.087126
000000014.484991	000000004.987583	000000000.106953
000000016.650177	000000005.733116	000000000.122940
000000014.245840	000000004.905236	000000000.315602
000000017.110134	000000005.891491	000000000.379058
000000020.135128	000000006.933081	000000000.446074
000000010.167799	000000003.451503	-00000000.224922
000000012.309792	000000004.178611	-00000000.090756
000000014.196059	000000004.749935	000000000.104509
000000016.765953	000000005.609810	000000000.123429
000000017.160894	000000005.741955	000000000.379058
000000020.460337	000000006.845932	000000000.451937
000000009.855715	000000003.249928	-00000000.217382
000000012.269814	000000004.045978	-00000000.090198
000000014.379624	000000004.672223	000000000.105557
000000014.376821	000000004.671312	000000000.316649
000000009.988441	000000003.197325	-00000000.219686
000000012.885601	000000004.124713	-00000000.094456
000000012.674589	000000003.996283	000000000.092781
000000014.276795	000000004.501456	000000000.104509
000000014.331222	000000004.518617	000000000.314765
000000009.767711	000000003.032955	-00000000.214241
000000013.140755	000000004.080313	-00000000.096062
000000014.305970	000000004.373774	000000000.104440
000000014.293620	000000004.369998	000000000.313089
000000009.631056	000000002.898619	-00000000.210681
000000011.373453	000000003.423021	-00000000.248796
000000013.616333	000000004.098051	-00000000.099274
000000014.343594	000000004.248766	000000000.104440
000000016.615940	000000004.921866	000000000.120985
000000017.708969	000000005.245636	000000000.128944
000000014.465417	000000004.284852	000000000.316021
000000020.926445	000000006.198695	000000000.457173
000000009.809558	000000002.859225	-00000000.214032
000000013.862782	000000004.040632	-00000000.100809
000000016.216091	000000004.649889	000000000.117774
000000018.826986	000000005.398551	000000000.410262
000000021.047014	000000006.035134	000000000.458639
000000009.593575	000000002.705668	-00000000.208796
000000011.210144	000000003.161588	-00000000.243979
000000014.272863	000000004.025364	-00000000.103532
000000017.267838	000000004.788795	000000000.125104
000000020.944731	000000005.808488	000000000.455288
000000009.722923	000000002.650773	-00000000.211100
000000014.423219	000000003.932221	-00000000.104370
000000017.318628	000000004.640512	000000000.125174
000000014.340853	000000003.842620	000000000.310995
000000019.797136	000000005.304627	000000000.429320
000000009.561987	000000002.517461	-00000000.207121
000000011.292620	000000002.973099	-00000000.244607
000000014.785772	000000003.892769	-00000000.106743
000000017.406870	000000004.501723	000000000.125523
000000019.378065	000000005.011508	000000000.419267
000000022.291552	000000005.764987	000000000.482304
000000009.728944	000000002.470837	-00000000.210262
000000014.809487	000000003.761131	-00000000.106674
000000015.776625	000000003.933554	000000000.113515
000000017.717169	000000004.417386	000000000.127478
000000018.373371	000000004.580996	000000000.396649
000000009.478220	000000002.319306	-00000000.204398
000000010.730976	000000002.625853	-00000000.231414
000000016.055893	000000003.928852	-00000000.115400
000000017.696703	000000004.248602	000000000.127059
000000018.208494	000000004.371473	000000000.392252
000000009.644073	000000002.270878	-00000000.207539
000000015.106479	000000003.557103	-00000000.108349
000000017.489517	000000004.037773	000000000.125314
000000018.440781	000000004.257390	000000000.396440
000000022.405596	000000005.172740	000000000.481676
000000009.546507	000000002.160154	-00000000.205026
000000010.979946	000000002.484508	-00000000.235812
000000016.970543	000000003.840042	-00000000.121474
000000017.192154	000000003.811409	000000000.122940
000000019.398529	000000004.300550	000000000.138718
000000023.904245	000000005.299444	000000000.512880
000000033.167263	000000007.353005	000000000.711623
000000009.672465	000000002.100098	-00000000.207330
000000015.518052	000000003.369299	-00000000.110862
000000016.882416	000000003.588468	000000000.120497
000000018.897350	000000004.016756	000000000.134878
000000031.362314	000000006.666265	000000000.671623
000000009.680636	000000002.013575	-00000000.207121
000000017.700710	000000003.681753	-00000000.126221
000000018.500526	000000003.763975	000000000.131806
000000022.312342	000000004.539497	000000000.158963
000000019.192514	000000003.904761	000000000.410262
000000026.138657	000000005.317970	000000000.558744
000000009.668422	000000001.923169	-00000000.206492
000000015.201801	000000003.023826	-00000000.108210
000000018.811003	000000003.741741	-00000000.133901
000000019.367031	000000003.764570	000000000.137740
000000021.870121	000000004.251121	000000000.155542
000000019.304373	000000003.752390	000000000.411937
000000022.444891	000000004.362845	000000000.478953
000000019.373449	000000003.678164	-00000000.137670
000000021.080473	000000003.907035	000000000.149678
000000021.872623	000000004.053851	000000000.465969
000000009.513587	000000001.720337	-00000000.202513
000000015.301460	000000002.766955	-00000000.108559
000000020.575788	000000003.720709	-00000000.145978
000000021.645546	000000003.816694	000000000.153448
000000025.496050	000000004.495642	000000000.180745
000000021.326258	000000003.760395	000000000.453613
000000009.567651	000000001.644023	-00000000.203351
000000021.484598	000000003.691729	-00000000.152191
000000022.762917	000000003.809206	000000000.161127
000000026.717827	000000004.471031	000000000.189122
000000027.028160	000000004.522963	000000000.574032
000000009.542162	000000001.554040	-00000000.202513
000000015.238853	000000002.481805	-00000000.107791
000000022.216747	000000003.618227	-00000000.157148
000000023.052084	000000003.651092	000000000.162943
000000025.718779	000000004.073454	000000000.181792
000000027.007353	000000004.277544	000000000.572775
000000010.484216	000000001.613675	-00000000.222199
000000022.227709	000000003.421172	-00000000.157009
000000025.901695	000000003.871034	000000000.182839
000000040.412212	000000006.039646	000000000.855917
000000009.439203	000000001.368619	-00000000.199791
000000014.923579	000000002.163816	-00000000.105277
000000026.469219	000000003.720006	000000000.186609
000000030.459904	000000004.280860	000000000.214744
000000030.483667	000000004.284200	000000000.644817
000000009.430975	000000001.283499	-00000000.199372
000000026.966644	000000003.550226	000000000.189890
000000030.496101	000000004.014888	000000000.214744
000000030.470331	000000004.011495	000000000.643770
000000009.382309	000000001.193580	-00000000.198115
000000015.078108	000000001.918178	-00000000.106115
000000030.242144	000000003.713268	000000000.212719
000000034.103054	000000004.187329	000000000.239876
000000034.245255	000000004.204789	000000000.722723
000000033.552105	000000003.822779	000000000.235757
000000009.361958	000000001.025301	-00000000.197278
000000013.976092	000000001.530631	-00000000.098157
000000034.886978	000000003.666769	000000000.244903
000000038.298103	000000004.025293	000000000.268848
000000038.449726	000000004.041229	000000000.809843
000000042.651688	000000004.106890	000000000.299147
000000009.298779	000000000.854438	-00000000.195602
000000013.871225	000000001.274587	-00000000.097249
000000041.908890	000000003.666553	000000000.293702
000000043.285126	000000003.786958	000000000.910158
000000060.621067	000000004.770981	000000000.424530
000000060.778687	000000004.783386	000000001.277069
000000009.192631	000000000.683130	-00000000.193089
000000013.512411	000000001.004146	-00000000.094596
000000009.208218	000000000.603538	-00000000.193299
000000009.163226	000000000.520326	-00000000.192251
000000013.537862	000000000.768735	-00000000.094666
000000073.762566	000000003.865732	000000001.547226
000000009.167418	000000000.440343	-00000000.192251
000000085.899307	000000003.750445	000000001.801048
000000009.051030	000000000.355616	-00000000.189738
000000013.439302	000000000.528032	-00000000.093898
000000098.728149	000000003.447663	000000002.069320
000000009.413542	000000000.287610	-00000000.197278
000000009.025871	000000000.196945	-00000000.189110
000000013.516454	000000000.294930	-00000000.094387
000000009.347149	000000000.122361	-00000000.195812
000000008.957950	000000000.039087	-00000000.187644
000000013.309549	000000000.058074	-00000000.092921
000000009.207892	-00000000.040177	-00000000.192880
000000009.107222	-00000000.119220	-00000000.190785
000000013.418524	-00000000.175658	-00000000.093689
000000009.105834	-00000000.198690	-00000000.190785
000000009.173706	-00000000.280282	-00000000.192251
000000013.413414	-00000000.409817	-00000000.093689
000000009.150930	-00000000.359541	-00000000.191833
000000051.030178	-00000002.228026	000000001.069948
000000009.127472	-00000000.438424	-00000000.191414
000000013.434183	-00000000.645290	-00000000.093898
000000051.378204	-00000002.692618	000000001.077697
000000009.073390	-00000000.515224	-00000000.190367
000000051.472504	-00000003.148193	000000001.080210
000000061.980556	-00000003.790893	000000001.300734
000000009.158337	-00000000.600269	-00000000.192251
000000013.490725	-00000000.884229	-00000000.094387
000000055.731655	-00000003.897137	000000001.170262
000000009.182660	-00000000.682389	-00000000.192880
000000044.741802	-00000003.521256	000000000.940105
000000049.276783	-00000003.878167	000000001.035393
000000009.146465	-00000000.760013	-00000000.192251
000000013.632684	-00000001.132789	-00000000.095504
000000042.028427	-00000003.677011	000000000.294539
000000044.330898	-00000003.878451	000000000.932147
000000009.657189	-00000000.887371	-00000000.203141
000000042.074371	-00000004.051301	000000000.295098
000000038.324299	-00000003.690210	000000000.806493
000000009.261126	-00000000.932546	-00000000.194974
000000013.620787	-00000001.371541	-00000000.095573
000000034.528961	-00000003.629140	000000000.242389
000000039.461666	-00000004.147588	000000000.277016
000000038.061947	-00000004.000472	000000000.801676
000000009.511032	-00000001.041627	-00000000.200419
000000031.714041	-00000003.613358	000000000.222842
000000033.730942	-00000003.843156	000000000.237014
000000033.644897	-00000003.833352	000000000.709320
000000009.243440	-00000001.094033	-00000000.194974
000000013.634498	-00000001.613749	-00000000.095853
000000029.557304	-00000003.629181	000000000.207902
000000038.380821	-00000004.712573	000000000.269965
000000033.302544	-00000004.089038	000000000.702828
000000009.322801	-00000001.186010	-00000000.196859
000000026.946815	-00000003.547616	000000000.189751
000000029.752535	-00000003.916996	000000000.209508
000000033.906590	-00000004.463887	000000000.238759
000000033.285419	-00000004.382109	000000000.703246
000000009.262565	-00000001.260580	-00000000.195812
000000013.733067	-00000001.868988	-00000000.096760
000000029.974684	-00000004.212667	000000000.211323
000000030.453966	-00000004.280026	000000000.644189
000000033.037998	-00000004.643188	000000000.698849
000000009.162162	-00000001.328450	-00000000.193927
000000030.114799	-00000004.500687	000000000.212579
000000023.711399	-00000003.543692	000000000.502199
000000030.346241	-00000004.535276	000000000.642723
000000009.229272	-00000001.420521	-00000000.195602
000000013.915791	-00000002.141845	-00000000.098296
000000022.207941	-00000003.418129	-00000000.156869
000000021.847134	-00000003.460246	000000000.154425
000000024.484198	-00000003.877916	000000000.173065
000000030.262033	-00000004.793035	000000000.213906
000000023.422829	-00000003.709812	000000000.496754
000000009.630972	-00000001.568503	-00000000.204398
000000021.061989	-00000003.430163	-00000000.148980
000000020.741081	-00000003.470867	000000000.146816
000000024.045055	-00000004.023762	000000000.170203
000000023.350121	-00000003.907470	000000000.495917
000000009.291756	-00000001.596616	-00000000.197487
000000013.758027	-00000002.364061	-00000000.097458
000000019.937313	-00000003.425857	-00000000.141231
000000023.516636	-00000004.146617	000000000.166712
000000023.226521	-00000004.095462	000000000.494032
000000010.399029	-00000001.880451	-00000000.221361
000000018.745518	-00000003.389742	-00000000.132993
000000018.956694	-00000003.513415	000000000.134599
000000023.912176	-00000004.431860	000000000.169784
000000023.239048	-00000004.307103	000000000.495079
000000024.585812	-00000004.556711	000000000.523770
000000009.252653	-00000001.756671	-00000000.197278
000000013.793267	-00000002.618734	-00000000.098017
000000017.742620	-00000003.368542	-00000000.126082
000000018.032053	-00000003.505076	000000000.128246
000000019.818571	-00000003.852340	000000000.140952
000000019.903034	-00000003.868758	000000000.424712
000000023.239834	-00000004.517366	000000000.495917
000000009.825314	-00000001.954376	-00000000.209843
000000017.114286	-00000003.404243	-00000000.121823
000000018.128166	-00000003.688217	000000000.129153
000000019.745001	-00000004.017166	000000000.140672
000000023.297499	-00000004.739930	000000000.498011
000000009.347834	-00000001.944352	-00000000.200000
000000013.784624	-00000002.867206	-00000000.098296
000000017.596447	-00000003.740240	000000000.125593
000000023.993376	-00000005.099950	000000000.171250
000000023.568188	-00000005.009573	000000000.504712
000000009.223038	-00000002.002518	-00000000.197696
000000010.708104	-00000002.324957	-00000000.229529
000000015.557140	-00000003.377786	-00000000.111142
000000017.543612	-00000003.889325	000000000.125453
000000032.890610	-00000007.291673	000000000.235199
000000023.533335	-00000005.217215	000000000.504922
000000009.312476	-00000002.107198	-00000000.200000
000000013.966561	-00000003.160310	-00000000.099972
000000017.733105	-00000004.094009	000000000.127059
000000015.002007	-00000003.463486	000000000.322513
000000018.119308	-00000004.183172	000000000.389529
000000009.867902	-00000002.323582	-00000000.212356
000000014.366728	-00000003.382915	-00000000.103043
000000014.944962	-00000003.587968	000000000.107302
000000017.755043	-00000004.262609	000000000.127478
000000014.844832	-00000003.563929	000000000.319791
000000009.274282	-00000002.269403	-00000000.200000
000000013.831573	-00000003.384565	-00000000.099413
000000015.272082	-00000003.807758	000000000.109885
000000017.785088	-00000004.434320	000000000.127966
000000014.919875	-00000003.719943	000000000.322094
000000009.302576	-00000002.362553	-00000000.201047
000000010.988668	-00000002.790766	-00000000.237487
000000013.394444	-00000003.401756	-00000000.096481
000000014.802617	-00000003.828217	000000000.106743
000000017.813482	-00000004.606880	000000000.128455
000000029.101809	-00000007.526239	000000000.209857
000000014.954600	-00000003.867523	000000000.323560
000000009.233263	-00000002.430915	-00000000.200000
000000012.919418	-00000003.401399	-00000000.093270
000000017.474094	-00000004.600545	-00000000.126151
000000014.884554	-00000003.988304	000000000.107581
000000014.978224	-00000004.013403	000000000.324817
000000028.681705	-00000007.685240	000000000.621990
000000009.616820	-00000002.621846	-00000000.208796
000000012.734882	-00000003.471927	-00000000.092153
000000014.751239	-00000004.021649	-00000000.106743
000000014.868456	-00000004.123388	000000000.107721
000000014.749947	-00000004.090522	000000000.320628
000000009.304901	-00000002.624254	-00000000.202513
000000012.088143	-00000003.409209	-00000000.087685
000000014.630047	-00000004.195098	000000000.106255
000000014.261995	-00000004.089561	000000000.310786
000000009.991927	-00000002.912381	-00000000.218011
000000011.817926	-00000003.444611	-00000000.085939
000000014.516177	-00000004.299888	000000000.105696
000000014.235351	-00000004.216703	000000000.310995
000000009.267258	-00000002.789128	-00000000.202723
000000011.567180	-00000003.481326	-00000000.084334
000000014.382372	-00000004.328603	-00000000.104859
000000014.592855	-00000004.461483	000000000.106534
000000018.790930	-00000005.744964	000000000.137182
000000020.990379	-00000006.417403	000000000.153239
000000014.398791	-00000004.402153	000000000.315393
000000009.777259	-00000003.035920	-00000000.214450
000000011.154362	-00000003.463521	-00000000.081541
000000014.162601	-00000004.397604	-00000000.103532
000000018.756134	-00000005.823935	-00000000.137112
000000014.648735	-00000004.618729	000000000.107232
000000013.911678	-00000004.386335	000000000.305550
000000009.321910	-00000002.983967	-00000000.205026
000000011.009427	-00000003.524146	-00000000.080703
000000014.199875	-00000004.545416	-00000000.104091
000000019.761732	-00000006.325780	-00000000.144861
000000014.370113	-00000004.669133	000000000.105487
000000014.110583	-00000004.584806	000000000.310786
000000009.789251	-00000003.228011	-00000000.215916
000000010.626874	-00000003.504217	-00000000.078120
000000012.497736	-00000004.121135	-00000000.091873
000000014.226146	-00000004.691079	-00000000.104579
000000014.243475	-00000004.765800	000000000.104859
000000014.098480	-00000004.717286	000000000.311414
000000009.476692	-00000003.216903	-00000000.209634
000000010.453854	-00000003.548605	-00000000.077073
000000013.607055	-00000004.618972	-00000000.100321
000000014.135158	-00000004.867125	000000000.104370
000000010.398423	-00000003.580464	000000000.230367
000000014.283652	-00000004.918256	000000000.316440
000000009.580401	-00000003.345626	-00000000.212566
000000011.725300	-00000004.094658	-00000000.086707
000000013.906092	-00000004.856225	-00000000.102834
000000010.152002	-00000003.595012	000000000.075188
000000021.981863	-00000007.784186	000000000.162803
000000031.785097	-00000011.255693	000000000.235408
000000010.131173	-00000003.587637	000000000.225131
000000009.419106	-00000003.381804	-00000000.209634
000000009.891520	-00000003.551418	-00000000.073373
000000013.279670	-00000004.767889	-00000000.098506
000000020.714779	-00000007.437366	-00000000.153658
000000010.063863	-00000003.662946	000000000.074769
000000028.490786	-00000010.369798	000000000.211672
000000009.967952	-00000003.628038	000000000.222199
000000009.276678	-00000003.422347	-00000000.207121
000000010.479342	-00000003.866033	-00000000.077981
000000013.847367	-00000005.108563	-00000000.103043
000000010.246943	-00000003.831175	000000000.076375
000000010.085748	-00000003.770906	000000000.225550
000000009.246459	-00000003.503170	-00000000.207121
000000010.398450	-00000003.939620	-00000000.077632
000000010.325149	-00000003.963453	000000000.077213
000000019.604712	-00000007.525544	000000000.146606
000000027.810684	-00000010.675522	000000000.207972
000000009.912450	-00000003.805033	000000000.222409
000000008.898724	-00000003.460524	-00000000.200000
000000010.177278	-00000003.957727	-00000000.076235
000000012.386083	-00000004.816684	-00000000.092781
000000010.383207	-00000004.090054	000000000.077911
000000019.733675	-00000007.773301	000000000.148073
000000009.860264	-00000003.884061	000000000.221990
000000019.153097	-00000007.544605	000000000.431204
000000008.858900	-00000003.534343	-00000000.199791
000000010.402413	-00000004.150142	-00000000.078190
000000009.753736	-00000003.940765	000000000.073443
000000019.674362	-00000007.948958	000000000.148142
000000009.584979	-00000003.872583	000000000.216545
000000008.688920	-00000003.554731	-00000000.196649
000000010.051125	-00000004.112024	-00000000.075816
000000012.078010	-00000004.941244	-00000000.091105
000000009.432580	-00000003.907103	000000000.071279
000000019.428713	-00000008.047637	000000000.146816
000000025.295204	-00000010.477616	000000000.191147
000000009.698607	-00000004.017295	000000000.219895
000000008.224229	-00000003.448705	-00000000.186806
000000010.042524	-00000004.211180	-00000000.076026
000000012.569293	-00000005.270742	-00000000.095155
000000009.600632	-00000004.075226	000000000.072815
000000009.571151	-00000004.062712	000000000.217801
000000008.166263	-00000003.508503	-00000000.186178
000000010.014580	-00000004.302603	-00000000.076096
000000009.858155	-00000004.286448	000000000.075049
000000009.516996	-00000004.138108	000000000.217382
000000007.869953	-00000003.462862	-00000000.180105
000000009.885123	-00000004.349558	-00000000.075398
000000009.993943	-00000004.449590	000000000.076375
000000009.736259	-00000004.334862	000000000.223246
000000008.039977	-00000003.621746	-00000000.184712
000000010.047373	-00000004.526011	-00000000.076933
000000009.654453	-00000004.399788	000000000.074071
000000018.635551	-00000008.492710	000000000.142976
000000009.934598	-00000004.527457	000000000.228691
000000007.917272	-00000003.649912	-00000000.182618
000000010.025657	-00000004.621891	-00000000.077073
000000014.466369	-00000006.669087	-00000000.111211
000000014.593505	-00000006.727698	-00000000.112189
000000009.905703	-00000004.619105	000000000.076305
000000021.877737	-00000010.201756	000000000.168528
000000009.704428	-00000004.525249	000000000.224293
000000007.695225	-00000003.629304	-00000000.178220
000000010.373848	-00000004.892624	-00000000.080075
000000012.761551	-00000006.018738	-00000000.098506
000000010.370452	-00000004.946452	000000000.080215
000000009.574329	-00000004.566721	000000000.222199
000000007.816346	-00000003.770158	-00000000.181780
000000010.303737	-00000004.969933	-00000000.079866
000000009.742690	-00000004.751828	000000000.075677
000000009.570057	-00000004.667629	000000000.223037
000000007.065807	-00000003.484471	-00000000.165026
000000008.706724	-00000004.293681	-00000000.203351
000000010.206163	-00000005.033123	-00000000.079447
000000009.835089	-00000004.903594	000000000.076724
000000009.511066	-00000004.742043	000000000.222618
000000007.427955	-00000003.743998	-00000000.174241
000000010.018980	-00000005.049982	-00000000.078330
000000012.778217	-00000006.440752	-00000000.099902
000000009.854292	-00000005.021013	000000000.077213
000000009.478230	-00000004.829400	000000000.222827
000000009.270415	-00000004.774578	-00000000.218429
000000010.825854	-00000005.575681	-00000000.255079
000000009.965639	-00000005.132641	-00000000.078260
000000011.956989	-00000006.158254	-00000000.093898
000000013.379382	-00000006.890835	-00000000.105068
000000009.552875	-00000004.972911	000000000.075188
000000013.446756	-00000006.999938	000000000.105836
000000009.559879	-00000004.976558	000000000.225759
000000007.476505	-00000003.933580	-00000000.176963
000000009.272636	-00000004.878570	-00000000.219477
000000009.407189	-00000004.949362	-00000000.074211
000000012.026689	-00000006.327547	-00000000.094875
000000009.668040	-00000005.140588	000000000.076445
000000013.146770	-00000006.990262	000000000.103951
000000009.701466	-00000005.158361	000000000.230157
000000012.738140	-00000006.772989	000000000.302199
000000009.018343	-00000004.845730	-00000000.214450
000000012.754987	-00000006.853501	-00000000.101089
000000012.742537	-00000006.918633	000000000.101228
000000012.757627	-00000006.926826	000000000.304084
000000006.687958	-00000003.669139	-00000000.159791
000000008.782876	-00000004.818450	-00000000.209843
000000012.659625	-00000006.945308	-00000000.100809
000000012.900327	-00000007.150768	000000000.102974
000000018.830105	-00000010.437697	000000000.150307
000000012.652972	-00000007.013657	000000000.303037
000000006.472501	-00000003.624774	-00000000.155393
000000009.290044	-00000005.202675	-00000000.223037
000000012.240821	-00000006.855189	-00000000.097947
000000012.793917	-00000007.238450	000000000.102625
000000018.755707	-00000010.611468	000000000.150446
000000012.791423	-00000007.237039	000000000.307854
000000018.543211	-00000010.491244	000000000.446283
000000006.501383	-00000003.715846	-00000000.156859
000000009.218249	-00000005.268663	-00000000.222409
000000012.041624	-00000006.882355	-00000000.096830
000000012.635003	-00000007.294822	000000000.101857
000000018.359291	-00000010.599742	000000000.148003
000000020.255840	-00000011.694715	000000000.163292
000000012.762415	-00000007.368383	000000000.308691
000000018.485588	-00000010.672659	000000000.447121
000000006.762349	-00000003.943685	-00000000.163979
000000009.301469	-00000005.424456	-00000000.225550
000000011.894726	-00000006.936799	-00000000.096132
000000018.857069	-00000010.997118	-00000000.152401
000000012.588095	-00000007.414955	000000000.101996
000000018.705513	-00000011.018389	000000000.151563
000000012.680400	-00000007.469326	000000000.308272
000000006.349620	-00000003.777627	-00000000.154764
000000008.858538	-00000005.270276	-00000000.215916
000000012.031397	-00000007.157929	-00000000.097738
000000012.685767	-00000007.622378	000000000.103323
000000017.382931	-00000010.444718	000000000.141580
000000012.811840	-00000007.698131	000000000.313089
000000006.316413	-00000003.832894	-00000000.154764
000000010.154125	-00000006.161674	-00000000.248796
000000011.592322	-00000007.034394	-00000000.094666
000000013.002892	-00000007.890349	-00000000.106185
000000016.856285	-00000010.329545	000000000.138020
000000018.595629	-00000011.395415	000000000.152261
000000012.744175	-00000007.809640	000000000.313089
000000017.032013	-00000010.437231	000000000.418430
000000018.268072	-00000011.194689	000000000.448796
000000006.274223	-00000003.882607	-00000000.154555
000000008.867229	-00000005.487208	-00000000.218429
000000012.244773	-00000007.577296	-00000000.100530
000000016.621338	-00000010.386165	000000000.136833
000000018.291952	-00000011.430079	000000000.150586
000000016.609619	-00000010.378841	000000000.410262
000000006.265469	-00000003.953216	-00000000.155183
000000010.408627	-00000006.567354	-00000000.257801
000000012.474181	-00000007.870622	-00000000.102974
000000016.355978	-00000010.319854	-00000000.135018
000000016.142118	-00000010.283664	000000000.133621
000000018.351751	-00000011.691355	000000000.151912
000000016.526848	-00000010.528763	000000000.410471
000000006.121421	-00000003.937431	-00000000.152461
000000009.930492	-00000006.387507	-00000000.247330
000000011.378981	-00000007.319206	-00000000.094456
000000013.111479	-00000008.433586	-00000000.108838
000000017.501595	-00000011.257404	-00000000.145280
000000015.934353	-00000010.347890	000000000.132644
000000016.384029	-00000010.639914	000000000.409215
000000006.053384	-00000003.968772	-00000000.151623
000000006.171641	-00000004.046306	-00000000.051522
000000006.237314	-00000004.128388	000000000.052220
000000006.219424	-00000004.116547	000000000.156230
000000015.531885	-00000010.280331	000000000.390157
000000005.877201	-00000003.927020	-00000000.148063
000000005.986435	-00000004.000008	-00000000.050265
000000006.002086	-00000004.048458	000000000.050544
000000005.992627	-00000004.042078	000000000.151414
000000005.842708	-00000003.978158	-00000000.148063
000000005.959567	-00000004.057724	-00000000.050335
000000005.991251	-00000004.117673	000000000.050754
000000005.924168	-00000004.071568	000000000.150576
000000005.807770	-00000004.028994	-00000000.148063
000000005.915714	-00000004.103877	-00000000.050265
000000005.905942	-00000004.135386	000000000.050335
000000005.888412	-00000004.123110	000000000.150576
000000005.805048	-00000004.102602	-00000000.148901
000000005.863343	-00000004.143801	-00000000.050125
000000005.894053	-00000004.204187	000000000.050544
000000005.860346	-00000004.180144	000000000.150785
000000005.736570	-00000004.129739	-00000000.148063
000000005.843190	-00000004.206495	-00000000.050265
000000005.865230	-00000004.261339	000000000.050614
000000005.823645	-00000004.231125	000000000.150785
000000005.877692	-00000004.309702	-00000000.152670
000000005.862710	-00000004.298717	-00000000.050754
000000005.892127	-00000004.359945	000000000.051173
000000005.915089	-00000004.376935	000000000.154136
000000005.952010	-00000004.444577	-00000000.155602
000000008.379277	-00000006.257103	-00000000.219058
000000005.977208	-00000004.463393	-00000000.052080
000000009.061960	-00000006.766887	-00000000.078958
000000009.088251	-00000006.848488	000000000.079447
000000005.972484	-00000004.500589	000000000.156649
000000009.134386	-00000006.883254	000000000.239581
000000008.531270	-00000006.487329	-00000000.224503
000000008.970724	-00000006.821497	-00000000.078679
000000008.940875	-00000006.860574	000000000.078679
000000009.010517	-00000006.914013	000000000.237906
000000008.292515	-00000006.420751	-00000000.219686
000000008.989922	-00000006.960741	-00000000.079377
000000008.959464	-00000006.999900	000000000.079377
000000009.004988	-00000007.035468	000000000.239372
000000013.267191	-00000010.365465	000000000.352670
000000008.244020	-00000006.499061	-00000000.219895
000000008.944542	-00000007.051309	-00000000.079517
000000013.711299	-00000010.809116	-00000000.121893
000000013.906609	-00000011.061816	000000000.124057
000000013.426611	-00000010.680008	000000000.359372
000000008.101223	-00000006.501919	-00000000.217592
000000008.711098	-00000006.991395	-00000000.077981
000000013.468277	-00000010.809435	-00000000.120566
000000013.654121	-00000011.056890	000000000.122661
000000015.332716	-00000012.416188	000000000.137740
000000013.161965	-00000010.658350	000000000.354765
000000015.042247	-00000012.180971	000000000.405445
000000007.943526	-00000006.490133	-00000000.214869
000000009.013711	-00000007.364511	-00000000.081262
000000013.350204	-00000010.907574	-00000000.120357
000000013.649707	-00000011.251950	000000000.123498
000000013.006738	-00000010.721928	000000000.353089
000000008.232491	-00000006.846890	-00000000.224293
000000008.941413	-00000007.436494	-00000000.081192
000000013.100746	-00000010.895776	-00000000.118961
000000013.911028	-00000011.672738	000000000.126780
000000012.790137	-00000010.732200	000000000.349738
000000008.042706	-00000006.808653	-00000000.220733
000000013.559667	-00000011.479105	-00000000.372147
000000013.806539	-00000011.688098	-00000000.126291
000000013.648955	-00000011.657309	000000000.125314
000000012.566754	-00000010.733023	000000000.346178
000000007.816356	-00000006.735003	-00000000.216126
000000012.966669	-00000011.172796	-00000000.358534
000000012.931319	-00000011.142337	-00000000.119170
000000013.071251	-00000011.362665	000000000.120915
000000012.585795	-00000010.940665	000000000.349320
000000008.125607	-00000007.125965	-00000000.226388
000000008.743684	-00000007.668005	-00000000.081192
000000013.592933	-00000011.920682	-00000000.126221
000000012.889214	-00000011.403413	000000000.120147
000000011.718586	-00000010.367729	000000000.327749
000000007.839344	-00000006.996881	-00000000.220105
000000014.485257	-00000012.928586	-00000000.406702
000000004.088295	-00000003.648943	-00000000.038257
000000012.436474	-00000011.099977	-00000000.116378
000000013.562993	-00000012.105433	-00000000.126919
000000004.094628	-00000003.686820	000000000.038467
000000012.373059	-00000011.140753	000000000.116238
000000013.829589	-00000012.452217	000000000.129921
000000003.989812	-00000003.592443	000000000.112461
000000011.404772	-00000010.268903	000000000.321466
000000008.310826	-00000007.549023	-00000000.235183
000000012.617950	-00000011.461339	-00000000.357068
000000004.085905	-00000003.711374	-00000000.038537
000000007.942347	-00000007.214320	-00000000.074909
000000012.775854	-00000011.604769	-00000000.120497
000000003.995946	-00000003.661610	000000000.037838
000000012.518663	-00000011.471242	000000000.118542
000000011.255756	-00000010.314000	000000000.319791
000000012.523595	-00000011.475760	000000000.355812
000000007.906919	-00000007.309081	-00000000.225550
000000013.809577	-00000012.765441	-00000000.393927
000000004.023989	-00000003.719738	-00000000.038257
000000011.616699	-00000010.738366	-00000000.110444
000000012.850330	-00000011.878723	-00000000.122172
000000011.364960	-00000010.597996	000000000.108489
000000003.933820	-00000003.668347	000000000.112670
000000011.121450	-00000010.370920	000000000.318534
000000003.954187	-00000003.719728	-00000000.113717
000000004.005943	-00000003.768414	-00000000.038397
000000011.799323	-00000011.099694	-00000000.113096
000000003.982208	-00000003.778974	000000000.038327
000000011.322818	-00000010.744953	000000000.108977
000000003.698598	-00000003.509838	000000000.106806
000000003.495475	-00000003.346189	-00000000.101361
000000007.352053	-00000007.038059	-00000000.213194
000000008.796464	-00000008.420782	-00000000.255079
000000003.951234	-00000003.782484	-00000000.038187
000000011.210815	-00000010.732021	-00000000.108349
000000003.366428	-00000003.250922	000000000.032672
000000011.163882	-00000010.780835	000000000.108349
000000003.452074	-00000003.333629	000000000.100524
000000003.602209	-00000003.509116	-00000000.105340
000000003.918076	-00000003.816821	-00000000.038187
000000004.051164	-00000003.981067	000000000.039654
000000003.864970	-00000003.798095	000000000.113508
000000003.386841	-00000003.357414	-00000000.099895
000000003.543739	-00000003.512948	-00000000.034836
000000004.037481	-00000004.037481	000000000.039863
000000010.790187	-00000010.790187	000000000.106534
000000003.563036	-00000003.563036	000000000.105550
000000003.519302	-00000003.550148	-00000000.104712
000000003.794547	-00000003.827806	-00000000.037629
000000003.917987	-00000003.986973	000000000.039025
000000003.742035	-00000003.807922	000000000.111833
000000003.774218	-00000003.874343	-00000000.113298
000000003.998242	-00000004.104310	-00000000.040003
000000011.101576	-00000011.396086	-00000000.111072
000000003.744117	-00000003.877147	000000000.037629
000000003.458640	-00000003.581527	000000000.104293
000000003.601993	-00000003.762691	-00000000.109110
000000012.050429	-00000012.588042	-00000000.365026
000000003.913868	-00000004.088480	-00000000.039514
000000003.600007	-00000003.793616	000000000.036512
000000003.385962	-00000003.568059	000000000.103037
000000003.918387	-00000004.165368	-00000000.119791
000000007.240796	-00000007.697193	-00000000.221361
000000011.919569	-00000012.670875	-00000000.364398
000000003.583420	-00000003.809287	-00000000.036512
000000003.478107	-00000003.729813	000000000.035604
000000009.731880	-00000010.436163	000000000.099623
000000003.300148	-00000003.538976	000000000.101361
000000003.678293	-00000003.979155	-00000000.113508
000000003.522890	-00000003.811041	-00000000.036233
000000003.391380	-00000003.701042	000000000.035046
000000003.289403	-00000003.589753	000000000.101990
000000003.724095	-00000004.099909	-00000000.116021
000000003.550010	-00000003.908257	-00000000.036861
000000003.412483	-00000003.789946	000000000.035604
000000003.170983	-00000003.521734	000000000.099267
000000003.794693	-00000004.251594	-00000000.119372
000000011.856751	-00000013.284368	-00000000.372984
000000003.569039	-00000003.998770	-00000000.037420
000000003.366028	-00000003.804602	000000000.035465
000000003.087132	-00000003.489368	000000000.097592
000000003.197126	-00000003.645623	-00000000.101571
000000009.657297	-00000011.012037	-00000000.306806
000000003.237309	-00000003.691443	-00000000.034278
000000003.234292	-00000003.720628	000000000.034418
000000003.030328	-00000003.485993	000000000.096754
000000003.002036	-00000003.484035	-00000000.096335
000000003.191917	-00000003.704402	-00000000.034138
000000003.117275	-00000003.649860	000000000.033510
000000002.973820	-00000003.481895	000000000.095916
000000002.990898	-00000003.532991	-00000000.096963
000000003.178853	-00000003.755012	-00000000.034348
000000003.143155	-00000003.745866	000000000.034138
000000003.065424	-00000003.653231	000000000.099895
000000003.021298	-00000003.665128	000000000.033161
000000002.988912	-00000003.625840	000000000.098429
000000003.278679	-00000004.048832	000000000.036372
000000003.152204	-00000003.892648	000000000.104922
000000003.542022	-00000004.452932	000000000.039723
000000005.951095	-00000007.481552	000000000.066741
000000003.460422	-00000004.350347	000000000.116440
000000003.084389	-00000003.947838	000000000.034976
000000003.065322	-00000003.923433	000000000.104293
000000002.690660	-00000003.506536	000000000.030857
000000002.964018	-00000003.862783	000000000.101990
000000002.924750	-00000003.881274	000000000.033929
000000002.845961	-00000003.776717	000000000.099058
000000002.652845	-00000003.585114	000000000.031136
000000002.943727	-00000003.978219	000000000.103665
000000002.674358	-00000003.680938	000000000.031765
000000002.767861	-00000003.809634	000000000.098639
000000002.636327	-00000003.695994	000000000.031695
000000002.664842	-00000003.735971	000000000.096126
000000002.913697	-00000004.161191	000000000.035465
000000002.660811	-00000003.800032	000000000.097173
000000002.820634	-00000004.104048	000000000.034767
000000002.576583	-00000003.748952	000000000.095288
000000002.941283	-00000004.360631	000000000.036721
000000002.666765	-00000003.953642	000000000.099895
000000002.792733	-00000004.219359	000000000.035325
000000002.764598	-00000004.176852	000000000.104922
000000002.755806	-00000004.243569	000000000.035325
000000002.700817	-00000004.158894	000000000.103874
000000002.675687	-00000004.199987	000000000.034767
000000002.594588	-00000004.072687	000000000.101152
000000002.607139	-00000004.172295	000000000.034348
000000002.574843	-00000004.120610	000000000.101780
000000002.654228	-00000004.331306	000000000.035465
000000002.575353	-00000004.202594	000000000.103246
000000002.611180	-00000004.345733	000000000.035395
000000002.574625	-00000004.284896	000000000.104712
000000002.634060	-00000004.471746	000000000.036233
000000002.603101	-00000004.419188	000000000.107435
000000002.644936	-00000004.581163	000000000.036931
000000002.579434	-00000004.467711	000000000.108063
