000000004.046223	000000004.695873	-00000000.129843
000000004.556152	000000005.287675	-00000000.048729
000000004.054088	000000004.622801	-00000000.128796
000000004.628495	000000005.277787	-00000000.049008
000000004.080959	000000004.572329	-00000000.128377
000000004.661058	000000005.222274	-00000000.048869
000000004.134149	000000004.551343	-00000000.128796
000000004.699729	000000005.173998	-00000000.048799
000000004.282293	000000004.632559	-00000000.132147
000000004.771853	000000005.162162	-00000000.049078
000000004.281455	000000004.551320	-00000000.130890
000000004.761906	000000005.062055	-00000000.048520
000000004.355577	000000004.549895	-00000000.131937
000000004.805899	000000005.020307	-00000000.048520
000000004.367210	000000004.483067	-00000000.131100
000000004.891392	000000005.021154	-00000000.048939
000000004.427281	000000004.466086	-00000000.131728
000000004.984303	000000005.027990	-00000000.049427
000000004.444786	000000004.406166	-00000000.131100
000000005.063498	000000005.019503	-00000000.049776
000000004.540359	000000004.423021	-00000000.132775
000000005.135760	000000005.003036	-00000000.050056
000000004.521007	000000004.327922	-00000000.131100
000000005.229787	000000005.006433	-00000000.050544
000000004.653270	000000004.377359	-00000000.133822
000000005.047488	000000004.748202	-00000000.048380
000000004.676609	000000004.323012	-00000000.133403
000000005.213562	000000004.819368	-00000000.049567
000000004.654951	000000004.228260	-00000000.131728
000000005.151793	000000004.679559	-00000000.048590
000000004.751343	000000004.240736	-00000000.133403
000000005.170052	000000004.614448	-00000000.048380
000000004.915954	000000004.311176	-00000000.136963
000000005.165013	000000004.529595	-00000000.047961
000000004.915518	000000004.235482	-00000000.135916
000000005.227071	000000004.503932	-00000000.048171
000000004.982815	000000004.218265	-00000000.136754
000000005.327233	000000004.509836	-00000000.048729
000000004.942569	000000004.110691	-00000000.134660
000000005.374073	000000004.469570	-00000000.048799
000000005.148582	000000004.206568	-00000000.139267
000000005.482566	000000004.479445	-00000000.049427
000000005.169500	000000004.148962	-00000000.138848
000000005.466857	000000004.387617	-00000000.048939
000000005.221212	000000004.116072	-00000000.139267
000000005.685556	000000004.482131	-00000000.050544
000000005.154165	000000003.990781	-00000000.136545
000000005.708640	000000004.420101	-00000000.050405
000000005.268377	000000004.006167	-00000000.138639
000000005.444521	000000004.140110	-00000000.047752
000000005.415288	000000004.043787	-00000000.141571
000000005.440381	000000004.062525	-00000000.047403
000000005.426182	000000003.978641	-00000000.140942
000000005.451433	000000003.997156	-00000000.047193
000000005.460695	000000003.931138	-00000000.140942
000000005.477991	000000003.943589	-00000000.047124
000000005.535615	000000003.912186	-00000000.141990
000000005.520362	000000003.901407	-00000000.047193
000000005.635629	000000003.946110	000000000.048031
000000005.635262	000000003.909320	-00000000.143665
000000005.603496	000000003.887283	-00000000.047612
000000005.644370	000000003.843115	-00000000.143037
000000005.653736	000000003.849492	-00000000.047752
000000005.711930	000000003.852745	000000000.048101
000000005.710816	000000003.851994	000000000.144293
000000005.735882	000000003.832594	-00000000.144503
000000005.820146	000000003.888897	-00000000.048869
000000007.275182	000000004.861121	-00000000.061086
000000008.722233	000000005.773120	000000000.073024
000000009.545898	000000006.318292	000000000.239791
000000005.852719	000000003.837211	-00000000.146597
000000006.715214	000000004.402687	-00000000.056060
000000008.822599	000000005.729463	000000000.073443
000000009.382665	000000006.093174	000000000.234346
000000006.062562	000000003.899570	-00000000.150995
000000007.375733	000000004.744231	-00000000.061226
000000008.846960	000000005.636136	000000000.073233
000000009.764331	000000006.220565	000000000.242513
000000006.121727	000000003.862522	-00000000.151623
000000007.374567	000000004.653005	-00000000.060877
000000008.955170	000000005.595811	000000000.073722
000000009.792808	000000006.119225	000000000.241885
000000006.257220	000000003.872085	-00000000.154136
000000007.525434	000000004.656880	-00000000.061784
000000008.952503	000000005.486101	000000000.073303
000000009.845834	000000006.033535	000000000.241885
000000006.196752	000000003.760281	-00000000.151833
000000006.804933	000000004.129334	-00000000.055571
000000009.180038	000000005.515924	000000000.074769
000000009.803843	000000005.890743	000000000.239581
000000012.057698	000000007.244996	000000000.294660
000000006.701900	000000003.987211	-00000000.163351
000000007.717281	000000004.591300	-00000000.062692
000000009.150279	000000005.389926	000000000.074141
000000009.829033	000000005.789742	000000000.238953
000000006.667347	000000003.888282	-00000000.161675
000000007.739778	000000004.513705	-00000000.062552
000000009.283566	000000005.359869	000000000.074839
000000010.009058	000000005.778733	000000000.242094
000000012.364130	000000007.138434	000000000.299058
000000006.891987	000000003.939095	-00000000.166283
000000007.865690	000000004.495612	-00000000.063250
000000009.182029	000000005.194942	000000000.073652
000000010.059106	000000005.691168	000000000.242094
000000012.295429	000000006.956419	000000000.295916
000000006.943545	000000003.888572	-00000000.166702
000000007.747576	000000004.338851	-00000000.061994
000000009.314472	000000005.163096	000000000.074350
000000011.962173	000000006.630741	000000000.286492
000000007.082398	000000003.885537	-00000000.169215
000000008.013087	000000004.396131	-00000000.063809
000000009.332810	000000005.067303	000000000.074141
000000012.177733	000000006.611970	000000000.290262
000000007.221720	000000003.880370	-00000000.171728
000000008.103997	000000004.354435	-00000000.064228
000000009.447309	000000005.023223	000000000.074699
000000009.886844	000000005.256928	000000000.234555
000000012.340899	000000006.561773	000000000.292775
000000007.361482	000000003.873063	-00000000.174241
000000008.318681	000000004.376670	-00000000.065624
000000009.446435	000000004.917503	000000000.074350
000000012.362219	000000006.435364	000000000.291937
000000007.288342	000000003.753743	-00000000.171728
000000008.178759	000000004.212337	-00000000.064228
000000009.586997	000000004.884819	000000000.075118
000000012.168480	000000006.200150	000000000.286073
000000013.852113	000000007.058004	000000000.325655
000000007.401172	000000003.730498	-00000000.173613
000000007.072221	000000003.564693	-00000000.055292
000000008.563459	000000004.316339	-00000000.066950
000000009.745598	000000004.858976	000000000.076026
000000012.320544	000000006.142797	000000000.288377
000000015.255283	000000007.606004	000000000.357068
000000007.639680	000000003.767473	-00000000.178429
000000008.358650	000000004.122030	-00000000.065065
000000009.751678	000000004.756211	000000000.075747
000000011.648087	000000005.681152	000000000.090477
000000012.310778	000000006.004367	000000000.286911
000000007.798336	000000003.761471	-00000000.181361
000000008.304235	000000004.005488	-00000000.064367
000000009.765735	000000004.658016	000000000.075537
000000012.480017	000000005.952662	000000000.289634
000000007.966503	000000003.757246	-00000000.184503
000000008.827268	000000004.163209	-00000000.068137
000000009.733508	000000004.538809	000000000.074979
000000012.216731	000000005.696755	000000000.094107
000000012.712709	000000005.928034	000000000.293822
000000015.585075	000000007.267440	000000000.360210
000000008.117019	000000003.741997	-00000000.187225
000000008.999479	000000004.148817	-00000000.069184
000000009.663553	000000004.403935	000000000.074141
000000011.801910	000000005.378440	000000000.090547
000000012.836738	000000005.850038	000000000.295498
000000017.303667	000000007.885736	000000000.398325
000000008.131134	000000003.662809	-00000000.186806
000000009.044459	000000004.074232	-00000000.069254
000000009.756428	000000004.343842	000000000.074560
000000012.250346	000000005.454206	000000000.093619
000000012.996901	000000005.786593	000000000.298011
000000015.444666	000000006.876408	000000000.354136
000000008.300055	000000003.652111	-00000000.189948
000000009.198656	000000004.047506	-00000000.070162
000000009.647237	000000004.194738	000000000.073443
000000009.709537	000000004.221827	000000000.221780
000000008.349980	000000003.587435	-00000000.190367
000000009.307128	000000003.998658	-00000000.070720
000000009.674271	000000004.106484	000000000.073373
000000009.709196	000000004.121309	000000000.220943
000000008.510048	000000003.568559	-00000000.193299
000000009.433886	000000003.955956	-00000000.071418
000000009.663545	000000004.002771	000000000.073024
000000009.717081	000000004.024947	000000000.220314
000000008.272517	000000003.384376	-00000000.187225
000000009.505070	000000003.888627	-00000000.071698
000000009.818638	000000003.966987	000000000.073932
000000012.127269	000000004.899735	000000000.091315
000000009.779645	000000003.951233	000000000.220943
000000008.682465	000000003.463952	-00000000.195812
000000009.529354	000000003.801827	-00000000.071628
000000009.769146	000000003.848169	000000000.073303
000000010.011049	000000003.943457	000000000.075118
000000012.169565	000000004.793719	000000000.091315
000000016.297340	000000006.419693	000000000.366911
000000019.794945	000000007.797436	000000000.445655
000000021.729788	000000008.559591	000000000.489215
000000008.507366	000000003.308334	-00000000.191204
000000009.655366	000000003.754766	-00000000.072326
000000012.201598	000000004.683755	000000000.091245
000000013.841961	000000005.313431	000000000.310576
000000016.716759	000000006.416962	000000000.375079
000000020.058243	000000007.699638	000000000.450053
000000008.797692	000000003.333148	-00000000.197068
000000009.949596	000000003.769565	-00000000.074281
000000012.401237	000000004.636632	000000000.092432
000000013.457027	000000005.031376	000000000.300943
000000017.081154	000000006.386382	000000000.381990
000000022.100616	000000008.263082	000000000.494241
000000008.385591	000000003.093608	-00000000.187225
000000010.057166	000000003.710284	-00000000.074839
000000012.685541	000000004.617159	000000000.094247
000000013.603765	000000004.951365	000000000.303246
000000017.277157	000000006.288371	000000000.385131
000000022.256437	000000008.100680	000000000.496126
000000008.788656	000000003.155450	-00000000.195602
000000010.766790	000000003.865673	-00000000.079866
000000012.810185	000000004.536325	000000000.094875
000000017.171160	000000006.080627	000000000.381571
000000019.574369	000000006.931648	000000000.434974
000000022.420525	000000007.939524	000000000.498220
000000008.627082	000000003.012712	-00000000.191414
000000010.800115	000000003.771569	-00000000.079866
000000012.877649	000000004.434130	000000000.095085
000000022.262077	000000007.665448	000000000.493194
000000025.428871	000000008.755862	000000000.563351
000000008.804519	000000002.988731	-00000000.194765
000000011.438637	000000003.882894	-00000000.084334
000000013.058099	000000004.369179	000000000.096132
000000016.421364	000000005.494511	000000000.362723
000000008.678347	000000002.861690	-00000000.191414
000000011.586047	000000003.820505	-00000000.085171
000000013.428591	000000004.363214	000000000.098575
000000013.425973	000000004.362363	000000000.295707
000000008.960079	000000002.868144	-00000000.197068
000000011.990371	000000003.838148	-00000000.087894
000000013.342175	000000004.206771	000000000.097668
000000013.453995	000000004.242028	000000000.295498
000000008.698323	000000002.700901	-00000000.190785
000000011.524562	000000003.578472	-00000000.252775
000000012.204857	000000003.789709	-00000000.089221
000000013.579196	000000004.151577	000000000.099134
000000013.528744	000000004.136152	000000000.296335
000000008.884313	000000002.673875	-00000000.194346
000000012.476851	000000003.755106	-00000000.090966
000000013.710789	000000004.061320	000000000.099832
000000016.989870	000000005.032629	000000000.123708
000000020.130798	000000005.963014	000000000.439791
000000025.518185	000000007.558831	000000000.557487
000000008.696144	000000002.534695	-00000000.189738
000000012.595547	000000003.671267	-00000000.091594
000000013.755320	000000003.944275	000000000.099902
000000016.860121	000000004.834562	000000000.122451
000000016.818390	000000004.822596	000000000.366492
000000024.804722	000000007.112640	000000000.540524
000000008.996984	000000002.537412	-00000000.195812
000000012.925459	000000003.645356	-00000000.093758
000000013.808488	000000003.829432	000000000.100041
000000017.017300	000000004.719315	000000000.123289
000000016.908005	000000004.689005	000000000.367539
000000025.183775	000000006.984079	000000000.547435
000000008.777639	000000002.393059	-00000000.190576
000000012.812063	000000003.492969	-00000000.092711
000000016.130569	000000004.322173	000000000.116587
000000017.083481	000000004.577505	000000000.370471
000000025.678335	000000006.880489	000000000.556859
000000009.184921	000000002.418188	-00000000.198953
000000013.074142	000000003.442135	-00000000.094387
000000016.816315	000000004.348995	000000000.121264
000000016.880793	000000004.365670	000000000.365236
000000025.485737	000000006.591060	000000000.551414
000000008.856828	000000002.249348	-00000000.191414
000000012.948609	000000003.288528	-00000000.093270
000000016.708084	000000004.165793	000000000.120217
000000017.315981	000000004.317359	000000000.373822
000000009.245149	000000002.262274	-00000000.199372
000000013.287636	000000003.251464	-00000000.095504
000000017.054955	000000004.094532	000000000.122451
000000017.246059	000000004.140412	000000000.371519
000000008.943393	000000002.105890	-00000000.192461
000000013.081898	000000003.080378	-00000000.093828
000000017.343363	000000004.004031	000000000.124266
000000017.466623	000000004.032488	000000000.375498
000000009.419741	000000002.131470	-00000000.202304
000000013.244826	000000002.996998	-00000000.094806
000000014.932127	000000003.378795	-00000000.106883
000000016.502390	000000003.734110	-00000000.118123
000000017.934122	000000003.975899	000000000.128246
000000022.571415	000000005.003962	000000000.161407
000000024.367754	000000005.402201	000000000.174252
000000025.534302	000000005.660819	000000000.547854
000000028.560156	000000006.331634	000000000.612775
000000008.978784	000000001.949485	-00000000.192461
000000013.211843	000000002.868572	-00000000.094387
000000016.866598	000000003.662097	-00000000.120497
000000018.320257	000000003.894091	000000000.130759
000000022.457720	000000004.773536	000000000.160290
000000024.501999	000000005.208061	000000000.174881
000000025.406700	000000005.400361	000000000.544084
000000028.780571	000000006.117499	000000000.616335
000000009.435928	000000001.962676	-00000000.201885
000000013.187422	000000002.742988	-00000000.094038
000000017.553858	000000003.651208	-00000000.125174
000000018.637714	000000003.791886	000000000.132784
000000022.028170	000000004.481682	000000000.156939
000000024.468122	000000004.978096	000000000.174322
000000025.364685	000000005.160504	000000000.542199
000000028.607527	000000005.820267	000000000.611519
000000009.011439	000000001.792487	-00000000.192461
000000013.102972	000000002.606343	-00000000.093270
000000018.242163	000000003.628592	-00000000.129851
000000022.341290	000000004.342707	000000000.158893
000000025.506895	000000004.958038	000000000.544293
000000028.765182	000000005.591385	000000000.613822
000000009.468745	000000001.797697	-00000000.201885
000000013.380649	000000002.540395	-00000000.095085
000000019.235910	000000003.652052	-00000000.136693
000000022.024372	000000004.081976	000000000.156380
000000024.020332	000000004.451905	000000000.170552
000000025.500038	000000004.726153	000000000.543246
000000034.249088	000000006.347693	000000000.729634
000000009.031512	000000001.633164	-00000000.192251
000000013.382627	000000002.419973	-00000000.094945
000000018.548716	000000003.354154	-00000000.131597
000000023.319679	000000004.111889	000000000.165316
000000025.422159	000000004.482613	000000000.540733
000000009.498677	000000001.632171	-00000000.201885
000000024.045055	000000004.023762	000000000.170203
000000025.499752	000000004.267195	000000000.541571
000000008.989565	000000001.464044	-00000000.190785
000000013.462303	000000002.192475	-00000000.095224
000000024.671852	000000003.907638	000000000.174392
000000029.643902	000000004.695133	000000000.628691
000000009.525716	000000001.466148	-00000000.201885
000000025.278629	000000003.777916	000000000.178441
000000028.789551	000000004.302627	000000000.203224
000000029.663969	000000004.433310	000000000.628273
000000009.053324	000000001.312670	-00000000.191623
000000013.498516	000000001.957192	-00000000.095224
000000026.380098	000000003.707481	000000000.185981
000000029.093367	000000004.088806	000000000.205109
000000064.779030	000000009.104099	000000001.370263
000000009.411161	000000001.280803	-00000000.198953
000000028.959398	000000003.812577	000000000.203923
000000033.549675	000000004.416899	000000000.236246
000000033.572872	000000004.419952	000000000.709320
000000009.074854	000000001.154467	-00000000.191623
000000013.590137	000000001.728884	-00000000.095643
000000030.391024	000000003.731549	000000000.213766
000000033.537319	000000004.117865	000000000.235897
000000033.639938	000000004.130465	000000000.709948
000000009.571081	000000001.132812	-00000000.201885
000000033.512363	000000003.818251	000000000.235478
000000037.903843	000000004.318597	000000000.266335
000000037.926254	000000004.321151	000000000.799582
000000009.083683	000000000.994825	-00000000.191414
000000013.329970	000000001.459869	-00000000.093619
000000038.059425	000000004.000207	000000000.267173
000000042.395435	000000004.455940	000000000.297611
000000042.417000	000000004.458206	000000000.893404
000000009.678920	000000000.974616	-00000000.203770
000000046.374378	000000004.465345	000000000.325257
000000046.395191	000000004.467349	000000000.976336
000000009.059837	000000000.832482	-00000000.190576
000000013.283714	000000001.220602	-00000000.093130
000000050.217117	000000004.393429	000000001.055917
000000009.604785	000000000.798096	-00000000.201885
000000054.280209	000000004.271945	000000001.140524
000000058.007866	000000004.565318	000000001.218849
000000009.072987	000000000.674239	-00000000.190576
000000013.362826	000000000.993030	-00000000.093549
000000062.324108	000000004.358126	000000001.308692
000000009.707038	000000000.636233	-00000000.203770
000000070.552650	000000004.315185	000000001.480629
000000009.003518	000000000.511257	-00000000.188901
000000013.507910	000000000.767035	-00000000.094456
000000082.109276	000000004.303165	000000001.722305
000000009.626787	000000000.462408	-00000000.201885
000000090.953377	000000003.971110	000000001.907017
000000008.931148	000000000.350906	-00000000.187225
000000013.229470	000000000.519787	-00000000.092432
000000009.513474	000000000.290663	-00000000.199372
000000008.875940	000000000.193674	-00000000.185969
000000012.836632	000000000.280096	-00000000.089639
000000009.407130	000000000.123146	-00000000.197068
000000008.837977	000000000.038563	-00000000.185131
000000013.579539	000000000.059252	-00000000.094806
000000009.237885	-00000000.040308	-00000000.193508
000000008.837304	-00000000.115687	-00000000.185131
000000013.708491	-00000000.179454	-00000000.095713
000000009.065852	-00000000.197818	-00000000.189948
000000008.833940	-00000000.269901	-00000000.185131
000000009.100980	-00000000.357578	-00000000.190785
000000008.947719	-00000000.429790	-00000000.187644
000000065.006508	-00000003.406847	000000001.363561
000000009.362860	-00000000.531662	-00000000.196440
000000054.685791	-00000003.344726	000000001.147645
000000008.918901	-00000000.584576	-00000000.187225
000000046.177086	-00000003.229016	000000000.969634
000000009.461828	-00000000.703135	-00000000.198744
000000045.668736	-00000003.594207	000000000.959582
000000008.947195	-00000000.743455	-00000000.188063
000000014.698983	-00000001.221391	-00000000.102974
000000037.764820	-00000003.303994	000000000.264660
000000040.028282	-00000003.502021	000000000.841676
000000009.448116	-00000000.868160	-00000000.198744
000000034.011856	-00000003.274969	000000000.238550
000000037.495659	-00000003.610421	000000000.262984
000000035.269104	-00000003.396028	000000000.742199
000000009.062175	-00000000.912513	-00000000.190785
000000014.834619	-00000001.493768	-00000000.104091
000000034.001873	-00000003.573741	000000000.238689
000000037.343388	-00000003.924948	000000000.262146
000000030.932791	-00000003.251167	000000000.651519
000000035.049210	-00000003.683820	000000000.738220
000000009.709801	-00000001.063396	-00000000.204607
000000029.409010	-00000003.350734	000000000.206645
000000030.869526	-00000003.517138	000000000.216908
000000033.691200	-00000003.838627	000000000.236735
000000030.486032	-00000003.473445	000000000.642723
000000009.134226	-00000001.081107	-00000000.192670
000000014.567960	-00000001.724232	-00000000.102415
000000017.934380	-00000002.122674	-00000000.126082
000000028.475456	-00000003.496346	000000000.200292
000000030.768181	-00000003.777858	000000000.216419
000000030.216402	-00000003.710108	000000000.637697
000000009.501323	-00000001.208721	-00000000.200628
000000019.294027	-00000002.454510	-00000000.135786
000000026.322218	-00000003.465386	000000000.185352
000000028.017550	-00000003.688580	000000000.197290
000000030.694384	-00000004.040992	000000000.216140
000000030.281998	-00000003.986701	000000000.639791
000000009.193218	-00000001.251142	-00000000.194346
000000015.031070	-00000002.045639	-00000000.105906
000000024.721502	-00000003.364449	-00000000.174182
000000025.360147	-00000003.564136	000000000.178790
000000027.914978	-00000003.923194	000000000.196802
000000030.038143	-00000004.221586	000000000.635393
000000009.696457	-00000001.405919	-00000000.205236
000000023.256241	-00000003.371994	-00000000.164060
000000024.922594	-00000003.724706	000000000.175928
000000046.611183	-00000006.966088	000000000.329027
000000030.435232	-00000004.548576	000000000.644608
000000009.249035	-00000001.423563	-00000000.196021
000000015.319230	-00000002.357855	-00000000.108210
000000017.374971	-00000002.674264	-00000000.122731
000000021.525990	-00000003.313167	-00000000.152052
000000021.965652	-00000003.479018	000000000.155263
000000024.642225	-00000003.902945	000000000.174182
000000021.971247	-00000003.479903	000000000.465969
000000025.526144	-00000004.042944	000000000.541362
000000009.917138	-00000001.615108	-00000000.210471
000000020.913944	-00000003.406052	-00000000.147933
000000021.747066	-00000003.639211	000000000.153937
000000023.690002	-00000003.964347	000000000.167690
000000021.358261	-00000003.574147	000000000.453613
000000009.301608	-00000001.598309	-00000000.197696
000000015.019508	-00000002.580823	-00000000.106394
000000018.242199	-00000003.134583	-00000000.129223
000000020.410368	-00000003.507143	-00000000.144582
000000021.635698	-00000003.814957	000000000.153378
000000025.102139	-00000004.426184	000000000.177952
000000021.089956	-00000003.718728	000000000.448587
000000009.739866	-00000001.761255	-00000000.207330
000000018.932482	-00000003.423550	-00000000.134319
000000020.772594	-00000003.756297	-00000000.147374
000000021.699907	-00000004.021840	000000000.154076
000000025.219873	-00000004.674227	000000000.179069
000000021.056702	-00000003.902629	000000000.448587
000000009.380343	-00000001.780914	-00000000.200000
000000015.247259	-00000002.894783	-00000000.108349
000000021.192814	-00000004.119466	000000000.150725
000000020.953144	-00000004.072879	000000000.447121
000000010.158707	-00000002.020692	-00000000.216963
000000017.428131	-00000003.466671	-00000000.124057
000000017.638214	-00000003.588535	000000000.125663
000000021.175657	-00000004.308236	000000000.150865
000000017.203703	-00000003.500133	000000000.367749
000000020.897209	-00000004.251585	000000000.446702
000000009.338045	-00000001.942316	-00000000.199791
000000015.233577	-00000003.168588	-00000000.108628
000000017.537760	-00000003.727766	000000000.125174
000000021.137255	-00000004.492862	000000000.150865
000000016.967140	-00000003.606477	000000000.363351
000000009.750628	-00000002.117069	-00000000.209005
000000011.372476	-00000002.469207	-00000000.243770
000000016.153236	-00000003.507212	-00000000.115400
000000017.192154	-00000003.811409	000000000.122940
000000016.925261	-00000003.752240	000000000.363142
000000009.439243	-00000002.135883	-00000000.202723
000000015.136945	-00000003.425141	-00000000.108349
000000017.051060	-00000003.936548	000000000.122172
000000016.648333	-00000003.843570	000000000.357906
000000009.644073	-00000002.270878	-00000000.207539
000000015.106479	-00000003.557103	-00000000.108349
000000016.957718	-00000004.071188	000000000.121753
000000016.371119	-00000003.930358	000000000.352670
000000009.429663	-00000002.307424	-00000000.203351
000000014.453218	-00000003.536680	-00000000.103881
000000016.424994	-00000004.019170	-00000000.118053
000000021.650688	-00000005.297890	-00000000.155612
000000016.543139	-00000004.124668	000000000.119030
000000016.685427	-00000004.160144	000000000.360210
000000009.893678	-00000002.512674	-00000000.213822
000000014.353960	-00000003.645442	-00000000.103392
000000016.873899	-00000004.285424	-00000000.121544
000000016.845358	-00000004.356506	000000000.121474
000000016.813038	-00000004.348147	000000000.363770
000000009.474972	-00000002.494552	-00000000.205236
000000014.079846	-00000003.706914	-00000000.101647
000000016.526413	-00000004.351041	-00000000.119310
000000016.970903	-00000004.547340	000000000.122661
000000016.909653	-00000004.530928	000000000.366702
000000009.684340	-00000002.640254	-00000000.210262
000000013.487397	-00000003.677087	-00000000.097598
000000016.352409	-00000004.534925	000000000.118472
000000025.053782	-00000006.948029	000000000.181513
000000016.792395	-00000004.656943	000000000.365026
000000009.391503	-00000002.648678	-00000000.204398
000000012.704100	-00000003.582927	-00000000.092153
000000021.125378	-00000005.957973	-00000000.153239
000000016.917793	-00000004.851099	000000000.122870
000000025.251730	-00000007.240817	000000000.183398
000000016.683844	-00000004.784015	000000000.363560
000000009.636786	-00000002.808867	-00000000.210262
000000012.729951	-00000003.710442	-00000000.092572
000000016.884405	-00000005.001389	000000000.122940
000000025.053349	-00000007.421140	000000000.182420
000000016.679804	-00000004.940783	000000000.364398
000000009.458731	-00000002.846755	-00000000.206911
000000012.543880	-00000003.775279	-00000000.091455
000000013.014990	-00000003.979082	000000000.095015
000000017.098312	-00000005.227479	000000000.124825
000000025.207581	-00000007.706730	000000000.184026
000000016.769907	-00000005.127075	000000000.367330
000000009.653133	-00000002.997378	-00000000.211728
000000012.424507	-00000003.857912	-00000000.090826
000000017.052042	-00000005.376488	000000000.124825
000000022.736057	-00000007.168652	000000000.166433
000000024.672056	-00000007.779070	000000000.180605
000000016.743597	-00000005.279235	000000000.367749
000000024.667248	-00000007.777553	000000000.541780
000000009.512347	-00000003.044926	-00000000.209215
000000011.390376	-00000003.646088	-00000000.083496
000000012.781888	-00000004.153087	000000000.093828
000000012.798413	-00000004.158456	000000000.281885
000000024.893200	-00000008.088291	000000000.548273
000000009.941170	-00000003.278106	-00000000.219267
000000012.155852	-00000004.008399	-00000000.089360
000000012.640846	-00000004.229568	000000000.093060
000000012.704750	-00000004.250950	000000000.280628
000000009.495625	-00000003.223331	-00000000.210052
000000011.362885	-00000003.857180	-00000000.083775
000000012.631820	-00000004.349484	000000000.093270
000000012.619905	-00000004.345382	000000000.279581
000000009.873006	-00000003.447808	-00000000.219058
000000011.187182	-00000003.906739	-00000000.082728
000000012.461417	-00000004.412819	000000000.092292
000000012.590928	-00000004.458682	000000000.279791
000000009.757854	-00000003.503428	-00000000.217173
000000011.218545	-00000004.027869	-00000000.083217
000000012.770112	-00000004.647941	000000000.094875
000000020.071346	-00000007.305372	000000000.149120
000000027.992762	-00000010.188532	000000000.207972
000000010.155849	-00000003.696427	000000000.226388
000000019.005812	-00000006.917550	000000000.423665
000000009.745670	-00000003.595368	-00000000.217592
000000011.501945	-00000004.243292	-00000000.085590
000000018.995249	-00000007.102033	000000000.141580
000000009.168010	-00000003.427778	000000000.205026
000000018.804253	-00000007.030622	000000000.420524
000000009.620431	-00000003.644855	-00000000.215497
000000010.080512	-00000003.819164	-00000000.075258
000000012.427644	-00000004.708413	-00000000.092781
000000019.277966	-00000007.400118	000000000.144163
000000027.110516	-00000010.406752	000000000.202736
000000009.380425	-00000003.600808	000000000.210471
000000009.383261	-00000003.648951	-00000000.210890
000000012.395403	-00000004.820309	-00000000.092851
000000009.517940	-00000003.749216	000000000.071418
000000019.956972	-00000007.861260	000000000.149748
000000009.302135	-00000003.664208	000000000.209424
000000018.743801	-00000007.383380	000000000.421990
000000009.109624	-00000003.634371	-00000000.205445
000000010.012322	-00000003.994512	-00000000.075258
000000012.408593	-00000004.950527	-00000000.093270
000000015.622195	-00000006.232624	-00000000.117425
000000009.058366	-00000003.659817	000000000.068207
000000018.691570	-00000007.551885	000000000.140742
000000009.325424	-00000003.767716	000000000.210681
000000009.216362	-00000003.770513	-00000000.208586
000000009.523580	-00000003.896199	-00000000.071837
000000012.559278	-00000005.138136	-00000000.094736
000000016.307627	-00000006.671627	-00000000.123010
000000009.136947	-00000003.784647	000000000.069045
000000016.463131	-00000006.819252	000000000.124406
000000019.862926	-00000008.227493	000000000.150097
000000009.033560	-00000003.741823	000000000.204817
000000008.814308	-00000003.696146	-00000000.200210
000000009.655210	-00000004.048765	-00000000.073094
000000012.421744	-00000005.208870	-00000000.094038
000000015.557152	-00000006.523655	-00000000.117774
000000009.287668	-00000003.942381	000000000.070441
000000009.055781	-00000003.843951	000000000.206073
000000008.395910	-00000003.607168	-00000000.191414
000000014.737053	-00000006.331538	-00000000.111979
000000009.473000	-00000004.118978	000000000.072116
000000016.213228	-00000007.049712	000000000.123429
000000008.893532	-00000003.867018	000000000.203141
000000008.528831	-00000003.752776	-00000000.195183
000000009.253573	-00000004.071670	-00000000.070581
000000015.450081	-00000006.798198	-00000000.117844
000000008.751553	-00000003.896442	000000000.066880
000000016.087145	-00000007.162458	000000000.122940
000000008.914248	-00000003.968879	000000000.204398
000000016.129675	-00000007.181394	000000000.369843
000000008.313446	-00000003.744934	-00000000.190995
000000009.582386	-00000004.316550	-00000000.073373
000000015.937212	-00000007.179191	-00000000.122032
000000008.662621	-00000003.947784	000000000.066462
000000016.087723	-00000007.331598	000000000.123429
000000008.761005	-00000003.992620	000000000.201676
000000007.980828	-00000003.679212	-00000000.184084
000000008.717962	-00000004.019036	-00000000.067020
000000013.985064	-00000006.447203	-00000000.107511
000000015.710493	-00000007.242637	-00000000.120776
000000008.836286	-00000004.120428	000000000.068067
000000008.852686	-00000004.128075	000000000.204607
000000008.409588	-00000003.966219	-00000000.194765
000000008.619247	-00000004.065101	-00000000.066531
000000008.664608	-00000004.132806	000000000.067020
000000008.545609	-00000004.076046	000000000.198325
000000010.070642	-00000004.803450	000000000.233717
000000008.158537	-00000003.935211	-00000000.189738
000000008.646493	-00000004.170573	-00000000.067020
000000008.601249	-00000004.195109	000000000.066811
000000008.707404	-00000004.246885	000000000.202932
000000007.774181	-00000003.833802	-00000000.181571
000000009.237564	-00000004.555462	-00000000.071907
000000012.807031	-00000006.315729	-00000000.099692
000000015.667984	-00000007.726595	-00000000.121963
000000008.537466	-00000004.256623	000000000.066601
000000008.553697	-00000004.264716	000000000.200210
000000007.427955	-00000003.743998	-00000000.174241
000000007.429403	-00000003.744728	-00000000.058084
000000008.562364	-00000004.362742	000000000.067090
000000008.489429	-00000004.325581	000000000.199581
000000007.679424	-00000003.955163	-00000000.180943
000000008.472127	-00000004.363432	-00000000.066531
000000008.470747	-00000004.409592	000000000.066671
000000013.615285	-00000007.087669	000000000.107162
000000008.823822	-00000004.593391	000000000.208377
000000007.609225	-00000004.003407	-00000000.180105
000000012.626004	-00000006.642862	-00000000.298848
000000008.690367	-00000004.572223	-00000000.068556
000000008.882236	-00000004.722769	000000000.070231
000000008.703954	-00000004.627974	000000000.206492
000000007.204106	-00000003.870906	-00000000.171309
000000008.976057	-00000004.823009	-00000000.071139
000000008.831897	-00000004.795329	000000000.070162
000000008.549015	-00000004.641737	000000000.203770
000000007.196348	-00000003.948052	-00000000.171937
000000010.290515	-00000005.645570	-00000000.245864
000000008.977463	-00000004.925205	-00000000.071488
000000008.754730	-00000004.852826	000000000.069882
000000008.639348	-00000004.788868	000000000.206911
000000007.702450	-00000004.313579	-00000000.184922
000000010.022780	-00000005.613027	-00000000.240628
000000009.065013	-00000005.076651	-00000000.072535
000000013.471009	-00000007.544128	-00000000.107791
000000019.176994	-00000010.739633	-00000000.153448
000000008.790379	-00000004.973357	000000000.070511
000000008.779963	-00000004.967464	000000000.211309
000000007.013508	-00000004.008550	-00000000.169215
000000009.921336	-00000005.670511	-00000000.239372
000000007.266647	-00000004.153231	-00000000.058433
000000009.133229	-00000005.220071	-00000000.073443
000000013.517526	-00000007.725903	-00000000.108698
000000008.798604	-00000005.079876	000000000.070930
000000012.964085	-00000007.484818	000000000.104509
000000008.753596	-00000005.053891	000000000.211728
000000007.617358	-00000004.442312	-00000000.184712
000000009.992385	-00000005.827386	-00000000.242304
000000009.044138	-00000005.274385	-00000000.073094
000000013.458229	-00000007.848607	-00000000.108768
000000018.157381	-00000010.589071	-00000000.146746
000000008.840100	-00000005.207217	000000000.071628
000000012.812114	-00000007.546912	000000000.103811
000000008.760847	-00000005.160533	000000000.212984
000000007.028403	-00000004.181460	-00000000.171309
000000009.150671	-00000005.444077	-00000000.223037
000000006.574299	-00000003.911297	-00000000.053407
000000013.741573	-00000008.175377	-00000000.111630
000000016.981457	-00000010.102905	-00000000.137950
000000009.171467	-00000005.510773	000000000.074699
000000012.985767	-00000007.802637	000000000.105766
000000008.826887	-00000005.303729	000000000.215707
000000012.991806	-00000007.806265	000000000.317487
000000006.487358	-00000003.936625	-00000000.158953
000000008.042956	-00000004.880586	-00000000.197068
000000009.470346	-00000005.746747	-00000000.232042
000000006.445879	-00000003.911455	-00000000.052639
000000012.900306	-00000007.828098	-00000000.105347
000000013.070655	-00000008.009707	000000000.107023
000000012.786798	-00000007.835760	000000000.314136
000000006.792824	-00000004.203527	-00000000.167330
000000009.555862	-00000005.913347	-00000000.235393
000000013.069595	-00000008.087710	-00000000.107302
000000013.034182	-00000008.144661	000000000.107302
000000017.520247	-00000010.947865	000000000.144233
000000005.689155	-00000003.554978	000000000.140524
000000012.879025	-00000008.047708	000000000.318115
000000007.474595	-00000004.716118	-00000000.185131
000000009.546173	-00000006.023187	-00000000.236440
000000013.404460	-00000008.457584	-00000000.110653
000000013.181888	-00000008.397788	000000000.109117
000000005.615755	-00000003.577631	000000000.139477
000000012.875763	-00000008.202765	000000000.319791
000000006.331635	-00000004.072645	-00000000.157696
000000009.098046	-00000005.852060	-00000000.226597
000000005.769387	-00000003.710994	-00000000.047891
000000010.428629	-00000006.707920	-00000000.086568
000000013.061017	-00000008.401129	-00000000.108419
000000005.375747	-00000003.491051	000000000.044750
000000010.759881	-00000006.987548	000000000.089570
000000013.091329	-00000008.501608	000000000.108977
000000005.575936	-00000003.621055	000000000.139267
000000012.979773	-00000008.429163	000000000.324189
000000009.456323	-00000006.199837	-00000000.236859
000000005.469178	-00000003.585750	-00000000.045657
000000010.528586	-00000006.902843	-00000000.087894
000000016.867481	-00000011.058805	-00000000.140812
000000005.378432	-00000003.559907	000000000.045029
000000016.168652	-00000010.701797	000000000.135367
000000005.469091	-00000003.619913	000000000.137382
000000014.831576	-00000009.816806	000000000.372566
000000015.907052	-00000010.528648	000000000.399581
000000005.170607	-00000003.454889	-00000000.130262
000000009.094282	-00000006.076605	-00000000.229110
000000005.529138	-00000003.694452	-00000000.046425
000000010.384802	-00000006.938903	-00000000.087196
000000016.903366	-00000011.294468	-00000000.141929
000000005.363742	-00000003.617890	000000000.045169
000000005.304677	-00000003.578050	000000000.134031
000000015.739970	-00000010.616744	000000000.397697
000000005.462560	-00000003.719325	-00000000.138429
000000009.032645	-00000006.150109	-00000000.228901
000000005.364437	-00000003.652515	-00000000.045308
000000005.331966	-00000003.664559	000000000.045169
000000005.001349	-00000003.437332	000000000.127120
000000005.355963	-00000003.715564	-00000000.136545
000000009.126495	-00000006.331275	-00000000.232670
000000005.463819	-00000003.790386	-00000000.046425
000000010.221039	-00000007.090587	-00000000.086847
000000005.283402	-00000003.699478	000000000.045029
000000010.255534	-00000007.181002	000000000.087405
000000005.167716	-00000003.618474	000000000.132147
000000005.470298	-00000003.866024	-00000000.140314
000000009.340330	-00000006.601093	-00000000.239581
000000005.414202	-00000003.826380	-00000000.046286
000000010.191438	-00000007.202596	-00000000.087126
000000005.120662	-00000003.652533	000000000.043912
000000010.111069	-00000007.212155	000000000.086707
000000004.932458	-00000003.518288	000000000.126911
000000005.209162	-00000003.750060	-00000000.134450
000000008.925356	-00000006.425337	-00000000.230367
000000005.323795	-00000003.832584	-00000000.045797
000000010.128196	-00000007.291258	-00000000.087126
000000004.926794	-00000003.579525	000000000.042516
000000004.853037	-00000003.525938	000000000.125655
000000004.636039	-00000003.399285	-00000000.120419
000000004.724729	-00000003.464315	-00000000.122723
000000007.457976	-00000005.468415	-00000000.193717
000000005.080477	-00000003.725160	-00000000.043982
000000004.734601	-00000003.503421	000000000.041120
000000004.926562	-00000003.645464	000000000.128377
000000004.958673	-00000003.702817	-00000000.129634
000000007.353897	-00000005.491416	-00000000.192251
000000009.532829	-00000007.118501	-00000000.249215
000000004.927591	-00000003.679607	-00000000.042935
000000004.895516	-00000003.689036	000000000.042795
000000004.846654	-00000003.652216	000000000.127120
000000005.578751	-00000004.242180	-00000000.146806
000000007.822984	-00000005.948735	-00000000.205864
000000004.855494	-00000003.692203	-00000000.042586
000000014.240129	-00000010.828445	-00000000.124895
000000005.005938	-00000003.841191	000000000.044052
000000004.997030	-00000003.834356	000000000.131937
000000005.011873	-00000003.880606	-00000000.132775
000000008.529670	-00000006.604376	-00000000.225969
000000009.715444	-00000007.522500	-00000000.257382
000000004.783556	-00000003.703824	-00000000.042237
000000009.709431	-00000007.517845	-00000000.085730
000000013.876264	-00000010.744151	-00000000.122521
000000005.421382	-00000004.235648	000000000.048031
000000013.190978	-00000010.305922	000000000.116866
000000004.719149	-00000003.687003	000000000.125445
000000004.938560	-00000003.893247	-00000000.131728
000000008.550226	-00000006.740455	-00000000.228063
000000005.080876	-00000004.005440	-00000000.045169
000000013.185151	-00000010.394335	-00000000.117215
000000005.274650	-00000004.195646	000000000.047054
000000004.585078	-00000003.647136	000000000.122723
000000005.005760	-00000004.017548	-00000000.134450
000000009.606070	-00000007.709686	-00000000.258011
000000004.741582	-00000003.805522	-00000000.042446
000000004.756017	-00000003.851347	000000000.042725
000000004.848327	-00000003.926098	000000000.130681
000000004.707274	-00000003.846005	-00000000.127330
000000004.638499	-00000003.789812	-00000000.041818
000000004.683647	-00000003.860901	000000000.042376
000000004.775309	-00000003.936461	000000000.129634
000000004.781147	-00000003.976438	-00000000.130262
000000007.217842	-00000006.003016	-00000000.196649
000000008.693694	-00000007.230469	-00000000.236859
000000004.666756	-00000003.881300	-00000000.042376
000000004.649776	-00000003.901626	000000000.042376
000000004.939903	-00000004.145071	000000000.135079
000000004.753895	-00000004.024469	-00000000.130471
000000004.792983	-00000004.057560	-00000000.043842
000000004.820857	-00000004.117400	000000000.044261
000000005.070796	-00000004.330869	000000000.139686
000000004.794334	-00000004.131063	-00000000.132566
000000008.702513	-00000007.498565	-00000000.240628
000000004.939203	-00000004.255890	-00000000.045518
000000004.943227	-00000004.297082	000000000.045727
000000012.414671	-00000010.791908	000000000.114842
000000005.176172	-00000004.499578	000000000.143665
000000012.744248	-00000011.078406	000000000.353717
000000004.953538	-00000004.344136	-00000000.138011
000000005.029686	-00000004.410916	-00000000.046705
000000005.077796	-00000004.492455	000000000.047333
000000004.575116	-00000004.047720	000000000.127958
000000004.646918	-00000004.147533	-00000000.130471
000000004.886557	-00000004.361419	-00000000.045727
000000012.600601	-00000011.246467	-00000000.117913
000000004.919499	-00000004.429537	000000000.046216
000000012.543979	-00000011.294649	000000000.117844
000000004.688215	-00000004.221288	000000000.132147
000000004.595747	-00000004.174482	-00000000.130052
000000004.959341	-00000004.504748	-00000000.046774
000000004.947011	-00000004.533100	000000000.046844
000000004.356353	-00000003.991862	000000000.123770
000000011.417921	-00000010.462597	000000000.324398
000000004.610534	-00000004.261934	-00000000.131518
000000008.435515	-00000007.797710	-00000000.240628
000000012.686311	-00000011.727105	-00000000.361885
000000004.574718	-00000004.228826	-00000000.043493
000000011.513897	-00000010.643336	-00000000.109466
000000012.747529	-00000011.783694	-00000000.121195
000000004.483089	-00000004.180548	000000000.042795
000000004.394472	-00000004.097911	000000000.125864
000000004.165368	-00000003.918387	-00000000.119791
000000004.515790	-00000004.248031	-00000000.043284
000000010.641240	-00000010.010280	-00000000.101996
000000004.598762	-00000004.364062	000000000.044261
000000004.510839	-00000004.280626	000000000.130262
000000004.326011	-00000004.141254	-00000000.125445
000000004.500218	-00000004.308022	-00000000.043493
000000010.661833	-00000010.206484	-00000000.103043
000000004.431025	-00000004.278991	000000000.043005
000000004.379819	-00000004.229542	000000000.127539
000000004.325515	-00000004.213730	-00000000.126492
000000004.440964	-00000004.326195	-00000000.043284
000000004.336457	-00000004.261425	000000000.042446
000000004.050374	-00000003.980291	000000000.118953
000000004.295680	-00000004.258355	-00000000.126702
000000007.064795	-00000007.003410	-00000000.208377
000000004.530872	-00000004.491505	-00000000.044540
000000007.122985	-00000007.061095	-00000000.070022
000000004.490018	-00000004.490018	000000000.044331
000000007.544645	-00000007.544645	000000000.074490
000000004.114459	-00000004.114459	000000000.121885
000000004.244278	-00000004.281479	-00000000.126283
000000004.364785	-00000004.403042	-00000000.043284
000000004.345531	-00000004.422045	000000000.043284
000000004.064382	-00000004.135945	000000000.121466
000000004.150942	-00000004.261062	-00000000.124607
000000004.319218	-00000004.433801	-00000000.043214
000000007.082400	-00000007.270288	-00000000.070860
000000004.306777	-00000004.459798	000000000.043284
000000007.147861	-00000007.401826	000000000.071837
000000004.160091	-00000004.307900	000000000.125445
000000003.795574	-00000003.964908	-00000000.114974
000000004.487810	-00000004.688028	-00000000.045308
000000006.887302	-00000007.194570	-00000000.069533
000000004.432896	-00000004.671297	000000000.044959
000000004.053519	-00000004.271518	000000000.123351
000000003.911537	-00000004.158086	-00000000.119581
000000004.248031	-00000004.515790	-00000000.043284
000000004.541998	-00000004.870697	000000000.046495
000000004.309284	-00000004.621142	000000000.132356
000000003.888675	-00000004.206745	-00000000.120000
000000004.791282	-00000005.183180	-00000000.147853
000000004.845574	-00000005.241913	-00000000.149529
000000004.853307	-00000005.250278	-00000000.049916
000000007.283354	-00000007.879088	-00000000.074909
000000009.686251	-00000010.478527	-00000000.099623
000000004.512833	-00000004.924892	000000000.046635
000000007.620471	-00000008.316285	000000000.078749
000000004.329583	-00000004.724911	000000000.134241
000000003.912317	-00000004.307125	-00000000.121885
000000004.718980	-00000005.195191	-00000000.147016
000000005.599587	-00000006.164665	-00000000.174450
000000005.802384	-00000006.387927	-00000000.060248
000000007.207597	-00000007.934945	-00000000.074839
000000004.315787	-00000004.793167	000000000.045029
000000006.925333	-00000007.691362	000000000.072256
000000004.274807	-00000004.747654	000000000.133822
000000003.788036	-00000004.244135	-00000000.119162
000000007.337837	-00000008.221353	-00000000.076933
000000006.818194	-00000007.706566	000000000.071837
000000004.279587	-00000004.837193	000000000.135288
000000003.928839	-00000004.479982	-00000000.124817
000000005.827339	-00000006.644806	-00000000.185131
000000006.105393	-00000006.961867	-00000000.064646
000000004.218357	-00000004.852664	000000000.044890
000000006.783485	-00000007.803507	000000000.072186
000000004.276567	-00000004.919627	000000000.136545
000000006.683775	-00000007.688804	000000000.213403
000000003.746019	-00000004.347469	-00000000.120209
000000007.394146	-00000008.581328	-00000000.237278
000000007.421698	-00000008.613304	-00000000.079377
000000006.955419	-00000008.143749	000000000.074769
000000006.434618	-00000007.533970	000000000.207539
000000003.481844	-00000004.112921	-00000000.112880
000000006.375845	-00000007.531452	-00000000.206702
000000007.139496	-00000008.433514	-00000000.077143
000000006.871232	-00000008.188815	000000000.074630
000000006.619260	-00000007.888527	000000000.215707
000000006.767707	-00000008.209886	000000000.074281
000000006.416622	-00000007.783985	000000000.211309
000000006.582531	-00000008.128749	000000000.073024
000000006.512038	-00000008.041697	000000000.216754
000000006.436645	-00000008.091971	000000000.072186
000000006.553641	-00000008.239057	000000000.220524
000000006.507383	-00000008.329070	000000000.073792
000000006.401475	-00000008.193514	000000000.217801
000000006.495326	-00000008.464874	000000000.074490
000000008.011106	-00000010.440275	000000000.091873
000000006.475801	-00000008.439428	000000000.222827
000000008.076492	-00000010.525490	000000000.277906
000000006.451300	-00000008.561164	000000000.074839
000000007.727117	-00000010.254230	000000000.089639
000000007.876031	-00000010.451846	000000000.274136
000000007.684923	-00000010.385577	000000000.090198
000000007.951036	-00000010.745209	000000000.280000
000000007.887886	-00000010.856744	000000000.093689
000000008.857708	-00000012.191588	000000000.105208
000000007.939237	-00000010.927423	000000000.282932
000000008.879487	-00000012.221565	000000000.316440
000000007.287644	-00000010.216901	000000000.087615
000000007.773908	-00000010.898616	000000000.280419
000000007.571024	-00000010.812543	000000000.092153
000000007.661300	-00000010.941471	000000000.279791
000000007.227168	-00000010.515594	000000000.089081
000000007.186119	-00000010.455868	000000000.265759
000000007.107169	-00000010.536811	000000000.088732
000000007.867652	-00000011.664274	000000000.098226
000000007.010741	-00000010.393851	000000000.262618
000000006.893525	-00000010.414980	000000000.087196
000000007.278452	-00000010.996541	000000000.276231
000000007.036565	-00000010.835360	000000000.090198
000000006.784714	-00000010.447543	000000000.260943
000000006.592506	-00000010.348162	000000000.085660
000000006.682541	-00000010.489489	000000000.260524
000000006.803998	-00000010.888672	000000000.089639
000000007.056976	-00000011.293523	000000000.278953
000000006.233256	-00000010.171749	000000000.083286
000000006.686515	-00000010.911401	000000000.268063
000000006.236959	-00000010.380043	000000000.084543
000000006.441713	-00000010.720811	000000000.261990
000000006.120764	-00000010.390995	000000000.084194
000000006.307318	-00000010.707702	000000000.260314
000000004.224897	-00000007.317736	000000000.058992
000000006.144850	-00000010.643193	000000000.085800
000000006.078667	-00000010.528559	000000000.254660
