000000003.426237	000000003.976344	-00000000.109948
000000003.505234	000000004.068025	-00000000.037489
000000003.447622	000000003.931260	-00000000.109529
000000003.626314	000000004.135018	-00000000.038397
000000003.495112	000000003.915942	-00000000.109948
000000003.682236	000000004.125597	-00000000.038606
000000003.576207	000000003.937097	-00000000.111414
000000003.711374	000000004.085905	-00000000.038537
000000003.630787	000000003.927764	-00000000.112042
000000003.774040	000000004.082734	-00000000.038816
000000003.719728	000000003.954187	-00000000.113717
000000003.830080	000000004.071495	-00000000.039025
000000003.781747	000000003.950464	-00000000.114555
000000003.955358	000000004.131821	-00000000.039933
000000003.850959	000000003.953120	-00000000.115602
000000003.970331	000000004.075659	-00000000.039723
000000003.990888	000000004.025868	-00000000.118744
000000004.104306	000000004.140280	-00000000.040701
000000003.954865	000000003.920502	-00000000.116649
000000004.097670	000000004.062066	-00000000.040282
000000004.089187	000000003.983510	-00000000.119581
000000004.269055	000000004.158730	-00000000.041608
000000004.123794	000000003.947674	-00000000.119581
000000004.283514	000000004.100573	-00000000.041399
000000004.245471	000000003.993741	-00000000.122094
000000004.399253	000000004.138404	-00000000.042167
000000004.280161	000000003.956540	-00000000.122094
000000004.413171	000000004.079493	-00000000.041957
000000004.314525	000000003.919039	-00000000.122094
000000004.441201	000000004.034102	-00000000.041888
000000004.348560	000000003.881239	-00000000.122094
000000004.543379	000000004.055120	-00000000.042516
000000004.525083	000000003.968391	-00000000.126073
000000004.646256	000000004.074658	-00000000.043144
000000004.521671	000000003.896121	-00000000.125026
000000004.734666	000000004.079649	-00000000.043633
000000004.685219	000000003.966331	-00000000.128586
000000004.823512	000000004.083404	-00000000.044122
000000004.804208	000000003.995617	-00000000.130890
000000004.989662	000000004.149858	-00000000.045308
000000004.877604	000000003.985169	-00000000.131937
000000005.072148	000000004.144119	-00000000.045727
000000004.873209	000000003.911164	-00000000.130890
000000005.123716	000000004.112217	-00000000.045867
000000004.875749	000000003.843730	-00000000.130052
000000005.245789	000000004.135447	-00000000.046635
000000005.106734	000000003.954056	-00000000.135288
000000005.352838	000000004.144610	-00000000.047263
000000005.300210	000000004.030374	-00000000.139477
000000005.436561	000000004.134057	-00000000.047682
000000005.327169	000000003.977986	-00000000.139267
000000005.456406	000000004.074491	-00000000.047542
000000005.361681	000000003.931347	-00000000.139267
000000005.612718	000000004.115415	-00000000.048590
000000005.452581	000000003.925297	-00000000.140733
000000005.721457	000000004.118860	-00000000.049218
000000005.568274	000000003.935267	-00000000.142827
000000005.896008	000000004.166887	-00000000.050405
000000006.209021	000000004.347603	000000000.052918
000000005.766696	000000004.000500	-00000000.147016
000000005.956795	000000004.132376	-00000000.050614
000000005.801387	000000003.950024	-00000000.147016
000000006.141412	000000004.181539	-00000000.051871
000000006.375144	000000004.300089	000000000.053686
000000006.630846	000000004.472562	000000000.167539
000000005.918765	000000003.954792	-00000000.149110
000000006.194297	000000004.138897	-00000000.052010
000000006.479135	000000004.288446	000000000.054244
000000006.070106	000000003.979736	-00000000.152042
000000006.280356	000000004.117582	-00000000.052429
000000006.583404	000000004.275312	000000000.054803
000000006.800126	000000004.416054	000000000.169843
000000006.113013	000000003.932022	-00000000.152251
000000006.400151	000000004.116715	-00000000.053127
000000006.654196	000000004.239191	000000000.055082
000000006.964886	000000004.437121	000000000.172984
000000006.240103	000000003.937212	-00000000.154555
000000006.334347	000000003.996675	-00000000.052290
000000006.801180	000000004.249849	000000000.055990
000000007.088127	000000004.429153	000000000.175079
000000006.350738	000000003.929956	-00000000.156440
000000006.573062	000000004.067534	-00000000.053965
000000006.897691	000000004.226911	000000000.056478
000000007.015689	000000004.299220	000000000.172356
000000006.436075	000000003.905506	-00000000.157696
000000006.762188	000000004.103396	-00000000.055222
000000007.045744	000000004.233510	000000000.057386
000000007.130068	000000004.284177	000000000.174241
000000006.512872	000000003.874752	-00000000.158744
000000006.918053	000000004.115809	-00000000.056199
000000007.220276	000000004.253068	000000000.058503
000000007.322242	000000004.313130	000000000.178011
000000006.675984	000000003.893319	-00000000.161885
000000006.996897	000000004.080470	-00000000.056548
000000007.369697	000000004.254897	000000000.059411
000000007.705935	000000004.449024	000000000.186388
000000006.796506	000000003.884523	-00000000.163979
000000007.127738	000000004.073838	-00000000.057316
000000007.502283	000000004.244587	000000000.060178
000000007.874992	000000004.455456	000000000.189529
000000006.952268	000000003.893457	-00000000.166911
000000007.320064	000000004.099432	-00000000.058573
000000007.609006	000000004.217741	000000000.060737
000000008.009759	000000004.439882	000000000.191833
000000007.108694	000000003.899963	-00000000.169843
000000007.408160	000000004.064256	-00000000.058992
000000007.715826	000000004.189352	000000000.061295
000000008.179994	000000004.441374	000000000.194974
000000007.230527	000000003.885102	-00000000.171937
000000007.557858	000000004.060984	-00000000.059899
000000007.972822	000000004.239225	000000000.063041
000000008.253750	000000004.388597	000000000.195812
000000007.396874	000000003.891684	-00000000.175079
000000007.761153	000000004.083340	-00000000.061226
000000008.080471	000000004.206427	000000000.063599
000000008.504568	000000004.427198	000000000.200838
000000007.546100	000000003.886497	-00000000.177801
000000007.885390	000000004.061243	-00000000.061924
000000008.223789	000000004.190230	000000000.064437
000000008.631959	000000004.398203	000000000.202932
000000007.499378	000000003.779998	-00000000.175916
000000007.956248	000000004.010279	-00000000.062203
000000008.260042	000000004.118305	000000000.064437
000000008.866855	000000004.420850	000000000.207539
000000007.827981	000000003.860333	-00000000.182827
000000008.125469	000000004.007038	-00000000.063250
000000008.385544	000000004.089903	000000000.065135
000000008.806250	000000004.295095	000000000.205236
000000007.879381	000000003.800562	-00000000.183246
000000008.169134	000000003.940322	-00000000.063320
000000008.547275	000000004.076841	000000000.066113
000000008.933634	000000004.261125	000000000.207330
000000008.047885	000000003.795629	-00000000.186388
000000008.375051	000000003.949930	-00000000.064646
000000008.745657	000000004.078166	000000000.067369
000000008.907052	000000004.153426	000000000.205864
000000008.244131	000000003.800597	-00000000.190157
000000008.581743	000000003.956238	-00000000.065973
000000008.790011	000000004.005839	000000000.067439
000000009.106715	000000004.150169	000000000.209634
000000008.523106	000000003.839379	-00000000.195812
000000008.789172	000000003.959233	-00000000.067299
000000009.153502	000000004.075402	000000000.069952
000000009.352654	000000004.164070	000000000.214450
000000008.528831	000000003.752776	-00000000.195183
000000008.988139	000000003.954876	-00000000.068556
000000009.225400	000000004.011318	000000000.070231
000000009.516996	000000004.138108	000000000.217382
000000008.836833	000000003.796603	-00000000.201466
000000009.086624	000000003.903922	-00000000.069045
000000009.453355	000000004.012711	000000000.071698
000000009.653978	000000004.097870	000000000.219686
000000008.971047	000000003.761872	-00000000.203770
000000009.267894	000000003.886351	-00000000.070162
000000009.617352	000000003.983637	000000000.072675
000000009.966474	000000004.128249	000000000.225969
000000009.133081	000000003.736442	-00000000.206702
000000009.301455	000000003.805326	-00000000.070162
000000009.855724	000000003.981971	000000000.074211
000000010.308023	000000004.164711	000000000.232880
000000009.276772	000000003.701057	-00000000.209215
000000009.557218	000000003.812943	-00000000.071837
000000009.955225	000000003.921468	000000000.074699
000000010.576528	000000004.166205	000000000.238115
000000009.569622	000000003.721422	-00000000.215079
000000009.897682	000000003.848998	-00000000.074141
000000010.231792	000000003.927617	000000000.076515
000000010.705819	000000004.109579	000000000.240210
000000009.816766	000000003.719240	-00000000.219895
000000010.183374	000000003.858135	-00000000.076026
000000010.396809	000000003.887207	000000000.077492
000000010.722545	000000004.008995	000000000.239791
000000010.083344	000000003.719942	-00000000.225131
000000010.301089	000000003.800272	-00000000.076654
000000010.524301	000000003.830532	000000000.078190
000000010.569223	000000003.846883	000000000.235602
000000010.294207	000000003.695998	-00000000.229110
000000010.550326	000000003.787954	-00000000.078260
000000011.000359	000000003.895431	000000000.081471
000000011.620220	000000004.114936	000000000.258220
000000010.694182	000000003.734576	-00000000.237278
000000010.790675	000000003.768272	-00000000.079796
000000011.213576	000000003.861144	000000000.082798
000000011.721859	000000004.036160	000000000.259686
000000010.906243	000000003.702171	-00000000.241257
000000011.097751	000000003.767179	-00000000.081820
000000011.218395	000000003.753623	000000000.082588
000000012.268617	000000004.105021	000000000.270995
000000011.251467	000000003.710177	-00000000.248168
000000011.652525	000000003.842426	-00000000.085660
000000011.935469	000000003.878069	000000000.087615
000000012.684312	000000004.121383	000000000.279372
000000012.035643	000000003.852640	-00000000.264712
000000012.190370	000000003.902168	-00000000.089360
000000012.321723	000000003.885024	000000000.090198
000000013.291898	000000004.190919	000000000.291937
000000012.402988	000000003.851230	-00000000.272042
000000012.615506	000000003.917219	-00000000.092222
000000012.718543	000000003.888449	000000000.092851
000000013.404452	000000004.098153	000000000.293613
000000012.828642	000000003.860983	-00000000.280628
000000013.060955	000000003.930901	-00000000.095224
000000013.116335	000000003.885235	000000000.095504
000000014.158662	000000004.193987	000000000.309320
000000011.575663	000000003.373998	-00000000.252566
000000012.861846	000000003.748886	-00000000.280628
000000013.536373	000000003.945493	-00000000.098436
000000013.630359	000000003.908442	000000000.098994
000000014.290827	000000004.097828	000000000.311414
000000013.692734	000000003.861750	-00000000.298011
000000013.945637	000000003.933076	-00000000.101158
000000014.068662	000000003.901585	000000000.101926
000000015.029339	000000004.168005	000000000.326702
000000011.989676	000000003.268761	-00000000.260314
000000014.490753	000000003.950633	-00000000.104859
000000014.536830	000000003.895132	000000000.105068
000000015.248624	000000004.085856	000000000.330681
000000014.492839	000000003.815646	-00000000.313927
000000014.988847	000000003.946234	-00000000.108210
000000015.102736	000000003.905833	000000000.108908
000000015.777345	000000004.080299	000000000.341361
000000012.044898	000000003.059015	-00000000.260314
000000014.913193	000000003.787468	-00000000.322304
000000015.517009	000000003.940818	-00000000.111770
000000015.689300	000000003.911782	000000000.112887
000000016.530214	000000004.121445	000000000.356859
000000016.153025	000000003.952620	-00000000.116098
000000016.374311	000000003.931124	000000000.117564
000000017.547426	000000004.212765	000000000.378011
000000011.911549	000000002.804797	-00000000.256335
000000015.648505	000000003.684734	-00000000.336754
000000016.829319	000000003.962778	-00000000.120706
000000017.051060	000000003.936548	000000000.122172
000000018.138792	000000004.187670	000000000.389948
000000017.458202	000000003.950388	-00000000.124965
000000017.758392	000000003.936941	000000000.126989
000000018.799337	000000004.167713	000000000.403351
000000012.144319	000000002.636790	-00000000.260314
000000017.814489	000000003.867905	-00000000.127268
000000018.652821	000000003.964779	000000000.133133
000000019.079475	000000004.055468	000000000.408587
000000018.288124	000000003.803935	-00000000.130410
000000019.333443	000000003.933433	000000000.137740
000000019.398252	000000003.946619	000000000.414660
000000020.750254	000000004.221687	000000000.443560
000000011.786454	000000002.344471	-00000000.251728
000000019.978109	000000003.973893	-00000000.142208
000000020.427164	000000003.970638	000000000.145280
000000021.699018	000000004.217862	000000000.463037
000000021.112345	000000004.008304	-00000000.150027
000000021.483597	000000003.981749	000000000.152541
000000022.629564	000000004.194142	000000000.482095
000000011.668162	000000002.109947	-00000000.248377
000000022.278137	000000004.028543	-00000000.158056
000000022.689419	000000004.000757	000000000.160848
000000023.728662	000000004.184003	000000000.504712
000000021.602863	000000003.712051	-00000000.153029
000000023.504940	000000004.038888	-00000000.166503
000000023.985882	000000004.013860	000000000.169784
000000024.829226	000000004.154987	000000000.527330
000000011.644003	000000001.896346	-00000000.247121
000000024.891441	000000004.053829	-00000000.176067
000000025.402725	000000004.023396	000000000.179558
000000035.568733	000000005.633533	000000000.754346
000000024.451468	000000003.763441	-00000000.172716
000000035.989410	000000005.378654	000000000.254048
000000011.210291	000000001.625415	-00000000.237278
000000036.678635	000000005.154846	000000000.258586
000000036.742054	000000004.837183	000000000.258726
000000036.893486	000000004.857120	000000000.779477
000000011.038593	000000001.404287	-00000000.233089
000000036.921818	000000004.533429	000000000.259703
000000037.023777	000000004.545948	000000000.781362
000000045.345512	000000005.166469	000000000.318625
000000045.475742	000000005.181306	000000000.958744
000000010.952099	000000001.199450	-00000000.230785
000000049.187855	000000005.169852	000000000.345293
000000049.307526	000000005.182430	000000001.038535
000000038.540802	000000003.711057	000000000.270314
000000010.851892	000000000.997149	-00000000.228272
000000038.850647	000000003.398991	000000000.272269
000000038.763393	000000003.391357	000000000.815079
000000065.944473	000000005.189943	000000000.461810
000000065.881783	000000005.185009	000000001.384294
000000010.708117	000000000.795751	-00000000.224922
000000077.862747	000000005.444694	000000001.634975
000000010.560667	000000000.599678	-00000000.221571
000000010.629465	000000000.417633	-00000000.222827
000000010.635136	000000000.232059	-00000000.222827
000000010.717547	000000000.046764	-00000000.224503
000000010.676744	-00000000.139766	-00000000.223665
000000010.752623	-00000000.328522	-00000000.225340
000000067.633911	-00000002.952960	000000000.472631
000000067.440941	-00000002.944535	000000001.414032
000000010.725279	-00000000.515172	-00000000.224922
000000067.166191	-00000003.520031	000000000.469560
000000067.262917	-00000003.525100	000000001.410891
000000067.459114	-00000004.125976	000000001.415708
000000010.674748	-00000000.699660	-00000000.224084
000000047.383137	-00000003.313352	000000000.331610
000000045.459000	-00000003.178803	000000000.954556
000000044.939941	-00000003.536850	000000000.314715
000000044.921211	-00000003.535376	000000000.943875
000000010.670876	-00000000.886681	-00000000.224293
000000044.947208	-00000003.932371	000000000.314994
000000044.739250	-00000003.914177	000000000.940733
000000031.008610	-00000002.849291	-00000000.217396
000000032.220188	-00000003.102451	000000000.225983
000000035.355614	-00000003.404358	000000000.247974
000000032.114391	-00000003.092264	000000000.675812
000000044.882523	-00000004.321695	000000000.944503
000000010.564248	-00000001.063764	-00000000.222409
000000028.495203	-00000002.869316	-00000000.199943
000000031.625025	-00000003.323924	000000000.222004
000000035.105766	-00000003.689765	000000000.246438
000000031.768007	-00000003.338952	000000000.669110
000000026.590359	-00000002.912118	-00000000.186749
000000030.243591	-00000003.445822	000000000.212510
000000030.307230	-00000003.453073	000000000.638953
000000031.658192	-00000003.606995	000000000.667435
000000010.663216	-00000001.262075	-00000000.224922
000000024.637428	-00000002.916032	-00000000.173205
000000030.123041	-00000003.698644	000000000.211881
000000031.611824	-00000003.881444	000000000.222353
000000031.605661	-00000003.880687	000000000.667016
000000022.904837	-00000002.913863	-00000000.161197
000000031.814690	-00000004.188483	000000000.224029
000000031.610241	-00000004.161567	000000000.667854
000000010.490969	-00000001.427758	-00000000.221780
000000021.530991	-00000002.930239	-00000000.151703
000000023.096521	-00000003.143299	-00000000.162733
000000023.359854	-00000003.283014	000000000.164688
000000023.458879	-00000003.296931	000000000.165386
000000031.935368	-00000004.488223	000000000.225146
000000031.760834	-00000004.463694	000000000.671833
000000018.545614	-00000002.688986	-00000000.130829
000000020.643625	-00000002.993183	-00000000.145629
000000022.989040	-00000003.333252	-00000000.162175
000000023.389654	-00000003.495607	000000000.165107
000000044.654160	-00000006.673609	000000000.945760
000000010.573149	-00000001.627363	-00000000.224084
000000017.612173	-00000002.710773	-00000000.124406
000000019.914999	-00000003.065212	-00000000.140672
000000022.929428	-00000003.529177	-00000000.161965
000000023.279247	-00000003.687070	000000000.164548
000000023.393206	-00000003.705120	000000000.496126
000000010.588148	-00000001.724389	-00000000.224712
000000017.824720	-00000002.902940	-00000000.126082
000000020.183584	-00000003.287106	-00000000.142767
000000022.868149	-00000003.724314	-00000000.161756
000000023.364536	-00000003.909883	000000000.165386
000000020.086233	-00000003.361283	000000000.426597
000000023.429007	-00000003.920671	000000000.497592
000000010.513577	-00000001.806563	-00000000.223456
000000017.700155	-00000003.041443	-00000000.125383
000000022.982607	-00000003.949134	-00000000.162803
000000019.774458	-00000003.486770	000000000.140184
000000039.450439	-00000006.956177	000000000.279669
000000019.750910	-00000003.482618	000000000.420105
000000017.023489	-00000003.078348	-00000000.120776
000000019.503212	-00000003.526755	-00000000.138369
000000019.664619	-00000003.644622	000000000.139625
000000019.424856	-00000003.600184	000000000.413822
000000010.559026	-00000002.004694	-00000000.225131
000000016.062674	-00000003.049594	-00000000.114144
000000019.402922	-00000003.683760	-00000000.137880
000000019.573170	-00000003.804639	000000000.139206
000000019.314186	-00000003.754297	000000000.412147
000000010.815689	-00000002.151374	-00000000.230995
000000015.515645	-00000003.086254	-00000000.110444
000000019.370037	-00000003.852940	-00000000.137880
000000019.362841	-00000003.939415	000000000.137950
000000019.163122	-00000003.898782	000000000.409634
000000010.522430	-00000002.188669	-00000000.225131
000000014.016856	-00000002.915510	-00000000.299895
000000014.704906	-00000003.058625	-00000000.104859
000000019.306305	-00000004.015718	-00000000.137670
000000019.327726	-00000004.108235	000000000.137950
000000019.118591	-00000004.063782	000000000.409424
000000010.414999	-00000002.261318	-00000000.223246
000000013.463291	-00000002.923167	-00000000.288587
000000014.286771	-00000003.101962	-00000000.102066
000000019.114174	-00000004.150094	-00000000.136553
000000019.252087	-00000004.268085	000000000.137670
000000019.170248	-00000004.249942	000000000.411309
000000010.346112	-00000002.341086	-00000000.222199
000000012.939955	-00000002.928013	-00000000.277906
000000013.761744	-00000003.113965	-00000000.098506
000000019.330812	-00000004.374116	-00000000.138369
000000019.223852	-00000004.438176	000000000.137740
000000019.200621	-00000004.432813	000000000.412775
000000010.461533	-00000002.463364	-00000000.225131
000000012.651155	-00000002.978952	-00000000.272251
000000013.753514	-00000003.238523	-00000000.098645
000000019.184837	-00000004.517429	-00000000.137601
000000019.446924	-00000004.668794	000000000.139625
000000019.345917	-00000004.644544	000000000.416754
000000010.313391	-00000002.523670	-00000000.222409
000000012.469297	-00000003.051218	-00000000.268901
000000013.161365	-00000003.220565	-00000000.094596
000000019.096119	-00000004.672791	-00000000.137252
000000019.521875	-00000004.867350	000000000.140463
000000026.769806	-00000006.674462	000000000.192613
000000042.730782	-00000010.653981	000000000.307455
000000019.430761	-00000004.844633	000000000.419477
000000010.407257	-00000002.643106	-00000000.224922
000000012.044898	-00000003.059015	-00000000.260314
000000013.016454	-00000003.305758	-00000000.093758
000000013.456923	-00000003.480197	000000000.097040
000000026.671816	-00000006.897801	000000000.192334
000000026.715015	-00000006.908973	000000000.578011
000000010.161424	-00000002.675280	-00000000.220105
000000012.223163	-00000003.218090	-00000000.088243
000000013.590245	-00000003.641495	000000000.098226
000000042.143757	-00000011.292386	000000000.913927
000000010.378835	-00000002.829595	-00000000.225340
000000011.654346	-00000003.177340	-00000000.084334
000000033.841877	-00000009.385182	000000000.245182
000000040.047508	-00000011.106156	000000000.290141
000000040.598480	-00000011.258955	000000000.882514
000000010.113186	-00000002.852214	-00000000.220105
000000011.241203	-00000003.170347	-00000000.081541
000000037.238373	-00000010.677932	000000000.270454
000000039.843327	-00000011.424891	000000000.289373
000000039.028278	-00000011.191178	000000000.850472
000000040.546734	-00000011.626589	000000000.883561
000000010.337470	-00000003.013098	-00000000.225550
000000011.049905	-00000003.220753	-00000000.080354
000000036.510967	-00000010.815042	000000000.265846
000000037.069427	-00000010.980464	000000000.809843
000000041.747440	-00000012.366156	000000000.912042
000000009.918263	-00000002.985058	-00000000.216963
000000010.906472	-00000003.282476	-00000000.079517
000000031.346905	-00000009.583711	000000000.228846
000000031.302553	-00000009.570150	000000000.685655
000000036.828781	-00000011.259688	000000000.806702
000000009.968221	-00000003.095215	-00000000.218639
000000010.762813	-00000003.341942	-00000000.078679
000000011.186827	-00000003.527193	000000000.081890
000000028.881752	-00000009.106381	000000000.634346
000000036.395390	-00000011.475423	000000000.799372
000000009.636131	-00000003.084550	-00000000.211937
000000010.733239	-00000003.435737	-00000000.078679
000000011.051007	-00000003.590690	000000000.081122
000000011.096395	-00000003.605438	000000000.244398
000000009.447433	-00000003.115296	-00000000.208377
000000010.332475	-00000003.407139	-00000000.075956
000000010.554585	-00000003.531515	000000000.077701
000000010.505121	-00000003.514965	000000000.232042
000000009.258945	-00000003.142988	-00000000.204817
000000010.226597	-00000003.471462	-00000000.075398
000000010.636825	-00000003.662553	000000000.078539
000000011.012876	-00000003.792037	000000000.243979
000000009.193410	-00000003.210483	-00000000.203979
000000010.063744	-00000003.514417	-00000000.074420
000000020.190889	-00000007.149969	000000000.149539
000000031.360918	-00000011.105484	000000000.232267
000000010.960516	-00000003.881322	000000000.243560
000000020.413137	-00000007.228671	000000000.453613
000000031.458473	-00000011.140030	000000000.699058
000000008.751018	-00000003.141936	-00000000.194765
000000010.625618	-00000003.814987	-00000000.078818
000000030.492283	-00000011.098284	000000000.226542
000000031.284901	-00000011.386773	000000000.697383
000000032.402893	-00000011.793688	000000000.722304
000000008.713886	-00000003.214722	-00000000.194555
000000010.554396	-00000003.893722	-00000000.078539
000000016.183407	-00000005.970374	-00000000.120427
000000029.897848	-00000011.178348	000000000.222842
000000028.758894	-00000010.752510	000000000.643142
000000030.285336	-00000011.323223	000000000.677278
000000031.643213	-00000011.830913	000000000.707644
000000008.246083	-00000003.124161	-00000000.184712
000000010.594824	-00000004.014019	-00000000.079098
000000013.166383	-00000004.988296	-00000000.098296
000000027.661314	-00000010.618183	000000000.206855
000000029.500423	-00000011.324151	000000000.220608
000000028.159945	-00000010.809589	000000000.631833
000000029.634678	-00000011.375687	000000000.664922
000000008.218506	-00000003.196002	-00000000.184712
000000010.596671	-00000004.120820	-00000000.079377
000000027.586208	-00000010.866496	000000000.206994
000000029.326048	-00000011.551837	000000000.220049
000000027.869196	-00000010.977968	000000000.627435
000000029.413353	-00000011.586227	000000000.662199
000000007.939580	-00000003.167571	-00000000.179058
000000010.625322	-00000004.239074	-00000000.079866
000000027.175097	-00000010.979451	000000000.204621
000000027.522051	-00000011.119631	000000000.621780
000000029.477980	-00000011.909877	000000000.665969
000000007.874622	-00000003.221593	-00000000.178220
000000010.958133	-00000004.483090	-00000000.082658
000000026.395773	-00000010.798796	-00000000.199106
000000026.431549	-00000010.948306	000000000.199734
000000027.063732	-00000011.210165	000000000.613613
000000007.680249	-00000003.220596	-00000000.174450
000000010.095886	-00000004.233556	-00000000.229319
000000010.651162	-00000004.466403	-00000000.080634
000000014.717969	-00000006.171757	-00000000.111421
000000025.572010	-00000010.723233	-00000000.193590
000000026.242954	-00000011.139473	000000000.199036
000000026.587553	-00000011.285747	000000000.605026
000000007.752897	-00000003.330907	-00000000.176754
000000010.676094	-00000004.586812	-00000000.081122
000000011.971558	-00000005.143387	-00000000.090966
000000025.612864	-00000011.136790	000000000.194987
000000026.515560	-00000011.529294	000000000.605655
000000007.641175	-00000003.362197	-00000000.174869
000000010.763801	-00000004.736186	-00000000.082100
000000014.324275	-00000006.302832	-00000000.109257
000000024.765614	-00000011.026361	000000000.189262
000000025.719797	-00000011.451192	000000000.589739
000000007.666237	-00000003.453388	-00000000.176126
000000010.521478	-00000004.739580	-00000000.080564
000000013.429927	-00000006.049741	-00000000.102834
000000024.231678	-00000011.043012	000000000.185911
000000026.010088	-00000011.853479	000000000.598744
000000007.463300	-00000003.440628	-00000000.172147
000000010.170956	-00000004.688875	-00000000.078190
000000013.358460	-00000006.158335	-00000000.102694
000000023.744686	-00000011.072329	000000000.182909
000000024.329027	-00000011.344811	000000000.562304
000000025.697252	-00000011.982825	000000000.593927
000000007.225011	-00000003.407537	-00000000.167330
000000008.943100	-00000004.217840	-00000000.207121
000000010.581867	-00000004.990733	-00000000.081681
000000023.818645	-00000011.360910	000000000.184235
000000024.626152	-00000011.746072	000000000.571519
000000007.276046	-00000003.509548	-00000000.169215
000000009.655250	-00000004.657140	-00000000.074839
000000021.417740	-00000010.446130	000000000.166363
000000023.592770	-00000011.506962	000000000.183258
000000024.298061	-00000011.850957	000000000.566283
000000006.904406	-00000003.404876	-00000000.161257
000000010.107510	-00000004.984472	-00000000.078679
000000013.757692	-00000006.784543	-00000000.107093
000000014.148568	-00000007.054216	000000000.110374
000000023.160336	-00000011.547318	000000000.180675
000000014.181599	-00000007.070684	000000000.331937
000000023.200560	-00000011.567372	000000000.543037
000000006.856574	-00000003.455998	-00000000.160838
000000008.936759	-00000004.504498	-00000000.209634
000000009.733232	-00000004.905953	-00000000.076096
000000012.679992	-00000006.391242	-00000000.099134
000000013.992640	-00000007.052871	-00000000.109396
000000014.113199	-00000007.191034	000000000.110583
000000021.241077	-00000010.822870	000000000.166433
000000023.254704	-00000011.848864	000000000.182211
000000014.101540	-00000007.185093	000000000.331519
000000021.619986	-00000011.015933	000000000.508273
000000024.408224	-00000012.436611	000000000.573822
000000007.119466	-00000003.666766	-00000000.167749
000000009.867850	-00000005.082277	-00000000.077492
000000012.081449	-00000006.222355	-00000000.094875
000000021.012775	-00000010.938559	000000000.165386
000000021.567371	-00000011.227263	000000000.509320
000000024.449526	-00000012.727617	000000000.577383
000000006.635952	-00000003.491343	-00000000.157068
000000009.486836	-00000004.991266	-00000000.074839
000000013.619628	-00000007.165633	-00000000.107442
000000020.678129	-00000010.994756	000000000.163501
000000021.106647	-00000011.222603	000000000.500733
000000006.640460	-00000003.568048	-00000000.157906
000000008.639644	-00000004.642248	-00000000.205445
000000009.742414	-00000005.234788	-00000000.077213
000000012.684517	-00000006.815637	-00000000.100530
000000019.790480	-00000010.745354	000000000.157218
000000020.076567	-00000010.900686	000000000.478534
000000006.898326	-00000003.784551	-00000000.164817
000000009.678827	-00000005.309987	-00000000.077073
000000011.896892	-00000006.526858	-00000000.094736
000000019.704702	-00000010.922495	000000000.157288
000000020.426636	-00000011.322669	000000000.489215
000000006.612069	-00000003.702937	-00000000.158744
000000008.382848	-00000004.694620	-00000000.201257
000000009.885139	-00000005.535944	-00000000.079098
000000011.525392	-00000006.454529	-00000000.092222
000000012.869002	-00000007.206988	-00000000.102974
000000019.295315	-00000010.916764	000000000.154775
000000019.978983	-00000011.303565	000000000.480838
000000006.562143	-00000003.750574	-00000000.158325
000000010.105588	-00000005.775819	-00000000.081262
000000012.788257	-00000007.309091	-00000000.102834
000000018.796045	-00000010.742826	-00000000.151144
000000018.523832	-00000010.694739	000000000.149329
000000019.308130	-00000011.147554	000000000.467016
000000006.891895	-00000004.019235	-00000000.167121
000000010.193010	-00000005.944388	-00000000.082379
000000012.499395	-00000007.289432	-00000000.101019
000000018.533192	-00000010.916884	000000000.150167
000000018.632950	-00000010.975647	000000000.452985
000000006.908112	-00000004.109895	-00000000.168377
000000008.207131	-00000004.882730	-00000000.066671
000000010.063404	-00000005.987096	-00000000.081751
000000012.581404	-00000007.485148	-00000000.102206
000000018.368649	-00000011.036997	000000000.149608
000000011.457813	-00000006.884549	000000000.280000
000000018.347927	-00000011.024547	000000000.448377
000000006.880531	-00000004.175209	-00000000.168586
000000008.164209	-00000004.954164	-00000000.066671
000000010.609198	-00000006.437819	-00000000.086637
000000011.194893	-00000006.860239	000000000.091664
000000018.143742	-00000011.118499	000000000.148561
000000011.277955	-00000006.911139	000000000.277068
000000018.114630	-00000011.100659	000000000.445026
000000006.580283	-00000004.072002	-00000000.162094
000000008.290732	-00000005.130461	-00000000.068067
000000009.608747	-00000005.946073	-00000000.078888
000000011.253325	-00000007.031857	000000000.092641
000000017.978182	-00000011.234015	000000000.148003
000000011.259608	-00000007.035784	000000000.278115
000000017.957720	-00000011.221229	000000000.443560
000000006.629052	-00000004.182621	-00000000.164189
000000007.990375	-00000005.041551	-00000000.197906
000000009.539577	-00000006.019025	-00000000.078749
000000011.149364	-00000007.102928	000000000.092292
000000017.811995	-00000011.347491	000000000.147444
000000011.172485	-00000007.117659	000000000.277487
000000017.884409	-00000011.393625	000000000.444189
000000006.642751	-00000004.272761	-00000000.165445
000000010.092222	-00000006.491536	-00000000.083775
000000011.061795	-00000007.183614	000000000.092083
000000010.984176	-00000007.133207	000000000.274346
000000006.630295	-00000004.347012	-00000000.166073
000000009.130242	-00000005.986049	-00000000.228691
000000010.361333	-00000006.793188	-00000000.086498
000000010.998686	-00000007.279871	000000000.092083
000000010.854813	-00000007.184644	000000000.272670
000000006.508979	-00000004.349161	-00000000.163979
000000009.169098	-00000006.126595	-00000000.230995
000000007.790680	-00000005.205566	-00000000.065414
000000009.561667	-00000006.388902	-00000000.080284
000000011.050801	-00000007.453860	000000000.093060
000000015.585526	-00000010.512570	000000000.131248
000000010.858010	-00000007.323821	000000000.274346
000000006.297233	-00000004.287633	-00000000.159581
000000007.916993	-00000005.390489	-00000000.200628
000000009.984961	-00000006.798518	-00000000.084334
000000010.705138	-00000007.357438	000000000.090687
000000015.427266	-00000010.602866	000000000.130689
000000010.801925	-00000007.423957	000000000.274555
000000006.333508	-00000004.393711	-00000000.161466
000000009.793793	-00000006.794196	-00000000.083217
000000015.241179	-00000010.573182	-00000000.129502
000000006.094343	-00000004.267305	000000000.051941
000000015.317771	-00000010.725618	000000000.130550
000000010.925092	-00000007.649832	000000000.279372
000000015.609613	-00000010.929969	000000000.399163
000000006.196950	-00000004.379571	-00000000.158953
000000008.123801	-00000005.741335	-00000000.208377
000000006.067499	-00000004.288084	-00000000.051871
000000009.864790	-00000006.971744	-00000000.084334
000000015.140166	-00000010.700011	-00000000.129433
000000014.881670	-00000010.614992	000000000.127617
000000010.483508	-00000007.477814	000000000.269738
000000015.220622	-00000010.856764	000000000.391623
000000006.328889	-00000004.556148	-00000000.163351
000000008.227555	-00000005.922993	-00000000.212356
000000009.284180	-00000006.683653	-00000000.079866
000000014.762172	-00000010.627243	-00000000.126989
000000013.817674	-00000010.039127	000000000.119240
000000010.725213	-00000007.792323	000000000.277696
000000013.556151	-00000009.849120	000000000.350995
000000014.656174	-00000010.648334	000000000.379477
000000006.063133	-00000004.445673	-00000000.157487
000000008.070741	-00000005.917712	-00000000.209634
000000009.209373	-00000006.752592	-00000000.079726
000000010.435139	-00000007.651360	-00000000.090338
000000013.110585	-00000009.701323	000000000.113864
000000014.686108	-00000010.867147	000000000.127548
000000005.087298	-00000003.764402	000000000.132566
000000010.488031	-00000007.760735	000000000.273299
000000014.803796	-00000010.954233	000000000.385759
000000005.655611	-00000004.223245	-00000000.147853
000000008.026803	-00000005.993898	-00000000.209843
000000008.893701	-00000006.641242	-00000000.077492
000000013.108193	-00000009.788352	-00000000.114213
000000014.117749	-00000010.542223	-00000000.123010
000000004.919475	-00000003.707090	000000000.043005
000000013.312929	-00000010.032012	000000000.116378
000000004.958439	-00000003.736452	000000000.130052
000000013.134673	-00000009.897686	000000000.344503
000000014.500040	-00000010.926564	000000000.380314
000000005.133087	-00000003.903290	-00000000.135079
000000007.998066	-00000006.081871	-00000000.210471
000000008.970724	-00000006.821497	-00000000.078679
000000014.168489	-00000010.773970	-00000000.124266
000000004.886937	-00000003.749879	000000000.043005
000000013.280411	-00000010.190418	000000000.116866
000000004.759076	-00000003.651767	000000000.125655
000000005.083019	-00000003.935694	-00000000.134660
000000007.818205	-00000006.053501	-00000000.207121
000000004.917969	-00000003.807899	-00000000.043423
000000008.689466	-00000006.728104	-00000000.076724
000000013.686502	-00000010.597222	-00000000.120846
000000004.814629	-00000003.761600	000000000.042656
000000004.648244	-00000003.631606	000000000.123560
000000005.126995	-00000004.041797	-00000000.136754
000000007.537389	-00000005.941998	-00000000.201047
000000004.939523	-00000003.894006	-00000000.043912
000000008.544040	-00000006.735578	-00000000.075956
000000004.672057	-00000003.716322	000000000.041678
000000004.632024	-00000003.684479	000000000.123979
000000004.498947	-00000003.610786	-00000000.120838
000000006.066171	-00000004.868617	-00000000.162932
000000007.571018	-00000006.076384	-00000000.203351
000000004.866360	-00000003.905667	-00000000.043563
000000008.461541	-00000006.791104	-00000000.075747
000000004.569507	-00000003.700314	000000000.041050
000000004.537537	-00000003.674425	000000000.122304
000000004.475008	-00000003.656235	-00000000.121047
000000005.884093	-00000004.807506	-00000000.159162
000000007.525446	-00000006.148547	-00000000.203560
000000004.917274	-00000004.017581	-00000000.044331
000000008.192875	-00000006.693859	-00000000.073862
000000004.498462	-00000003.708246	000000000.040701
000000004.590159	-00000003.783835	000000000.124607
000000005.134737	-00000004.270515	-00000000.139895
000000007.348516	-00000006.111696	-00000000.200210
000000004.705197	-00000003.913271	-00000000.042725
000000008.441677	-00000007.020869	-00000000.076654
000000004.588494	-00000003.850204	000000000.041818
000000004.541647	-00000003.810894	000000000.124189
000000004.418147	-00000003.740237	-00000000.121257
000000005.898493	-00000004.993443	-00000000.161885
000000007.157550	-00000006.059314	-00000000.196440
000000004.686133	-00000003.967104	-00000000.042865
000000008.219813	-00000006.958586	-00000000.075188
000000004.516701	-00000003.857627	000000000.041469
000000004.356171	-00000003.720521	000000000.120000
000000004.286877	-00000003.693810	-00000000.118534
000000006.256114	-00000005.390613	-00000000.172984
000000004.666486	-00000004.020902	-00000000.043005
000000007.923937	-00000006.827701	-00000000.073024
000000004.331927	-00000003.765687	000000000.040072
000000004.285810	-00000003.725598	000000000.118953
000000004.540116	-00000003.981575	-00000000.126492
000000006.517022	-00000005.715274	-00000000.181571
000000004.698884	-00000004.120811	-00000000.043633
000000007.886607	-00000006.916369	-00000000.073233
000000004.366305	-00000003.862981	000000000.040701
000000004.477773	-00000003.961599	000000000.125236
000000003.930860	-00000003.508427	-00000000.110367
000000005.131749	-00000004.580261	-00000000.144084
000000006.839846	-00000006.104796	-00000000.192042
000000004.349409	-00000003.881995	-00000000.040701
000000007.833412	-00000006.991587	-00000000.073303
000000004.302704	-00000003.874172	000000000.040421
000000007.966319	-00000007.172905	000000000.074839
000000004.301865	-00000003.873416	000000000.121257
000000003.937097	-00000003.576207	-00000000.111414
000000004.780760	-00000004.342537	-00000000.135288
000000006.120262	-00000005.559254	-00000000.173194
000000004.463407	-00000004.054273	-00000000.042097
000000004.113907	-00000003.769701	000000000.038955
000000004.098363	-00000003.755458	000000000.116440
000000004.280161	-00000003.956540	-00000000.122094
000000004.288339	-00000003.964100	-00000000.040771
000000004.110107	-00000003.832737	000000000.039235
000000004.080059	-00000003.804716	000000000.116859
000000004.245471	-00000003.993741	-00000000.122094
000000005.025637	-00000004.727647	-00000000.048171
000000007.465621	-00000007.022954	-00000000.071558
000000004.069251	-00000003.861575	000000000.039165
000000004.082962	-00000003.874586	000000000.117906
000000004.261013	-00000004.079032	-00000000.123560
000000004.189609	-00000004.010678	-00000000.040491
000000007.476285	-00000007.156986	-00000000.072256
000000004.193649	-00000004.049759	000000000.040701
000000004.092146	-00000003.951739	000000000.119162
000000004.282546	-00000004.171872	-00000000.125236
000000004.075659	-00000003.970331	-00000000.039723
000000003.972708	-00000003.903970	000000000.038886
000000004.078897	-00000004.008322	000000000.119791
000000004.125272	-00000004.089428	-00000000.121675
000000004.474059	-00000004.435185	-00000000.043982
000000005.993818	-00000005.941739	-00000000.058922
000000007.265019	-00000007.201895	-00000000.071418
000000003.995056	-00000003.995056	000000000.039444
000000004.022555	-00000004.022555	000000000.119162
000000004.131660	-00000004.167874	-00000000.122932
000000006.130623	-00000006.184358	-00000000.182408
000000004.153586	-00000004.189991	-00000000.041189
000000004.072184	-00000004.143884	000000000.040561
000000004.001314	-00000004.071767	000000000.119581
000000004.255588	-00000004.368484	-00000000.127749
000000005.818296	-00000005.972648	-00000000.174660
000000004.186641	-00000004.297707	-00000000.041888
000000004.237313	-00000004.387866	000000000.042586
000000004.146201	-00000004.293517	000000000.125026
000000004.072119	-00000004.253790	-00000000.123351
000000004.287276	-00000004.478547	-00000000.043284
000000004.164444	-00000004.388408	000000000.042237
000000004.122339	-00000004.344039	000000000.125445
000000004.075944	-00000004.332857	-00000000.124607
000000005.795377	-00000006.160667	-00000000.177173
000000004.165811	-00000004.428388	-00000000.042446
000000004.125989	-00000004.424582	000000000.042237
000000004.084274	-00000004.379848	000000000.125445
000000004.078698	-00000004.412311	-00000000.125864
000000005.279912	-00000005.711776	-00000000.162932
000000005.572818	-00000006.028641	-00000000.057316
000000006.937175	-00000007.504593	-00000000.071348
000000004.033175	-00000004.401438	000000000.041678
000000003.985108	-00000004.348982	000000000.123560
000000004.308926	-00000004.743757	-00000000.134241
000000005.982752	-00000006.586496	-00000000.186388
000000004.121508	-00000004.537426	-00000000.042795
000000006.777292	-00000007.461217	-00000000.070371
000000009.856657	-00000010.851334	-00000000.102345
000000003.974539	-00000004.414173	000000000.041469
000000003.913555	-00000004.346444	000000000.122513
000000005.265969	-00000005.900020	-00000000.165655
000000006.871731	-00000007.699124	-00000000.072047
000000009.475265	-00000010.616138	-00000000.099343
000000004.214161	-00000004.763242	000000000.044401
000000010.257108	-00000011.593552	000000000.108070
000000004.054345	-00000004.582603	000000000.128168
000000003.757447	-00000004.284547	-00000000.119372
000000005.332938	-00000006.081050	-00000000.169424
000000006.540551	-00000007.458069	-00000000.069254
000000009.487755	-00000010.818711	-00000000.100460
000000011.152732	-00000012.829750	000000000.118681
000000003.928931	-00000004.519719	000000000.125445
000000004.131063	-00000004.794334	-00000000.132566
000000005.501558	-00000006.384872	-00000000.176545
000000005.078347	-00000005.893712	-00000000.054314
000000009.086194	-00000010.545048	-00000000.097179
000000009.007625	-00000010.546574	000000000.096830
000000011.027359	-00000012.911378	000000000.118542
000000003.882848	-00000004.546230	000000000.125236
000000009.505835	-00000011.129902	000000000.306597
000000003.856514	-00000004.555499	-00000000.125026
000000005.697564	-00000006.730234	-00000000.184712
000000006.331861	-00000007.479496	-00000000.068416
000000009.013209	-00000010.646833	-00000000.097389
000000009.243061	-00000011.015450	000000000.100391
000000004.016541	-00000004.786728	000000000.130890
000000009.144861	-00000010.898421	000000000.298011
000000008.987566	-00000010.902790	000000000.098645
000000003.923742	-00000004.759880	000000000.129215
000000009.062127	-00000010.993238	000000000.298429
000000008.753633	-00000010.809836	000000000.097109
000000008.865180	-00000010.947585	000000000.295079
000000008.453543	-00000010.627560	000000000.094806
000000008.825322	-00000011.094950	000000000.296964
000000008.335854	-00000010.669406	000000000.094526
000000008.795873	-00000011.258204	000000000.299267
000000008.181554	-00000010.662409	000000000.093828
000000008.679034	-00000011.310738	000000000.298639
000000008.136341	-00000010.797289	000000000.094387
000000008.519832	-00000011.306198	000000000.296545
000000008.047756	-00000010.875918	000000000.094456
000000008.355428	-00000011.291712	000000000.294241
000000007.864375	-00000010.824384	000000000.093409
000000008.197805	-00000011.283312	000000000.292147
000000007.792844	-00000010.925164	000000000.093689
000000008.029361	-00000011.256748	000000000.289634
000000007.582496	-00000010.828926	000000000.092292
000000007.884946	-00000011.260870	000000000.287958
000000007.510364	-00000010.927648	000000000.092572
000000007.809029	-00000011.362207	000000000.288796
000000007.526553	-00000011.158574	000000000.093968
000000007.687216	-00000011.396767	000000000.287958
000000007.075660	-00000010.690155	000000000.089500
000000007.499179	-00000011.330023	000000000.284607
000000007.319770	-00000011.271458	000000000.093828
000000007.367350	-00000011.344724	000000000.283351
000000007.274859	-00000011.419242	000000000.094526
000000007.214351	-00000011.324264	000000000.281257
000000007.233222	-00000011.575574	000000000.095294
000000006.988102	-00000011.183301	000000000.276231
000000006.760966	-00000011.032894	000000000.090338
000000006.827559	-00000011.141562	000000000.273717
000000006.685031	-00000011.125760	000000000.090617
000000006.838205	-00000011.380685	000000000.278115
000000006.689193	-00000011.355996	000000000.092013
000000006.692963	-00000011.362395	000000000.276231
000000006.439843	-00000011.154136	000000000.089919
000000006.688533	-00000011.584879	000000000.280210
