000000003.347923	000000003.885456	-00000000.107435
000000003.505234	000000004.068025	-00000000.037489
000000003.427846	000000003.908710	-00000000.108901
000000003.619720	000000004.127500	-00000000.038327
000000003.341993	000000003.744387	-00000000.105131
000000003.628967	000000004.065914	-00000000.038048
000000003.556040	000000003.914895	-00000000.110785
000000003.671033	000000004.041492	-00000000.038118
000000003.603642	000000003.898397	-00000000.111204
000000003.794404	000000004.104763	-00000000.039025
000000003.671776	000000003.903212	-00000000.112251
000000003.843783	000000004.086061	-00000000.039165
000000003.747179	000000003.914354	-00000000.113508
000000003.983018	000000004.160715	-00000000.040212
000000003.816077	000000003.917312	-00000000.114555
000000003.970331	000000004.075659	-00000000.039723
000000003.934579	000000003.969066	-00000000.117068
000000004.047986	000000004.083467	-00000000.040142
000000003.990366	000000003.955695	-00000000.117696
000000004.126076	000000004.090226	-00000000.040561
000000003.996088	000000003.892817	-00000000.116859
000000004.154450	000000004.047086	-00000000.040491
000000004.116571	000000003.940760	-00000000.119372
000000004.261844	000000004.079828	-00000000.041189
000000004.209061	000000003.959489	-00000000.121047
000000004.399253	000000004.138404	-00000000.042167
000000004.338894	000000004.010832	-00000000.123770
000000004.420514	000000004.086281	-00000000.042027
000000004.344127	000000003.945927	-00000000.122932
000000004.493015	000000004.081167	-00000000.042376
000000004.400773	000000003.927840	-00000000.123560
000000004.603062	000000004.108390	-00000000.043074
000000004.464949	000000003.915655	-00000000.124398
000000004.691366	000000004.114217	-00000000.043563
000000004.544393	000000003.915699	-00000000.125655
000000004.704364	000000004.053539	-00000000.043354
000000004.662328	000000003.946952	-00000000.127958
000000004.823512	000000004.083404	-00000000.044122
000000004.704280	000000003.912508	-00000000.128168
000000004.905091	000000004.079522	-00000000.044540
000000004.815666	000000003.934564	-00000000.130262
000000004.808861	000000003.929004	-00000000.043354
000000004.803035	000000003.854843	-00000000.129005
000000005.053528	000000004.055885	-00000000.045239
000000004.907155	000000003.868489	-00000000.130890
000000005.143701	000000004.054966	-00000000.045727
000000004.948631	000000003.831640	-00000000.131100
000000005.194704	000000004.022170	-00000000.045867
000000005.141045	000000003.909342	-00000000.135288
000000005.341043	000000004.061424	-00000000.046844
000000005.174964	000000003.864329	-00000000.135288
000000005.392307	000000004.026627	-00000000.046984
000000005.305242	000000003.889964	-00000000.137801
000000005.435304	000000003.985330	-00000000.047054
000000005.298416	000000003.814314	-00000000.136754
000000005.591609	000000004.025382	-00000000.048101
000000005.470298	000000003.866024	-00000000.140314
000000005.610191	000000003.964891	-00000000.047961
000000005.955090	000000004.169799	000000000.050754
000000005.528471	000000003.835237	-00000000.140942
000000005.726739	000000003.972780	-00000000.048659
000000005.636106	000000003.837488	-00000000.142827
000000005.686799	000000003.872004	-00000000.048031
000000006.084988	000000004.104376	000000000.051242
000000006.456786	000000004.355157	000000000.163141
000000005.644441	000000003.771495	-00000000.142199
000000005.961492	000000003.983341	-00000000.050056
000000006.212298	000000004.111830	000000000.052010
000000006.594590	000000004.364864	000000000.165655
000000005.752387	000000003.771430	-00000000.144084
000000005.929124	000000003.887304	-00000000.049497
000000006.398901	000000004.155495	000000000.053267
000000006.766587	000000004.394273	000000000.169005
000000005.936433	000000003.818442	-00000000.147853
000000006.063744	000000003.900331	-00000000.050335
000000006.485522	000000004.131733	000000000.053686
000000006.863701	000000004.372660	000000000.170471
000000005.927252	000000003.739817	-00000000.146806
000000006.207491	000000003.916635	-00000000.051242
000000006.614614	000000004.133270	000000000.054454
000000007.079649	000000004.423856	000000000.174869
000000006.138196	000000003.798431	-00000000.151204
000000006.402997	000000003.962294	-00000000.052569
000000006.727167	000000004.122413	000000000.055082
000000007.211754	000000004.419368	000000000.177173
000000006.119826	000000003.713602	-00000000.149948
000000006.291998	000000003.818078	-00000000.051382
000000006.951457	000000004.176857	000000000.056618
000000007.412871	000000004.454102	000000000.181152
000000006.444134	000000003.833857	-00000000.157068
000000006.703207	000000003.987989	-00000000.054454
000000007.099651	000000004.182014	000000000.057526
000000007.537601	000000004.439987	000000000.183246
000000006.641438	000000003.873172	-00000000.161047
000000006.927793	000000004.040169	-00000000.055990
000000007.265776	000000004.194898	000000000.058573
000000007.662644	000000004.424030	000000000.185340
000000006.753106	000000003.859718	-00000000.162932
000000007.023557	000000004.014294	-00000000.056478
000000007.397843	000000004.185498	000000000.059341
000000007.857588	000000004.445610	000000000.189110
000000006.821423	000000003.820180	-00000000.163770
000000007.032147	000000003.938191	-00000000.056269
000000007.547784	000000004.183805	000000000.060248
000000007.861106	000000004.357482	000000000.188272
000000007.012276	000000003.847066	-00000000.167539
000000007.232820	000000003.968061	-00000000.057595
000000007.680674	000000004.170266	000000000.061016
000000008.074557	000000004.384127	000000000.192461
000000007.124843	000000003.828316	-00000000.169424
000000007.505007	000000004.032586	-00000000.059480
000000007.849213	000000004.173501	000000000.062063
000000008.289060	000000004.407372	000000000.196649
000000007.255307	000000003.817202	-00000000.171728
000000007.654956	000000004.027467	-00000000.060388
000000008.071602	000000004.201810	000000000.063529
000000008.469096	000000004.408732	000000000.200000
000000007.412777	000000003.817831	-00000000.174660
000000007.769820	000000004.001720	-00000000.061016
000000008.295069	000000004.226549	000000000.064996
000000008.685409	000000004.425436	000000000.204189
000000007.508306	000000003.784498	-00000000.176126
000000007.866953	000000003.965271	-00000000.061505
000000008.295839	000000004.136153	000000000.064716
000000009.001065	000000004.487766	000000000.210681
000000007.720380	000000003.807270	-00000000.180314
000000008.017846	000000003.953964	-00000000.062412
000000008.673151	000000004.230178	000000000.067369
000000009.246562	000000004.509850	000000000.215497
000000007.834356	000000003.778845	-00000000.182199
000000008.151120	000000003.931634	-00000000.063180
000000008.899274	000000004.244736	000000000.068835
000000009.438972	000000004.502159	000000000.219058
000000008.038843	000000003.791365	-00000000.186178
000000008.429317	000000003.975524	-00000000.065065
000000009.062857	000000004.226079	000000000.069813
000000009.577572	000000004.466095	000000000.221361
000000008.153337	000000003.758740	-00000000.188063
000000008.581743	000000003.956238	-00000000.065973
000000009.226783	000000004.204887	000000000.070790
000000009.834524	000000004.481851	000000000.226388
000000008.459296	000000003.810635	-00000000.194346
000000008.935050	000000004.024947	-00000000.068416
000000009.491507	000000004.225891	000000000.072535
000000010.055930	000000004.477189	000000000.230576
000000008.656947	000000003.809148	-00000000.198115
000000008.951528	000000003.938766	-00000000.068277
000000009.729770	000000004.230624	000000000.074071
000000010.250484	000000004.457037	000000000.234136
000000008.790903	000000003.776870	-00000000.200419
000000009.371442	000000004.026289	-00000000.071209
000000009.987235	000000004.239330	000000000.075747
000000010.307393	000000004.375229	000000000.234555
000000009.044807	000000003.792803	-00000000.205445
000000009.553769	000000004.006228	-00000000.072326
000000010.171666	000000004.213242	000000000.076864
000000010.566863	000000004.376938	000000000.239581
000000009.271882	000000003.793227	-00000000.209843
000000009.791980	000000004.006005	-00000000.073862
000000010.439836	000000004.217968	000000000.078609
000000010.632466	000000004.295795	000000000.240210
000000009.471780	000000003.778857	-00000000.213613
000000010.077338	000000004.020451	-00000000.075747
000000010.699541	000000004.214662	000000000.080284
000000010.985822	000000004.327430	000000000.247330
000000009.718710	000000003.779400	-00000000.218429
000000010.139998	000000003.943230	-00000000.075956
000000010.950631	000000004.203554	000000000.081890
000000011.191175	000000004.295889	000000000.251100
000000009.891561	000000003.747577	-00000000.221571
000000010.473259	000000003.967963	-00000000.078190
000000011.164861	000000004.174370	000000000.083217
000000011.724565	000000004.383635	000000000.262199
000000010.149004	000000003.744165	-00000000.226597
000000010.695120	000000003.945638	-00000000.079586
000000011.567335	000000004.210166	000000000.085939
000000012.269694	000000004.465804	000000000.273508
000000010.407125	000000003.736539	-00000000.231623
000000011.077373	000000003.977183	-00000000.082169
000000011.697896	000000004.142442	000000000.086637
000000012.487261	000000004.421971	000000000.277487
000000010.495967	000000003.665356	-00000000.232880
000000011.262708	000000003.933114	-00000000.083286
000000011.780874	000000004.056480	000000000.086987
000000012.563186	000000004.325852	000000000.278325
000000010.792636	000000003.663606	-00000000.238744
000000011.599611	000000003.937537	-00000000.085520
000000012.033934	000000004.026498	000000000.088592
000000012.562532	000000004.203365	000000000.277487
000000010.881166	000000003.588070	-00000000.240000
000000011.690512	000000003.854953	-00000000.085939
000000012.344412	000000004.010943	000000000.090617
000000012.864972	000000004.180083	000000000.283351
000000011.188196	000000003.581370	-00000000.246073
000000012.095132	000000003.871682	-00000000.088662
000000012.798570	000000004.035374	000000000.093689
000000013.177477	000000004.154843	000000000.289424
000000011.066254	000000003.436163	-00000000.242723
000000012.481806	000000003.875704	-00000000.091245
000000013.062804	000000003.993700	000000000.095364
000000013.624354	000000004.165383	000000000.298429
000000011.584073	000000003.486410	-00000000.253403
000000012.697087	000000003.821389	-00000000.092572
000000013.327270	000000003.947717	000000000.097040
000000014.120317	000000004.182628	000000000.308482
000000011.124537	000000003.242507	-00000000.242723
000000012.989158	000000003.785994	-00000000.094456
000000013.755320	000000003.944275	000000000.099902
000000014.290827	000000004.097828	000000000.311414
000000012.855581	000000003.625649	-00000000.279791
000000013.483669	000000003.802788	-00000000.097807
000000013.895212	000000003.853483	000000000.100670
000000014.653605	000000004.063804	000000000.318534
000000011.073329	000000003.018936	-00000000.240419
000000013.854008	000000003.777036	-00000000.100251
000000014.411263	000000003.861486	000000000.104160
000000015.219652	000000004.078094	000000000.330053
000000013.738709	000000003.617100	-00000000.297592
000000014.350612	000000003.778201	-00000000.103602
000000014.560586	000000003.765624	000000000.104998
000000016.193558	000000004.187939	000000000.350367
000000010.998359	000000002.793227	-00000000.237696
000000014.176739	000000003.600433	-00000000.306388
000000015.022713	000000003.815283	-00000000.108210
000000015.669893	000000003.906943	000000000.112747
000000016.908546	000000004.215774	000000000.365026
000000016.094746	000000003.938359	-00000000.115679
000000016.335415	000000003.921786	000000000.117285
000000017.401604	000000004.177755	000000000.374869
000000010.821604	000000002.548149	-00000000.232880
000000016.761181	000000003.946734	-00000000.120217
000000016.963369	000000003.916302	000000000.121544
000000018.236206	000000004.210160	000000000.392042
000000017.438694	000000003.945974	-00000000.124825
000000017.680290	000000003.919626	000000000.126431
000000018.574839	000000004.117943	000000000.398534
000000010.981668	000000002.384354	-00000000.235393
000000018.234688	000000003.959139	-00000000.130270
000000018.476757	000000003.927356	000000000.131876
000000019.157709	000000004.072097	000000000.410262
000000018.405605	000000003.828372	-00000000.131248
000000019.225655	000000003.911504	000000000.136972
000000020.172224	000000004.104085	000000000.431204
000000010.747049	000000002.137721	-00000000.229529
000000019.105230	000000003.800267	-00000000.135995
000000020.407534	000000003.966823	000000000.145140
000000021.728458	000000004.223585	000000000.463665
000000020.002203	000000003.797537	-00000000.142138
000000021.463932	000000003.978105	000000000.152401
000000022.393635	000000004.150415	000000000.477068
000000010.851588	000000001.962287	-00000000.230995
000000020.723392	000000003.747400	-00000000.147025
000000022.219097	000000004.017868	-00000000.157637
000000022.650026	000000003.993811	000000000.160569
000000023.344669	000000004.116295	000000000.496545
000000022.430710	000000003.854301	-00000000.158893
000000023.936569	000000004.005608	000000000.169435
000000025.411007	000000004.252344	000000000.539686
000000010.598016	000000001.725996	-00000000.224922
000000024.851963	000000004.047399	-00000000.175788
000000025.402725	000000004.023396	000000000.179558
000000026.711109	000000004.230624	000000000.566492
000000026.517094	000000004.081371	-00000000.187307
000000027.098373	000000004.049879	000000000.191287
000000028.141218	000000004.205733	000000000.596021
000000010.507792	000000001.523557	-00000000.222409
000000028.382511	000000004.115268	-00000000.200223
000000028.954733	000000004.069322	000000000.204132
000000039.874943	000000005.249636	000000000.280786
000000010.433603	000000001.327322	-00000000.220314
000000040.038338	000000004.916090	000000000.281624
000000040.516773	000000004.974834	000000000.855079
000000040.268486	000000004.588014	000000000.282950
000000040.558643	000000004.621074	000000000.855079
000000010.316042	000000001.129790	-00000000.217382
000000040.446217	000000004.251069	000000000.283928
000000048.959118	000000005.145811	000000000.343687
000000049.148438	000000005.165709	000000001.035184
000000052.704945	000000005.074909	000000000.369658
000000052.724525	000000005.076794	000000001.109529
000000010.254541	000000000.942260	-00000000.215707
000000042.068275	000000003.680497	000000000.294819
000000042.070038	000000003.680651	000000000.884608
000000065.343567	000000005.142650	000000001.372985
000000010.229543	000000000.760186	-00000000.214869
000000015.945642	000000001.184966	-00000000.111630
000000077.304237	000000005.405639	000000001.623247
000000010.121471	000000000.574739	-00000000.212356
000000010.149940	000000000.398792	-00000000.212775
000000010.105377	000000000.220500	-00000000.211728
000000010.147677	000000000.044278	-00000000.212566
000000010.106916	-00000000.132307	-00000000.211728
000000010.143041	-00000000.309898	-00000000.212566
000000084.020340	-00000002.934055	000000001.761048
000000070.767044	-00000003.089756	000000001.483770
000000010.086157	-00000000.484473	-00000000.211518
000000070.807274	-00000003.710852	000000001.485236
000000010.116071	-00000000.663042	-00000000.212356
000000015.396588	-00000001.009146	-00000000.107721
000000046.954197	-00000003.283357	000000000.328608
000000048.490925	-00000003.390816	000000001.018220
000000010.129840	-00000000.752777	-00000000.212775
000000035.928024	-00000002.827597	000000000.251605
000000048.688255	-00000003.831849	000000000.340965
000000048.270119	-00000003.798941	000000001.014241
000000010.033214	-00000000.833696	-00000000.210890
000000015.466320	-00000001.285152	-00000000.108349
000000035.274395	-00000003.086110	000000000.247206
000000038.890495	-00000003.402477	000000000.272548
000000035.536430	-00000003.109035	000000000.747226
000000033.723202	-00000003.247175	000000000.236525
000000035.196354	-00000003.389023	000000000.246857
000000035.219345	-00000003.391237	000000000.741152
000000010.096715	-00000001.016686	-00000000.212566
000000033.773140	-00000003.549700	000000000.237084
000000033.826214	-00000003.555279	000000000.712461
000000010.703639	-00000001.172239	-00000000.225550
000000026.202686	-00000002.869661	-00000000.184026
000000035.261009	-00000004.017484	000000000.247765
000000035.085262	-00000003.997461	000000000.739686
000000009.998006	-00000001.183342	-00000000.210890
000000015.163786	-00000001.794752	-00000000.106604
000000024.637428	-00000002.916032	-00000000.173205
000000026.758390	-00000003.285517	000000000.188215
000000035.770493	-00000004.392064	000000000.251605
000000035.257431	-00000004.329068	000000000.744084
000000009.997217	-00000001.271807	-00000000.211100
000000023.847219	-00000003.033749	-00000000.167829
000000026.788187	-00000003.526732	000000000.188634
000000026.961386	-00000003.549534	000000000.569634
000000010.055082	-00000001.368437	-00000000.212566
000000021.699434	-00000002.953163	-00000000.152890
000000026.746489	-00000003.758974	000000000.188564
000000023.612715	-00000003.318551	000000000.499477
000000026.919483	-00000003.783287	000000000.569424
000000010.280223	-00000001.490561	-00000000.217592
000000017.229410	-00000002.498146	-00000000.121544
000000018.545614	-00000002.688986	-00000000.130829
000000020.554560	-00000002.980269	-00000000.145001
000000023.300646	-00000003.482305	000000000.164478
000000026.702778	-00000003.990757	000000000.188494
000000023.246664	-00000003.474237	000000000.492356
000000010.029669	-00000001.543714	-00000000.212566
000000014.637278	-00000002.252892	-00000000.103392
000000015.823282	-00000002.435436	-00000000.111770
000000017.839489	-00000002.745760	-00000000.126012
000000023.032330	-00000003.647963	000000000.162803
000000026.973110	-00000004.272121	000000000.190658
000000022.899469	-00000003.626920	000000000.485655
000000010.262510	-00000001.671356	-00000000.217801
000000018.130682	-00000002.952769	-00000000.128246
000000023.088383	-00000003.863670	000000000.163431
000000032.734020	-00000005.477797	000000000.231708
000000022.778200	-00000003.811764	000000000.483770
000000010.001200	-00000001.718520	-00000000.212566
000000014.457755	-00000002.484297	-00000000.102415
000000016.773756	-00000002.882258	-00000000.118821
000000022.915918	-00000004.040695	000000000.162454
000000022.645611	-00000003.993032	000000000.481676
000000010.399029	-00000001.880451	-00000000.221361
000000016.856205	-00000003.048099	-00000000.119589
000000022.830622	-00000004.231406	000000000.162105
000000022.718039	-00000004.210539	000000000.483979
000000009.969685	-00000001.892804	-00000000.212566
000000014.412196	-00000002.736241	-00000000.102415
000000016.259157	-00000003.086897	-00000000.115540
000000022.773197	-00000004.426661	000000000.161965
000000022.798199	-00000004.431521	000000000.486492
000000010.492101	-00000002.087008	-00000000.224084
000000015.309685	-00000003.045286	-00000000.108977
000000017.050274	-00000003.468917	000000000.121474
000000022.964397	-00000004.672160	000000000.490890
000000009.895979	-00000002.058367	-00000000.211728
000000014.528681	-00000003.021970	-00000000.103602
000000016.506306	-00000003.433316	-00000000.117704
000000017.058479	-00000003.625892	000000000.121753
000000017.094269	-00000003.633499	000000000.366073
000000010.454080	-00000002.269803	-00000000.224084
000000011.733972	-00000002.547695	-00000000.251518
000000014.179278	-00000003.078623	-00000000.101298
000000015.327474	-00000003.398019	000000000.109606
000000030.127762	-00000006.679164	000000000.215442
000000048.803848	-00000010.819553	000000000.348993
000000050.229172	-00000011.135540	000000001.077697
000000009.897553	-00000002.239588	-00000000.212566
000000013.654460	-00000003.089689	-00000000.097738
000000014.527503	-00000003.353938	000000000.104091
000000030.126789	-00000006.955317	000000000.215861
000000030.237814	-00000006.980949	000000000.650053
000000010.218241	-00000002.406076	-00000000.219895
000000013.159767	-00000003.098714	-00000000.094387
000000014.565746	-00000003.496926	000000000.104579
000000014.767059	-00000003.545257	000000000.318115
000000009.808404	-00000002.400101	-00000000.211518
000000012.782550	-00000003.127870	-00000000.091873
000000014.330919	-00000003.573099	000000000.103113
000000014.628850	-00000003.647382	000000000.315812
000000010.232834	-00000002.598809	-00000000.221152
000000012.444622	-00000003.160531	-00000000.089639
000000014.047481	-00000003.632925	000000000.101298
000000014.509350	-00000003.752373	000000000.313927
000000009.736016	-00000002.563279	-00000000.210890
000000011.952396	-00000003.146803	-00000000.086288
000000014.440239	-00000003.869250	000000000.104370
000000039.756538	-00000010.652732	000000000.287349
000000040.637245	-00000010.888718	000000000.881257
000000044.065529	-00000011.807323	000000000.955603
000000010.108753	-00000002.755962	-00000000.219477
000000011.538575	-00000003.145777	-00000000.083496
000000013.940837	-00000003.800708	-00000000.100879
000000024.273260	-00000006.731571	000000000.175858
000000030.796879	-00000008.540730	000000000.223121
000000035.104202	-00000009.735257	000000000.254327
000000035.155167	-00000009.749390	000000000.764189
000000040.049332	-00000011.106663	000000000.870576
000000009.641686	-00000002.719237	-00000000.209843
000000011.173833	-00000003.151347	-00000000.081052
000000014.022631	-00000003.954791	-00000000.101717
000000023.704136	-00000006.797051	000000000.172158
000000036.930771	-00000010.589728	000000000.268220
000000023.987829	-00000006.878399	000000000.522723
000000009.905541	-00000002.887202	-00000000.216126
000000011.443516	-00000003.335481	-00000000.083217
000000013.891583	-00000004.049027	-00000000.101019
000000023.768562	-00000007.040569	000000000.173065
000000023.974823	-00000007.101666	000000000.523770
000000009.487451	-00000002.855399	-00000000.207539
000000011.107557	-00000003.342995	-00000000.080983
000000013.874870	-00000004.175862	-00000000.101158
000000019.948032	-00000006.098725	000000000.145629
000000023.849659	-00000007.291573	000000000.174113
000000034.732143	-00000010.618682	000000000.253559
000000036.197758	-00000011.066765	000000000.792880
000000009.576749	-00000002.973660	-00000000.210052
000000010.877413	-00000003.377526	-00000000.079517
000000013.799702	-00000004.284921	-00000000.100879
000000034.914726	-00000011.008572	000000000.255584
000000035.241646	-00000011.111649	000000000.774032
000000009.083863	-00000002.907768	-00000000.199791
000000010.514194	-00000003.365620	-00000000.077073
000000013.257027	-00000004.243608	-00000000.097179
000000033.942379	-00000011.028547	000000000.249161
000000034.820049	-00000011.313720	000000000.766911
000000009.153092	-00000003.018237	-00000000.201885
000000010.038074	-00000003.310061	-00000000.073792
000000013.304961	-00000004.387318	-00000000.097807
000000031.379265	-00000010.499355	000000000.231010
000000032.877579	-00000011.000684	000000000.242040
000000032.558292	-00000010.893852	000000000.719163
000000035.108723	-00000011.747214	000000000.775498
000000008.842388	-00000003.001586	-00000000.195602
000000010.112967	-00000003.432890	-00000000.074560
000000012.802184	-00000004.345756	-00000000.094387
000000018.172424	-00000006.257267	000000000.134180
000000031.210806	-00000010.746742	000000000.230451
000000033.114250	-00000011.402151	000000000.733613
000000008.985757	-00000003.137967	-00000000.199372
000000010.177032	-00000003.553978	-00000000.075258
000000013.962736	-00000004.876006	-00000000.103253
000000030.531414	-00000010.811741	000000000.226123
000000031.138044	-00000011.026560	000000000.691938
000000008.722789	-00000003.131801	-00000000.194136
000000010.013869	-00000003.595346	-00000000.074281
000000013.063205	-00000004.690170	-00000000.096900
000000017.731569	-00000006.453763	000000000.131736
000000023.031305	-00000008.382710	000000000.171111
000000029.515026	-00000010.742591	000000000.219281
000000030.711813	-00000011.178185	000000000.684608
000000008.657606	-00000003.193960	-00000000.193299
000000010.179129	-00000003.755279	-00000000.075747
000000012.796618	-00000004.720922	-00000000.095224
000000017.702673	-00000006.618758	000000000.131946
000000029.495089	-00000011.027761	000000000.219840
000000029.966936	-00000011.204179	000000000.670157
000000008.367624	-00000003.170209	-00000000.187435
000000010.435855	-00000003.953792	-00000000.077911
000000017.653576	-00000006.776573	000000000.132016
000000028.576200	-00000010.969376	000000000.213696
000000029.709347	-00000011.404350	000000000.666597
000000033.041500	-00000012.683444	000000000.741362
000000008.321005	-00000003.235862	-00000000.187016
000000010.326395	-00000004.015716	-00000000.077352
000000013.196910	-00000005.131998	-00000000.098855
000000016.226088	-00000006.391626	000000000.121753
000000017.603071	-00000006.934034	000000000.132085
000000027.772287	-00000010.939795	000000000.208391
000000029.515675	-00000011.626534	000000000.664503
000000007.967438	-00000003.178685	-00000000.179686
000000010.253807	-00000004.090854	-00000000.077073
000000017.653151	-00000007.132336	000000000.132923
000000017.733137	-00000007.164652	000000000.400628
000000007.856115	-00000003.214022	-00000000.177801
000000010.217718	-00000004.180179	-00000000.077073
000000013.466287	-00000005.509203	-00000000.101577
000000017.728817	-00000007.343516	000000000.133970
000000027.207590	-00000011.269753	000000000.205598
000000027.405495	-00000011.351727	000000000.621362
000000007.624930	-00000003.197398	-00000000.173194
000000009.184897	-00000003.851547	-00000000.069533
000000011.951433	-00000005.011652	-00000000.090477
000000024.917459	-00000010.576834	000000000.188983
000000027.181847	-00000011.538010	000000000.206157
000000027.277779	-00000011.578731	000000000.620733
000000007.486506	-00000003.216457	-00000000.170681
000000009.987017	-00000004.290761	-00000000.075886
000000011.604051	-00000004.985494	-00000000.088173
000000016.405804	-00000007.133447	000000000.124895
000000024.769190	-00000010.769950	000000000.188564
000000008.196718	-00000003.564035	000000000.187225
000000007.348339	-00000003.233346	-00000000.168168
000000008.786777	-00000003.866274	-00000000.067020
000000014.507334	-00000006.383379	-00000000.110653
000000008.157763	-00000003.632070	000000000.062343
000000009.637670	-00000004.290967	000000000.073652
000000024.473288	-00000010.896210	000000000.187028
000000008.220106	-00000003.659827	000000000.188482
000000007.429231	-00000003.346624	-00000000.170681
000000008.305949	-00000003.741557	-00000000.063599
000000009.691794	-00000004.365835	-00000000.074211
000000012.782593	-00000005.758138	-00000000.097877
000000008.244048	-00000003.757029	000000000.063250
000000022.975962	-00000010.470749	000000000.176277
000000008.105977	-00000003.694106	000000000.186597
000000007.181837	-00000003.310872	-00000000.165655
000000007.773517	-00000003.583640	-00000000.059760
000000011.460487	-00000005.283357	-00000000.088104
000000008.120320	-00000003.786567	000000000.062552
000000007.928454	-00000003.697099	000000000.183246
000000006.944692	-00000003.275329	-00000000.160838
000000008.004233	-00000003.775042	-00000000.061784
000000011.477256	-00000005.413025	-00000000.088592
000000013.195679	-00000006.223486	-00000000.101857
000000008.105018	-00000003.865895	000000000.062692
000000008.058319	-00000003.843621	000000000.187016
000000007.059926	-00000003.405304	-00000000.164189
000000007.988998	-00000003.853436	-00000000.061924
000000012.033035	-00000005.804047	-00000000.093270
000000007.927170	-00000003.866339	000000000.061575
000000007.683004	-00000003.747251	000000000.179058
000000006.787838	-00000003.347391	-00000000.158534
000000007.730855	-00000003.812436	-00000000.060178
000000011.820495	-00000005.829223	-00000000.092013
000000012.887747	-00000006.355534	-00000000.100321
000000007.714146	-00000003.846131	000000000.060178
000000007.748432	-00000003.863225	000000000.181361
000000007.124409	-00000003.590998	-00000000.167121
000000008.036614	-00000004.050787	-00000000.062831
000000012.001344	-00000006.049175	-00000000.093828
000000007.858486	-00000004.004098	000000000.061575
000000007.705516	-00000003.926156	000000000.181152
000000007.323895	-00000003.772053	-00000000.172566
000000007.823160	-00000004.029192	-00000000.061435
000000012.365927	-00000006.368871	-00000000.097109
000000007.707936	-00000004.012497	000000000.060667
000000021.323221	-00000011.100166	000000000.167829
000000007.546807	-00000003.928619	000000000.178220
000000007.264155	-00000003.821857	-00000000.171937
000000007.982394	-00000004.199741	-00000000.062971
000000007.690286	-00000004.088998	000000000.060807
000000007.635821	-00000004.060038	000000000.181152
000000007.098423	-00000003.814120	-00000000.168796
000000007.839736	-00000004.212442	-00000000.062133
000000008.146437	-00000004.423154	000000000.064716
000000019.201687	-00000010.425665	000000000.152541
000000007.758253	-00000004.212388	000000000.184922
000000006.959684	-00000003.818213	-00000000.166283
000000007.609803	-00000004.174881	-00000000.060597
000000007.845148	-00000004.348637	000000000.062622
000000007.598778	-00000004.212071	000000000.181990
000000006.995884	-00000003.917883	-00000000.167958
000000007.695227	-00000004.309534	-00000000.061575
000000010.949558	-00000006.132047	-00000000.087615
000000007.737274	-00000004.377539	000000000.062063
000000007.674853	-00000004.342223	000000000.184712
000000006.753106	-00000003.859718	-00000000.162932
000000007.778872	-00000004.445992	-00000000.062552
000000007.681458	-00000004.434892	000000000.061924
000000007.602035	-00000004.389037	000000000.183874
000000006.727803	-00000003.923539	-00000000.163141
000000007.497910	-00000004.372652	-00000000.060597
000000011.696048	-00000006.820933	-00000000.094526
000000007.788938	-00000004.588035	000000000.063111
000000007.649589	-00000004.505952	000000000.185969
000000006.796414	-00000004.043441	-00000000.165655
000000007.545404	-00000004.489044	-00000000.061295
000000009.582148	-00000005.700779	-00000000.077841
000000011.627485	-00000006.917627	-00000000.094456
000000007.757175	-00000004.660981	000000000.063180
000000011.725763	-00000007.045549	000000000.095504
000000007.549988	-00000004.536490	000000000.184503
000000006.863437	-00000004.164835	-00000000.168168
000000007.437552	-00000004.513217	-00000000.060737
000000009.267019	-00000005.623365	-00000000.075677
000000011.361502	-00000006.894329	-00000000.092781
000000007.767362	-00000004.759846	000000000.063599
000000007.912308	-00000004.848669	000000000.064786
000000011.629728	-00000007.126707	000000000.095224
000000007.757324	-00000004.753695	000000000.190576
000000006.784323	-00000004.198266	-00000000.167121
000000008.095157	-00000005.009435	-00000000.066462
000000011.164853	-00000006.909020	-00000000.091664
000000009.514868	-00000005.945549	000000000.078330
000000011.575574	-00000007.233222	000000000.095294
000000007.554451	-00000004.720545	000000000.186597
000000011.530925	-00000007.205322	000000000.284817
000000006.865804	-00000004.331999	-00000000.170052
000000007.450681	-00000004.701030	-00000000.061505
000000009.353522	-00000005.901633	-00000000.077213
000000010.799682	-00000006.814092	-00000000.089151
000000011.410808	-00000007.269486	000000000.094456
000000017.407175	-00000011.089593	000000000.144093
000000007.512969	-00000004.786290	000000000.186597
000000011.501337	-00000007.327159	000000000.285655
000000014.477856	-00000009.223411	000000000.359581
000000006.508214	-00000004.186224	-00000000.162094
000000007.585988	-00000004.879471	-00000000.062971
000000009.881968	-00000006.356295	-00000000.082030
000000011.330163	-00000007.357894	000000000.094317
000000014.969905	-00000009.721570	000000000.124615
000000015.036997	-00000009.765141	000000000.125174
000000011.428573	-00000007.421802	000000000.285445
000000015.050836	-00000009.774127	000000000.375916
000000016.996124	-00000011.037413	000000000.424503
000000006.856042	-00000004.495018	-00000000.171728
000000006.823929	-00000004.473964	-00000000.056967
000000008.805879	-00000005.773387	-00000000.073513
000000010.746016	-00000007.045396	-00000000.089709
000000008.972393	-00000005.938697	000000000.075118
000000011.198814	-00000007.412333	000000000.093758
000000014.767757	-00000009.774566	000000000.123638
000000014.706519	-00000009.734033	000000000.369424
000000016.657385	-00000011.025282	000000000.418430
000000006.533918	-00000004.365824	-00000000.164607
000000008.181461	-00000005.466678	-00000000.068696
000000011.075672	-00000007.470635	000000000.093270
000000015.021795	-00000010.132329	000000000.126500
000000016.315062	-00000011.004648	000000000.137391
000000014.902826	-00000010.052083	000000000.376545
000000016.635134	-00000011.220540	000000000.420314
000000006.735229	-00000004.585854	-00000000.170681
000000008.860826	-00000006.033122	-00000000.074839
000000015.361338	-00000010.557554	000000000.130131
000000015.061724	-00000010.351636	000000000.382827
000000006.144571	-00000004.262641	-00000000.156649
000000007.230317	-00000005.015850	-00000000.061435
000000008.931085	-00000006.195714	-00000000.075886
000000010.837117	-00000007.588231	000000000.092362
000000014.744377	-00000010.324124	000000000.125663
000000014.463053	-00000010.127138	000000000.369843
000000006.401066	-00000004.523826	-00000000.164189
000000006.630968	-00000004.686305	-00000000.056688
000000009.129830	-00000006.452326	-00000000.078050
000000007.343143	-00000005.237813	000000000.062971
000000014.767695	-00000010.533694	000000000.126640
000000014.390406	-00000010.264577	000000000.370262
000000015.945025	-00000011.373476	000000000.410262
000000006.442484	-00000004.637925	-00000000.166283
000000009.154331	-00000006.590176	-00000000.078749
000000014.837010	-00000010.779719	000000000.128036
000000014.631907	-00000010.630703	000000000.378848
000000006.554957	-00000004.806293	-00000000.170262
000000007.870708	-00000005.771042	-00000000.068137
000000014.726298	-00000010.896888	000000000.127897
000000014.683244	-00000010.865029	000000000.382618
000000006.400614	-00000004.779565	-00000000.167330
000000007.531602	-00000005.624114	-00000000.065624
000000014.806342	-00000011.157379	000000000.129433
000000014.452133	-00000010.890463	000000000.379058
000000006.167663	-00000004.690000	-00000000.162304
000000006.367861	-00000004.842234	-00000000.055850
000000009.114000	-00000006.930447	-00000000.079935
000000006.307005	-00000004.839535	000000000.055501
000000014.644945	-00000011.237461	000000000.128874
000000014.554841	-00000011.168323	000000000.384293
000000005.533613	-00000004.284581	-00000000.146597
000000007.162077	-00000005.545472	-00000000.189738
000000008.254598	-00000006.391392	-00000000.072884
000000014.706468	-00000011.386964	-00000000.129851
000000014.530564	-00000011.352521	000000000.128734
000000014.716813	-00000011.498034	000000000.391204
000000005.974951	-00000004.710272	-00000000.159372
000000008.606864	-00000006.785104	-00000000.076515
000000014.219644	-00000011.310816	000000000.126850
000000014.357711	-00000011.420638	000000000.384293
000000006.237708	-00000005.006289	-00000000.167539
000000007.861044	-00000006.309155	-00000000.070371
000000013.413213	-00000010.861805	000000000.120497
000000014.866439	-00000012.038605	000000000.133552
000000014.746995	-00000011.941881	000000000.397487
000000006.604120	-00000005.395792	-00000000.178639
000000007.960562	-00000006.504052	-00000000.071767
000000012.970693	-00000010.692214	000000000.117355
000000031.496948	-00000025.964081	000000000.284975
000000014.457073	-00000011.917491	000000000.392461
000000006.549096	-00000005.446826	-00000000.178429
000000006.642632	-00000005.524619	-00000000.060318
000000012.677893	-00000010.544092	-00000000.115121
000000006.373334	-00000005.347862	000000000.058084
000000012.593464	-00000010.567171	000000000.114772
000000013.934010	-00000011.692022	000000000.126989
000000013.226686	-00000011.098508	000000000.361676
000000006.501315	-00000005.503769	-00000000.178429
000000006.655225	-00000005.634064	-00000000.060877
000000008.914338	-00000007.546545	-00000000.081541
000000012.432755	-00000010.525104	-00000000.113725
000000010.561782	-00000009.020614	000000000.096970
000000012.614828	-00000010.774080	000000000.115819
000000012.657982	-00000010.810938	000000000.348691
000000006.263689	-00000005.397140	-00000000.173194
000000006.166429	-00000005.313335	-00000000.056827
000000008.113323	-00000006.990887	-00000000.074769
000000012.279828	-00000010.580977	-00000000.113166
000000012.331655	-00000010.719744	000000000.114074
000000012.374522	-00000010.757009	000000000.343456
000000006.426821	-00000005.636170	-00000000.179058
000000007.240041	-00000006.349346	-00000000.067230
000000008.721129	-00000007.648225	-00000000.080983
000000011.997978	-00000010.614915	000000000.111840
000000012.549745	-00000011.103077	000000000.350995
000000006.116329	-00000005.459032	-00000000.171728
000000008.236273	-00000007.351154	-00000000.077073
000000011.906786	-00000010.627213	-00000000.111421
000000008.880364	-00000007.995916	000000000.083426
000000011.897459	-00000010.712520	000000000.111770
000000012.266630	-00000011.044924	000000000.345759
000000006.120262	-00000005.559254	-00000000.173194
000000006.402730	-00000005.815831	-00000000.060388
000000008.453085	-00000007.678242	-00000000.079726
000000012.102272	-00000010.992929	-00000000.114144
000000011.692933	-00000010.714600	000000000.110723
000000012.287718	-00000011.259619	000000000.349110
000000005.697093	-00000005.266339	-00000000.162513
000000008.290299	-00000007.663474	-00000000.078818
000000011.682786	-00000010.799457	-00000000.111072
000000011.460033	-00000010.686654	000000000.109396
000000011.859955	-00000011.059587	000000000.339686
000000006.109693	-00000005.747425	-00000000.175707
000000007.939050	-00000007.468312	-00000000.076096
000000011.318609	-00000010.647484	-00000000.108489
000000011.438875	-00000010.855087	000000000.110094
000000011.871775	-00000011.265894	000000000.342827
000000005.517650	-00000005.282001	-00000000.160000
000000006.082156	-00000005.822398	-00000000.058782
000000008.025268	-00000007.682523	-00000000.077562
000000011.153028	-00000010.676702	-00000000.107791
000000011.264586	-00000010.878085	000000000.109327
000000011.629173	-00000011.230163	000000000.338639
000000005.693351	-00000005.546217	-00000000.166492
000000006.733074	-00000006.559070	-00000000.065624
000000010.873199	-00000010.592201	-00000000.105976
000000011.019451	-00000010.828784	000000000.107860
000000011.402373	-00000011.205081	000000000.334869
000000005.502729	-00000005.454917	-00000000.162304
000000006.760800	-00000006.702057	-00000000.066462
000000008.486508	-00000008.412771	-00000000.083426
000000010.837165	-00000010.743003	-00000000.106534
000000008.428508	-00000008.428508	000000000.083217
000000010.903321	-00000010.903321	000000000.107651
000000011.311227	-00000011.311227	000000000.335079
000000005.525303	-00000005.573732	-00000000.164398
000000005.265902	-00000005.312057	-00000000.052220
000000006.892136	-00000006.952545	-00000000.068347
000000010.433244	-00000010.524691	-00000000.103462
000000010.996998	-00000011.190626	000000000.109536
000000011.233111	-00000011.430898	000000000.335707
000000004.911367	-00000005.041660	-00000000.147435
000000006.370672	-00000006.539678	-00000000.063739
000000010.675934	-00000010.959153	-00000000.106813
000000010.704425	-00000011.084756	000000000.107581
000000011.000976	-00000011.391844	000000000.331728
000000005.233606	-00000005.467096	-00000000.158534
000000006.396340	-00000006.681704	-00000000.064577
000000010.282549	-00000010.741290	-00000000.103811
000000010.669236	-00000011.243029	000000000.108210
000000010.605218	-00000011.175568	000000000.322723
000000005.521364	-00000005.869383	-00000000.168796
000000006.598152	-00000007.014041	-00000000.067230
000000010.126758	-00000010.765060	-00000000.103183
000000010.202447	-00000010.940784	000000000.104440
000000010.466379	-00000011.223818	000000000.321466
000000005.632811	-00000006.093540	-00000000.173822
000000006.183724	-00000006.689515	-00000000.063599
000000010.120672	-00000010.948482	-00000000.104091
000000010.275476	-00000011.213715	000000000.106185
000000010.455842	-00000011.410550	000000000.324189
000000005.599587	-00000006.164665	-00000000.174450
000000005.970472	-00000006.572977	-00000000.061994
000000010.009950	-00000011.117176	000000000.104440
000000010.282282	-00000011.419631	000000000.321885
000000005.419088	-00000006.071575	-00000000.170471
000000006.039399	-00000006.766575	-00000000.063320
000000009.794881	-00000010.974236	-00000000.102694
000000009.954688	-00000011.153286	-00000000.104370
000000010.018571	-00000011.323935	000000000.105557
000000010.195486	-00000011.523901	000000000.322304
000000005.339530	-00000006.088567	-00000000.169634
000000005.960341	-00000006.796466	-00000000.063111
000000009.630713	-00000011.078867	000000000.102485
000000009.871523	-00000011.355888	000000000.315183
000000002.878039	-00000003.340129	-00000000.092356
000000005.468927	-00000006.347003	-00000000.175497
000000005.959551	-00000006.916400	-00000000.063739
000000006.130640	-00000007.178057	000000000.065903
000000009.637574	-00000011.284150	000000000.103602
000000009.674653	-00000011.327563	000000000.312042
000000003.087795	-00000003.647451	-00000000.100105
000000005.309975	-00000006.272395	-00000000.172147
000000002.913948	-00000003.442095	-00000000.031485
000000005.782669	-00000006.830764	-00000000.062482
000000009.654435	-00000011.505708	000000000.104859
000000009.716817	-00000011.580051	000000000.316649
000000009.636350	-00000011.689827	000000000.105766
000000009.659909	-00000011.718407	000000000.318115
000000009.414404	-00000011.625820	000000000.104440
000000009.399984	-00000011.608014	000000000.312880
000000009.343718	-00000011.746662	000000000.104789
000000009.534832	-00000011.986927	000000000.320838
000000009.191602	-00000011.764714	000000000.104230
000000009.479107	-00000012.132704	000000000.322513
000000008.991187	-00000011.717544	000000000.103113
000000019.333792	-00000025.196289	000000000.221725
000000009.062469	-00000011.810441	000000000.311833
000000020.760298	-00000027.055347	000000000.714346
000000005.404167	-00000007.171572	000000000.062692
000000005.409131	-00000007.178158	000000000.188272
000000005.293794	-00000007.154151	000000000.062133
000000005.322496	-00000007.192941	000000000.187435
000000005.325205	-00000007.329515	000000000.063250
000000008.869463	-00000012.207769	000000000.105347
000000008.850104	-00000012.181124	000000000.315393
000000019.404413	-00000026.707882	000000000.691519
000000008.774208	-00000012.300985	000000000.105487
000000017.949091	-00000025.163698	000000000.215791
000000008.813138	-00000012.355563	000000000.317906
000000019.077715	-00000026.745970	000000000.688168
000000017.573954	-00000025.098206	000000000.213906
000000018.688757	-00000026.690310	000000000.682513
000000017.501526	-00000025.464878	000000000.215721
000000018.239943	-00000026.539282	000000000.674555
000000016.954315	-00000025.135807	000000000.211672
000000017.990881	-00000026.672579	000000000.673927
000000016.601860	-00000025.082674	000000000.209996
000000017.807100	-00000026.903595	000000000.675812
000000002.445369	-00000003.765539	000000000.031346
000000016.349665	-00000025.176277	000000000.209577
000000002.483009	-00000003.823499	000000000.095497
000000002.407044	-00000003.778302	000000000.031276
000000002.422690	-00000003.802861	000000000.094450
000000002.384578	-00000003.816123	000000000.031416
000000002.368220	-00000003.789943	000000000.093613
000000002.293713	-00000003.742999	000000000.030648
000000002.340280	-00000003.818990	000000000.093822
000000002.271262	-00000003.780015	000000000.030787
000000002.281118	-00000003.796418	000000000.092775
000000002.222964	-00000003.773844	000000000.030578
000000002.252976	-00000003.824795	000000000.092984
000000002.209946	-00000003.827739	000000000.030857
000000002.214514	-00000003.835651	000000000.092775
