000000004.819926	000000005.400270	-00000000.151623
000000006.964952	000000007.803570	-00000000.073024
000000004.560541	000000004.933565	-00000000.140733
000000005.280941	000000005.712890	-00000000.054314
000000007.018629	000000007.592710	-00000000.072186
000000004.528066	000000004.813476	-00000000.138429
000000005.268929	000000005.601036	-00000000.053686
000000007.221653	000000007.676843	-00000000.073582
000000004.590640	000000004.795444	-00000000.139058
000000005.386755	000000005.627078	-00000000.054384
000000007.191560	000000007.512402	-00000000.072605
000000004.625336	000000004.748040	-00000000.138848
000000005.435655	000000005.579856	-00000000.054384
000000007.291732	000000007.485173	-00000000.072954
000000004.673633	000000004.714597	-00000000.139058
000000005.371501	000000005.418582	-00000000.053267
000000007.286375	000000007.350240	-00000000.072256
000000004.764299	000000004.722903	-00000000.140524
000000005.397277	000000005.350381	-00000000.053058
000000007.350240	000000007.286375	-00000000.072256
000000004.762363	000000004.639289	-00000000.139267
000000005.508228	000000005.365878	-00000000.053686
000000007.392056	000000007.201022	-00000000.072047
000000004.845999	000000004.639035	-00000000.140524
000000005.497056	000000005.262286	-00000000.053127
000000007.469061	000000007.150071	-00000000.072186
000000004.842605	000000004.555468	-00000000.139267
000000005.644737	000000005.310039	-00000000.054105
000000007.625858	000000007.173691	-00000000.073094
000000004.904199	000000004.533394	-00000000.139895
000000005.514628	000000005.097670	-00000000.052429
000000007.776286	000000007.188325	-00000000.073932
000000004.921371	000000004.470259	-00000000.139267
000000005.566305	000000005.056075	-00000000.052499
000000008.001563	000000007.268108	-00000000.075467
000000004.915440	000000004.387198	-00000000.138011
000000005.565453	000000004.967356	-00000000.052080
000000008.057223	000000007.191347	-00000000.075398
000000004.938504	000000004.330952	-00000000.137592
000000005.435669	000000004.766954	-00000000.050475
000000008.254999	000000007.239440	-00000000.076654
000000005.013980	000000004.320322	-00000000.138639
000000005.401307	000000004.654064	-00000000.049776
000000008.355738	000000007.199764	-00000000.077003
000000005.005707	000000004.237644	-00000000.137382
000000005.479876	000000004.639057	-00000000.050125
000000008.509834	000000007.204106	-00000000.077841
000000005.034810	000000004.187407	-00000000.137173
000000005.566279	000000004.629426	-00000000.050544
000000008.541624	000000007.103994	-00000000.077562
000000005.078902	000000004.149637	-00000000.137382
000000005.498054	000000004.492098	-00000000.049567
000000008.719449	000000007.124089	-00000000.078609
000000005.099326	000000004.092642	-00000000.136963
000000005.560441	000000004.462726	-00000000.049776
000000008.718896	000000006.997654	-00000000.078050
000000005.119143	000000004.035607	-00000000.136545
000000005.559908	000000004.383078	-00000000.049427
000000008.818893	000000006.952255	-00000000.078400
000000005.193691	000000004.021386	-00000000.137592
000000005.613759	000000004.346637	-00000000.049567
000000008.958295	000000006.936253	-00000000.079098
000000005.260419	000000004.000116	-00000000.138429
000000005.691276	000000004.327746	-00000000.049916
000000005.303137	000000003.960040	-00000000.138639
000000005.808949	000000004.337748	-00000000.050614
000000005.369743	000000003.937258	-00000000.139477
000000005.757874	000000004.221848	-00000000.049846
000000005.338985	000000003.843520	-00000000.137801
000000005.875652	000000004.229865	-00000000.050544
000000005.511122	000000003.894876	-00000000.141361
000000005.879676	000000004.155344	-00000000.050265
000000005.536685	000000003.840935	-00000000.141152
000000005.956795	000000004.132376	-00000000.050614
000000005.669162	000000003.859995	-00000000.143665
000000006.017427	000000004.097120	-00000000.050824
000000006.267371	000000004.227396	000000000.052778
000000006.299304	000000004.248934	000000000.159162
000000005.744195	000000003.838148	-00000000.144712
000000006.061266	000000004.050008	-00000000.050893
000000014.531443	000000009.618152	000000000.365026
000000005.794192	000000003.798839	-00000000.145131
000000006.205092	000000004.068237	-00000000.051801
000000011.766261	000000007.641099	000000000.097947
000000015.050836	000000009.774127	000000000.375916
000000005.919616	000000003.807625	-00000000.147435
000000006.332870	000000004.073439	-00000000.052569
000000015.143988	000000009.647784	000000000.376126
000000005.961074	000000003.761157	-00000000.147644
000000006.376632	000000004.023355	-00000000.052639
000000010.385284	000000006.552627	-00000000.085730
000000011.736700	000000007.333904	000000000.096621
000000015.515876	000000009.695395	000000000.383246
000000006.104190	000000003.777387	-00000000.150367
000000006.411500	000000003.967556	-00000000.052639
000000009.693779	000000005.998693	-00000000.079586
000000010.629144	000000006.577514	-00000000.087266
000000015.616941	000000009.570074	000000000.383665
000000006.248035	000000003.791401	-00000000.153089
000000006.497172	000000003.942581	-00000000.053058
000000009.429448	000000005.721930	-00000000.077003
000000012.180051	000000007.318513	000000000.099204
000000015.991234	000000009.608502	000000000.390786
000000006.341028	000000003.772516	-00000000.154555
000000006.849302	000000004.074906	-00000000.055641
000000009.195424	000000005.470703	-00000000.074699
000000016.513809	000000009.727377	000000000.401466
000000006.494618	000000003.787549	-00000000.157487
000000007.040088	000000004.105658	-00000000.056897
000000012.323241	000000007.114826	000000000.099343
000000016.935741	000000009.777855	000000000.409634
000000006.648944	000000003.800185	-00000000.160419
000000007.813599	000000004.465840	-00000000.062831
000000012.550223	000000007.100575	000000000.100670
000000017.133545	000000009.693694	000000000.412356
000000006.777807	000000003.795754	-00000000.162723
000000007.922071	000000004.436573	-00000000.063390
000000012.550488	000000006.956849	000000000.100181
000000016.141937	000000008.947622	000000000.386597
000000017.436092	000000009.664984	000000000.417592
000000007.091164	000000003.890346	-00000000.169424
000000008.363770	000000004.588521	-00000000.066601
000000012.057077	000000006.546459	000000000.095783
000000014.280430	000000007.753641	000000000.113445
000000016.351200	000000008.877977	000000000.389738
000000018.222670	000000009.894102	000000000.434346
000000007.010353	000000003.766798	-00000000.166702
000000008.209702	000000004.411232	-00000000.065065
000000012.775941	000000006.793088	000000000.101019
000000016.410397	000000008.725562	000000000.389320
000000018.175903	000000009.664300	000000000.431204
000000007.255307	000000003.817202	-00000000.171728
000000008.584170	000000004.516351	-00000000.067718
000000012.559767	000000006.538201	000000000.098855
000000015.344913	000000007.988056	000000000.120776
000000017.044609	000000008.872862	000000000.402513
000000018.543329	000000009.653046	000000000.437906
000000007.155019	000000003.685077	-00000000.168586
000000008.534357	000000004.395483	-00000000.067020
000000009.952300	000000005.070951	000000000.077981
000000013.115296	000000006.682578	000000000.102764
000000014.879447	000000007.581457	000000000.116587
000000017.157022	000000008.741940	000000000.403351
000000019.054449	000000009.708727	000000000.447958
000000007.240470	000000003.649498	-00000000.169843
000000008.652755	000000004.361347	-00000000.067648
000000013.316298	000000006.639262	000000000.103881
000000015.517784	000000007.736882	000000000.121055
000000017.223709	000000008.587424	000000000.403142
000000019.737923	000000009.840964	000000000.461990
000000007.289976	000000003.595018	-00000000.170262
000000008.394524	000000004.139721	-00000000.065345
000000009.733703	000000004.747444	000000000.075607
000000013.841090	000000006.750751	000000000.107511
000000015.602685	000000007.609938	000000000.121195
000000017.576555	000000008.572659	000000000.409634
000000019.077211	000000009.304578	000000000.444608
000000007.465151	000000003.600761	-00000000.173613
000000008.691525	000000004.192295	-00000000.067369
000000009.720607	000000004.636492	000000000.075188
000000015.885115	000000007.576811	000000000.122870
000000017.434122	000000008.315650	000000000.404608
000000018.688440	000000008.913929	000000000.433717
000000020.357859	000000009.710200	000000000.472461
000000007.604799	000000003.586656	-00000000.176126
000000008.537848	000000004.026711	-00000000.065903
000000009.860389	000000004.597975	000000000.075956
000000017.578514	000000008.196996	000000000.406283
000000020.641165	000000009.625133	000000000.477068
000000007.826477	000000003.608055	-00000000.180524
000000008.836018	000000004.073460	-00000000.067928
000000009.781845	000000004.457844	000000000.075049
000000021.916159	000000009.987769	000000000.504503
000000007.930590	000000003.572470	-00000000.182199
000000008.898581	000000004.008518	-00000000.068137
000000009.893456	000000004.404850	000000000.075607
000000010.202065	000000004.542252	000000000.233927
000000021.865482	000000009.735140	000000000.501362
000000008.062126	000000003.547420	-00000000.184503
000000009.107127	000000004.007232	-00000000.069464
000000009.848985	000000004.282461	000000000.074979
000000010.195472	000000004.433117	000000000.232880
000000008.129519	000000003.492717	-00000000.185340
000000009.178500	000000003.943395	-00000000.069743
000000009.996439	000000004.243237	000000000.075816
000000010.187754	000000004.324445	000000000.231833
000000008.427069	000000003.533763	-00000000.191414
000000009.277116	000000003.890218	-00000000.070231
000000010.033087	000000004.155841	000000000.075816
000000023.913994	000000009.905501	000000000.542199
000000008.448332	000000003.456304	-00000000.191204
000000009.394007	000000003.843190	-00000000.070860
000000010.226588	000000004.131810	000000000.077003
000000024.129303	000000009.748871	000000000.545131
000000008.663893	000000003.456543	-00000000.195393
000000009.594369	000000003.827765	-00000000.072116
000000010.234344	000000004.031415	000000000.076794
000000017.119267	000000006.743458	000000000.128455
000000025.236692	000000009.940997	000000000.568168
000000008.703045	000000003.384429	-00000000.195602
000000009.683326	000000003.765640	-00000000.072535
000000010.455846	000000004.013623	000000000.078190
000000013.891338	000000005.332385	000000000.103881
000000017.065435	000000006.550807	000000000.127617
000000025.854507	000000009.924615	000000000.580105
000000008.891186	000000003.368569	-00000000.199162
000000009.958947	000000003.773108	-00000000.074350
000000013.459651	000000005.032357	000000000.100321
000000016.897156	000000006.317587	000000000.125942
000000018.377062	000000006.870902	000000000.136972
000000026.333447	000000009.845672	000000000.588901
000000008.948382	000000003.301233	-00000000.199791
000000010.057166	000000003.710284	-00000000.074839
000000013.644005	000000004.966012	000000000.101368
000000016.820087	000000006.122011	000000000.124965
000000018.379940	000000006.689751	000000000.136553
000000027.301477	000000009.936925	000000000.608587
000000009.193274	000000003.300722	-00000000.204607
000000010.230334	000000003.673065	-00000000.075886
000000013.498297	000000004.779998	000000000.099972
000000017.080248	000000006.048433	000000000.126500
000000027.773552	000000009.835131	000000000.617173
000000031.279408	000000011.076619	000000000.695079
000000008.966879	000000003.131374	-00000000.198953
000000010.271439	000000003.586947	-00000000.075956
000000012.754332	000000004.454012	-00000000.094317
000000013.756960	000000004.736901	000000000.101577
000000017.680767	000000006.087976	000000000.130550
000000019.713583	000000006.787930	000000000.145559
000000032.093315	000000011.050615	000000000.710995
000000009.277881	000000003.149416	-00000000.205236
000000010.558013	000000003.583963	-00000000.077841
000000013.826221	000000004.626189	000000000.101787
000000034.520893	000000011.550529	000000000.762514
000000008.953699	000000002.952487	-00000000.197487
000000010.788319	000000003.557454	-00000000.079307
000000013.809005	000000004.486817	000000000.101368
000000036.179764	000000011.755518	000000000.796859
000000009.312387	000000002.980919	-00000000.204817
000000011.199902	000000003.585117	-00000000.082100
000000013.828559	000000004.360128	000000000.101228
000000014.293081	000000004.506591	000000000.313927
000000008.927479	000000002.772056	-00000000.195812
000000011.307160	000000003.510967	-00000000.082658
000000013.942583	000000004.262676	000000000.101787
000000014.255377	000000004.358306	000000000.312251
000000009.305552	000000002.800653	-00000000.203560
000000011.643784	000000003.504381	-00000000.084892
000000013.864196	000000004.106762	000000000.100949
000000014.331211	000000004.245098	000000000.313089
000000039.370090	000000011.661952	000000000.860105
000000008.964899	000000002.613030	-00000000.195602
000000011.904327	000000003.469795	-00000000.086568
000000014.207102	000000004.073821	000000000.103183
000000040.508297	000000011.615567	000000000.882723
000000009.381881	000000002.645964	-00000000.204189
000000012.242132	000000003.452638	-00000000.088802
000000014.155386	000000003.925636	000000000.102555
000000021.690794	000000006.015389	000000000.157148
000000025.795759	000000007.153797	000000000.186888
000000041.764217	000000011.582242	000000000.907854
000000008.903033	000000002.427246	-00000000.193299
000000012.503339	000000003.408802	-00000000.090477
000000014.449899	000000003.871839	000000000.104440
000000018.583960	000000004.979557	000000000.134319
000000043.215702	000000011.579612	000000000.937173
000000009.262268	000000002.438552	-00000000.200628
000000013.035461	000000003.431951	-00000000.094107
000000017.968382	000000004.646939	000000000.129572
000000027.581854	000000007.133152	000000000.198896
000000045.221939	000000011.695189	000000000.978430
000000047.757927	000000012.351040	000000001.033299
000000008.895589	000000002.259192	-00000000.192251
000000012.793536	000000003.249144	-00000000.092153
000000018.221710	000000004.543183	000000000.131108
000000048.484745	000000012.088604	000000001.046702
000000009.245149	000000002.262274	-00000000.199372
000000013.676163	000000003.346536	-00000000.098296
000000018.387068	000000004.414344	000000000.132016
000000018.684851	000000004.485836	000000000.402513
000000049.589710	000000011.905436	000000001.068273
000000008.855809	000000002.085266	-00000000.190576
000000012.848293	000000003.025371	-00000000.092153
000000018.385916	000000004.244723	000000000.131736
000000018.781736	000000004.336105	000000000.403770
000000009.146705	000000002.069688	-00000000.196440
000000014.639532	000000003.312588	-00000000.104789
000000018.363680	000000004.071130	000000000.131317
000000051.615211	000000011.442817	000000001.107435
000000008.812692	000000001.913423	-00000000.188901
000000012.820959	000000002.783703	-00000000.091594
000000018.555008	000000003.943989	000000000.132435
000000021.909971	000000004.657108	000000000.156380
000000052.241184	000000011.104206	000000001.118744
000000009.210797	000000001.915849	-00000000.197068
000000016.555256	000000003.443498	-00000000.118053
000000018.549522	000000003.773943	000000000.132155
000000021.773396	000000004.429847	000000000.155124
000000052.737782	000000010.729623	000000001.127331
000000008.844744	000000001.759329	-00000000.188901
000000012.906819	000000002.567326	-00000000.091873
000000017.202555	000000003.421801	-00000000.122451
000000018.856598	000000003.665351	000000000.134110
000000021.840673	000000004.245397	000000000.155333
000000022.101397	000000004.296076	000000000.471623
000000009.223186	000000001.751077	-00000000.196649
000000017.762270	000000003.372272	-00000000.126221
000000019.900595	000000003.688357	000000000.141301
000000021.719572	000000004.025485	000000000.154216
000000053.634624	000000009.940590	000000001.142618
000000008.795394	000000001.590466	-00000000.187225
000000012.674135	000000002.291857	-00000000.089919
000000018.607756	000000003.364830	-00000000.132016
000000021.034981	000000003.709035	000000000.149120
000000054.319927	000000009.578069	000000001.155393
000000009.183368	000000001.577991	-00000000.195183
000000012.516256	000000002.150686	-00000000.088662
000000019.483969	000000003.347958	-00000000.138020
000000021.865419	000000003.659016	000000000.154775
000000026.047169	000000004.358801	000000000.184375
000000054.963505	000000009.197736	000000001.167331
000000008.742869	000000001.423867	-00000000.185550
000000012.712204	000000002.070314	-00000000.089919
000000020.677071	000000003.367475	-00000000.146257
000000022.568129	000000003.574440	000000000.159522
000000026.005199	000000004.118819	000000000.183817
000000026.345745	000000004.172756	000000000.558744
000000009.169983	000000001.411395	-00000000.194346
000000023.824812	000000003.560642	000000000.168179
000000026.040154	000000003.891727	000000000.183817
000000029.659863	000000004.432696	000000000.209368
000000056.341763	000000008.420333	000000001.193299
000000008.726810	000000001.265327	-00000000.184712
000000012.588059	000000001.825182	-00000000.088802
000000024.468927	000000003.438883	000000000.172507
000000026.152342	000000003.675472	000000000.184375
000000029.598391	000000004.159782	000000000.208670
000000029.899538	000000004.202106	000000000.632461
000000009.074341	000000001.234964	-00000000.191833
000000025.588568	000000003.368799	000000000.180186
000000027.323553	000000003.597214	000000000.192404
000000029.465023	000000003.879144	000000000.207483
000000057.957069	000000007.630193	000000001.224503
000000008.628551	000000001.097690	-00000000.182199
000000012.538637	000000001.595116	-00000000.088243
000000027.145475	000000003.333045	000000000.190937
000000034.023651	000000004.177579	000000000.239318
000000059.043545	000000007.249636	000000001.246074
000000008.985299	000000001.063480	-00000000.189529
000000028.912237	000000003.294133	000000000.203155
000000034.138298	000000003.889568	000000000.239876
000000034.370045	000000003.915972	000000000.724608
000000060.485321	000000006.891432	000000001.275184
000000008.646393	000000000.946934	-00000000.182199
000000012.325998	000000001.349916	-00000000.086568
000000033.942207	000000003.567470	000000000.238270
000000008.883121	000000000.894483	-00000000.187016
000000042.382938	000000004.081013	000000000.297262
000000042.543854	000000004.096507	000000000.895288
000000008.621779	000000000.792230	-00000000.181361
000000012.297892	000000001.130018	-00000000.086219
000000046.102764	000000004.033469	000000000.323093
000000046.512089	000000004.069281	000000000.978011
000000008.817671	000000000.732692	-00000000.185340
000000012.227561	000000001.016032	-00000000.085660
000000050.273479	000000003.956609	000000001.056336
000000054.858295	000000004.317441	000000001.152671
000000008.554530	000000000.635711	-00000000.179686
000000012.285823	000000000.912994	-00000000.086009
000000058.414513	000000004.084741	000000001.226598
000000008.789209	000000000.576075	-00000000.184503
000000012.093756	000000000.792667	-00000000.084613
000000066.201736	000000004.049072	000000001.389320
000000008.564322	000000000.486317	-00000000.179686
000000012.140146	000000000.689367	-00000000.084892
000000008.738007	000000000.419717	-00000000.183246
000000012.135712	000000000.582920	-00000000.084822
000000008.451624	000000000.332065	-00000000.177173
000000011.940495	000000000.469143	-00000000.083426
000000013.579192	000000000.533528	-00000000.094875
000000124.137085	000000004.334962	000000002.601886
000000008.694035	000000000.265627	-00000000.182199
000000012.064076	000000000.368591	-00000000.084264
000000008.456132	000000000.184513	-00000000.177173
000000011.996852	000000000.261772	-00000000.083775
000000008.627368	000000000.112938	-00000000.180733
000000012.148663	000000000.159035	-00000000.084822
000000008.458064	000000000.036906	-00000000.177173
000000011.999594	000000000.052358	-00000000.083775
000000177.471069	000000000.000000	000000003.717489
000000008.767994	-00000000.038258	-00000000.183665
000000008.557390	-00000000.112022	-00000000.179267
000000012.158662	-00000000.159166	-00000000.084892
000000085.778114	-00000001.497262	000000001.797069
000000095.174622	-00000001.661279	000000001.993928
000000008.845954	-00000000.193019	-00000000.185340
000000098.604568	-00000002.582052	000000002.066179
000000008.584110	-00000000.262268	-00000000.179895
000000012.154032	-00000000.371339	-00000000.084892
000000008.791287	-00000000.345411	-00000000.184293
000000008.578226	-00000000.412042	-00000000.179895
000000012.145700	-00000000.583400	-00000000.084892
000000065.126320	-00000003.413126	000000001.366074
000000008.833829	-00000000.501621	-00000000.185340
000000066.830429	-00000004.087524	000000001.402514
000000008.559752	-00000000.561036	-00000000.179686
000000012.283344	-00000000.805093	-00000000.085939
000000055.831387	-00000003.904111	000000001.172357
000000060.688457	-00000004.243751	000000001.274346
000000066.572800	-00000004.655223	000000001.397907
000000008.913461	-00000000.662385	-00000000.187225
000000055.197174	-00000004.344112	000000001.159791
000000008.548656	-00000000.710339	-00000000.179686
000000012.357111	-00000001.026797	-00000000.086568
000000038.462139	-00000003.365001	000000000.269546
000000049.818729	-00000004.358574	000000001.047540
000000008.880632	-00000000.816015	-00000000.186806
000000055.142807	-00000005.309649	000000001.160419
000000008.534958	-00000000.859425	-00000000.179686
000000012.317410	-00000001.240298	-00000000.086428
000000032.201836	-00000003.384549	000000000.226053
000000068.030266	-00000007.150269	000000001.432880
000000008.874976	-00000000.971968	-00000000.187016
000000029.756752	-00000003.390354	000000000.209089
000000031.773653	-00000003.620151	000000000.223261
000000037.943584	-00000004.323125	000000000.266614
000000032.959484	-00000003.755259	000000000.694870
000000038.035522	-00000004.333601	000000000.801885
000000008.598086	-00000001.017651	-00000000.181361
000000012.393192	-00000001.466831	-00000000.087126
000000027.860092	-00000003.420789	000000000.195964
000000032.657528	-00000004.009840	000000000.689215
000000008.926086	-00000001.135542	-00000000.188482
000000025.895910	-00000003.409261	000000000.182351
000000032.452789	-00000004.272491	000000000.685655
000000008.628550	-00000001.174294	-00000000.182408
000000012.365705	-00000001.682899	-00000000.087126
000000024.211466	-00000003.402699	000000000.170692
000000032.374664	-00000004.549963	000000000.684817
000000008.835649	-00000001.281108	-00000000.187016
000000022.657801	-00000003.386231	000000000.159941
000000032.412830	-00000004.844130	000000000.686493
000000008.606741	-00000001.324704	-00000000.182408
000000012.373985	-00000001.904538	-00000000.087405
000000021.412561	-00000003.391417	000000000.151354
000000024.197775	-00000003.832551	000000000.171041
000000024.345924	-00000003.856015	000000000.172088
000000024.341177	-00000003.855264	000000000.516231
000000032.497696	-00000005.147129	000000000.689215
000000008.811945	-00000001.435116	-00000000.187016
000000020.435339	-00000003.419703	000000000.144652
000000027.595598	-00000004.617919	000000000.195336
000000032.668476	-00000005.466828	000000000.693822
000000043.367329	-00000007.257202	000000000.921048
000000008.572457	-00000001.473018	-00000000.182199
000000012.417704	-00000002.133752	-00000000.087964
000000019.109467	-00000003.283607	-00000000.135367
000000019.538111	-00000003.445096	000000000.138508
000000021.261482	-00000003.748973	000000000.150725
000000025.752094	-00000004.540789	000000000.182560
000000020.528738	-00000003.619771	000000000.436649
000000043.499264	-00000007.670094	000000000.925236
000000008.933130	-00000001.615373	-00000000.190157
000000017.948465	-00000003.245611	-00000000.127338
000000018.209438	-00000003.374920	000000000.129293
000000020.765839	-00000003.848721	000000000.147444
000000020.171967	-00000003.738653	000000000.429738
000000008.594556	-00000001.631727	-00000000.183246
000000012.339276	-00000002.342685	-00000000.087685
000000017.349651	-00000003.293934	-00000000.123289
000000017.492170	-00000003.400133	000000000.124406
000000020.554773	-00000003.995443	000000000.146188
000000020.060061	-00000003.899281	000000000.428063
000000008.883966	-00000001.767131	-00000000.189738
000000016.663136	-00000003.314504	-00000000.118612
000000016.942486	-00000003.446988	000000000.120706
000000020.940481	-00000004.260389	000000000.149190
000000019.927298	-00000004.054255	000000000.425969
000000008.643075	-00000001.797762	-00000000.184922
000000012.296512	-00000002.557678	-00000000.087685
000000015.879730	-00000003.302989	-00000000.113236
000000016.588978	-00000003.526096	000000000.118402
000000020.168913	-00000004.287035	000000000.143954
000000019.773806	-00000004.203052	000000000.423456
000000008.900622	-00000001.932515	-00000000.190785
000000015.381243	-00000003.339595	-00000000.109885
000000016.303747	-00000003.614454	000000000.116587
000000020.003817	-00000004.434740	000000000.143046
000000019.824223	-00000004.394924	000000000.425341
000000008.581130	-00000001.941712	-00000000.184293
000000012.171975	-00000002.754237	-00000000.087126
000000015.492106	-00000003.576634	000000000.111002
000000020.110508	-00000004.642877	000000000.144093
000000019.697441	-00000004.547513	000000000.423456
000000008.865540	-00000002.087558	-00000000.190785
000000013.811914	-00000003.252274	-00000000.099064
000000015.129707	-00000003.632321	000000000.108628
000000019.962269	-00000004.792517	000000000.143325
000000019.812551	-00000004.756573	000000000.426807
000000008.575069	-00000002.098306	-00000000.184922
000000012.122053	-00000002.966248	-00000000.087126
000000015.194461	-00000003.788404	000000000.109327
000000019.896400	-00000004.960730	000000000.429529
000000008.788996	-00000002.232121	-00000000.189948
000000013.365369	-00000003.394371	-00000000.096272
000000015.025286	-00000003.885803	000000000.108349
000000015.206264	-00000003.932607	000000000.329005
000000019.900749	-00000005.146684	000000000.430576
000000008.527474	-00000002.245097	-00000000.184712
000000011.797673	-00000003.106068	-00000000.085171
000000014.971485	-00000004.011598	000000000.108210
000000015.094110	-00000004.044455	000000000.327330
000000008.787285	-00000002.395689	-00000000.190785
000000012.040252	-00000003.282549	-00000000.087126
000000012.285989	-00000003.407206	000000000.089011
000000014.839547	-00000004.115371	000000000.107511
000000024.104746	-00000006.684838	000000000.523979
000000041.764217	-00000011.582242	000000000.907854
000000008.506239	-00000002.399007	-00000000.185131
000000011.626176	-00000003.278921	-00000000.084334
000000013.425923	-00000003.786502	-00000000.097389
000000014.822294	-00000004.250225	000000000.107651
000000024.261654	-00000006.956917	000000000.176207
000000023.786009	-00000006.820529	000000000.518325
000000008.763333	-00000002.554279	-00000000.191204
000000011.414715	-00000003.327086	-00000000.083007
000000014.813404	-00000004.387930	000000000.107860
000000021.822206	-00000006.464032	000000000.158893
000000023.648895	-00000007.005122	000000000.516649
000000008.491795	-00000002.555740	-00000000.185759
000000011.117132	-00000003.345877	-00000000.081052
000000011.513629	-00000003.520070	000000000.084054
000000014.784111	-00000004.519957	000000000.107930
000000020.560051	-00000006.285839	000000000.150097
000000011.989431	-00000003.665537	000000000.262618
000000023.414766	-00000007.158613	000000000.512880
000000008.736516	-00000002.712760	-00000000.191623
000000010.619563	-00000003.297462	-00000000.077632
000000011.291734	-00000003.560270	000000000.082658
000000011.709075	-00000003.691857	000000000.257173
000000008.483985	-00000002.715745	-00000000.186597
000000010.285625	-00000003.292454	-00000000.075398
000000011.012966	-00000003.578330	000000000.080843
000000014.322562	-00000004.653683	000000000.105138
000000011.685921	-00000003.796986	000000000.257382
000000023.476437	-00000007.627956	000000000.517068
000000008.735315	-00000002.880475	-00000000.192670
000000010.303985	-00000003.397745	-00000000.075747
000000010.592517	-00000003.544207	000000000.077981
000000012.005485	-00000004.016979	000000000.088383
000000011.718709	-00000003.921025	000000000.258848
000000008.444764	-00000002.866611	-00000000.186806
000000009.904648	-00000003.362175	-00000000.073024
000000010.268081	-00000003.535584	000000000.075816
000000011.428813	-00000003.935256	000000000.253194
000000008.570448	-00000002.992934	-00000000.190157
000000009.714439	-00000003.392434	-00000000.071837
000000010.114296	-00000003.581660	000000000.074909
000000011.158427	-00000003.951406	000000000.247958
000000008.384039	-00000003.010178	-00000000.186597
000000009.562115	-00000003.433150	-00000000.070930
000000010.439731	-00000003.799751	000000000.077562
000000011.358393	-00000004.134117	000000000.253194
000000008.470010	-00000003.124752	-00000000.189110
000000009.541173	-00000003.519925	-00000000.070999
000000009.338394	-00000003.491482	000000000.069603
000000011.839249	-00000004.426514	000000000.088243
000000011.153319	-00000004.170055	000000000.249424
000000008.246083	-00000003.124161	-00000000.184712
000000009.136048	-00000003.461339	-00000000.068207
000000009.232885	-00000003.544173	000000000.069045
000000011.398739	-00000004.375566	000000000.085241
000000011.191175	-00000004.295889	000000000.251100
000000008.386231	-00000003.261227	-00000000.188482
000000009.021617	-00000003.508315	-00000000.067579
000000009.201606	-00000003.624609	000000000.069045
000000011.155435	-00000004.394243	000000000.083705
000000009.348646	-00000003.682530	000000000.210471
000000011.255584	-00000004.433692	000000000.253403
000000008.181018	-00000003.263895	-00000000.184503
000000008.842052	-00000003.527621	-00000000.066462
000000008.993464	-00000003.633595	000000000.067718
000000011.218652	-00000004.532629	000000000.084473
000000009.900152	-00000003.999921	000000000.223665
000000008.004169	-00000003.274592	-00000000.181152
000000008.237109	-00000003.369890	-00000000.062133
000000008.841311	-00000003.662191	000000000.066811
000000011.169432	-00000004.626530	000000000.084403
000000011.204201	-00000004.640932	000000000.254032
000000007.873869	-00000003.301787	-00000000.178848
000000008.115171	-00000003.402974	-00000000.061435
000000009.269258	-00000003.934566	000000000.070301
000000011.126463	-00000004.722903	000000000.253194
000000007.835570	-00000003.366426	-00000000.178639
000000007.993289	-00000003.434188	-00000000.060737
000000008.225829	-00000003.576692	000000000.062622
000000026.034700	-00000011.320210	000000000.198198
000000007.829976	-00000003.404570	000000000.178848
000000011.185679	-00000004.863672	000000000.255498
000000007.586268	-00000003.338038	-00000000.173613
000000007.834876	-00000003.447428	-00000000.059760
000000008.048140	-00000003.583263	000000000.061505
000000007.982636	-00000003.554099	000000000.183037
000000011.279813	-00000005.022096	000000000.258639
000000007.383653	-00000003.326093	-00000000.169634
000000007.558323	-00000003.404776	-00000000.057875
000000007.634389	-00000003.479192	000000000.058573
000000007.914927	-00000003.607040	000000000.182199
000000023.662903	-00000010.783806	000000000.544712
000000024.991154	-00000011.389125	000000000.575288
000000007.336187	-00000003.382029	-00000000.169215
000000007.537405	-00000003.474791	-00000000.057944
000000007.649051	-00000003.566811	000000000.058922
000000014.029303	-00000006.541971	000000000.108070
000000007.638499	-00000003.561891	000000000.176545
000000023.377611	-00000010.901159	000000000.540314
000000007.161714	-00000003.377683	-00000000.165864
000000007.425396	-00000003.502044	-00000000.057316
000000007.301737	-00000003.482750	000000000.056478
000000007.598102	-00000003.624109	000000000.176335
000000023.272570	-00000011.100447	000000000.540105
000000006.960870	-00000003.357525	-00000000.161885
000000007.133356	-00000003.440723	-00000000.055292
000000007.172202	-00000003.498116	000000000.055710
000000007.530242	-00000003.672745	000000000.175497
000000023.174816	-00000011.303113	000000000.540105
000000006.859572	-00000003.382766	-00000000.160210
000000007.174807	-00000003.538223	-00000000.055850
000000007.096656	-00000003.538262	000000000.055361
000000007.417379	-00000003.698169	000000000.173613
000000022.941084	-00000011.438003	000000000.536964
000000006.651234	-00000003.352498	-00000000.156021
000000006.893629	-00000003.474675	-00000000.053895
000000007.359535	-00000003.749870	000000000.057665
000000007.206662	-00000003.671978	000000000.169424
000000022.145565	-00000011.283729	000000000.520629
000000006.346190	-00000003.268503	-00000000.149529
000000006.685246	-00000003.443128	-00000000.052499
000000006.749988	-00000003.513821	000000000.053127
000000022.059423	-00000011.483409	000000000.173624
000000007.466993	-00000003.887071	000000000.176335
000000022.072857	-00000011.490402	000000000.521257
000000006.326274	-00000003.328414	-00000000.149738
000000006.504500	-00000003.422183	-00000000.051312
000000006.939799	-00000003.689957	000000000.054873
000000007.212100	-00000003.834742	000000000.171100
000000021.751057	-00000011.565242	000000000.516021
000000006.164883	-00000003.312511	-00000000.146597
000000006.641754	-00000003.568743	-00000000.052639
000000006.678847	-00000003.626318	000000000.053058
000000006.967491	-00000003.783039	000000000.166073
000000021.368145	-00000011.601955	000000000.509320
000000006.109445	-00000003.351756	-00000000.145969
000000006.452552	-00000003.539991	-00000000.051382
000000007.250421	-00000004.018974	000000000.057875
000000007.109099	-00000003.940638	000000000.170262
000000020.986269	-00000011.632879	000000000.502618
000000005.992733	-00000003.356092	-00000000.143874
000000006.020076	-00000003.371404	-00000000.048171
000000006.640652	-00000003.757100	000000000.053267
000000020.322311	-00000011.497810	000000000.163012
000000020.483681	-00000011.589108	000000000.492985
000000005.711495	-00000003.264389	-00000000.137801
000000005.625791	-00000003.215405	-00000000.045239
000000006.339151	-00000003.659911	000000000.051103
000000008.348282	-00000004.819883	000000000.067299
000000011.517858	-00000006.649838	000000000.092851
000000007.489477	-00000004.324051	000000000.181152
000000020.502985	-00000011.837403	000000000.495917
000000005.691428	-00000003.319143	-00000000.138011
000000006.469970	-00000003.773175	-00000000.052290
000000006.642999	-00000003.913025	000000000.053826
000000020.196096	-00000011.896410	000000000.163641
000000020.312759	-00000011.965130	000000000.493822
000000005.464626	-00000003.251111	-00000000.133194
000000006.015698	-00000003.578964	-00000000.048869
000000007.097172	-00000004.264411	000000000.057805
000000012.651482	-00000007.601777	000000000.103043
000000016.482925	-00000009.903940	000000000.134250
000000019.770512	-00000011.879322	000000000.483142
000000005.581350	-00000003.386847	-00000000.136754
000000005.744868	-00000003.486071	-00000000.046914
000000016.438503	-00000010.073527	000000000.134599
000000020.352026	-00000012.471737	000000000.166643
000000020.058224	-00000012.291696	000000000.492775
000000005.407054	-00000003.345987	-00000000.133194
000000005.816267	-00000003.599216	-00000000.047752
000000008.537329	-00000005.283059	-00000000.070092
000000009.719290	-00000006.014479	-00000000.079796
000000007.047108	-00000004.403522	000000000.058014
000000008.166504	-00000005.102998	000000000.067230
000000012.508405	-00000007.816119	000000000.102974
000000020.238470	-00000012.646399	000000000.499896
000000005.310006	-00000003.350364	-00000000.131518
000000005.463269	-00000003.447066	-00000000.045099
000000007.078569	-00000004.466245	-00000000.058433
000000006.983111	-00000004.448732	000000000.057805
000000016.361395	-00000010.423358	000000000.135436
000000016.703920	-00000010.641571	000000000.414869
000000005.070353	-00000003.261361	-00000000.126283
000000005.306827	-00000003.413466	-00000000.044052
000000009.999710	-00000006.432030	-00000000.083007
000000005.367361	-00000003.485605	000000000.044680
000000006.709201	-00000004.357006	000000000.055850
000000011.028249	-00000007.161829	000000000.091804
000000005.357930	-00000003.479480	000000000.133822
000000017.532755	-00000011.385904	000000000.437906
000000020.266222	-00000013.161038	000000000.506178
000000005.208920	-00000003.415118	-00000000.130471
000000005.419002	-00000003.552854	-00000000.045239
000000005.211659	-00000003.449522	000000000.043633
000000015.851784	-00000010.492066	000000000.132714
000000016.490644	-00000010.914920	000000000.414241
000000005.020975	-00000003.354908	-00000000.126492
000000005.288018	-00000003.533341	-00000000.044401
000000009.603240	-00000006.416680	-00000000.080634
000000005.214519	-00000003.517238	000000000.043912
000000011.274636	-00000007.604838	000000000.094945
000000015.842523	-00000010.685916	000000000.133412
000000016.253862	-00000010.963368	000000000.410681
000000004.950187	-00000003.370462	-00000000.125445
000000005.273514	-00000003.590608	-00000000.044540
000000006.329135	-00000004.349894	000000000.053616
000000015.287168	-00000010.506579	000000000.129502
000000015.852710	-00000010.895266	000000000.402932
000000004.895942	-00000003.396436	-00000000.124817
000000005.324142	-00000003.693489	-00000000.045239
000000005.095001	-00000003.567558	000000000.043423
000000009.624802	-00000006.739359	000000000.082030
000000010.640526	-00000007.450576	000000000.090687
000000015.781598	-00000011.050394	000000000.403560
000000004.825293	-00000003.410180	-00000000.123770
000000005.357038	-00000003.785980	-00000000.045797
000000007.098915	-00000005.063607	000000000.060877
000000015.052629	-00000010.736936	000000000.129083
000000015.529918	-00000011.077382	000000000.399581
000000004.738553	-00000003.411270	-00000000.122304
000000005.453644	-00000003.926062	-00000000.046914
000000008.505088	-00000006.122787	-00000000.073164
000000005.266572	-00000003.826389	000000000.045448
000000015.103979	-00000010.973683	000000000.130340
000000005.273634	-00000003.831519	000000000.136545
000000015.456924	-00000011.230113	000000000.400210
000000004.756980	-00000003.487962	-00000000.123560
000000004.693393	-00000003.441338	-00000000.040631
000000006.096572	-00000004.470192	-00000000.052778
000000007.451366	-00000005.463568	-00000000.064507
000000015.441713	-00000011.426267	000000000.134110
000000015.559257	-00000011.513244	000000000.405445
000000004.670285	-00000003.487467	-00000000.122094
000000006.809164	-00000005.084644	-00000000.178011
000000006.978751	-00000005.211280	-00000000.060807
000000010.461870	-00000007.883585	000000000.091455
000000014.822313	-00000011.169415	000000000.129572
000000015.530054	-00000011.702736	000000000.407330
000000004.655591	-00000003.540193	-00000000.122513
000000004.791815	-00000003.643781	-00000000.042027
000000006.638495	-00000005.048029	-00000000.058224
000000008.166781	-00000006.210165	-00000000.071628
000000006.211805	-00000004.766486	000000000.054663
000000015.113012	-00000011.596622	000000000.132993
000000015.443201	-00000011.849985	000000000.407749
000000004.513847	-00000003.494994	-00000000.119581
000000006.301642	-00000004.879253	-00000000.055641
000000008.088557	-00000006.262830	-00000000.071418
000000006.209373	-00000004.851294	000000000.055012
000000014.956079	-00000011.684970	000000000.132504
000000015.000435	-00000011.719625	000000000.398744
000000005.056332	-00000003.986091	-00000000.134869
000000007.860831	-00000006.196980	-00000000.069882
000000014.438769	-00000011.485116	000000000.128804
000000014.678510	-00000011.675814	000000000.392880
000000004.576918	-00000003.673365	-00000000.122932
000000006.137541	-00000004.925898	-00000000.054943
000000008.227581	-00000006.603332	-00000000.073652
000000014.361307	-00000011.629557	000000000.129014
000000014.513903	-00000011.753127	000000000.391204
000000005.086644	-00000004.155962	-00000000.137592
000000006.194990	-00000005.061519	-00000000.055850
000000009.478334	-00000007.744124	-00000000.085451
000000014.313287	-00000011.798963	000000000.129502
000000033.356518	-00000027.496990	000000000.301800
000000014.333640	-00000011.815742	000000000.389110
000000004.196956	-00000003.490571	-00000000.114346
000000006.403048	-00000005.325359	-00000000.174450
000000004.305409	-00000003.580771	-00000000.039095
000000007.234625	-00000006.016974	-00000000.065694
000000004.266764	-00000003.580240	000000000.038886
000000004.273591	-00000003.585968	000000000.116859
000000014.306572	-00000012.004640	000000000.391204
000000004.143443	-00000003.507684	-00000000.113717
000000004.266366	-00000003.611745	-00000000.039025
000000004.220150	-00000003.604349	000000000.038746
000000004.234532	-00000003.616632	000000000.116649
000000033.716606	-00000028.796703	000000000.928796
000000004.135398	-00000003.563287	-00000000.114346
000000004.257411	-00000003.668420	-00000000.039235
000000004.196083	-00000003.647599	000000000.038816
000000004.210356	-00000003.660007	000000000.116859
000000014.668337	-00000012.750991	000000000.407121
000000004.028978	-00000003.533319	-00000000.112251
000000004.052318	-00000003.553787	-00000000.037629
000000004.066730	-00000003.597939	000000000.037908
000000004.193232	-00000003.709858	000000000.117278
000000003.789140	-00000003.381937	-00000000.106387
000000003.924166	-00000003.502452	-00000000.036721
000000004.064903	-00000003.660055	000000000.038187
000000004.249856	-00000003.826587	000000000.119791
000000013.135920	-00000011.827635	000000000.370262
000000003.944497	-00000003.582929	-00000000.111623
000000003.989678	-00000003.623969	-00000000.037629
000000007.165137	-00000006.508352	-00000000.067579
000000012.902039	-00000011.822540	000000000.122172
000000013.046947	-00000011.955324	000000000.370681
000000003.795615	-00000003.508630	-00000000.108272
000000003.928530	-00000003.631495	-00000000.037350
000000007.343046	-00000006.787842	-00000000.069813
000000012.571664	-00000011.723267	000000000.120008
000000012.715451	-00000011.857350	000000000.364189
000000003.764852	-00000003.541619	-00000000.108272
000000003.758302	-00000003.535458	-00000000.036023
000000007.873498	-00000007.406648	-00000000.075467
000000007.507442	-00000007.124297	000000000.072256
000000012.236768	-00000011.612259	000000000.117774
000000012.495459	-00000011.857748	000000000.360838
000000003.618250	-00000003.463721	-00000000.104922
000000003.655072	-00000003.498971	-00000000.035325
000000007.172900	-00000006.866558	-00000000.069324
000000007.243575	-00000006.995039	000000000.070301
000000012.041454	-00000011.628298	000000000.116866
000000007.529836	-00000007.271478	000000000.219267
000000003.659500	-00000003.564927	-00000000.107016
000000003.803471	-00000003.705177	-00000000.037070
000000007.055402	-00000006.873069	-00000000.068765
000000007.246448	-00000007.121065	000000000.070930
000000011.561507	-00000011.361462	000000000.113166
000000007.451832	-00000007.322896	000000000.218848
000000003.557249	-00000003.526340	-00000000.104922
000000003.792298	-00000003.759347	-00000000.037280
000000005.162922	-00000005.118062	-00000000.050754
000000007.130087	-00000007.068136	-00000000.070092
000000007.120391	-00000007.120391	000000000.070301
000000011.617481	-00000011.617481	000000000.114702
000000007.090725	-00000007.090725	000000000.210052
000000003.561533	-00000003.592750	-00000000.105969
000000003.815667	-00000003.849111	-00000000.037838
000000006.849896	-00000006.909935	-00000000.067928
000000007.029948	-00000007.153728	000000000.070022
000000011.543694	-00000011.746948	000000000.114981
000000006.986533	-00000007.109548	000000000.208796
000000003.223085	-00000003.308589	-00000000.096754
000000003.237669	-00000003.323560	-00000000.032393
000000007.012623	-00000007.198659	-00000000.070162
000000003.785796	-00000003.920306	000000000.038048
000000006.772754	-00000007.013392	000000000.068067
000000006.764489	-00000007.004833	000000000.203979
000000003.221744	-00000003.365478	-00000000.097592
000000003.084073	-00000003.221665	-00000000.031136
000000005.338351	-00000005.576514	-00000000.053895
000000006.444745	-00000006.732268	-00000000.065065
000000006.718177	-00000007.079482	000000000.068137
000000006.820097	-00000007.186883	000000000.207539
000000003.253905	-00000003.459003	-00000000.099476
000000003.302502	-00000003.510663	-00000000.033650
000000005.638918	-00000005.994347	-00000000.057456
000000006.697061	-00000007.181718	000000000.068556
000000006.852581	-00000007.348493	000000000.210471
000000003.318608	-00000003.590050	-00000000.102408
000000003.285316	-00000003.554034	-00000000.033789
000000005.925786	-00000006.410479	-00000000.060946
000000006.600356	-00000007.203024	000000000.068207
000000006.693631	-00000007.304816	000000000.207539
000000003.293875	-00000003.626273	-00000000.102618
000000003.186941	-00000003.508548	-00000000.033091
000000005.802384	-00000006.387927	-00000000.060248
000000003.599835	-00000003.998022	000000000.037559
000000006.410115	-00000007.119154	000000000.066880
000000003.197743	-00000003.551453	000000000.100105
000000006.602870	-00000007.333230	000000000.206702
000000003.295391	-00000003.692174	-00000000.103665
000000003.129567	-00000003.506384	-00000000.032812
000000004.887453	-00000005.475928	-00000000.051242
000000006.718582	-00000007.527535	-00000000.070441
000000006.891080	-00000007.788949	000000000.072605
000000009.839668	-00000011.121721	000000000.103672
000000003.107007	-00000003.511832	000000000.098220
000000006.737368	-00000007.615209	000000000.212984
000000003.309190	-00000003.773408	-00000000.105131
000000003.263682	-00000003.721516	-00000000.034557
000000005.169145	-00000005.894280	-00000000.054733
000000003.070281	-00000003.531955	000000000.032672
000000006.120882	-00000007.041269	000000000.065135
000000003.161511	-00000003.636903	000000000.100942
000000006.710011	-00000007.718986	000000000.214241
000000003.243504	-00000003.764272	-00000000.104084
000000003.309412	-00000003.840761	-00000000.035395
000000003.201701	-00000003.748710	000000000.034418
000000006.396908	-00000007.489817	000000000.068765
000000006.428125	-00000007.526368	000000000.207330
000000003.171773	-00000003.746650	-00000000.102827
000000003.185313	-00000003.762644	-00000000.034418
000000006.331861	-00000007.479496	-00000000.068416
000000003.098161	-00000003.692244	000000000.033650
000000006.389153	-00000007.614296	000000000.069394
000000008.966668	-00000010.686059	000000000.097389
000000003.103983	-00000003.699183	000000000.101152
000000006.259378	-00000007.459636	000000000.203979
000000002.964052	-00000003.595683	000000000.032533
000000006.328824	-00000007.677477	000000000.069464
000000002.918959	-00000003.540980	000000000.096126
000000006.353028	-00000007.706839	000000000.209215
000000002.932561	-00000003.621412	000000000.032533
000000006.160896	-00000007.608074	000000000.068347
000000008.590014	-00000010.607783	000000000.095294
000000006.279240	-00000007.754215	000000000.209005
000000003.100047	-00000003.897294	000000000.034767
000000003.136786	-00000003.943480	000000000.105550
000000002.973572	-00000003.805999	000000000.033719
000000003.102253	-00000003.970703	000000000.105550
000000002.879371	-00000003.752470	000000000.033021
000000003.024881	-00000003.942101	000000000.104084
000000002.906696	-00000003.857316	000000000.033719
000000002.857994	-00000003.792687	000000000.099476
000000002.771806	-00000003.745882	000000000.032533
000000002.836682	-00000003.833556	000000000.099895
000000002.844811	-00000003.915547	000000000.033789
000000002.903022	-00000003.995667	000000000.103456
000000002.793113	-00000003.915800	000000000.033580
000000002.891267	-00000004.053406	000000000.104293
000000002.638387	-00000003.768008	000000000.032114
000000007.932369	-00000011.328597	000000000.096551
000000008.011106	-00000011.441045	000000000.292566
000000002.503455	-00000003.642549	000000000.030857
000000007.901175	-00000011.496280	000000000.097389
000000007.973251	-00000011.601151	000000000.294869
000000004.786575	-00000007.096389	000000000.059760
000000007.722266	-00000011.448730	000000000.096411
000000007.894072	-00000011.703444	000000000.295707
000000004.790697	-00000007.237953	000000000.060597
000000007.826276	-00000011.824213	000000000.098994
000000007.835786	-00000011.838581	000000000.297382
000000007.673777	-00000011.816581	000000000.098366
000000008.140568	-00000012.535375	000000000.313089
000000007.468282	-00000011.722855	000000000.097040
000000007.466826	-00000011.720570	000000000.291100
000000007.042455	-00000011.270285	000000000.092781
000000007.078168	-00000011.327437	000000000.279791
000000007.994728	-00000012.794239	000000000.316021
000000007.037884	-00000011.484783	000000000.094038
000000007.135765	-00000011.644510	000000000.286073
000000006.983747	-00000011.622906	000000000.094666
000000006.899996	-00000011.483522	000000000.280628
000000006.750096	-00000011.459389	000000000.092851
000000006.916231	-00000011.741430	000000000.285445
000000006.509841	-00000011.275376	000000000.090896
000000006.638544	-00000011.498295	000000000.278115
