000000004.033170	000000004.680725	-00000000.129424
000000004.543097	000000005.272524	-00000000.048590
000000003.988168	000000004.547633	-00000000.126702
000000004.621902	000000005.270269	-00000000.048939
000000004.114246	000000004.609623	-00000000.129424
000000004.641082	000000005.199893	-00000000.048659
000000004.201371	000000004.625349	-00000000.130890
000000004.726624	000000005.203607	-00000000.049078
000000004.214428	000000004.559143	-00000000.130052
000000004.724338	000000005.110760	-00000000.048590
000000004.308856	000000004.580449	-00000000.131728
000000004.755054	000000005.054771	-00000000.048450
000000004.327922	000000004.521007	-00000000.131100
000000004.750579	000000004.962519	-00000000.047961
000000007.260710	000000007.584637	-00000000.073303
000000004.436974	000000004.554681	-00000000.133194
000000004.814637	000000004.942363	-00000000.048171
000000004.518783	000000004.558390	-00000000.134450
000000004.864623	000000004.907261	-00000000.048241
000000004.522889	000000004.483590	-00000000.133403
000000004.921464	000000004.878703	-00000000.048380
000000004.619134	000000004.499761	-00000000.135079
000000004.971014	000000004.842548	-00000000.048450
000000008.036712	000000007.829018	-00000000.078330
000000004.708780	000000004.507676	-00000000.136545
000000005.034754	000000004.819728	-00000000.048659
000000004.791630	000000004.507515	-00000000.137801
000000005.120323	000000004.816719	-00000000.049078
000000008.259525	000000007.769786	-00000000.079167
000000004.852808	000000004.485889	-00000000.138429
000000005.147476	000000004.758277	-00000000.048939
000000004.869567	000000004.423203	-00000000.137801
000000005.196205	000000004.719900	-00000000.049008
000000004.900522	000000004.373883	-00000000.137592
000000005.259576	000000004.694352	-00000000.049218
000000004.976088	000000004.363912	-00000000.138639
000000005.360487	000000004.701021	-00000000.049776
000000009.074485	000000007.958110	-00000000.084264
000000005.135164	000000004.424741	-00000000.141990
000000005.492212	000000004.732393	-00000000.050614
000000005.112536	000000004.328081	-00000000.140314
000000005.510404	000000004.664901	-00000000.050405
000000005.111677	000000004.251337	-00000000.139267
000000005.573967	000000004.635820	-00000000.050614
000000005.187293	000000004.238196	-00000000.140314
000000005.560004	000000004.542714	-00000000.050125
000000005.177297	000000004.155220	-00000000.139058
000000005.591636	000000004.487762	-00000000.050056
000000005.291875	000000004.171778	-00000000.141152
000000005.638438	000000004.444986	-00000000.050125
000000005.351794	000000004.143802	-00000000.141780
000000005.700733	000000004.413979	-00000000.050335
000000005.387752	000000004.096941	-00000000.141780
000000005.762914	000000004.382222	-00000000.050544
000000005.335180	000000003.983968	-00000000.139477
000000005.760875	000000004.301849	-00000000.050195
000000005.458433	000000004.002288	-00000000.141780
000000005.838516	000000004.280977	-00000000.050544
000000005.541834	000000003.989550	-00000000.143037
000000005.883768	000000004.235707	-00000000.050614
000000005.633591	000000003.981428	-00000000.144503
000000005.994003	000000004.236143	-00000000.051242
000000005.651691	000000003.920718	-00000000.144084
000000006.088255	000000004.223573	-00000000.051731
000000005.801387	000000003.950024	-00000000.147016
000000006.174475	000000004.204050	-00000000.052150
000000012.714647	000000008.576138	000000000.321257
000000005.918765	000000003.954792	-00000000.149110
000000006.260814	000000004.183342	-00000000.052569
000000009.769530	000000006.527791	-00000000.082030
000000005.986495	000000003.924918	-00000000.149948
000000006.380708	000000004.183375	-00000000.053267
000000009.474891	000000006.212011	-00000000.079098
000000013.292604	000000008.632318	000000000.110653
000000012.895925	000000008.374711	000000000.322094
000000006.129830	000000003.942839	-00000000.152670
000000006.492663	000000004.176221	-00000000.053895
000000008.014906	000000005.155361	-00000000.066531
000000009.377357	000000006.031718	-00000000.077841
000000013.044404	000000008.310202	000000000.323979
000000006.257013	000000003.947881	-00000000.154974
000000006.706458	000000004.231460	-00000000.055361
000000008.685413	000000005.480088	-00000000.071698
000000012.771294	000000007.980390	000000000.105138
000000013.277520	000000008.296716	000000000.327958
000000006.435755	000000003.982566	-00000000.158534
000000008.316242	000000005.146246	-00000000.068277
000000013.034009	000000007.987251	000000000.320210
000000006.495905	000000003.941812	-00000000.159162
000000008.343737	000000005.063104	-00000000.068137
000000012.085765	000000007.261860	000000000.098436
000000013.482913	000000008.101351	000000000.109815
000000013.608831	000000008.177011	000000000.332566
000000006.676123	000000003.971876	-00000000.162723
000000008.404790	000000005.000324	-00000000.068277
000000013.673721	000000008.054438	000000000.110793
000000013.653828	000000008.042719	000000000.331937
000000006.667347	000000003.888282	-00000000.161675
000000007.739778	000000004.513705	-00000000.062552
000000012.591702	000000007.269823	000000000.101508
000000014.375671	000000008.299798	000000000.115889
000000014.009218	000000008.088226	000000000.338848
000000006.857266	000000003.919251	-00000000.165445
000000007.830963	000000004.475764	-00000000.062971
000000015.378811	000000008.700912	000000000.123359
000000014.488244	000000008.197054	000000000.348691
000000006.952268	000000003.893457	-00000000.166911
000000007.852273	000000004.397484	-00000000.062831
000000012.795375	000000007.092592	000000000.102136
000000014.518333	000000008.047644	000000000.115889
000000014.288152	000000007.920052	000000000.342199
000000007.064868	000000003.875919	-00000000.168796
000000007.907883	000000004.338413	-00000000.062971
000000010.047044	000000005.511997	-00000000.080005
000000012.751326	000000006.923405	000000000.101298
000000014.552856	000000007.901556	000000000.115610
000000014.391867	000000007.814146	000000000.343037
000000007.221720	000000003.880370	-00000000.171728
000000008.456346	000000004.543758	-00000000.067020
000000012.855404	000000006.835340	000000000.101647
000000014.700719	000000007.816511	000000000.116238
000000014.547785	000000007.735194	000000000.345131
000000007.467657	000000003.928925	-00000000.176754
000000008.575321	000000004.511694	-00000000.067648
000000014.945768	000000007.780275	000000000.117634
000000014.854173	000000007.732593	000000000.350786
000000007.617206	000000003.923119	-00000000.179477
000000008.525467	000000004.390904	-00000000.066950
000000013.142026	000000006.696197	000000000.102974
000000015.030914	000000007.658634	000000000.117774
000000014.885453	000000007.584517	000000000.349948
000000007.669007	000000003.865498	-00000000.179895
000000008.875994	000000004.473869	-00000000.069394
000000015.222463	000000007.589640	000000000.118751
000000015.201600	000000007.579238	000000000.355812
000000007.684514	000000003.789583	-00000000.179477
000000009.076131	000000004.475852	-00000000.070650
000000013.436644	000000006.553489	000000000.104370
000000015.881304	000000007.745830	000000000.123359
000000015.303106	000000007.463824	000000000.356649
000000007.771321	000000003.748440	-00000000.180733
000000009.276966	000000004.474677	-00000000.071907
000000010.325324	000000004.924927	000000000.079866
000000015.966345	000000007.615556	000000000.123498
000000015.719587	000000007.497859	000000000.364817
000000007.857991	000000003.706069	-00000000.181990
000000009.261395	000000004.367957	-00000000.071488
000000010.431349	000000004.864218	000000000.080354
000000015.814686	000000007.374509	000000000.121823
000000015.784419	000000007.360395	000000000.364817
000000007.980828	000000003.679212	-00000000.184084
000000009.453540	000000004.358141	-00000000.072675
000000010.309609	000000004.698360	000000000.079098
000000016.269711	000000007.414534	000000000.124825
000000016.202856	000000007.384067	000000000.372984
000000008.076440	000000003.638171	-00000000.185550
000000009.409155	000000004.238515	-00000000.072047
000000010.487246	000000004.669223	000000000.080145
000000010.558270	000000004.700845	000000000.242094
000000016.294077	000000007.254591	000000000.373613
000000008.281753	000000003.644058	-00000000.189529
000000009.756983	000000004.293175	-00000000.074420
000000010.371697	000000004.509742	000000000.078958
000000010.525540	000000004.576635	000000000.240419
000000008.423468	000000003.619007	-00000000.192042
000000009.628696	000000004.136815	-00000000.073164
000000010.530318	000000004.469855	000000000.079866
000000010.519063	000000004.465077	000000000.239372
000000008.694448	000000003.645885	-00000000.197487
000000009.830422	000000004.122238	-00000000.074420
000000010.559686	000000004.373965	000000000.079796
000000017.673384	000000007.320555	000000000.133552
000000010.659231	000000004.415198	000000000.241676
000000017.078785	000000007.074265	000000000.387225
000000008.883241	000000003.634230	-00000000.201047
000000009.542090	000000003.903772	-00000000.071977
000000013.861061	000000005.600232	000000000.104370
000000017.718052	000000007.158558	000000000.133412
000000017.538471	000000007.086002	000000000.396231
000000009.016763	000000003.597324	-00000000.203351
000000010.179504	000000004.061211	-00000000.076515
000000018.505554	000000007.289532	000000000.138857
000000018.055445	000000007.112228	000000000.406492
000000009.113038	000000003.543867	-00000000.204817
000000010.139998	000000003.943230	-00000000.075956
000000013.760640	000000005.282215	000000000.102904
000000019.231289	000000007.382200	000000000.143814
000000018.284830	000000007.018888	000000000.410262
000000009.358651	000000003.545676	-00000000.209634
000000010.594824	000000004.014019	-00000000.079098
000000013.487750	000000005.042863	000000000.100530
000000020.109861	000000007.518769	000000000.149888
000000018.841713	000000007.044628	000000000.421362
000000009.257917	000000003.415426	-00000000.206702
000000010.732647	000000003.959482	-00000000.079866
000000013.183566	000000004.798426	000000000.097947
000000014.179616	000000005.160958	000000000.105347
000000023.040703	000000008.386129	000000000.171181
000000019.484951	000000007.091942	000000000.434346
000000009.644938	000000003.462887	-00000000.214660
000000010.813848	000000003.882568	-00000000.080215
000000013.950754	000000004.940221	000000000.103323
000000022.434320	000000007.944409	000000000.166154
000000027.251101	000000009.650121	000000000.201828
000000020.507380	000000007.262044	000000000.455707
000000032.240692	000000011.417027	000000000.716440
000000009.268921	000000003.236852	-00000000.205655
000000011.026691	000000003.850693	-00000000.081541
000000013.917694	000000004.792246	000000000.102764
000000022.578432	000000007.774378	000000000.166712
000000032.669956	000000011.249168	000000000.723770
000000009.713372	000000003.297246	-00000000.214869
000000011.325008	000000003.844322	-00000000.083496
000000013.769324	000000004.607152	000000000.101368
000000023.091118	000000007.726180	000000000.169994
000000032.918579	000000011.014401	000000000.727121
000000009.323999	000000003.074594	-00000000.205655
000000011.548059	000000003.807979	-00000000.084892
000000013.923128	000000004.523899	000000000.102206
000000052.249096	000000016.976761	000000001.150786
000000009.893223	000000003.166846	-00000000.217592
000000011.961801	000000003.829002	-00000000.087685
000000013.828559	000000004.360128	000000000.101228
000000014.026099	000000004.422412	000000000.308063
000000009.338046	000000002.899540	-00000000.204817
000000011.918358	000000003.700748	-00000000.087126
000000013.999961	000000004.280218	000000000.102206
000000014.035475	000000004.291075	000000000.307435
000000009.927837	000000002.987940	-00000000.217173
000000012.256615	000000003.688823	-00000000.089360
000000014.084719	000000004.172084	000000000.102555
000000049.349213	000000014.617903	000000001.078116
000000009.387228	000000002.736127	-00000000.204817
000000012.518745	000000003.648881	-00000000.091036
000000017.215776	000000004.936545	000000000.125034
000000009.468483	000000002.670388	-00000000.206073
000000012.858088	000000003.626356	-00000000.093270
000000017.287109	000000004.794140	000000000.125244
000000009.221344	000000002.514027	-00000000.200210
000000012.966425	000000003.535053	-00000000.093828
000000017.540785	000000004.700039	000000000.126780
000000090.516373	000000024.253790	000000001.962933
000000009.726349	000000002.560734	-00000000.210681
000000013.393260	000000003.526151	-00000000.096690
000000017.358465	000000004.489204	000000000.125174
000000017.664820	000000004.568433	000000000.382199
000000009.254126	000000002.350248	-00000000.200000
000000013.685206	000000003.475600	-00000000.098575
000000017.513411	000000004.366584	000000000.126012
000000017.694313	000000004.411687	000000000.381990
000000009.497642	000000002.324058	-00000000.204817
000000014.152109	000000003.462999	-00000000.101717
000000017.463337	000000004.192576	000000000.125383
000000017.829353	000000004.280449	000000000.384084
000000009.284001	000000002.186092	-00000000.199791
000000013.938451	000000003.282069	-00000000.099972
000000017.694130	000000004.085011	000000000.126780
000000098.117027	000000022.652102	000000002.109321
000000009.663523	000000002.186632	-00000000.207539
000000015.341761	000000003.471486	-00000000.109815
000000017.777916	000000003.941269	000000000.127129
000000021.360836	000000004.735583	000000000.152750
000000009.203498	000000001.998275	-00000000.197278
000000013.993608	000000003.038310	-00000000.099972
000000020.413445	000000004.339011	000000000.145699
000000009.739366	000000002.025791	-00000000.208377
000000016.927284	000000003.520880	-00000000.120706
000000020.391735	000000004.148746	000000000.145280
000000021.925905	000000004.460876	000000000.468691
000000009.246778	000000001.839298	-00000000.197487
000000014.279886	000000002.840446	-00000000.101647
000000016.663136	000000003.314504	-00000000.118612
000000021.703249	000000004.218684	000000000.154356
000000022.022884	000000004.280815	000000000.469948
000000068.728271	000000013.359423	000000001.466598
000000009.763414	000000001.853642	-00000000.208168
000000018.479441	000000003.508431	-00000000.131317
000000021.798229	000000004.040063	000000000.154775
000000040.381294	000000007.484231	000000000.286720
000000040.373421	000000007.482771	000000000.860105
000000009.277469	000000001.677640	-00000000.197487
000000014.012398	000000002.533854	-00000000.099413
000000019.129286	000000003.459138	-00000000.135716
000000021.960676	000000003.872260	000000000.155682
000000025.811182	000000004.551208	000000000.182979
000000026.052298	000000004.593723	000000000.554136
000000009.735158	000000001.672806	-00000000.206911
000000020.262539	000000003.481741	-00000000.143535
000000022.713604	000000003.800954	000000000.160778
000000025.849915	000000004.325792	000000000.182979
000000025.913902	000000004.336500	000000000.550367
000000009.186921	000000001.496185	-00000000.194974
000000013.936049	000000002.269630	-00000000.098575
000000020.943552	000000003.410874	-00000000.148142
000000025.847174	000000004.093790	000000000.182700
000000037.049938	000000005.868134	000000000.785760
000000009.614648	000000001.479836	-00000000.203770
000000025.842354	000000003.862166	000000000.182420
000000029.748873	000000004.445999	000000000.209996
000000029.901279	000000004.468776	000000000.633299
000000009.083008	000000001.316973	-00000000.192251
000000013.696442	000000001.985890	-00000000.096621
000000026.201853	000000003.682430	000000000.184724
000000029.826149	000000004.191792	000000000.210276
000000033.896049	000000004.763779	000000000.238969
000000033.958744	000000004.772590	000000000.718325
000000009.559758	000000001.301026	-00000000.202094
000000027.690380	000000003.645508	000000000.194987
000000029.851679	000000003.930048	000000000.210206
000000033.817360	000000004.452140	000000000.238131
000000091.381256	000000012.030571	000000001.930682
000000009.104609	000000001.158252	-00000000.192251
000000013.798452	000000001.755385	-00000000.097109
000000029.994013	000000003.682802	000000000.210974
000000098.319908	000000012.072166	000000002.074975
000000009.412224	000000001.114010	-00000000.198534
000000067.995071	000000007.747060	000000001.433509
000000009.004175	000000000.986118	-00000000.189738
000000013.648061	000000001.494706	-00000000.095853
000000083.809868	000000008.808772	000000001.765237
000000009.479970	000000000.954583	-00000000.199581
000000051.410961	000000004.950313	000000000.360582
000000051.490505	000000004.957972	000000001.083561
000000008.900543	000000000.817845	-00000000.187225
000000013.682026	000000001.257202	-00000000.095923
000000095.285042	000000008.336361	000000002.003561
000000009.335771	000000000.775743	-00000000.196230
000000008.973283	000000000.666830	-00000000.188482
000000013.602161	000000001.010815	-00000000.095224
000000009.228170	000000000.604846	-00000000.193717
000000008.903701	000000000.505589	-00000000.186806
000000013.258318	000000000.752862	-00000000.092711
000000061.693829	000000003.233237	000000000.431302
000000061.681801	000000003.232606	000000001.293823
000000009.237321	000000000.443700	-00000000.193717
000000008.861217	000000000.348158	-00000000.185759
000000013.349374	000000000.524498	-00000000.093270
000000133.489334	000000004.661551	000000002.797907
000000009.273637	000000000.283335	-00000000.194346
000000056.759159	000000001.486291	000000000.396396
000000056.778080	000000001.486786	000000001.189739
000000008.895930	000000000.194110	-00000000.186388
000000013.276516	000000000.289695	-00000000.092711
000000009.177200	000000000.120136	-00000000.192251
000000071.351631	000000000.622676	000000001.494661
000000008.937954	000000000.038999	-00000000.187225
000000013.439544	000000000.058641	-00000000.093828
000000133.170776	000000000.000000	000000002.789530
000000009.397848	-00000000.041006	-00000000.196859
000000041.967381	-00000000.366244	000000000.293003
000000043.037312	-00000000.375581	000000000.300473
000000008.937273	-00000000.116995	-00000000.187225
000000013.358529	-00000000.174873	-00000000.093270
000000040.572834	-00000000.708201	000000000.283300
000000083.199074	-00000001.452245	000000001.743038
000000009.415693	-00000000.205451	-00000000.197278
000000040.215233	-00000001.053073	000000000.280856
000000050.731373	-00000001.328448	000000000.354299
000000050.841415	-00000001.331329	000000001.065341
000000009.013816	-00000000.275397	-00000000.188901
000000013.333453	-00000000.407374	-00000000.093130
000000040.634239	-00000001.418979	000000000.283858
000000041.265789	-00000001.441033	000000000.864922
000000009.310772	-00000000.365821	-00000000.195183
000000038.752136	-00000001.691955	000000000.270803
000000040.590340	-00000001.772213	000000000.283649
000000054.167076	-00000002.364986	000000000.378524
000000054.246410	-00000002.368449	000000001.137383
000000008.967690	-00000000.430749	-00000000.188063
000000013.494113	-00000000.648169	-00000000.094317
000000059.287189	-00000003.107110	000000000.414477
000000059.285618	-00000003.107028	000000001.243561
000000009.342896	-00000000.530528	-00000000.196021
000000037.299389	-00000002.281328	000000000.260890
000000041.192020	-00000002.519412	000000000.288117
000000042.269978	-00000002.585343	000000000.295656
000000008.998713	-00000000.589807	-00000000.188901
000000013.410896	-00000000.878997	-00000000.093828
000000036.410202	-00000002.546049	000000000.254816
000000132.317795	-00000009.252562	000000002.778431
000000009.471799	-00000000.703876	-00000000.198953
000000041.371059	-00000003.255973	000000000.289722
000000009.026904	-00000000.750078	-00000000.189738
000000013.622719	-00000001.131961	-00000000.095434
000000009.428205	-00000000.866330	-00000000.198325
000000032.737782	-00000003.152290	000000000.229614
000000040.919743	-00000003.940123	000000000.287000
000000032.751305	-00000003.153592	000000000.689215
000000009.012438	-00000000.907505	-00000000.189738
000000013.750130	-00000001.384565	-00000000.096481
000000031.366457	-00000003.296747	000000000.220189
000000032.967598	-00000003.465034	000000000.231429
000000032.454075	-00000003.411061	000000000.683561
000000009.461341	-00000001.036185	-00000000.199372
000000030.074688	-00000003.426578	000000000.211323
000000032.508881	-00000003.703919	000000000.228427
000000032.095268	-00000003.656794	000000000.676650
000000009.044869	-00000001.070531	-00000000.190785
000000013.733802	-00000001.625503	-00000000.096551
000000027.780689	-00000003.411040	000000000.195405
000000028.882389	-00000003.546312	000000000.203155
000000030.043640	-00000003.688895	000000000.211323
000000031.913284	-00000003.918458	000000000.673508
000000009.441816	-00000001.201151	-00000000.199372
000000025.806681	-00000003.397514	000000000.181722
000000029.940907	-00000003.941795	000000000.210834
000000027.050598	-00000003.561279	000000000.571519
000000009.024808	-00000001.228222	-00000000.190785
000000013.554715	-00000001.844716	-00000000.095504
000000021.300148	-00000002.993541	000000000.150167
000000023.993610	-00000003.372082	000000000.169156
000000021.246490	-00000002.986000	000000000.449424
000000026.770977	-00000003.762415	000000000.566283
000000009.548041	-00000001.384400	-00000000.202094
000000020.148811	-00000002.921439	-00000000.142138
000000020.541359	-00000003.069927	000000000.145001
000000020.596682	-00000003.078195	000000000.436231
000000009.081050	-00000001.397707	-00000000.192461
000000013.639056	-00000002.099252	-00000000.096341
000000020.573048	-00000003.258451	000000000.145420
000000020.559160	-00000003.256251	000000000.436021
000000009.512559	-00000001.549219	-00000000.201885
000000018.199770	-00000002.964021	-00000000.128734
000000019.778927	-00000003.221203	-00000000.139904
000000020.415615	-00000003.416402	000000000.144512
000000022.654427	-00000003.791051	000000000.160360
000000027.171505	-00000004.546951	000000000.192334
000000022.393633	-00000003.747409	000000000.475602
000000009.055273	-00000001.555981	-00000000.192461
000000013.718606	-00000002.357288	-00000000.097179
000000019.010914	-00000003.266672	-00000000.134669
000000019.301762	-00000003.403421	000000000.136833
000000022.344744	-00000003.939981	000000000.158405
000000022.241928	-00000003.921852	000000000.473089
000000009.464396	-00000001.711442	-00000000.201466
000000013.628632	-00000002.464458	-00000000.096690
000000017.889423	-00000003.234935	-00000000.126919
000000018.740381	-00000003.473324	000000000.133063
000000022.722467	-00000004.211360	000000000.161337
000000022.098722	-00000004.095756	000000000.470786
000000009.026738	-00000001.713780	-00000000.192461
000000013.714673	-00000002.603812	-00000000.097458
000000017.104044	-00000003.247304	-00000000.121544
000000019.268871	-00000003.745489	000000000.137042
000000022.189724	-00000004.313245	000000000.473508
000000009.442891	-00000001.878308	-00000000.201676
000000014.505461	-00000002.885316	-00000000.103253
000000016.192371	-00000003.220863	-00000000.115261
000000017.363842	-00000003.532714	000000000.123708
000000020.646509	-00000004.200580	000000000.147095
000000022.576916	-00000004.593326	000000000.160848
000000022.121847	-00000004.500741	000000000.472880
000000009.112915	-00000001.895489	-00000000.194974
000000013.627981	-00000002.834624	-00000000.097179
000000016.804167	-00000003.571836	000000000.119938
000000022.545752	-00000004.792247	000000000.160918
000000022.247978	-00000004.728954	000000000.476440
000000009.310969	-00000002.021610	-00000000.199581
000000013.456145	-00000002.921615	-00000000.096132
000000015.195574	-00000003.299283	-00000000.108559
000000016.528290	-00000003.664233	000000000.118193
000000022.444498	-00000004.975825	000000000.160499
000000022.547491	-00000004.998659	000000000.483770
000000009.078446	-00000002.054243	-00000000.194974
000000013.264333	-00000003.001412	-00000000.094945
000000016.164406	-00000003.731847	000000000.115819
000000032.435989	-00000007.488438	000000000.232406
000000022.951124	-00000005.298685	000000000.493403
000000030.179363	-00000006.967455	000000000.648796
000000032.478374	-00000007.498223	000000000.698220
000000009.410513	-00000002.215882	-00000000.202513
000000013.938451	-00000003.282069	-00000000.099972
000000016.082607	-00000003.861092	000000000.115470
000000016.322512	-00000003.918688	000000000.351623
000000009.080057	-00000002.221876	-00000000.195812
000000012.976813	-00000003.175406	-00000000.093270
000000016.058002	-00000004.003710	000000000.115540
000000016.210085	-00000004.041628	000000000.349948
000000009.380097	-00000002.382241	-00000000.202723
000000012.667539	-00000003.217145	-00000000.091245
000000015.468549	-00000003.928511	-00000000.111421
000000016.032133	-00000004.146192	000000000.115610
000000016.183878	-00000004.185435	000000000.350157
000000009.039897	-00000002.380006	-00000000.195812
000000012.368217	-00000003.256279	-00000000.089290
000000015.549720	-00000004.093900	-00000000.112259
000000015.724890	-00000004.213471	000000000.113655
000000024.282784	-00000006.506552	000000000.175509
000000024.152508	-00000006.471645	000000000.523770
000000009.153824	-00000002.495619	-00000000.198744
000000012.020957	-00000003.277289	-00000000.086987
000000016.188597	-00000004.489495	000000000.117285
000000023.752911	-00000006.587265	000000000.172088
000000023.767550	-00000006.591325	000000000.516649
000000008.996984	-00000002.537412	-00000000.195812
000000011.626176	-00000003.278921	-00000000.084334
000000015.591395	-00000004.397228	-00000000.113096
000000016.033455	-00000004.597519	000000000.116447
000000019.907244	-00000005.708310	000000000.144582
000000024.165529	-00000006.929354	000000000.175509
000000023.747566	-00000006.809505	000000000.517487
000000009.252851	-00000002.696960	-00000000.201885
000000011.481916	-00000003.346673	-00000000.083496
000000011.726079	-00000003.473423	000000000.085381
000000022.455011	-00000006.651477	000000000.163501
000000024.037025	-00000007.120091	000000000.175020
000000023.457172	-00000006.948331	000000000.512461
000000025.010120	-00000007.408335	000000000.546388
000000008.980049	-00000002.702688	-00000000.196440
000000011.222463	-00000003.377578	-00000000.081820
000000015.378221	-00000004.628319	-00000000.112119
000000016.103779	-00000004.923419	000000000.117564
000000023.008131	-00000007.034292	000000000.167969
000000011.635676	-00000003.557383	000000000.254869
000000023.500816	-00000007.184920	000000000.514765
000000009.194825	-00000002.855069	-00000000.201676
000000010.877413	-00000003.377526	-00000000.079517
000000015.365896	-00000004.771238	-00000000.112328
000000016.527512	-00000005.211104	000000000.120985
000000021.172001	-00000006.675506	000000000.154984
000000023.308275	-00000007.349071	000000000.170622
000000011.594654	-00000003.655781	000000000.254660
000000023.370476	-00000007.368683	000000000.513299
000000008.902948	-00000002.849856	-00000000.195812
000000010.285625	-00000003.292454	-00000000.075398
000000015.371293	-00000004.920390	-00000000.112678
000000011.659669	-00000003.788456	000000000.085590
000000016.557489	-00000005.379855	000000000.121544
000000011.505260	-00000003.738286	000000000.253403
000000008.868244	-00000002.924309	-00000000.195602
000000010.190022	-00000003.360166	-00000000.074909
000000015.213810	-00000005.016762	-00000000.111840
000000011.445988	-00000003.829774	000000000.084264
000000016.462498	-00000005.508275	000000000.121195
000000011.282577	-00000003.775097	000000000.249215
000000008.851855	-00000003.004800	-00000000.195812
000000009.923586	-00000003.368603	-00000000.073164
000000014.923255	-00000005.065763	-00000000.110025
000000011.175756	-00000003.848122	000000000.082518
000000010.965611	-00000003.775763	000000000.242932
000000008.957439	-00000003.128078	-00000000.198744
000000009.421779	-00000003.290232	-00000000.069673
000000011.066341	-00000003.918797	000000000.081960
000000011.064184	-00000003.918033	000000000.245864
000000008.779246	-00000003.152071	-00000000.195393
000000009.185655	-00000003.297987	-00000000.068137
000000015.133741	-00000005.433568	-00000000.112259
000000011.445177	-00000004.165704	000000000.085032
000000015.185062	-00000005.526911	000000000.112817
000000016.246891	-00000005.913384	000000000.120706
000000010.926229	-00000003.976822	000000000.243560
000000008.629467	-00000003.183578	-00000000.192670
000000009.250340	-00000003.412631	-00000000.068835
000000010.087714	-00000003.771642	000000000.075188
000000010.675721	-00000003.991488	000000000.238744
000000008.386323	-00000003.177294	-00000000.187854
000000008.892920	-00000003.369226	-00000000.066392
000000009.428933	-00000003.619428	000000000.070511
000000010.894618	-00000004.182052	000000000.081471
000000010.911161	-00000004.188402	000000000.244817
000000008.162599	-00000003.174261	-00000000.183456
000000008.742021	-00000003.399586	-00000000.065484
000000011.332939	-00000004.407139	-00000000.084892
000000010.997268	-00000004.331939	000000000.082518
000000010.688153	-00000004.210176	000000000.240628
000000008.032440	-00000003.204619	-00000000.181152
000000008.461248	-00000003.375696	-00000000.063599
000000011.126867	-00000004.439170	-00000000.083635
000000010.801429	-00000004.364060	000000000.081332
000000010.827132	-00000004.374445	000000000.244607
000000007.846862	-00000003.210236	-00000000.177592
000000008.089026	-00000003.309308	-00000000.061016
000000010.476539	-00000004.339524	000000000.079167
000000010.742363	-00000004.449632	000000000.243560
000000007.505070	-00000003.147137	-00000000.170471
000000007.672525	-00000003.217357	-00000000.058084
000000014.588863	-00000006.117618	-00000000.110444
000000010.539523	-00000004.473763	000000000.079935
000000015.022273	-00000006.376576	000000000.113934
000000010.647905	-00000004.519768	000000000.242304
000000007.321160	-00000003.145418	-00000000.166911
000000007.671720	-00000003.296031	-00000000.058294
000000009.160126	-00000003.935500	-00000000.069603
000000014.378732	-00000006.177591	-00000000.109257
000000010.692659	-00000004.649301	000000000.081401
000000010.543878	-00000004.584609	000000000.240838
000000007.293432	-00000003.209187	-00000000.166911
000000007.541983	-00000003.318552	-00000000.057526
000000014.388346	-00000006.331024	-00000000.109745
000000007.481755	-00000003.331092	000000000.057177
000000010.934873	-00000004.868519	000000000.083566
000000010.667871	-00000004.749642	000000000.244607
000000007.091953	-00000003.194692	-00000000.162932
000000007.375975	-00000003.322635	-00000000.056478
000000010.719082	-00000004.884967	000000000.082239
000000010.689700	-00000004.871577	000000000.246073
000000007.063805	-00000003.256459	-00000000.162932
000000007.137832	-00000003.290586	-00000000.054873
000000012.958888	-00000005.974129	-00000000.099623
000000007.322788	-00000003.414672	000000000.056409
000000010.703235	-00000004.991000	000000000.082449
000000010.683025	-00000004.981576	000000000.246911
000000006.890437	-00000003.249741	-00000000.159581
000000007.117888	-00000003.357014	-00000000.054943
000000014.235777	-00000006.714028	-00000000.109885
000000007.364916	-00000003.512885	000000000.056967
000000010.875888	-00000005.187532	000000000.084124
000000010.882792	-00000005.190825	000000000.252566
000000006.744750	-00000003.253281	-00000000.156859
000000007.052295	-00000003.401623	-00000000.054663
000000014.284725	-00000006.890134	-00000000.110723
000000007.235116	-00000003.528802	000000000.056199
000000014.281489	-00000006.965548	000000000.110932
000000023.152370	-00000011.292166	000000000.179837
000000010.989840	-00000005.360103	000000000.256126
000000024.262117	-00000011.833426	000000000.565445
000000006.671270	-00000003.289906	-00000000.155812
000000006.905752	-00000003.405540	-00000000.053756
000000010.071635	-00000004.966781	-00000000.078400
000000014.408092	-00000007.183610	000000000.112398
000000022.945557	-00000011.440233	000000000.179000
000000023.585297	-00000011.759195	000000000.552042
000000006.553028	-00000003.302998	-00000000.153717
000000006.947207	-00000003.501681	-00000000.054314
000000009.768951	-00000004.923957	-00000000.076375
000000013.331851	-00000006.719806	-00000000.104230
000000007.047690	-00000003.590977	000000000.055222
000000017.632589	-00000008.984254	000000000.138159
000000021.775669	-00000011.095258	000000000.170622
000000022.305910	-00000011.365429	000000000.524398
000000006.559508	-00000003.378368	-00000000.154555
000000006.747476	-00000003.475178	-00000000.052988
000000009.450022	-00000004.867081	-00000000.074211
000000015.681970	-00000008.163517	000000000.123429
000000021.349831	-00000011.114018	000000000.168039
000000021.824549	-00000011.361141	000000000.515393
000000006.458993	-00000003.398241	-00000000.152880
000000008.520562	-00000004.482884	-00000000.201676
000000006.734592	-00000003.543240	-00000000.053127
000000008.911608	-00000004.688624	-00000000.070301
000000012.947054	-00000006.811774	-00000000.102136
000000017.932228	-00000009.534735	000000000.141789
000000021.146080	-00000011.243570	000000000.167201
000000021.539196	-00000011.452594	000000000.510995
000000006.112041	-00000003.284118	-00000000.145340
000000006.624137	-00000003.559277	-00000000.052499
000000009.557432	-00000005.135394	-00000000.075747
000000012.358596	-00000006.640513	-00000000.097947
000000021.222916	-00000011.523103	000000000.168597
000000021.209991	-00000011.516086	000000000.505550
000000005.960434	-00000003.270006	-00000000.142408
000000008.397201	-00000004.606862	-00000000.200628
000000006.882137	-00000003.775670	-00000000.054803
000000009.389515	-00000005.151264	-00000000.074769
000000011.774154	-00000006.459522	-00000000.093758
000000016.958462	-00000009.400229	000000000.135367
000000020.037048	-00000011.106718	000000000.159941
000000019.814535	-00000010.983377	000000000.474555
000000006.175917	-00000003.458680	-00000000.148272
000000008.234555	-00000004.611573	-00000000.197696
000000009.352929	-00000005.237892	-00000000.074839
000000012.328068	-00000006.904050	-00000000.098645
000000016.327475	-00000009.237641	000000000.130968
000000019.512899	-00000011.039867	000000000.156520
000000019.500393	-00000011.032792	000000000.469320
000000020.883955	-00000011.815574	000000000.502618
000000005.954538	-00000003.403299	-00000000.143665
000000006.103289	-00000003.488317	-00000000.049078
000000010.522313	-00000006.013998	-00000000.084613
000000012.137123	-00000006.936937	-00000000.097598
000000019.008795	-00000010.974733	000000000.153239
000000019.195572	-00000011.082569	000000000.464293
000000005.950521	-00000003.470241	-00000000.144293
000000006.184911	-00000003.606934	-00000000.049986
000000009.476045	-00000005.526266	-00000000.076584
000000012.983131	-00000007.571538	-00000000.104928
000000018.584888	-00000010.947335	000000000.150586
000000018.882769	-00000011.122801	000000000.459058
000000005.627878	-00000003.348235	-00000000.137173
000000006.196169	-00000003.686333	-00000000.050335
000000008.791512	-00000005.230401	-00000000.071418
000000015.994352	-00000009.610376	000000000.130270
000000018.711506	-00000011.243007	000000000.152401
000000018.793556	-00000011.292308	000000000.459267
000000005.649728	-00000003.428339	-00000000.138429
000000006.197960	-00000003.761014	-00000000.050614
000000008.155661	-00000004.948976	-00000000.066601
000000009.771405	-00000005.929434	-00000000.079796
000000013.880644	-00000008.506070	000000000.113655
000000017.717432	-00000010.857256	000000000.145071
000000018.020859	-00000011.043197	000000000.442723
000000005.424057	-00000003.356508	-00000000.133613
000000005.901301	-00000003.651836	-00000000.048450
000000009.319633	-00000005.767164	-00000000.076515
000000012.040694	-00000007.451007	-00000000.098855
000000017.520247	-00000010.947865	000000000.144233
000000017.584660	-00000010.988115	000000000.434346
000000005.411471	-00000003.414384	-00000000.134031
000000005.666238	-00000003.575130	-00000000.046774
000000007.120855	-00000004.492925	-00000000.058782
000000009.260494	-00000005.842937	-00000000.076445
000000017.036093	-00000010.853188	000000000.141021
000000017.361622	-00000011.060573	000000000.431204
000000005.398286	-00000003.472294	-00000000.134450
000000005.517081	-00000003.548706	-00000000.045797
000000007.081376	-00000004.554894	-00000000.058782
000000009.940839	-00000006.394162	-00000000.082518
000000016.647205	-00000010.810822	000000000.138578
000000016.685884	-00000010.835939	000000000.416754
000000005.309252	-00000003.480898	-00000000.132984
000000005.527717	-00000003.624130	-00000000.046146
000000008.596812	-00000005.636317	-00000000.071767
000000009.583606	-00000006.283288	-00000000.080005
000000016.218685	-00000010.734913	000000000.135786
000000016.323904	-00000010.804556	000000000.410053
000000005.037601	-00000003.366017	-00000000.126911
000000005.545767	-00000003.705563	-00000000.046565
000000010.218513	-00000006.827792	-00000000.085800
000000016.132677	-00000010.881628	000000000.135855
000000016.287016	-00000010.985730	000000000.411519
000000005.123732	-00000003.488625	-00000000.129843
000000005.546282	-00000003.776329	-00000000.046844
000000005.628644	-00000003.868460	000000000.047682
000000005.668745	-00000003.896020	000000000.144084
000000005.240958	-00000003.635782	-00000000.133613
000000005.554198	-00000003.853084	-00000000.047193
000000005.488185	-00000003.842868	000000000.046774
000000005.470736	-00000003.830650	000000000.139895
000000005.225360	-00000003.692919	-00000000.134031
000000005.332540	-00000003.768666	-00000000.045588
000000005.405595	-00000003.855774	000000000.046356
000000005.437099	-00000003.878245	000000000.139895
000000005.176706	-00000003.726696	-00000000.133613
000000005.340026	-00000003.844269	-00000000.045937
000000005.420281	-00000003.938065	000000000.046774
000000005.403048	-00000003.925544	000000000.139895
000000004.958547	-00000003.635757	-00000000.128796
000000005.378854	-00000003.943939	-00000000.046565
000000005.361595	-00000003.967371	000000000.046565
000000005.336439	-00000003.948757	000000000.139058
000000005.086846	-00000003.798528	-00000000.132984
000000005.312183	-00000003.966795	-00000000.046286
000000005.366700	-00000004.044098	000000000.046914
000000005.333715	-00000004.019243	000000000.139895
000000004.735173	-00000003.600709	-00000000.124607
000000005.293284	-00000004.025107	-00000000.046425
000000005.323271	-00000004.084690	000000000.046844
000000005.330165	-00000004.089980	000000000.140733
000000005.201596	-00000004.027506	-00000000.137801
000000005.384465	-00000004.169098	-00000000.047542
000000009.290376	-00000007.193378	-00000000.082030
000000005.429262	-00000004.241804	000000000.048101
000000013.915931	-00000010.872316	000000000.123289
000000005.380933	-00000004.204046	000000000.143037
000000013.968366	-00000010.913283	000000000.371309
000000004.577394	-00000003.608526	-00000000.122094
000000005.442113	-00000004.290216	-00000000.048380
000000014.897099	-00000011.743926	-00000000.132435
000000014.102256	-00000011.217441	000000000.125802
000000013.903897	-00000011.059659	000000000.372147
000000005.107123	-00000004.098900	-00000000.137173
000000005.622830	-00000004.512798	-00000000.050335
000000007.876642	-00000006.321673	-00000000.070511
000000011.409432	-00000009.157038	-00000000.102136
000000013.794004	-00000011.170165	000000000.123917
000000013.278512	-00000010.752727	000000000.357906
000000005.226004	-00000004.269825	-00000000.141361
000000005.451591	-00000004.454137	-00000000.049148
000000006.706077	-00000005.479095	-00000000.060458
000000008.618780	-00000007.041839	-00000000.077701
000000013.425941	-00000011.067492	000000000.121474
000000013.276746	-00000010.944505	000000000.360419
000000004.673533	-00000003.886936	-00000000.127330
000000005.366385	-00000004.463175	-00000000.048729
000000008.587754	-00000007.142360	-00000000.077981
000000011.601541	-00000009.648899	-00000000.105347
000000013.014778	-00000010.920695	000000000.118612
000000012.943312	-00000010.860728	000000000.353927
000000005.204104	-00000004.405599	-00000000.142827
000000008.479306	-00000007.178262	-00000000.077562
000000011.005544	-00000009.316881	-00000000.100670
000000012.715143	-00000010.764163	-00000000.116308
000000013.291572	-00000011.352075	000000000.122032
000000012.863247	-00000010.986251	000000000.354346
000000005.233626	-00000004.509581	-00000000.144712
000000008.113323	-00000006.990887	-00000000.074769
000000010.817764	-00000009.321182	-00000000.099692
000000012.954046	-00000011.161920	-00000000.119380
000000012.807109	-00000011.133050	000000000.118472
000000012.857431	-00000011.176795	000000000.356859
000000005.171524	-00000004.535305	-00000000.144084
000000005.518370	-00000004.839480	-00000000.051242
000000008.585801	-00000007.529546	-00000000.079726
000000010.976594	-00000009.626215	-00000000.101926
000000007.414481	-00000006.559778	000000000.069114
000000012.881725	-00000011.396788	000000000.120078
000000007.368108	-00000006.518752	000000000.206073
000000012.444915	-00000011.010330	000000000.348063
000000004.937817	-00000004.407170	-00000000.138639
000000007.779672	-00000006.943623	-00000000.218429
000000007.899015	-00000007.050140	-00000000.221780
000000007.199278	-00000006.425601	-00000000.067369
000000012.414092	-00000011.080001	-00000000.116168
000000007.475855	-00000006.731290	000000000.070231
000000012.313609	-00000011.087224	000000000.115679
000000007.541265	-00000006.790186	000000000.212566
000000012.794147	-00000011.519901	000000000.360628
000000005.483813	-00000004.981145	-00000000.155183
000000008.438281	-00000007.664794	-00000000.079586
000000012.820266	-00000011.645109	-00000000.120915
000000007.379966	-00000006.762493	000000000.069882
000000007.415384	-00000006.794947	000000000.210681
000000004.904199	-00000004.533394	-00000000.139895
000000005.683517	-00000005.253789	-00000000.054035
000000012.798929	-00000011.831209	-00000000.121683
000000014.061934	-00000012.998717	-00000000.133691
000000007.379179	-00000006.881196	000000000.070441
000000012.205997	-00000011.382276	000000000.116517
000000013.068973	-00000012.187015	000000000.124755
000000007.209566	-00000006.723029	000000000.206492
000000005.403327	-00000005.082943	-00000000.155393
000000007.203413	-00000006.776295	-00000000.069045
000000012.593227	-00000011.846526	-00000000.120706
000000007.355117	-00000006.979745	000000000.070790
000000007.020084	-00000006.661811	000000000.202723
000000003.444920	-00000003.297794	-00000000.099895
000000004.983218	-00000004.770394	-00000000.144503
000000006.948972	-00000006.652194	-00000000.067160
000000011.579212	-00000011.084684	-00000000.111910
000000006.977426	-00000006.738022	000000000.067718
000000006.947299	-00000006.708928	000000000.202304
000000004.318354	-00000004.206754	-00000000.126283
000000005.399732	-00000005.260186	-00000000.157906
000000007.184333	-00000006.998668	-00000000.070022
000000011.317295	-00000011.024820	-00000000.110304
000000006.875567	-00000006.756601	000000000.067299
000000006.745870	-00000006.629148	000000000.198115
000000005.325222	-00000005.278953	-00000000.157068
000000006.682682	-00000006.624617	-00000000.065694
000000011.362689	-00000011.263961	-00000000.111700
000000006.759777	-00000006.759777	000000000.066741
000000011.172015	-00000011.172015	000000000.110304
000000006.708972	-00000006.708972	000000000.198744
000000005.243759	-00000005.289721	-00000000.156021
000000006.954140	-00000007.015093	-00000000.206911
000000006.878057	-00000006.938343	-00000000.068207
000000012.172118	-00000012.278807	-00000000.120706
000000006.777627	-00000006.896964	000000000.067509
000000007.035585	-00000007.159464	000000000.210262
000000005.434596	-00000005.578768	-00000000.163141
000000005.372856	-00000005.515390	-00000000.053756
000000006.782358	-00000006.962286	-00000000.067858
000000006.640772	-00000006.876721	000000000.066741
000000006.653368	-00000006.889764	000000000.200628
000000005.330396	-00000005.568205	-00000000.161466
000000006.650897	-00000006.947617	-00000000.201466
000000006.873472	-00000007.180122	-00000000.069394
000000006.725060	-00000007.086735	000000000.068207
000000006.592990	-00000006.947562	000000000.200628
000000004.206101	-00000004.471217	-00000000.128586
000000005.377507	-00000005.716458	-00000000.164398
000000006.918831	-00000007.354934	-00000000.211518
000000006.714630	-00000007.137862	-00000000.068416
000000006.574304	-00000007.050078	000000000.067299
000000006.641207	-00000007.121823	000000000.203979
000000005.503867	-00000005.954049	-00000000.169843
000000006.745800	-00000007.297565	-00000000.208168
000000006.638509	-00000007.181499	-00000000.068277
000000006.478752	-00000007.070317	000000000.066950
000000006.450471	-00000007.039454	000000000.200000
000000005.774364	-00000006.357080	-00000000.179895
000000006.669716	-00000007.342785	-00000000.069254
000000006.543938	-00000007.267779	000000000.068277
000000006.469074	-00000007.184635	000000000.202513
000000006.658654	-00000007.460392	-00000000.069813
000000006.645917	-00000007.511843	000000000.070022
000000006.551875	-00000007.405548	000000000.207121
000000004.627593	-00000005.276758	-00000000.147016
000000006.183308	-00000007.050711	-00000000.196440
000000004.496629	-00000005.127423	-00000000.047612
000000006.514178	-00000007.427996	-00000000.068975
000000006.521068	-00000007.501630	000000000.069394
000000006.585388	-00000007.575623	000000000.210262
000000005.123040	-00000005.945581	-00000000.164398
000000006.422999	-00000007.454258	-00000000.068696
000000006.494322	-00000007.603874	000000000.069813
000000006.460591	-00000007.564380	000000000.208377
000000005.381032	-00000006.356332	-00000000.174450
000000006.402933	-00000007.563449	-00000000.069184
000000009.859612	-00000011.646644	-00000000.106534
000000006.427720	-00000007.660258	000000000.069813
000000009.802272	-00000011.681893	000000000.106464
000000006.413613	-00000007.643446	000000000.209005
000000009.687235	-00000011.751555	000000000.106325
000000006.359387	-00000007.714553	000000000.209424
000000009.596902	-00000011.851187	000000000.106464
000000006.430244	-00000007.940690	000000000.214032
000000009.664241	-00000011.934343	000000000.321676
000000009.405967	-00000011.824921	000000000.105487
000000009.273434	-00000011.658304	000000000.312042
000000009.554833	-00000012.229630	000000000.108349
000000009.312915	-00000011.919988	000000000.316859
000000009.173811	-00000011.955544	000000000.105208
000000009.336352	-00000012.167371	000000000.321257
000000009.291798	-00000012.330631	000000000.107791
000000009.211767	-00000012.224428	000000000.320628
000000009.052982	-00000012.234404	000000000.106255
000000009.027430	-00000012.199871	000000000.317906
000000009.010529	-00000012.401928	000000000.107023
000000009.143933	-00000012.585544	000000000.325864
000000007.908981	-00000011.087983	000000000.095085
000000008.913573	-00000012.496369	000000000.107162
000000009.109231	-00000012.770671	000000000.328587
000000007.731622	-00000011.041900	000000000.094107
000000008.809919	-00000012.581868	000000000.107232
000000007.862008	-00000011.228111	000000000.287121
000000007.623642	-00000011.092468	000000000.093968
000000007.701436	-00000011.205658	000000000.284817
000000007.414717	-00000010.992770	000000000.092572
000000007.457997	-00000011.056936	000000000.279372
000000007.417852	-00000011.207152	000000000.093828
000000007.399852	-00000011.179956	000000000.280838
000000007.352448	-00000011.321776	000000000.094247
000000007.269337	-00000011.193797	000000000.279581
000000007.097555	-00000011.140929	000000000.092222
000000007.257326	-00000011.391720	000000000.282932
000000007.275614	-00000011.643416	000000000.095853
000000007.094063	-00000011.352874	000000000.280419
000000006.614671	-00000010.794161	000000000.088383
000000006.932035	-00000011.312054	000000000.277906
000000006.679881	-00000011.117189	000000000.090547
000000006.668280	-00000011.097882	000000000.271204
000000006.668892	-00000011.321531	000000000.091734
000000006.586403	-00000011.181494	000000000.271833
000000006.574840	-00000011.387957	000000000.091804
000000006.518570	-00000011.290495	000000000.273089
