000000004.027701	000000004.512657	-00000000.126702
000000004.614448	000000005.170052	-00000000.048380
000000003.986261	000000004.388531	-00000000.124189
000000004.921605	000000005.418265	-00000000.051103
000000004.268720	000000004.617876	-00000000.131728
000000005.009428	000000005.419168	-00000000.051522
000000004.445862	000000004.726091	-00000000.135916
000000005.214116	000000005.542768	-00000000.053127
000000004.348663	000000004.542673	-00000000.131728
000000005.089412	000000005.316469	-00000000.051382
000000004.534643	000000004.654942	-00000000.136126
000000005.121657	000000005.257528	-00000000.051242
000000004.539899	000000004.579691	-00000000.135079
000000005.068782	000000005.113210	-00000000.050265
000000004.593892	000000004.553976	-00000000.135497
000000005.255244	000000005.209582	-00000000.051661
000000004.626296	000000004.506738	-00000000.135288
000000005.150085	000000005.016991	-00000000.050195
000000004.651004	000000004.452367	-00000000.134869
000000005.172000	000000004.951113	-00000000.049986
000000004.711526	000000004.432161	-00000000.135497
000000005.091189	000000004.789312	-00000000.048799
000000004.647242	000000004.295866	-00000000.132566
000000005.029986	000000004.649672	-00000000.047822
000000006.307677	000000005.830756	-00000000.059969
000000004.714155	000000004.282037	-00000000.133403
000000005.085175	000000004.619047	-00000000.047961
000000004.728967	000000004.220764	-00000000.132775
000000005.140210	000000004.587813	-00000000.048101
000000006.408477	000000005.719784	-00000000.059969
000000004.818236	000000004.225480	-00000000.134241
000000005.165013	000000004.529595	-00000000.047961
000000004.824631	000000004.157167	-00000000.133403
000000005.317976	000000004.582262	-00000000.049008
000000004.937031	000000004.179505	-00000000.135497
000000005.243279	000000004.438764	-00000000.047961
000000004.934882	000000004.104298	-00000000.134450
000000005.381762	000000004.475964	-00000000.048869
000000005.063417	000000004.136985	-00000000.136963
000000005.319948	000000004.346580	-00000000.047961
000000005.044746	000000004.048837	-00000000.135497
000000005.583837	000000004.481503	-00000000.049986
000000005.166252	000000004.072745	-00000000.137801
000000005.646291	000000004.451177	-00000000.050195
000000005.209502	000000004.033627	-00000000.138011
000000005.819334	000000004.505809	-00000000.051382
000000005.332044	000000004.054580	-00000000.140314
000000005.850472	000000004.448802	-00000000.051312
000000005.375234	000000004.013877	-00000000.140524
000000006.057331	000000004.523224	-00000000.052778
000000005.530997	000000004.055495	-00000000.143665
000000006.088509	000000004.464279	-00000000.052709
000000005.566176	000000004.007074	-00000000.143665
000000006.557358	000000004.720622	-00000000.056409
000000005.731566	000000004.050671	-00000000.147016
000000006.402314	000000004.524708	-00000000.054733
000000005.889916	000000004.085980	-00000000.150157
000000006.819504	000000004.730858	-00000000.057944
000000005.999726	000000004.085068	-00000000.152042
000000007.009310	000000004.772469	-00000000.059201
000000006.085023	000000004.065882	-00000000.153299
000000006.901030	000000004.611121	-00000000.057944
000000006.270771	000000004.111297	-00000000.157068
000000007.526392	000000004.934519	-00000000.062831
000000009.283856	000000006.029007	000000000.077283
000000006.348452	000000004.083462	-00000000.158115
000000007.384142	000000004.749640	-00000000.061295
000000006.443033	000000004.065251	-00000000.159581
000000007.476052	000000004.717038	-00000000.061714
000000009.048452	000000005.654101	000000000.074490
000000011.785283	000000007.364262	000000000.291100
000000006.673801	000000004.129873	-00000000.164398
000000007.704004	000000004.767382	-00000000.063250
000000009.105975	000000005.580149	000000000.074560
000000011.934344	000000007.313375	000000000.293194
000000006.598472	000000004.004051	-00000000.161675
000000007.728215	000000004.689596	-00000000.063111
000000009.171467	000000005.510773	000000000.074699
000000012.117688	000000007.281041	000000000.296126
000000006.942481	000000004.130342	-00000000.169215
000000007.717281	000000004.591300	-00000000.062692
000000008.960725	000000005.278270	000000000.072605
000000012.361667	000000007.281579	000000000.300524
000000007.012806	000000004.089747	-00000000.170052
000000007.912540	000000004.614457	-00000000.063948
000000009.283566	000000005.359869	000000000.074839
000000012.251572	000000007.073448	000000000.296335
000000007.152389	000000004.087927	-00000000.172566
000000008.074053	000000004.614701	-00000000.064926
000000008.920929	000000005.047218	000000000.071558
000000012.765318	000000007.222270	000000000.307225
000000007.257575	000000004.064437	-00000000.174241
000000008.079116	000000004.524523	-00000000.064646
000000009.087077	000000005.037049	000000000.072535
000000011.743567	000000006.509565	000000000.281257
000000013.046464	000000007.231773	000000000.312461
000000007.441778	000000004.082699	-00000000.177801
000000008.284865	000000004.545233	-00000000.065973
000000008.902201	000000004.833500	000000000.070720
000000013.126648	000000007.127188	000000000.312880
000000007.221720	000000003.880370	-00000000.171728
000000008.244936	000000004.430164	-00000000.065345
000000009.005846	000000004.788493	000000000.071209
000000011.831209	000000006.290765	000000000.093549
000000013.435515	000000007.143790	000000000.318744
000000007.600377	000000003.998752	-00000000.179895
000000008.274433	000000004.353390	-00000000.065275
000000008.931981	000000004.649695	000000000.070301
000000013.080541	000000006.809299	000000000.308901
000000007.608318	000000003.918541	-00000000.179267
000000008.365447	000000004.308488	-00000000.065694
000000009.079135	000000004.626050	000000000.071139
000000012.578253	000000006.408940	000000000.295707
000000007.767213	000000003.914998	-00000000.182199
000000008.465234	000000004.266829	-00000000.066182
000000009.128108	000000004.551107	000000000.071209
000000009.296329	000000004.634979	000000000.217592
000000007.783148	000000003.838224	-00000000.181780
000000008.502146	000000004.192794	-00000000.066182
000000009.194439	000000004.484427	000000000.071418
000000009.282506	000000004.527381	000000000.216335
000000007.942416	000000003.830967	-00000000.184712
000000008.547418	000000004.122785	-00000000.066252
000000009.161017	000000004.369581	000000000.070860
000000009.303614	000000004.437596	000000000.215916
000000007.993630	000000003.770041	-00000000.185131
000000008.628292	000000004.069366	-00000000.066601
000000009.189737	000000004.285245	000000000.070790
000000009.314800	000000004.343563	000000000.215288
000000008.071623	000000003.721069	-00000000.186178
000000008.690718	000000004.006476	-00000000.066811
000000009.235882	000000004.209033	000000000.070860
000000009.379643	000000004.274550	000000000.215916
000000008.204059	000000003.695659	-00000000.188482
000000008.770937	000000003.951019	-00000000.067160
000000009.308801	000000004.144545	000000000.071139
000000012.487863	000000005.559955	000000000.095434
000000015.362464	000000006.839810	000000000.352251
000000008.318357	000000003.660165	-00000000.190367
000000008.905764	000000003.918630	-00000000.067928
000000009.372126	000000004.075116	000000000.071348
000000012.985254	000000005.646149	000000000.098855
000000015.650782	000000006.805154	000000000.357487
000000008.506141	000000003.654526	-00000000.193927
000000009.003935	000000003.868396	-00000000.068416
000000009.959620	000000004.227608	000000000.075537
000000012.113548	000000005.141896	000000000.091873
000000013.770417	000000005.845195	000000000.104440
000000015.231013	000000006.465182	000000000.346597
000000008.583809	000000003.599490	-00000000.194974
000000009.231007	000000003.870883	-00000000.069882
000000009.885270	000000004.094613	000000000.074699
000000010.003421	000000004.143553	000000000.226806
000000016.275188	000000006.741404	000000000.369005
000000008.809214	000000003.603945	-00000000.199372
000000009.319965	000000003.812899	-00000000.070301
000000010.078243	000000004.071875	000000000.075886
000000013.295492	000000005.371727	000000000.100111
000000014.862395	000000006.004797	000000000.111910
000000015.035624	000000006.074786	000000000.339686
000000016.806156	000000006.790128	000000000.379686
000000008.998190	000000003.589914	-00000000.202932
000000009.770839	000000003.898170	-00000000.073443
000000013.258127	000000005.222515	000000000.099483
000000017.190346	000000006.771457	000000000.387016
000000008.870770	000000003.449654	-00000000.199372
000000010.065440	000000003.914236	-00000000.075398
000000013.620606	000000005.228461	000000000.101857
000000017.323452	000000006.649850	000000000.388691
000000009.227760	000000003.496086	-00000000.206702
000000010.220779	000000003.872307	-00000000.076305
000000013.487750	000000005.042863	000000000.100530
000000014.864625	000000005.557656	000000000.110793
000000018.008255	000000006.733011	000000000.402723
000000008.948382	000000003.301233	-00000000.199791
000000010.432433	000000003.848728	-00000000.077632
000000012.779509	000000004.651361	000000000.094945
000000014.170219	000000005.157538	000000000.105277
000000018.244829	000000006.640574	000000000.406702
000000009.296780	000000003.337885	-00000000.206911
000000010.682088	000000003.835261	-00000000.079237
000000014.940504	000000005.290710	000000000.110653
000000017.378498	000000006.154049	000000000.386178
000000018.876968	000000006.684685	000000000.419477
000000009.117900	000000003.184113	-00000000.202304
000000010.800115	000000003.771569	-00000000.079866
000000013.492222	000000004.645744	000000000.099623
000000015.477762	000000005.329421	000000000.114283
000000019.199270	000000006.610839	000000000.425341
000000009.476692	000000003.216903	-00000000.209634
000000011.287132	000000003.831465	-00000000.083217
000000013.276208	000000004.442157	000000000.097738
000000016.102142	000000005.387702	000000000.118542
000000019.654438	000000006.576283	000000000.434136
000000009.172081	000000003.024499	-00000000.202304
000000011.130203	000000003.670190	-00000000.081820
000000013.419080	000000004.360124	000000000.098506
000000015.739601	000000005.114106	000000000.115540
000000020.167484	000000006.552813	000000000.444189
000000009.550434	000000003.057118	-00000000.210052
000000011.809420	000000003.780225	-00000000.086568
000000011.568305	000000003.647472	000000000.084683
000000013.513840	000000004.260897	000000000.098924
000000013.530275	000000004.266079	000000000.297173
000000009.118441	000000002.831351	-00000000.200000
000000011.841958	000000003.677026	-00000000.086568
000000011.829202	000000003.616550	000000000.086358
000000015.635202	000000004.780161	000000000.114144
000000021.072334	000000006.442460	000000000.461571
000000009.516171	000000002.864043	-00000000.208168
000000012.352369	000000003.717641	-00000000.090058
000000015.983135	000000004.734420	000000000.116378
000000021.587885	000000006.394623	000000000.471623
000000009.156867	000000002.668983	-00000000.199791
000000012.825953	000000003.738425	-00000000.093270
000000014.746006	000000004.298069	-00000000.107232
000000015.610509	000000004.476242	000000000.113376
000000020.047522	000000005.748534	000000000.436859
000000022.104170	000000006.338269	000000000.481676
000000009.574329	000000002.700240	-00000000.208377
000000012.973580	000000003.658928	-00000000.094107
000000016.564404	000000004.593716	000000000.120008
000000018.208620	000000005.049697	000000000.395812
000000022.698154	000000006.294755	000000000.493403
000000009.202052	000000002.508767	-00000000.199791
000000013.197969	000000003.598179	-00000000.095504
000000016.439657	000000004.404993	000000000.118821
000000018.416166	000000004.934597	000000000.399372
000000023.235079	000000006.225821	000000000.503875
000000009.687675	000000002.550552	-00000000.209843
000000013.615675	000000003.584708	-00000000.098296
000000016.884085	000000004.366521	000000000.121753
000000019.397425	000000005.016515	000000000.419686
000000023.849926	000000006.168010	000000000.516021
000000009.244435	000000002.347787	-00000000.199791
000000014.111658	000000003.583905	-00000000.101647
000000017.086493	000000004.260141	000000000.122940
000000017.898031	000000004.462480	000000000.386388
000000024.523697	000000006.114444	000000000.529424
000000009.721002	000000002.378714	-00000000.209634
000000014.530923	000000003.555694	-00000000.104440
000000017.152187	000000004.117876	000000000.123149
000000017.683531	000000004.245440	000000000.380943
000000009.293734	000000002.188384	-00000000.200000
000000014.405663	000000003.392083	-00000000.103323
000000017.392082	000000004.015278	000000000.124615
000000017.817322	000000004.113452	000000000.383037
000000009.839046	000000002.226349	-00000000.211309
000000015.292995	000000003.460452	-00000000.109466
000000017.455746	000000003.869846	000000000.124825
000000017.833017	000000003.953485	000000000.382618
000000009.320740	000000002.023731	-00000000.199791
000000014.384492	000000003.123179	-00000000.102764
000000017.713821	000000003.765189	000000000.126431
000000027.431023	000000005.830644	000000000.587435
000000009.944921	000000002.068546	-00000000.212775
000000016.741270	000000003.482189	-00000000.119380
000000017.824396	000000003.626415	000000000.126989
000000024.732697	000000005.031924	000000000.176207
000000027.804163	000000005.656821	000000000.594346
000000009.354639	000000001.860754	-00000000.199791
000000014.240656	000000002.832643	-00000000.101368
000000018.601383	000000003.615742	000000000.132295
000000022.213680	000000004.317902	000000000.157986
000000025.266468	000000004.911304	000000000.179698
000000029.177376	000000005.671507	000000000.622618
000000009.861639	000000001.872291	-00000000.210262
000000017.624731	000000003.346160	-00000000.125244
000000019.025518	000000003.526171	000000000.135087
000000021.174667	000000003.924493	000000000.451100
000000027.475948	000000005.092366	000000000.585341
000000009.385690	000000001.697209	-00000000.199791
000000014.327284	000000002.590795	-00000000.101647
000000018.332232	000000003.315007	-00000000.130061
000000019.232828	000000003.391266	000000000.136344
000000021.783417	000000003.841004	000000000.154425
000000027.460264	000000004.841985	000000000.584084
000000009.932226	000000001.706669	-00000000.211100
000000019.454403	000000003.342878	-00000000.137810
000000020.681904	000000003.460964	000000000.146397
000000026.421947	000000004.421518	000000000.187028
000000027.432447	000000004.590617	000000000.582618
000000032.145859	000000005.379372	000000000.682723
000000009.413880	000000001.533148	-00000000.199791
000000014.409796	000000002.346784	-00000000.101926
000000018.466251	000000003.007420	-00000000.130619
000000020.420458	000000003.325683	-00000000.144442
000000022.271828	000000003.527511	000000000.157427
000000026.094090	000000004.132898	000000000.184445
000000009.733226	000000001.498087	-00000000.206283
000000022.628130	000000003.381797	000000000.159731
000000026.228062	000000003.919810	000000000.185143
000000027.360067	000000004.088989	000000000.579477
000000009.320472	000000001.351404	-00000000.197278
000000014.408974	000000002.089202	-00000000.101647
000000023.241024	000000003.266313	000000000.163850
000000026.092928	000000003.667122	000000000.183956
000000027.305603	000000003.837552	000000000.577592
000000009.926299	000000001.350910	-00000000.209843
000000025.588568	000000003.368799	000000000.180186
000000009.362473	000000001.191057	-00000000.197696
000000014.344042	000000001.824793	-00000000.100949
000000026.599588	000000003.266019	000000000.187098
000000030.236248	000000003.712544	000000000.638116
000000009.928507	000000001.175116	-00000000.209424
000000027.789526	000000003.166217	000000000.195266
000000029.756752	000000003.390354	000000000.209089
000000009.302326	000000001.018770	-00000000.196021
000000014.234540	000000001.558936	-00000000.099972
000000029.775261	000000003.129506	000000000.209019
000000034.658241	000000003.642728	000000000.243297
000000034.910007	000000003.669189	000000000.735288
000000032.001209	000000003.081366	000000000.224448
000000034.400055	000000003.312349	000000000.241272
000000039.259769	000000003.780286	000000000.826178
000000043.817680	000000004.219163	000000000.922095
000000009.179308	000000000.843460	-00000000.193089
000000014.189875	000000001.303866	-00000000.099483
000000034.836082	000000003.047762	000000000.244135
000000043.295086	000000003.787829	000000000.910367
000000009.564931	000000000.794784	-00000000.201047
000000038.470104	000000003.027663	000000000.269407
000000009.232512	000000000.686094	-00000000.193927
000000014.220441	000000001.056761	-00000000.099553
000000009.288030	000000000.608770	-00000000.194974
000000048.218719	000000002.949183	000000000.337265
000000009.163226	000000000.520326	-00000000.192251
000000014.246702	000000000.808986	-00000000.099623
000000063.581192	000000003.332149	000000000.444497
000000063.588764	000000003.332546	000000001.333823
000000009.626787	000000000.462408	-00000000.201885
000000071.779861	000000003.133976	000000000.501604
000000071.735909	000000003.132057	000000001.504085
000000009.130951	000000000.358756	-00000000.191414
000000014.098778	000000000.553943	-00000000.098506
000000079.733902	000000002.784369	000000001.671205
000000009.663370	000000000.295243	-00000000.202513
000000009.195793	000000000.200653	-00000000.192670
000000014.006325	000000000.305619	-00000000.097807
000000009.607069	000000000.125763	-00000000.201257
000000009.197894	000000000.040134	-00000000.192670
000000014.169519	000000000.061827	-00000000.098924
000000009.697780	-00000000.042315	-00000000.203141
000000009.197194	-00000000.120398	-00000000.192670
000000014.128446	-00000000.184951	-00000000.098645
000000291.478485	-00000005.087776	000000002.035247
000000009.795519	-00000000.213739	-00000000.205236
000000009.313610	-00000000.284557	-00000000.195183
000000014.043105	-00000000.429056	-00000000.098087
000000009.380703	-00000000.368569	-00000000.196649
000000009.367144	-00000000.449936	-00000000.196440
000000014.343113	-00000000.688949	-00000000.100251
000000009.472659	-00000000.537897	-00000000.198744
000000009.437675	-00000000.618578	-00000000.198115
000000014.518494	-00000000.951592	-00000000.101577
000000077.778175	-00000005.438780	000000000.544329
000000077.892662	-00000005.446785	000000001.635603
000000079.797600	-00000005.579991	000000001.675603
000000009.461828	-00000000.703135	-00000000.198744
000000052.625984	-00000004.141755	000000000.368541
000000052.695457	-00000004.147223	000000001.107226
000000009.385589	-00000000.779882	-00000000.197278
000000056.801640	-00000004.969500	000000000.398071
000000056.949921	-00000004.982472	000000001.197488
000000009.428205	-00000000.866330	-00000000.198325
000000009.557631	-00000000.878223	-00000000.201047
000000010.403879	-00000000.955982	-00000000.218848
000000056.606800	-00000005.450615	000000000.397024
000000054.018253	-00000005.201366	000000001.136755
000000056.745045	-00000005.463926	000000001.194137
000000009.410338	-00000000.947571	-00000000.198115
000000038.815243	-00000004.079647	000000000.272479
000000043.222385	-00000004.542856	000000000.910367
000000009.580602	-00000001.049247	-00000000.201885
000000034.734425	-00000003.957488	000000000.244065
000000037.466682	-00000004.268789	000000000.263263
000000043.081760	-00000004.908546	000000000.908273
000000009.471795	-00000001.121061	-00000000.199791
000000014.985038	-00000001.773596	-00000000.105347
000000031.641600	-00000003.885100	000000000.222563
000000036.398609	-00000004.469187	000000000.768168
000000043.196056	-00000005.303809	000000000.911624
000000009.828613	-00000001.250358	-00000000.207539
000000028.959398	-00000003.812577	000000000.203923
000000030.615070	-00000004.030550	000000000.215581
000000036.048058	-00000004.745817	000000000.253839
000000035.872520	-00000004.722707	000000000.757906
000000009.341817	-00000001.271365	-00000000.197487
000000015.169787	-00000002.064517	-00000000.106883
000000028.023903	-00000003.938503	000000000.197570
000000035.609173	-00000005.004543	000000000.251046
000000035.641830	-00000005.009133	000000000.753927
000000010.191174	-00000001.477650	-00000000.215707
000000026.198391	-00000003.915376	000000000.184934
000000027.770889	-00000004.150387	000000000.196034
000000029.818102	-00000004.456345	000000000.210485
000000028.388416	-00000004.242677	000000000.601257
000000009.515834	-00000001.464627	-00000000.201676
000000015.210513	-00000002.341122	-00000000.107442
000000025.511368	-00000004.040604	000000000.180326
000000028.247198	-00000004.473917	000000000.199664
000000029.659559	-00000004.697613	000000000.209647
000000027.915827	-00000004.421432	000000000.592042
000000010.232907	-00000001.666535	-00000000.217173
000000022.621405	-00000003.684130	-00000000.160010
000000028.078867	-00000004.698791	000000000.198756
000000027.708548	-00000004.636821	000000000.588482
000000009.528237	-00000001.637251	-00000000.202513
000000015.029364	-00000002.582517	-00000000.106464
000000021.228361	-00000003.647700	-00000000.150376
000000021.497829	-00000003.790647	000000000.152401
000000027.859533	-00000004.912387	000000000.197500
000000027.598108	-00000004.866291	000000000.587016
000000010.103882	-00000001.827080	-00000000.215079
000000018.174788	-00000003.286537	-00000000.128944
000000018.460154	-00000003.338140	-00000000.130968
000000020.142822	-00000003.642416	-00000000.142906
000000021.857224	-00000004.050997	000000000.155193
000000023.253412	-00000004.309765	000000000.165107
000000028.120405	-00000005.211809	000000000.199664
000000023.101423	-00000004.281596	000000000.492147
000000009.616080	-00000001.825670	-00000000.205026
000000015.011476	-00000002.850018	-00000000.106674
000000017.388948	-00000003.301395	-00000000.123568
000000019.167141	-00000003.638995	-00000000.136204
000000022.763380	-00000004.424753	000000000.161895
000000027.975693	-00000005.437924	000000000.198966
000000022.866896	-00000004.444874	000000000.487958
000000010.050844	-00000001.999237	-00000000.214660
000000017.663513	-00000003.513491	-00000000.125732
000000022.812092	-00000004.641172	000000000.162524
000000022.719471	-00000004.622329	000000000.485655
000000009.592542	-00000001.995252	-00000000.205236
000000014.881128	-00000003.095279	-00000000.106115
000000022.702251	-00000004.825512	000000000.162035
000000022.512020	-00000004.785078	000000000.482095
000000010.200055	-00000002.214649	-00000000.218639
000000016.202097	-00000003.517820	-00000000.115749
000000022.600702	-00000005.010455	000000000.161616
000000022.488928	-00000004.985675	000000000.482513
000000009.585512	-00000002.168980	-00000000.205864
000000014.785830	-00000003.345691	-00000000.105836
000000022.702269	-00000005.241231	000000000.162663
000000022.532236	-00000005.201977	000000000.484398
000000010.179314	-00000002.396910	-00000000.219058
000000014.921540	-00000003.513556	-00000000.107023
000000018.396791	-00000004.416679	000000000.132085
000000018.461254	-00000004.432155	000000000.397697
000000009.623889	-00000002.354951	-00000000.207539
000000014.375512	-00000003.517666	-00000000.103323
000000018.726250	-00000004.668979	000000000.134738
000000022.859610	-00000005.699541	000000000.164478
000000022.777546	-00000005.679080	000000000.491728
000000010.145622	-00000002.576660	-00000000.219267
000000013.898433	-00000003.529752	-00000000.100111
000000022.963902	-00000005.938869	000000000.165595
000000043.904423	-00000011.354456	000000000.316600
000000016.038689	-00000004.147887	000000000.347016
000000022.804556	-00000005.897659	000000000.493403
000000009.571654	-00000002.520006	-00000000.207330
000000013.538313	-00000003.564340	-00000000.097738
000000022.775976	-00000006.102804	000000000.164618
000000044.769569	-00000011.995970	000000000.323581
000000015.963253	-00000004.277341	000000000.346178
000000009.954421	-00000002.713887	-00000000.216126
000000013.197969	-00000003.598179	-00000000.095504
000000015.986239	-00000004.433377	000000000.115819
000000021.806425	-00000006.047457	000000000.157986
000000015.771172	-00000004.373733	000000000.342827
000000009.535839	-00000002.689385	-00000000.207539
000000012.444243	-00000003.509640	-00000000.090268
000000015.081306	-00000004.253368	-00000000.109396
000000015.620122	-00000004.478998	000000000.113445
000000015.367204	-00000004.406475	000000000.334869
000000009.982328	-00000002.909583	-00000000.217801
000000012.288339	-00000003.581724	-00000000.089360
000000015.178019	-00000004.423989	-00000000.110374
000000015.628380	-00000004.629337	000000000.113795
000000015.395267	-00000004.560286	000000000.336335
000000009.449157	-00000002.843873	-00000000.206702
000000011.902322	-00000003.582192	-00000000.086777
000000014.123834	-00000004.250792	-00000000.102974
000000015.434382	-00000004.718764	000000000.112678
000000015.221033	-00000004.653537	000000000.333403
000000009.825000	-00000003.050744	-00000000.215497
000000011.412210	-00000003.543585	-00000000.083426
000000013.322204	-00000004.136654	-00000000.097389
000000014.783348	-00000004.590352	-00000000.108070
000000015.344932	-00000004.838238	000000000.112328
000000021.419960	-00000006.753687	000000000.156799
000000015.208449	-00000004.795206	000000000.334032
000000009.436172	-00000003.020543	-00000000.207539
000000011.247520	-00000003.600360	-00000000.082449
000000013.628452	-00000004.362502	-00000000.099902
000000015.482823	-00000005.030674	000000000.113655
000000020.580360	-00000006.686965	000000000.151074
000000021.940338	-00000007.128848	000000000.161058
000000015.270617	-00000004.961724	000000000.336335
000000009.675311	-00000003.190439	-00000000.213403
000000010.883286	-00000003.588770	-00000000.080005
000000014.397088	-00000004.747447	-00000000.105836
000000015.144360	-00000005.067232	000000000.111491
000000021.090204	-00000007.056684	000000000.155263
000000015.198295	-00000005.085279	000000000.335707
000000009.382019	-00000003.184767	-00000000.207539
000000011.211380	-00000003.805751	-00000000.082658
000000015.387239	-00000005.223264	-00000000.113445
000000017.924952	-00000006.084701	-00000000.132155
000000015.175202	-00000005.225241	000000000.112049
000000021.075096	-00000007.256738	000000000.155612
000000015.153339	-00000005.217713	000000000.335707
000000009.674790	-00000003.378588	-00000000.214660
000000011.527046	-00000004.025424	-00000000.085241
000000015.341073	-00000005.357342	-00000000.113445
000000015.600336	-00000005.524369	000000000.115540
000000021.114655	-00000007.477091	000000000.156380
000000015.163775	-00000005.369774	000000000.336964
000000009.419106	-00000003.381804	-00000000.209634
000000011.491479	-00000004.125863	-00000000.085241
000000015.453733	-00000005.548457	-00000000.114632
000000018.023081	-00000006.470947	-00000000.133691
000000015.523344	-00000005.650035	000000000.115330
000000021.349295	-00000007.770508	000000000.158614
000000015.661241	-00000005.700225	000000000.349110
000000009.436135	-00000003.481174	-00000000.210681
000000011.642671	-00000004.295208	-00000000.086637
000000014.372741	-00000005.302384	-00000000.106953
000000015.864429	-00000005.852697	-00000000.118053
000000021.280672	-00000007.956518	000000000.158614
000000031.209156	-00000011.668626	000000000.232616
000000031.184343	-00000011.659348	000000000.697383
000000009.237110	-00000003.499628	-00000000.206911
000000011.237861	-00000004.257645	-00000000.251728
000000009.463338	-00000003.585338	-00000000.070650
000000013.456268	-00000005.098124	-00000000.100460
000000015.962369	-00000006.047601	-00000000.119170
000000021.247772	-00000008.156256	000000000.158893
000000031.694284	-00000012.166296	000000000.237014
000000008.842814	-00000003.438782	-00000000.198744
000000011.426138	-00000004.443382	-00000000.085590
000000014.203454	-00000005.523421	-00000000.106394
000000018.183031	-00000007.070994	-00000000.136204
000000020.943190	-00000008.249742	000000000.157148
000000031.028667	-00000012.222518	000000000.232825
000000008.626748	-00000003.441724	-00000000.194555
000000009.315733	-00000003.716600	-00000000.070022
000000011.544822	-00000004.605917	-00000000.086777
000000014.191864	-00000005.661980	-00000000.106674
000000028.640011	-00000011.571316	000000000.215651
000000030.614864	-00000012.369208	000000000.230521
000000008.494598	-00000003.475232	-00000000.192251
000000012.901720	-00000005.278233	-00000000.097319
000000016.168798	-00000006.614830	-00000000.121963
000000028.390125	-00000011.759575	000000000.214534
000000032.337929	-00000013.394808	000000000.733194
000000008.224229	-00000003.448705	-00000000.186806
000000010.143964	-00000004.253717	-00000000.076794
000000013.943338	-00000005.846927	-00000000.105557
000000027.724932	-00000011.768535	000000000.210276
000000028.474174	-00000012.086570	000000000.647958
000000008.147891	-00000003.500610	-00000000.185759
000000009.371442	-00000004.026289	-00000000.071209
000000010.878223	-00000004.673654	-00000000.082658
000000014.204166	-00000006.102592	-00000000.107930
000000025.016790	-00000010.877610	000000000.190449
000000026.887547	-00000011.691038	000000000.204691
000000023.609118	-00000010.265536	000000000.539267
000000028.074223	-00000012.207019	000000000.641257
000000007.833348	-00000003.446756	-00000000.179267
000000008.850846	-00000003.894466	-00000000.067509
000000008.733282	-00000003.888308	000000000.066741
000000008.786380	-00000003.911948	000000000.201466
000000026.916279	-00000011.983900	000000000.617173
000000007.748278	-00000003.490345	-00000000.178011
000000008.251245	-00000003.716915	-00000000.063180
000000008.708117	-00000003.968518	000000000.066811
000000024.408907	-00000011.123779	000000000.561885
000000026.874361	-00000012.247353	000000000.618639
000000007.481458	-00000003.449000	-00000000.172566
000000008.327470	-00000003.839016	-00000000.064018
000000008.754720	-00000004.082393	000000000.067439
000000008.798319	-00000004.102723	000000000.203351
000000024.782082	-00000011.556075	000000000.572775
000000007.487246	-00000003.531214	-00000000.173403
000000008.736824	-00000004.120553	-00000000.067439
000000010.581867	-00000004.990733	-00000000.081681
000000015.556250	-00000007.336804	-00000000.120078
000000024.712183	-00000011.787107	000000000.191147
000000026.147259	-00000012.471602	000000000.202247
000000024.626152	-00000011.746072	000000000.571519
000000026.232399	-00000012.512213	000000000.608796
000000007.294056	-00000003.518235	-00000000.169634
000000008.934709	-00000004.309592	-00000000.069254
000000014.113598	-00000006.807591	-00000000.109396
000000015.482626	-00000007.467932	-00000000.120008
000000024.419640	-00000011.910254	000000000.189681
000000022.590727	-00000011.018233	000000000.526492
000000026.185114	-00000012.771334	000000000.610262
000000007.155475	-00000003.528690	-00000000.167121
000000007.506642	-00000003.701866	-00000000.058433
000000008.618736	-00000004.250290	-00000000.067090
000000015.129875	-00000007.461229	-00000000.117774
000000024.270029	-00000012.100590	000000000.189332
000000022.601084	-00000011.268485	000000000.529006
000000024.435297	-00000012.182989	000000000.571938
000000026.072668	-00000012.999352	000000000.610262
000000006.999420	-00000003.527998	-00000000.164189
000000008.108051	-00000004.086794	-00000000.063390
000000013.439006	-00000006.773817	-00000000.105068
000000015.582104	-00000007.854027	-00000000.121823
000000024.118959	-00000012.289224	000000000.188983
000000024.274603	-00000012.368528	000000000.570681
000000006.906148	-00000003.556900	-00000000.162723
000000007.769820	-00000004.001720	-00000000.061016
000000015.104033	-00000007.779088	-00000000.118612
000000023.193892	-00000011.945640	-00000000.182141
000000023.780180	-00000012.379178	000000000.187168
000000024.174612	-00000012.584507	000000000.570890
000000006.742127	-00000003.547204	-00000000.159581
000000007.150526	-00000003.762074	-00000000.056409
000000013.566530	-00000007.137697	-00000000.107023
000000022.124151	-00000011.640079	-00000000.174532
000000022.814810	-00000012.130850	000000000.180396
000000023.790220	-00000012.649484	000000000.564398
000000006.684494	-00000003.591708	-00000000.158953
000000007.143849	-00000003.838529	-00000000.056618
000000021.651766	-00000011.633914	-00000000.171599
000000021.952316	-00000011.919135	000000000.174392
000000022.861807	-00000012.412949	000000000.544922
000000025.497681	-00000013.844110	000000000.607749
000000006.591539	-00000003.616242	-00000000.157487
000000007.031178	-00000003.857436	-00000000.055990
000000021.374077	-00000011.726220	-00000000.170203
000000010.731322	-00000005.948469	000000000.085660
000000021.410168	-00000011.867850	000000000.170901
000000021.642090	-00000011.996407	000000000.518325
000000006.481224	-00000003.629659	-00000000.155602
000000006.918725	-00000003.874672	-00000000.055361
000000007.049710	-00000003.988534	000000000.056548
000000021.453745	-00000012.137945	000000000.172088
000000021.832436	-00000012.352198	000000000.525445
000000006.440622	-00000003.681119	-00000000.155393
000000006.711013	-00000003.835660	-00000000.053965
000000006.988655	-00000004.034902	000000000.056339
000000020.203880	-00000011.664716	000000000.162873
000000021.394794	-00000012.352290	000000000.517487
000000024.139492	-00000013.936942	000000000.583875
000000006.425527	-00000003.747257	-00000000.155812
000000006.711838	-00000003.914228	-00000000.054244
000000006.953177	-00000004.095735	000000000.056339
000000007.055195	-00000004.155828	000000000.171518
000000006.272291	-00000003.731621	-00000000.152880
000000006.634456	-00000003.947086	-00000000.053895
000000006.831457	-00000004.104753	000000000.055641
000000006.881544	-00000004.134849	000000000.168168
000000006.324960	-00000003.838080	-00000000.154974
000000006.582661	-00000003.994457	-00000000.053756
000000006.752746	-00000004.138088	000000000.055292
000000006.777002	-00000004.152953	000000000.166492
000000006.095688	-00000003.772126	-00000000.150157
000000006.539049	-00000004.046486	-00000000.053686
000000006.690936	-00000004.180961	000000000.055082
000000006.681153	-00000004.174848	000000000.165026
000000005.977984	-00000003.771827	-00000000.148063
000000006.486574	-00000004.092724	-00000000.053546
000000006.713233	-00000004.276801	000000000.055571
000000006.703491	-00000004.270595	000000000.166492
000000006.129830	-00000003.942839	-00000000.152670
000000006.501073	-00000004.181631	-00000000.053965
000000006.717588	-00000004.362453	000000000.055920
000000006.733047	-00000004.372492	000000000.168168
000000006.220604	-00000004.078407	-00000000.155812
000000006.531236	-00000004.282066	-00000000.054524
000000006.846036	-00000004.531292	000000000.057316
000000006.979454	-00000004.619600	000000000.058433
000000019.437405	-00000012.865337	000000000.162733
000000044.444706	-00000029.417309	000000001.116440
000000053.290291	-00000035.272072	000000001.338639
000000005.536373	-00000003.699286	-00000000.139477
000000006.560135	-00000004.383342	-00000000.055082
000000017.890194	-00000012.067089	000000000.150656
000000043.597813	-00000029.407095	000000001.101571
000000052.317375	-00000035.288513	000000001.321885
000000005.710483	-00000003.888129	-00000000.144712
000000006.521634	-00000004.440423	-00000000.055082
000000040.356476	-00000027.736238	000000000.341872
000000043.051151	-00000029.588236	000000001.094241
000000051.043423	-00000035.081173	000000001.297383
000000006.013137	-00000004.171461	-00000000.153299
000000006.211499	-00000004.309071	-00000000.052778
000000017.434923	-00000012.095037	-00000000.148142
000000017.766975	-00000012.440570	000000000.151424
000000017.747131	-00000012.426676	000000000.453822
000000050.268528	-00000035.198402	000000001.285446
000000006.360242	-00000004.494975	-00000000.163141
000000006.614636	-00000004.674762	-00000000.056548
000000009.342152	-00000006.602380	-00000000.079866
000000017.165388	-00000012.131296	-00000000.146746
000000017.006458	-00000012.130589	000000000.145839
000000039.410370	-00000028.111145	000000000.337963
000000049.104820	-00000035.026127	000000001.263456
000000006.004331	-00000004.322499	-00000000.154974
000000005.973039	-00000004.299973	-00000000.051382
000000009.105639	-00000006.555121	-00000000.078330
000000016.791058	-00000012.087831	-00000000.144442
000000005.857140	-00000004.255461	000000000.050544
000000016.883774	-00000012.266780	000000000.145699
000000040.401535	-00000029.353436	000000001.046074
000000048.142132	-00000034.977306	000000001.246493
000000005.990569	-00000004.392467	-00000000.155602
000000008.588426	-00000006.297294	-00000000.074350
000000016.749447	-00000012.281202	-00000000.145001
000000005.803705	-00000004.294516	000000000.050405
000000016.792160	-00000012.425545	000000000.145839
000000005.802574	-00000004.293678	000000000.151204
000000017.359501	-00000012.845355	000000000.452356
000000040.666237	-00000030.091431	000000001.059686
000000005.815827	-00000004.342884	-00000000.152042
000000005.744850	-00000004.289883	-00000000.050056
000000007.515578	-00000005.612148	-00000000.065484
000000009.382454	-00000007.006210	-00000000.081751
000000005.670174	-00000004.272782	000000000.049567
000000009.870894	-00000007.438252	000000000.086288
000000016.427532	-00000012.379033	000000000.143605
000000016.743713	-00000012.617292	000000000.439163
000000005.777707	-00000004.393471	-00000000.152042
000000005.651476	-00000004.297482	-00000000.049567
000000009.551791	-00000007.263351	-00000000.083775
000000005.656472	-00000004.340364	000000000.049776
000000016.128481	-00000012.375818	000000000.141929
000000015.879451	-00000012.184731	000000000.419267
000000004.988157	-00000003.862244	-00000000.132147
000000005.874680	-00000004.548664	-00000000.051871
000000007.890889	-00000006.109779	-00000000.069673
000000005.571100	-00000004.352621	000000000.049358
000000016.138067	-00000012.608439	000000000.142976
000000015.953718	-00000012.464411	000000000.424084
000000004.938560	-00000003.893247	-00000000.131728
000000006.783650	-00000005.347799	-00000000.180943
000000007.593830	-00000005.986493	-00000000.067509
000000009.297926	-00000007.329894	-00000000.082658
000000015.705956	-00000012.381577	-00000000.139625
000000015.636129	-00000012.437539	000000000.139486
000000013.371840	-00000010.636442	000000000.357906
000000015.766095	-00000012.540918	000000000.421990
000000006.292287	-00000005.050095	-00000000.169005
000000005.537045	-00000004.443948	-00000000.049567
000000007.790856	-00000006.252823	-00000000.069743
000000015.527122	-00000012.461833	-00000000.138997
000000014.011600	-00000011.346371	000000000.125872
000000015.332716	-00000012.416188	000000000.137740
000000013.760236	-00000011.142819	000000000.370890
000000015.283109	-00000012.376018	000000000.411937
000000004.738244	-00000003.871307	-00000000.128168
000000006.395081	-00000005.225000	-00000000.172984
000000007.054545	-00000005.763805	-00000000.063599
000000009.168586	-00000007.491049	-00000000.082658
000000015.108032	-00000012.343781	-00000000.136204
000000012.962976	-00000010.685853	000000000.117285
000000014.621930	-00000012.053389	000000000.132295
000000013.716476	-00000011.306991	000000000.372356
000000005.219291	-00000004.340838	-00000000.142199
000000007.096237	-00000005.901878	-00000000.064437
000000008.941413	-00000007.436494	-00000000.081192
000000014.246292	-00000011.848516	-00000000.129363
000000012.800290	-00000010.740719	000000000.116657
000000014.286381	-00000011.987697	000000000.130201
000000013.326250	-00000011.182052	000000000.364398
000000006.241873	-00000005.284135	-00000000.171309
000000009.005924	-00000007.624077	-00000000.082379
000000014.440006	-00000012.224368	-00000000.132085
000000012.789717	-00000010.923450	000000000.117425
000000014.599440	-00000012.469099	000000000.134040
000000013.129332	-00000011.213509	000000000.361676
000000004.809483	-00000004.144115	-00000000.132984
000000006.642388	-00000005.723448	-00000000.183665
000000005.961891	-00000005.137094	-00000000.054943
000000013.749469	-00000011.847301	-00000000.126710
000000012.641077	-00000010.988721	000000000.116936
000000012.510341	-00000010.875073	000000000.347225
000000004.795686	-00000004.205704	-00000000.133613
000000006.216352	-00000005.451594	-00000000.173194
000000013.435051	-00000011.782223	-00000000.124755
000000012.529723	-00000011.085363	000000000.116796
000000012.377523	-00000010.950707	000000000.346178
000000005.877643	-00000005.245997	-00000000.165026
000000008.974852	-00000008.010361	-00000000.083985
000000013.458548	-00000012.012213	-00000000.125942
000000012.789210	-00000011.515456	000000000.120147
000000012.645552	-00000011.386106	000000000.356440
000000006.431085	-00000005.841586	-00000000.181990
000000013.131149	-00000011.927496	-00000000.123848
000000011.825641	-00000010.836204	000000000.111979
000000013.506592	-00000012.376511	000000000.127897
000000011.867562	-00000010.874617	000000000.337173
000000013.172257	-00000012.070149	000000000.374241
000000004.713316	-00000004.356945	-00000000.134450
000000006.644161	-00000006.141799	-00000000.189529
000000006.814347	-00000006.299117	-00000000.064786
000000012.468492	-00000011.525756	-00000000.118542
000000012.037787	-00000011.225419	000000000.114912
000000011.947699	-00000011.141409	000000000.342199
000000006.583029	-00000006.192696	-00000000.189319
000000012.600511	-00000011.853376	-00000000.120776
000000012.287542	-00000011.660442	000000000.118263
000000012.169113	-00000011.548057	000000000.351414
000000005.633204	-00000005.392619	-00000000.163351
000000008.104727	-00000007.758587	-00000000.078330
000000012.099301	-00000011.582561	-00000000.116936
000000003.589418	-00000003.466261	000000000.034836
000000012.005489	-00000011.593566	000000000.116517
000000003.538376	-00000003.416970	000000000.103037
000000011.952806	-00000011.542690	000000000.348063
000000004.569004	-00000004.450927	-00000000.133613
000000006.359366	-00000006.195020	-00000000.185969
000000003.595748	-00000003.502823	-00000000.035046
000000012.585118	-00000012.259879	-00000000.122661
000000003.544768	-00000003.483434	000000000.034697
000000012.531505	-00000012.314675	000000000.122661
000000003.508423	-00000003.447717	000000000.103037
000000012.443491	-00000012.228185	000000000.365445
000000003.564349	-00000003.533379	-00000000.105131
000000005.751240	-00000005.701269	-00000000.169634
000000003.600552	-00000003.569268	-00000000.035395
000000011.980536	-00000011.876439	-00000000.117774
000000003.542519	-00000003.542519	000000000.034976
000000012.402351	-00000012.402351	000000000.122451
000000003.563036	-00000003.563036	000000000.105550
000000012.286820	-00000012.286820	000000000.363979
000000003.441877	-00000003.472045	-00000000.102408
000000006.954140	-00000007.015093	-00000000.206911
000000003.519988	-00000003.550840	-00000000.034906
000000012.150998	-00000012.257501	-00000000.120497
000000003.637630	-00000003.701680	000000000.036233
000000011.859096	-00000012.067904	000000000.118123
000000003.615899	-00000003.679565	000000000.108063
000000012.375342	-00000012.593241	000000000.369843
000000003.041699	-00000003.122392	-00000000.091309
000000004.583478	-00000004.705072	-00000000.137592
000000006.460123	-00000006.631502	-00000000.193927
000000011.890060	-00000012.205488	-00000000.118961
000000003.744117	-00000003.877147	000000000.037629
000000012.170118	-00000012.602527	000000000.122312
000000003.562816	-00000003.689404	000000000.107435
000000012.334427	-00000012.772674	000000000.371937
000000002.993595	-00000003.127150	-00000000.090681
000000005.938795	-00000006.203746	-00000000.179895
000000011.976714	-00000012.511039	-00000000.120915
000000003.579356	-00000003.771855	000000000.036303
000000011.949545	-00000012.592193	000000000.121195
000000003.434136	-00000003.618824	000000000.104503
000000005.692622	-00000006.051435	-00000000.174032
000000003.377870	-00000003.590781	-00000000.034418
000000011.942449	-00000012.695197	-00000000.121683
000000003.512206	-00000003.766380	000000000.035953
000000003.381970	-00000003.626719	000000000.103874
000000003.176091	-00000003.435875	-00000000.098011
000000003.407497	-00000003.686209	-00000000.035046
000000003.283288	-00000003.583081	000000000.033929
000000003.336684	-00000003.641351	000000000.103456
000000003.273708	-00000003.604072	-00000000.101990
000000005.411366	-00000005.957449	-00000000.168586
000000003.234005	-00000003.560362	-00000000.033580
000000003.292042	-00000003.656183	000000000.034348
000000003.278021	-00000003.640611	000000000.102618
000000003.208846	-00000003.595208	-00000000.100942
000000003.349303	-00000003.752577	-00000000.035116
000000003.207003	-00000003.624857	000000000.033789
000000003.193128	-00000003.609175	000000000.100942
000000003.177350	-00000003.623073	-00000000.100942
000000003.250495	-00000003.706480	-00000000.034418
000000003.181809	-00000003.660252	000000000.033859
000000003.174629	-00000003.651993	000000000.101361
000000003.158664	-00000003.665811	-00000000.101361
000000003.165807	-00000003.674101	-00000000.033859
000000003.058826	-00000003.581425	000000000.032882
000000003.045243	-00000003.565522	000000000.098220
000000003.294510	-00000003.891632	-00000000.106806
000000005.045122	-00000005.959538	-00000000.163560
000000003.094858	-00000003.655794	-00000000.033440
000000003.040311	-00000003.623302	000000000.033021
000000003.020439	-00000003.599619	000000000.098429
000000003.034019	-00000003.680560	000000000.033301
000000003.014349	-00000003.656698	000000000.099267
000000002.970320	-00000003.668039	000000000.032952
000000002.963449	-00000003.659555	000000000.098639
000000002.925747	-00000003.678169	000000000.032812
000000002.887834	-00000003.630505	000000000.097173
000000002.887382	-00000003.695680	000000000.032742
000000002.874509	-00000003.679203	000000000.097801
000000002.861109	-00000003.728670	000000000.032812
000000002.957932	-00000003.854852	000000000.101780
000000002.822444	-00000003.745509	000000000.032742
000000002.900112	-00000003.848579	000000000.100942
000000002.813443	-00000003.802150	000000000.033021
000000002.860470	-00000003.865703	000000000.100733
000000002.962365	-00000004.077346	000000000.035186
000000002.979418	-00000004.100817	000000000.106178
000000002.746658	-00000003.850672	000000000.033021
000000002.757734	-00000003.866201	000000000.099476
000000002.758835	-00000003.940025	000000000.033580
000000002.586262	-00000003.693566	000000000.094450
000000002.662044	-00000003.873299	000000000.032812
000000002.553932	-00000003.715994	000000000.094450
000000002.840631	-00000004.211408	000000000.035465
000000002.616449	-00000003.879045	000000000.098011
000000002.864483	-00000004.327762	000000000.036233
000000002.433508	-00000003.676630	000000000.092356
000000002.755806	-00000004.243569	000000000.035325
000000002.504790	-00000003.857038	000000000.096335
000000002.439281	-00000003.828904	000000000.031695
000000002.503267	-00000003.929342	000000000.097592
000000002.522354	-00000004.036611	000000000.033231
000000002.463584	-00000003.942559	000000000.097382
000000002.372086	-00000003.870892	000000000.031695
000000002.397743	-00000003.912760	000000000.096126
000000002.394869	-00000003.985731	000000000.032463
000000002.378954	-00000003.959244	000000000.096754
000000002.299093	-00000003.903085	000000000.031625
000000002.313867	-00000003.928167	000000000.095497
000000002.279944	-00000003.948980	000000000.031835
000000002.294497	-00000003.974185	000000000.096126
