000000003.792442	000000004.401345	-00000000.040561
000000003.621602	000000004.057662	-00000000.113927
000000003.901972	000000004.371790	-00000000.040910
000000003.650151	000000004.018503	-00000000.113717
000000004.074443	000000004.485612	-00000000.042306
000000003.705439	000000004.008522	-00000000.114346
000000004.127008	000000004.464572	-00000000.042446
000000003.774530	000000004.012444	-00000000.115393
000000003.994519	000000004.246299	-00000000.040701
000000003.933846	000000004.109350	-00000000.119162
000000004.107488	000000004.290738	-00000000.041469
000000003.899793	000000004.003250	-00000000.117068
000000004.137796	000000004.247567	-00000000.041399
000000003.955695	000000003.990366	-00000000.117696
000000004.195826	000000004.232602	-00000000.041608
000000003.990366	000000003.955695	-00000000.117696
000000004.268110	000000004.231026	-00000000.041957
000000004.024734	000000003.920722	-00000000.117696
000000004.269055	000000004.158730	-00000000.041608
000000004.080462	000000003.906192	-00000000.118325
000000004.420760	000000004.231956	-00000000.042725
000000004.187214	000000003.938938	-00000000.120419
000000004.406537	000000004.145256	-00000000.042237
000000004.214087	000000003.895462	-00000000.120209
000000004.611433	000000004.262765	-00000000.043842
000000004.284923	000000003.892150	-00000000.121257
000000004.544828	000000004.128232	-00000000.042865
000000004.393314	000000003.921183	-00000000.123351
000000004.782111	000000004.268198	-00000000.044750
000000004.517566	000000003.961799	-00000000.125864
000000004.924431	000000004.318610	-00000000.045727
000000004.483801	000000003.863490	-00000000.123979
000000004.901326	000000004.223253	-00000000.045169
000000004.715742	000000003.992170	-00000000.129424
000000005.021947	000000004.251392	-00000000.045937
000000004.681220	000000003.893330	-00000000.127539
000000005.081921	000000004.226589	-00000000.046146
000000004.815666	000000003.934564	-00000000.130262
000000005.134098	000000004.194734	-00000000.046286
000000004.881006	000000003.917422	-00000000.131100
000000005.154911	000000004.137253	-00000000.046146
000000004.946412	000000003.899437	-00000000.131937
000000005.206524	000000004.104493	-00000000.046286
000000004.948631	000000003.831640	-00000000.131100
000000005.257957	000000004.071146	-00000000.046425
000000005.077379	000000003.860929	-00000000.133613
000000005.309204	000000004.037212	-00000000.046565
000000005.102867	000000003.810492	-00000000.133403
000000005.360258	000000004.002694	-00000000.046705
000000005.184301	000000003.801287	-00000000.134660
000000005.451433	000000003.997156	-00000000.047193
000000005.217276	000000003.755901	-00000000.134660
000000005.494222	000000003.955274	-00000000.047263
000000005.347829	000000003.779472	-00000000.137173
000000005.544861	000000003.918720	-00000000.047403
000000005.364178	000000003.721263	-00000000.136754
000000005.693874	000000003.949981	-00000000.048380
000000005.470824	000000003.724952	-00000000.138639
000000005.703331	000000003.883260	-00000000.048171
000000006.167889	000000004.160294	000000000.051941
000000005.636128	000000003.765940	-00000000.141990
000000005.928234	000000003.961119	-00000000.049776
000000005.735665	000000003.760467	-00000000.143665
000000006.054564	000000003.969546	-00000000.050544
000000006.348582	000000004.122817	000000000.052848
000000005.885982	000000003.785991	-00000000.146597
000000006.164666	000000003.965246	-00000000.051173
000000007.497568	000000004.776477	000000000.062063
000000005.994895	000000003.782497	-00000000.148482
000000006.402004	000000004.039363	-00000000.052848
000000007.403279	000000004.626082	000000000.060946
000000008.902552	000000005.562932	000000000.219895
000000006.104190	000000003.777387	-00000000.150367
000000006.590069	000000004.078059	-00000000.054105
000000007.042636	000000004.315733	000000000.057665
000000007.989044	000000004.895692	000000000.065414
000000008.882562	000000005.443241	000000000.218220
000000006.230941	000000003.781028	-00000000.152670
000000006.659601	000000004.041145	-00000000.054384
000000007.920033	000000004.758836	000000000.064507
000000009.306795	000000005.592087	000000000.227435
000000006.306660	000000003.752068	-00000000.153717
000000006.900865	000000004.105583	-00000000.056060
000000007.978492	000000004.699691	000000000.064646
000000006.434163	000000003.752293	-00000000.156021
000000006.970983	000000004.065357	-00000000.056339
000000008.227041	000000004.749884	000000000.066322
000000009.550165	000000005.513790	000000000.230995
000000006.562143	000000003.750574	-00000000.158325
000000007.292692	000000004.168117	-00000000.058643
000000008.181144	000000004.628668	000000000.065624
000000009.597918	000000005.430241	000000000.230995
000000006.803977	000000003.810410	-00000000.163351
000000007.459659	000000004.177610	-00000000.059690
000000008.492351	000000004.707386	000000000.067788
000000009.758615	000000005.409289	000000000.233717
000000006.968449	000000003.823022	-00000000.166492
000000007.750076	000000004.251837	-00000000.061714
000000008.585835	000000004.661728	000000000.068207
000000009.743944	000000005.290530	000000000.232251
000000007.151264	000000003.842513	-00000000.170052
000000007.795693	000000004.188777	-00000000.061784
000000008.749797	000000004.652350	000000000.069184
000000009.966292	000000005.299171	000000000.236440
000000007.193372	000000003.784616	-00000000.170262
000000007.991243	000000004.204397	-00000000.063041
000000008.994071	000000004.682017	000000000.070790
000000009.799320	000000005.101203	000000000.231414
000000007.288342	000000003.753743	-00000000.171728
000000008.134308	000000004.189444	-00000000.063879
000000009.016767	000000004.594272	000000000.070650
000000009.985992	000000005.088118	000000000.234765
000000007.508306	000000003.784498	-00000000.176126
000000008.206276	000000004.136304	-00000000.064158
000000009.128108	000000004.551107	000000000.071209
000000010.343173	000000005.156916	000000000.242094
000000007.585879	000000003.740942	-00000000.177173
000000008.439366	000000004.161835	-00000000.065694
000000009.266341	000000004.519496	000000000.071977
000000010.145160	000000004.948125	000000000.236440
000000007.753311	000000003.739753	-00000000.180314
000000008.565432	000000004.131474	-00000000.066392
000000009.224197	000000004.399716	000000000.071348
000000011.090341	000000005.289821	000000000.257382
000000007.993630	000000003.770041	-00000000.185131
000000008.583070	000000004.048038	-00000000.066252
000000009.416308	000000004.390897	000000000.072535
000000010.266215	000000004.787215	000000000.237278
000000008.117019	000000003.741997	-00000000.187225
000000008.836018	000000004.073460	-00000000.067928
000000009.381473	000000004.275383	000000000.071977
000000011.135483	000000005.074732	000000000.256335
000000012.472833	000000005.684197	000000000.287121
000000008.240521	000000003.712084	-00000000.189319
000000008.834759	000000003.979769	-00000000.067648
000000009.509776	000000004.234025	000000000.072675
000000009.864127	000000004.391792	000000000.226178
000000011.663418	000000005.192888	000000000.267435
000000008.537983	000000003.756803	-00000000.195393
000000009.070516	000000003.991122	-00000000.069184
000000009.528023	000000004.142902	000000000.072535
000000009.847065	000000004.281626	000000000.224922
000000008.634743	000000003.709778	-00000000.196859
000000008.985559	000000003.860501	-00000000.068277
000000009.711090	000000004.122113	000000000.073652
000000009.930069	000000004.215064	000000000.225969
000000008.814308	000000003.696146	-00000000.200210
000000009.212563	000000003.863148	-00000000.069743
000000009.718976	000000004.025732	000000000.073443
000000009.929526	000000004.112945	000000000.225131
000000008.892493	000000003.638015	-00000000.201257
000000009.440283	000000003.862122	-00000000.071209
000000009.911353	000000004.004447	000000000.074630
000000009.974311	000000004.029883	000000000.225340
000000012.542046	000000005.067316	000000000.283351
000000013.876899	000000005.606631	000000000.313508
000000009.081765	000000003.623257	-00000000.204817
000000009.631520	000000003.842587	-00000000.072396
000000010.029656	000000003.950787	000000000.075258
000000012.057918	000000004.749740	000000000.090477
000000012.855551	000000005.063936	000000000.289424
000000013.990411	000000005.510970	000000000.314974
000000009.243490	000000003.594597	-00000000.207749
000000009.795164	000000003.809131	-00000000.073373
000000010.353155	000000003.974204	000000000.077422
000000012.089572	000000004.640752	000000000.090407
000000012.581903	000000004.829741	000000000.282304
000000014.457989	000000005.549902	000000000.324398
000000009.480192	000000003.591723	-00000000.212356
000000010.071161	000000003.815622	-00000000.075188
000000012.223274	000000004.570095	000000000.091105
000000013.382110	000000005.003366	000000000.299267
000000014.730621	000000005.507554	000000000.329424
000000009.614352	000000003.546922	-00000000.214660
000000010.301089	000000003.800272	-00000000.076654
000000012.187516	000000004.435893	000000000.090547
000000013.359499	000000004.862460	000000000.297801
000000015.097548	000000005.495058	000000000.336545
000000009.776674	000000003.510185	-00000000.217592
000000010.578561	000000003.798091	-00000000.078469
000000012.631088	000000004.472903	000000000.093549
000000015.418233	000000005.459883	000000000.342618
000000009.778617	000000003.414846	-00000000.216963
000000010.460252	000000003.652883	-00000000.077352
000000012.839829	000000004.421108	000000000.094806
000000014.690136	000000005.058219	000000000.325445
000000010.148865	000000003.445076	-00000000.224503
000000011.372354	000000003.860394	-00000000.083845
000000013.209826	000000004.419946	000000000.097249
000000016.174852	000000005.412030	000000000.357278
000000009.922179	000000003.271844	-00000000.218848
000000011.624034	000000003.833031	-00000000.085451
000000013.485653	000000004.381754	000000000.098994
000000016.278517	000000005.289211	000000000.358534
000000010.388359	000000003.325340	-00000000.228482
000000012.095132	000000003.871682	-00000000.088662
000000013.599672	000000004.287960	000000000.099553
000000013.825863	000000004.359278	000000000.303665
000000010.035058	000000003.115968	-00000000.220105
000000012.338557	000000003.831224	-00000000.090198
000000013.799142	000000004.218821	000000000.100740
000000014.006792	000000004.282306	000000000.306806
000000017.238394	000000005.270306	000000000.377592
000000010.779889	000000003.244378	-00000000.235812
000000012.687511	000000003.818507	-00000000.092502
000000014.084719	000000004.172084	000000000.102555
000000017.379589	000000005.148068	000000000.379686
000000010.097510	000000002.943156	-00000000.220314
000000012.749151	000000003.716039	-00000000.092711
000000014.601209	000000004.186829	000000000.106045
000000017.462294	000000005.007232	000000000.380524
000000010.873359	000000003.066604	-00000000.236649
000000013.223812	000000003.729501	-00000000.095923
000000014.723914	000000004.083303	000000000.106674
000000016.872759	000000004.679230	000000000.122242
000000017.592033	000000004.878703	000000000.382409
000000010.263086	000000002.798038	-00000000.222827
000000013.468102	000000003.671826	-00000000.097458
000000016.053297	000000004.301468	000000000.116029
000000017.672565	000000004.735350	000000000.383246
000000011.582669	000000003.049462	-00000000.250890
000000012.936237	000000003.405827	-00000000.280210
000000013.809079	000000003.635627	-00000000.099692
000000016.554922	000000004.281394	000000000.119380
000000017.326042	000000004.480819	000000000.374869
000000019.339348	000000005.001495	000000000.418430
000000010.339426	000000002.625880	-00000000.223456
000000014.189195	000000003.603596	-00000000.102206
000000016.640165	000000004.148860	000000000.119729
000000017.170469	000000004.281079	000000000.370681
000000012.022577	000000002.941906	-00000000.259267
000000014.841744	000000003.631752	-00000000.106674
000000016.889654	000000004.054847	000000000.121264
000000017.246059	000000004.140412	000000000.371519
000000010.344752	000000002.435866	-00000000.222618
000000015.262215	000000003.593775	-00000000.109466
000000017.197212	000000003.970289	000000000.123219
000000020.389093	000000004.707193	000000000.438325
000000011.135966	000000002.519812	-00000000.239162
000000016.122017	000000003.648040	-00000000.115400
000000017.494799	000000003.878503	000000000.125104
000000020.976000	000000004.650267	000000000.450053
000000010.551782	000000002.291016	-00000000.226178
000000016.417082	000000003.564498	-00000000.117285
000000017.909445	000000003.806770	000000000.127827
000000021.182030	000000004.502379	000000000.453613
000000017.103506	000000003.557534	-00000000.121963
000000019.274649	000000003.921472	000000000.137321
000000021.347878	000000004.343275	000000000.456335
000000023.405266	000000004.761855	000000000.500314
000000010.531323	000000002.094810	-00000000.224922
000000017.418322	000000003.464720	-00000000.123987
000000019.857834	000000003.859972	000000000.141231
000000021.895298	000000004.256015	000000000.467225
000000023.593143	000000004.586042	000000000.503456
000000018.007877	000000003.418902	-00000000.127966
000000020.579023	000000003.814097	000000000.146118
000000024.664455	000000004.571287	000000000.525445
000000010.576118	000000001.912474	-00000000.225131
000000018.420792	000000003.331022	-00000000.130689
000000021.340263	000000003.762864	000000000.151284
000000025.707691	000000004.532959	000000000.546807
000000019.966879	000000003.430937	-00000000.141440
000000022.072533	000000003.693675	000000000.156241
000000026.692896	000000004.466859	000000000.566911
000000010.528941	000000001.714747	-00000000.223456
000000017.676674	000000002.878829	-00000000.125034
000000020.834986	000000003.393193	-00000000.147374
000000023.387890	000000003.704278	000000000.165316
000000027.273970	000000004.319772	000000000.578430
000000021.822491	000000003.358803	-00000000.154146
000000024.032499	000000003.591681	000000000.169645
000000026.435749	000000003.950849	000000000.186609
000000028.872931	000000004.315088	000000000.611519
000000010.567159	000000001.532165	-00000000.223665
000000019.911301	000000002.887001	-00000000.140463
000000022.860390	000000003.314599	-00000000.161267
000000026.489025	000000003.722790	000000000.186749
000000030.067846	000000004.225760	000000000.636021
000000024.374708	000000003.317252	-00000000.171739
000000027.611067	000000003.635066	000000000.194428
000000032.095943	000000004.225512	000000000.678116
000000010.552618	000000001.342463	-00000000.222827
000000026.485888	000000003.369431	-00000000.186400
000000029.180145	000000003.582871	000000000.205249
000000033.590317	000000004.124372	000000000.708901
000000035.019272	000000004.299826	000000000.739058
000000027.954195	000000003.308597	-00000000.196522
000000030.680750	000000003.495630	000000000.215581
000000035.373333	000000004.030282	000000000.745760
000000037.141502	000000004.231740	000000000.783037
000000010.594316	000000001.160266	-00000000.223246
000000029.423351	000000003.222381	-00000000.206645
000000031.575300	000000003.318698	000000000.221655
000000033.305729	000000003.500573	000000000.233802
000000039.105968	000000004.110203	000000000.823665
000000031.679026	000000003.189910	-00000000.222283
000000034.031765	000000003.276886	000000000.238689
000000035.833389	000000003.450363	000000000.251325
000000042.006458	000000004.044762	000000000.883979
000000010.573129	000000000.971534	-00000000.222409
000000034.284729	000000003.150324	-00000000.240365
000000036.888191	000000003.227298	000000000.258516
000000039.159462	000000003.426009	000000000.274433
000000043.832912	000000003.834883	000000000.921676
000000039.616531	000000003.117889	000000000.277435
000000044.610962	000000003.510959	000000000.312411
000000044.482662	000000003.500862	000000000.934660
000000010.628355	000000000.789823	-00000000.223246
000000046.275867	000000003.235924	000000000.323861
000000044.481598	000000003.110456	000000000.934032
000000048.258640	000000002.951625	000000000.337544
000000057.040871	000000003.488769	000000001.197069
000000010.600594	000000000.601945	-00000000.222409
000000074.372818	000000003.247187	000000001.559373
000000010.609485	000000000.416848	-00000000.222409
000000016.376965	000000000.643453	-00000000.114423
000000010.615144	000000000.231623	-00000000.222409
000000010.627567	000000000.046372	-00000000.222618
000000017.209415	000000000.075091	-00000000.120147
000000010.696736	-00000000.140028	-00000000.224084
000000010.742630	-00000000.328217	-00000000.225131
000000010.855101	-00000000.521408	-00000000.227644
000000069.408600	-00000004.245212	000000000.485477
000000010.834371	-00000000.710122	-00000000.227435
000000067.613243	-00000004.727979	000000000.473190
000000067.629982	-00000004.729149	000000001.420105
000000056.862782	-00000004.475198	000000000.398211
000000060.688984	-00000004.776327	000000001.275184
000000010.939889	-00000000.909035	-00000000.229948
000000056.482864	-00000004.941610	000000000.395837
000000048.325306	-00000004.653198	000000000.338940
000000056.616756	-00000005.451574	000000000.397094
000000048.415405	-00000004.661873	000000001.018849
000000011.041729	-00000001.111844	-00000000.232461
000000036.265720	-00000003.651766	-00000000.254467
000000041.450665	-00000004.356640	000000000.290979
000000041.750816	-00000004.388188	000000000.879372
000000041.381260	-00000004.714799	000000000.290769
000000041.502327	-00000004.728593	000000000.874974
000000011.020642	-00000001.304379	-00000000.232461
000000030.615555	-00000003.623590	-00000000.215232
000000036.008698	-00000004.421312	000000000.253280
000000036.120758	-00000004.435071	000000000.762304
000000028.618647	-00000003.640752	-00000000.201409
000000041.520699	-00000005.466304	000000000.292375
000000041.681114	-00000005.487422	000000000.880629
000000011.115077	-00000001.512696	-00000000.234974
000000026.237490	-00000003.570765	-00000000.184864
000000057.661903	-00000008.103852	000000000.406519
000000057.442753	-00000008.073052	000000001.215079
000000024.384415	-00000003.535572	-00000000.172018
000000011.096865	-00000001.707971	-00000000.235183
000000022.978846	-00000003.536783	-00000000.162314
000000048.444931	-00000007.672924	000000000.342431
000000021.624563	-00000003.521784	-00000000.152959
000000048.149288	-00000008.057427	000000000.340825
000000048.376560	-00000008.095460	000000001.027435
000000011.173755	-00000001.920002	-00000000.237487
000000020.814438	-00000003.576575	-00000000.147444
000000045.250813	-00000007.978940	000000000.320789
000000045.123844	-00000007.956551	000000000.959791
000000019.877138	-00000003.594372	-00000000.141021
000000011.276056	-00000002.140826	-00000000.240419
000000018.803642	-00000003.569983	-00000000.133621
000000020.896212	-00000003.967270	-00000000.148491
000000020.957230	-00000004.073673	000000000.149050
000000018.526583	-00000003.685166	-00000000.131876
000000066.512497	-00000013.532121	000000001.421781
000000011.295707	-00000002.349510	-00000000.241676
000000017.945467	-00000003.732662	-00000000.127966
000000020.784628	-00000004.323209	-00000000.148212
000000049.150913	-00000010.447350	000000001.052566
000000016.876369	-00000003.664219	-00000000.120566
000000018.478991	-00000004.012182	-00000000.132016
000000020.462721	-00000004.442892	-00000000.146188
000000048.452393	-00000010.741636	000000000.346480
000000048.325813	-00000010.713574	000000001.036859
000000011.369997	-00000002.572768	-00000000.244189
000000016.921778	-00000003.829007	-00000000.121125
000000018.335987	-00000004.149011	-00000000.131248
000000020.052549	-00000004.537428	-00000000.143535
000000033.371361	-00000007.704386	000000000.239108
000000033.257698	-00000007.678144	000000000.714974
000000048.045391	-00000011.092153	000000001.032880
000000014.539096	-00000003.423503	-00000000.312880
000000018.844164	-00000004.437212	-00000000.135157
000000048.306160	-00000011.597283	000000000.346829
000000047.859272	-00000011.489995	000000001.030995
000000011.401054	-00000002.789820	-00000000.245864
000000015.803350	-00000003.867055	-00000000.113585
000000017.658569	-00000004.321024	-00000000.126919
000000045.816250	-00000011.423274	000000000.329655
000000048.154915	-00000012.006369	000000001.039582
000000013.178650	-00000003.346951	-00000000.284817
000000019.694292	-00000005.001713	-00000000.141859
000000021.942852	-00000005.572774	-00000000.158056
000000045.627686	-00000011.800122	000000000.329027
000000046.170513	-00000011.940507	000000000.998953
000000048.358047	-00000012.506242	000000001.046283
000000011.543996	-00000003.039280	-00000000.250052
000000013.876771	-00000003.653449	-00000000.100181
000000016.497400	-00000004.343403	-00000000.119100
000000020.017365	-00000005.270132	-00000000.144512
000000044.170712	-00000011.835506	000000000.319253
000000048.942387	-00000013.114073	000000001.061362
000000012.549130	-00000003.421286	-00000000.272461
000000013.661056	-00000003.724431	-00000000.098855
000000019.739067	-00000005.381487	-00000000.142837
000000021.861547	-00000005.960142	-00000000.158195
000000043.477947	-00000012.057502	000000000.314994
000000045.666069	-00000012.664321	000000000.992671
000000048.700836	-00000013.505937	000000001.058639
000000011.489195	-00000003.240288	-00000000.250052
000000013.089072	-00000003.691500	-00000000.094945
000000020.076328	-00000005.662110	-00000000.145629
000000027.241493	-00000007.811372	000000000.197849
000000027.293844	-00000007.826384	000000000.594765
000000011.892409	-00000003.466321	-00000000.259477
000000012.845154	-00000003.744021	-00000000.093409
000000019.891748	-00000005.797915	-00000000.144652
000000038.850430	-00000011.508021	000000000.282881
000000048.716534	-00000014.430494	000000001.064294
000000011.057524	-00000003.327937	-00000000.241885
000000012.610908	-00000003.795452	-00000000.091943
000000015.359071	-00000004.622556	-00000000.111979
000000022.377897	-00000006.734983	-00000000.163152
000000035.755363	-00000010.931512	000000000.261029
000000037.753990	-00000011.542554	000000000.275620
000000038.903503	-00000011.893995	000000000.852147
000000045.691784	-00000013.969379	000000001.000838
000000011.133090	-00000003.456916	-00000000.244189
000000012.367207	-00000003.840120	-00000000.090407
000000012.769959	-00000004.026352	000000000.093479
000000012.843750	-00000004.049619	000000000.282094
000000010.826365	-00000003.465547	-00000000.238115
000000012.676080	-00000004.057645	-00000000.092921
000000012.838950	-00000004.171628	000000000.094247
000000012.845956	-00000004.173904	000000000.282932
000000010.691267	-00000003.525451	-00000000.235812
000000012.554717	-00000004.139925	-00000000.092292
000000033.987091	-00000011.371922	000000000.250208
000000035.542305	-00000011.892288	000000000.261658
000000037.033398	-00000012.391202	000000000.818011
000000010.508619	-00000003.567196	-00000000.232461
000000012.290854	-00000004.172183	-00000000.090617
000000022.934088	-00000007.785074	-00000000.169086
000000030.719151	-00000010.577452	000000000.226821
000000033.290897	-00000011.462976	000000000.245810
000000035.241199	-00000012.134519	000000000.780733
000000036.592995	-00000012.599979	000000000.810681
000000010.495967	-00000003.665356	-00000000.232880
000000012.480553	-00000004.358404	-00000000.092292
000000019.910353	-00000006.953006	-00000000.147235
000000029.909285	-00000010.591434	000000000.221515
000000032.859684	-00000011.636224	000000000.243367
000000030.808191	-00000010.909753	000000000.684608
000000010.331846	-00000003.709512	-00000000.229948
000000012.122052	-00000004.352261	-00000000.089919
000000018.879530	-00000006.778444	-00000000.140044
000000029.148556	-00000010.609206	000000000.216559
000000030.163397	-00000010.978579	000000000.224098
000000032.728699	-00000011.912271	000000000.243157
000000029.377745	-00000010.692624	000000000.654869
000000032.844448	-00000011.954402	000000000.732147
000000010.421020	-00000003.844517	-00000000.232670
000000011.623908	-00000004.288286	-00000000.086498
000000012.721565	-00000004.693233	-00000000.094666
000000017.506224	-00000006.458387	-00000000.130270
000000029.663685	-00000011.090797	000000000.221097
000000010.284231	-00000003.896347	-00000000.230367
000000012.221919	-00000004.630471	-00000000.091245
000000014.886990	-00000005.640176	-00000000.111142
000000015.008554	-00000005.686232	-00000000.112049
000000029.724476	-00000011.410157	000000000.222283
000000010.324383	-00000004.014933	-00000000.232042
000000016.039463	-00000006.237406	-00000000.120147
000000017.828875	-00000006.933270	-00000000.133552
000000029.409782	-00000011.584822	000000000.220678
000000028.715693	-00000011.311412	000000000.646493
000000075.375198	-00000029.691080	000000001.696964
000000010.270381	-00000004.097466	-00000000.231623
000000012.854411	-00000005.128390	-00000000.096621
000000015.835816	-00000006.317850	-00000000.119030
000000019.188738	-00000007.655530	-00000000.144233
000000029.075777	-00000011.747376	000000000.218932
000000030.735397	-00000012.417907	000000000.231429
000000010.502582	-00000004.296720	-00000000.237696
000000018.899076	-00000007.731816	-00000000.142557
000000022.989866	-00000009.405402	-00000000.173415
000000029.042753	-00000011.881703	-00000000.219072
000000028.500990	-00000011.805496	000000000.215372
000000029.252848	-00000012.116926	000000000.663246
000000010.363265	-00000004.345678	-00000000.235393
000000012.504741	-00000005.243673	-00000000.094666
000000014.828630	-00000006.218161	-00000000.112259
000000016.792870	-00000007.041835	-00000000.127129
000000026.740013	-00000011.350462	000000000.202806
000000028.525749	-00000012.108462	000000000.216349
000000028.630627	-00000012.152980	000000000.651519
000000010.508666	-00000004.514879	-00000000.239581
000000011.135478	-00000004.784179	-00000000.084613
000000012.164499	-00000005.226281	-00000000.092432
000000015.876326	-00000006.821008	-00000000.120636
000000026.566582	-00000011.551478	000000000.202247
000000028.134718	-00000012.233323	000000000.214185
000000028.688517	-00000012.474122	000000000.655288
000000010.304147	-00000004.533933	-00000000.235812
000000012.347251	-00000005.432920	-00000000.094177
000000015.102271	-00000006.645158	-00000000.115191
000000026.634914	-00000011.719644	-00000000.203155
000000026.081087	-00000011.612048	000000000.199315
000000028.364895	-00000012.628864	000000000.216768
000000026.094269	-00000011.617917	000000000.598325
000000010.437386	-00000004.701699	-00000000.239791
000000015.226056	-00000006.858838	-00000000.116587
000000026.258106	-00000011.828414	-00000000.201060
000000025.642084	-00000011.685771	000000000.196732
000000025.227692	-00000011.496922	000000000.580733
000000010.223450	-00000004.713075	-00000000.235812
000000012.350447	-00000005.693634	-00000000.094945
000000015.201946	-00000007.008193	-00000000.116866
000000025.321623	-00000011.807667	000000000.195056
000000025.588518	-00000011.932122	000000000.591414
000000010.172889	-00000004.797846	-00000000.235602
000000012.038005	-00000005.677492	-00000000.092921
000000015.275874	-00000007.204570	-00000000.117913
000000024.039831	-00000011.337921	-00000000.185562
000000023.565928	-00000011.240371	000000000.182281
000000025.163464	-00000012.002357	000000000.194638
000000025.582682	-00000012.202313	000000000.593718
000000010.076603	-00000004.860376	-00000000.234346
000000012.537414	-00000006.047331	-00000000.097179
000000014.915199	-00000007.194238	-00000000.115610
000000023.687786	-00000011.425632	-00000000.183607
000000024.185959	-00000011.796280	000000000.187866
000000025.897564	-00000012.631085	000000000.603561
000000009.988972	-00000004.926015	-00000000.233299
000000012.591786	-00000006.209582	-00000000.098017
000000015.219559	-00000007.505456	-00000000.118472
000000015.285107	-00000007.620873	000000000.119240
000000015.317917	-00000007.637232	000000000.358534
000000009.909893	-00000004.994997	-00000000.232461
000000012.358527	-00000006.229211	-00000000.096621
000000014.965962	-00000007.543466	-00000000.117006
000000015.102193	-00000007.694952	000000000.118332
000000022.639923	-00000011.535618	000000000.177394
000000022.965111	-00000011.701308	000000000.539896
000000009.705938	-00000004.998887	-00000000.228691
000000014.730655	-00000007.586786	-00000000.115679
000000021.264772	-00000010.952077	-00000000.166992
000000021.669147	-00000011.280244	000000000.170552
000000022.888729	-00000011.915117	000000000.540524
000000025.150110	-00000013.092319	000000000.593927
000000009.538074	-00000005.018224	-00000000.225759
000000013.876268	-00000007.300658	-00000000.109466
000000020.796703	-00000010.941674	-00000000.164060
000000020.731104	-00000011.022923	000000000.163920
000000022.086504	-00000011.743603	000000000.523979
000000009.441078	-00000005.072874	-00000000.224503
000000012.015058	-00000006.455923	-00000000.095224
000000020.268803	-00000010.890821	-00000000.160639
000000020.590183	-00000011.179558	000000000.163571
000000021.579014	-00000011.716449	000000000.514346
000000009.072132	-00000004.977142	-00000000.216754
000000011.739085	-00000006.440283	-00000000.093479
000000013.746740	-00000007.541720	-00000000.109466
000000019.892447	-00000010.913369	-00000000.158405
000000019.967081	-00000011.067934	000000000.159382
000000020.846361	-00000011.555326	000000000.499267
000000009.368552	-00000005.246641	-00000000.224922
000000019.630682	-00000010.993710	-00000000.157078
000000019.869736	-00000011.241755	000000000.159382
000000020.675116	-00000011.697418	000000000.497592
000000008.567243	-00000004.896583	-00000000.206702
000000011.422991	-00000006.528777	-00000000.275602
000000019.785770	-00000011.308499	-00000000.159103
000000021.244307	-00000012.142121	-00000000.170831
000000019.736238	-00000011.394723	000000000.159103
000000020.251890	-00000011.692435	000000000.489843
000000009.051010	-00000005.278393	-00000000.219477
000000019.764074	-00000011.526068	-00000000.159731
000000019.480961	-00000011.475163	000000000.157846
000000019.925112	-00000011.736787	000000000.484398
000000007.191654	-00000004.278584	-00000000.175288
000000009.021789	-00000005.367400	-00000000.219895
000000019.533831	-00000011.621408	-00000000.158684
000000019.508652	-00000011.721981	000000000.158893
000000019.950480	-00000011.987457	000000000.487540
000000008.051504	-00000004.885772	-00000000.197278
000000009.675480	-00000005.871225	-00000000.237068
000000011.532480	-00000006.998081	-00000000.094177
000000019.474419	-00000011.817368	-00000000.159033
000000019.277725	-00000011.813405	000000000.157846
000000019.819536	-00000012.145428	000000000.486911
000000049.442284	-00000030.298271	000000001.214660
000000008.076574	-00000004.997936	-00000000.198953
000000012.100217	-00000007.487842	-00000000.099343
000000019.472591	-00000012.050005	-00000000.159871
000000019.326546	-00000012.076566	000000000.159103
000000019.661922	-00000012.286133	000000000.485655
000000009.005026	-00000005.681748	-00000000.223037
000000017.134027	-00000010.810767	-00000000.141440
000000019.459723	-00000012.278171	-00000000.160639
000000017.246935	-00000010.987510	000000000.142767
000000019.540903	-00000012.448929	000000000.161756
000000019.714167	-00000012.559309	000000000.489634
000000008.635576	-00000005.554590	-00000000.215079
000000012.169538	-00000007.827710	-00000000.101019
000000016.946524	-00000010.900370	-00000000.140672
000000017.284580	-00000011.224737	000000000.143884
000000019.696051	-00000012.790765	000000000.491937
000000007.976420	-00000005.229570	-00000000.199791
000000009.539932	-00000006.254653	-00000000.238953
000000017.101635	-00000011.212324	-00000000.142767
000000017.194307	-00000011.380664	000000000.143954
000000017.432728	-00000011.538471	000000000.437906
000000047.546078	-00000031.470062	000000001.194346
000000007.930480	-00000005.298977	-00000000.199791
000000010.482533	-00000007.004204	-00000000.264084
000000016.820219	-00000011.238912	-00000000.141231
000000016.969984	-00000011.446400	000000000.142906
000000005.933613	-00000004.040053	-00000000.150367
000000008.338462	-00000005.677456	-00000000.211309
000000010.082183	-00000006.864714	-00000000.255498
000000016.729769	-00000011.390894	-00000000.141301
000000016.457397	-00000011.310857	000000000.139416
000000041.872833	-00000028.778400	000000000.354718
000000017.236938	-00000011.846620	000000000.438115
000000047.665241	-00000032.759415	000000001.211519
000000007.836792	-00000005.436576	-00000000.199791
000000010.720141	-00000007.436827	-00000000.273299
000000016.029942	-00000011.120366	-00000000.136204
000000016.734869	-00000011.717881	000000000.142627
000000017.173851	-00000012.025260	000000000.439163
000000047.115482	-00000032.990616	000000001.204817
000000008.776972	-00000006.202950	-00000000.225131
000000015.687302	-00000011.086688	-00000000.134110
000000016.444733	-00000011.729915	000000000.141021
000000016.319435	-00000011.640540	000000000.419895
000000046.044415	-00000032.843163	000000001.184713
000000007.740718	-00000005.572519	-00000000.199791
000000009.608802	-00000006.917347	-00000000.082658
000000016.271662	-00000011.713920	-00000000.139974
000000016.050507	-00000011.661375	000000000.138508
000000016.459885	-00000011.958807	000000000.426178
000000044.987656	-00000032.685444	000000001.164817
000000008.909259	-00000006.532539	-00000000.231414
000000015.701094	-00000011.512518	-00000000.135925
000000015.570329	-00000011.521437	000000000.135227
000000015.928948	-00000011.786802	000000000.415079
000000006.881261	-00000005.138481	-00000000.179895
000000015.696179	-00000011.720893	-00000000.136763
000000015.708777	-00000011.837413	000000000.137321
000000038.812740	-00000029.247496	000000000.339289
000000039.843174	-00000030.023985	000000001.045027
000000044.274628	-00000033.363323	000000001.161257
000000007.194280	-00000005.470657	-00000000.189319
000000008.825727	-00000006.711238	-00000000.232251
000000015.553501	-00000011.827157	-00000000.136414
000000015.390679	-00000011.809684	000000000.135436
000000039.206856	-00000030.084478	000000001.035184
000000006.545474	-00000005.068047	-00000000.173403
000000008.964454	-00000006.941021	-00000000.237487
000000007.297886	-00000005.650628	-00000000.064437
000000015.584111	-00000012.066508	-00000000.137601
000000015.491914	-00000012.103609	000000000.137252
000000038.816776	-00000030.326988	000000001.031833
000000006.171237	-00000004.865011	-00000000.164607
000000008.825027	-00000006.957090	-00000000.235393
000000007.224740	-00000005.695526	-00000000.064228
000000007.381799	-00000005.819341	-00000000.065624
000000015.321160	-00000012.078229	-00000000.136204
000000014.751804	-00000011.734116	000000000.131597
000000037.243416	-00000029.624750	000000000.332238
000000037.400463	-00000029.749674	000000001.001048
000000043.026184	-00000034.224575	000000001.151624
000000005.808865	-00000004.662107	-00000000.156021
000000007.750351	-00000006.220315	-00000000.208168
000000014.692666	-00000011.792111	-00000000.131527
000000014.594446	-00000011.818350	000000000.131108
000000014.140955	-00000011.451119	000000000.381152
000000042.508331	-00000034.422565	000000001.145760
000000008.330638	-00000006.806417	-00000000.225340
000000013.598003	-00000011.110035	-00000000.122591
000000014.675942	-00000012.097913	000000000.132784
000000036.033989	-00000029.704130	000000000.326025
000000014.063631	-00000011.593163	000000000.381780
000000041.812881	-00000034.467880	000000001.135079
000000005.888037	-00000004.897028	-00000000.160419
000000008.662948	-00000007.204897	-00000000.236021
000000013.044384	-00000010.848900	-00000000.355393
000000013.277575	-00000011.042843	-00000000.120566
000000033.912788	-00000028.204967	-00000000.307943
000000013.474394	-00000011.306358	000000000.122800
000000035.497635	-00000029.786053	000000000.323512
000000014.490382	-00000012.158875	000000000.396231
000000036.639530	-00000030.744215	000000001.001885
000000005.631421	-00000004.767349	-00000000.154555
000000008.363194	-00000007.079966	-00000000.229529
000000008.586156	-00000007.268718	-00000000.078539
000000013.340978	-00000011.293972	-00000000.122032
000000014.272472	-00000012.189843	000000000.131038
000000037.274529	-00000031.835453	000000001.026807
000000005.741083	-00000004.946834	-00000000.158744
000000008.043575	-00000006.930788	-00000000.222409
000000013.014649	-00000011.214139	-00000000.119938
000000021.824915	-00000018.805550	-00000000.201130
000000014.422149	-00000012.536983	000000000.133412
000000022.006796	-00000019.130215	000000000.203574
000000022.017595	-00000019.139605	000000000.611100
000000005.404543	-00000004.739657	-00000000.150576
000000006.719974	-00000005.893259	-00000000.187225
000000008.170706	-00000007.165517	-00000000.227644
000000013.096730	-00000011.485524	-00000000.121614
000000021.434431	-00000018.797491	-00000000.199036
000000022.071186	-00000019.526936	000000000.205738
000000021.984518	-00000019.450258	000000000.614869
000000006.601160	-00000005.891760	-00000000.185340
000000008.078030	-00000007.209917	-00000000.226806
000000012.672734	-00000011.310848	-00000000.355812
000000013.063147	-00000011.659304	-00000000.122242
000000021.989120	-00000019.799091	000000000.206575
000000022.021982	-00000019.828682	000000000.620733
000000006.379281	-00000005.794531	-00000000.180524
000000007.866793	-00000007.145692	-00000000.222618
000000012.277526	-00000011.152119	-00000000.347435
000000012.709235	-00000011.544257	-00000000.119868
000000020.621975	-00000018.731684	-00000000.194498
000000031.849606	-00000029.184786	000000000.301590
000000037.659237	-00000034.508335	000000001.069948
000000006.666186	-00000006.162159	-00000000.190157
000000012.417091	-00000011.478241	-00000000.118053
000000020.281494	-00000018.748020	-00000000.192822
000000012.132862	-00000011.314077	000000000.115819
000000019.950844	-00000018.604462	000000000.190449
000000021.859629	-00000020.384434	000000000.208670
000000020.012762	-00000018.662201	000000000.573194
000000021.862680	-00000020.387278	000000000.626178
000000006.539337	-00000006.151594	-00000000.188063
000000012.469408	-00000011.730047	-00000000.119519
000000019.874773	-00000018.860455	000000000.191287
000000019.899908	-00000018.884308	000000000.574660
000000007.236500	-00000006.927442	-00000000.209843
000000012.161942	-00000011.642526	-00000000.352670
000000011.904267	-00000011.395857	-00000000.115051
000000012.926221	-00000012.482706	000000000.125453
000000019.342575	-00000018.678907	000000000.187726
000000019.367573	-00000018.703047	000000000.563979
000000005.020175	-00000004.890439	-00000000.146806
000000006.710277	-00000006.536862	-00000000.196230
000000007.483714	-00000007.290311	-00000000.218848
000000011.417575	-00000011.122509	-00000000.111281
000000013.065029	-00000012.727387	-00000000.127338
000000019.848242	-00000019.335302	-00000000.193451
000000012.716946	-00000012.496907	000000000.124476
000000019.745573	-00000019.403921	000000000.579896
000000029.957079	-00000029.438740	000000000.879791
000000005.005709	-00000004.962215	-00000000.147644
000000006.709780	-00000006.651480	-00000000.197906
000000005.035092	-00000004.991343	-00000000.049497
000000006.959647	-00000006.899176	-00000000.068416
000000011.227757	-00000011.130202	-00000000.110374
000000012.253861	-00000012.253861	000000000.120985
000000012.498906	-00000012.498906	000000000.370262
000000006.461438	-00000006.518072	-00000000.192251
000000012.059478	-00000012.165178	-00000000.119589
000000012.048337	-00000012.260477	000000000.120008
000000028.210911	-00000028.707630	000000000.280996
000000012.130078	-00000012.343657	000000000.362513
000000012.942954	-00000013.170846	000000000.386806
000000031.253696	-00000031.803993	000000000.934032
000000006.906610	-00000007.089834	-00000000.207330
000000012.027269	-00000012.346337	-00000000.361047
000000011.603972	-00000011.911811	-00000000.116098
000000011.781118	-00000012.199705	000000000.118402
000000028.453913	-00000029.464890	000000000.858011
000000011.054869	-00000011.548066	-00000000.334869
000000010.572977	-00000011.044676	-00000000.106743
000000011.762351	-00000012.287111	-00000000.118751
000000011.157955	-00000011.758031	000000000.113166
000000012.383197	-00000013.049167	000000000.125593
000000026.838291	-00000028.281658	000000000.272199
000000012.470250	-00000013.140902	000000000.379477
000000031.237562	-00000032.917522	000000000.950576
000000006.535212	-00000006.947135	-00000000.199791
000000010.563205	-00000011.229017	-00000000.322932
000000010.661188	-00000011.333177	-00000000.108628
000000012.132456	-00000013.010466	000000000.124197
000000026.140362	-00000028.032106	000000000.267592
000000027.383047	-00000029.364723	000000000.841048
000000032.108261	-00000034.431892	000000000.986179
000000005.089889	-00000005.506211	-00000000.157068
000000010.709126	-00000011.585068	-00000000.330471
000000005.131608	-00000005.551343	-00000000.052778
000000010.860547	-00000011.748874	-00000000.111700
000000012.367448	-00000013.379029	-00000000.127199
000000010.964561	-00000011.965719	000000000.113306
000000031.880865	-00000034.791859	000000000.988482
000000005.949142	-00000006.549494	-00000000.185340
000000010.701732	-00000011.781688	-00000000.333403
000000005.661191	-00000006.232485	-00000000.058782
000000010.858459	-00000011.954231	-00000000.112747
000000011.696117	-00000012.989855	000000000.122032
000000025.299213	-00000028.097622	000000000.263961
000000010.489667	-00000011.649956	000000000.328377
000000026.592108	-00000029.533527	000000000.832461
000000030.238071	-00000033.582779	000000000.946597
000000010.631798	-00000011.911923	-00000000.334450
000000010.627213	-00000011.906786	-00000000.111421
000000024.980167	-00000028.234943	000000000.263194
000000025.869638	-00000029.240307	000000000.817801
000000007.158925	-00000008.163189	-00000000.227435
000000010.487891	-00000011.959147	-00000000.333194
000000010.575650	-00000012.059217	-00000000.111979
000000011.461071	-00000013.184455	000000000.121963
000000024.437603	-00000028.112247	000000000.260052
000000025.574133	-00000029.419674	000000000.816545
000000004.561790	-00000005.294218	-00000000.146388
000000010.219975	-00000011.860866	-00000000.327958
000000010.417791	-00000012.090443	-00000000.111421
000000011.371558	-00000013.314384	000000000.122242
000000011.462479	-00000013.420838	000000000.123219
000000024.087440	-00000028.202770	000000000.258935
000000025.115141	-00000029.406052	000000000.810053
000000027.244864	-00000031.899635	000000000.878744
000000010.697466	-00000012.636357	-00000000.346806
000000021.504751	-00000025.402437	-00000000.697173
000000009.885456	-00000011.677173	-00000000.106813
000000023.711857	-00000028.258690	000000000.257539
000000024.632647	-00000029.356045	000000000.802723
000000023.235371	-00000028.186758	000000000.255025
000000024.432764	-00000029.639313	000000000.804608
000000022.768257	-00000028.116455	000000000.252582
000000023.814552	-00000029.408522	000000000.792671
000000004.867946	-00000006.119847	000000000.054593
000000022.391306	-00000028.149731	000000000.251116
000000023.320509	-00000029.317898	000000000.784712
000000021.904703	-00000028.036741	000000000.248393
000000023.088396	-00000029.551800	000000000.785550
000000021.421791	-00000027.917423	000000000.245671
000000022.409679	-00000029.204863	000000000.771100
000000023.152206	-00000030.172543	000000000.796650
000000021.117174	-00000028.023438	000000000.244972
000000022.117867	-00000029.351402	000000000.769843
000000004.722778	-00000006.382468	000000000.055431
000000020.818291	-00000028.134304	000000000.244344
000000021.539757	-00000029.109310	000000000.758534
000000020.571983	-00000028.314905	000000000.244344
000000021.214394	-00000029.199106	000000000.756021
000000020.353142	-00000028.534054	000000000.244693
000000020.860081	-00000029.244755	000000000.752461
000000019.707607	-00000028.145378	000000000.239876
000000020.678631	-00000029.532146	000000000.755184
000000019.325310	-00000028.118500	000000000.238201
000000020.578688	-00000029.942177	000000000.761048
000000018.989727	-00000028.153429	000000000.237084
000000019.796679	-00000029.349783	000000000.741571
000000018.655016	-00000028.184654	000000000.235967
000000019.423922	-00000029.346344	000000000.737173
000000007.096474	-00000010.927611	000000000.090966
000000018.321211	-00000028.212191	000000000.234850
000000019.128973	-00000029.456036	000000000.735707
000000017.923878	-00000028.134853	000000000.232895
000000018.785248	-00000029.486931	000000000.732356
000000017.571695	-00000028.120590	000000000.231499
000000018.580193	-00000029.734524	000000000.734451
000000017.205458	-00000028.076757	000000000.229893
000000018.001350	-00000029.375536	000000000.721676
000000016.913439	-00000028.148687	000000000.229265
000000017.569244	-00000029.240133	000000000.714555
000000016.585949	-00000028.157354	000000000.228148
000000017.252520	-00000029.288967	000000000.712042
000000016.239605	-00000028.127819	000000000.226751
000000016.931286	-00000029.325846	000000000.709320
