000000004.380540	000000004.907981	-00000000.137801
000000004.940722	000000005.535611	-00000000.051801
000000005.746419	000000006.438318	-00000000.060248
000000004.618147	000000005.084183	-00000000.143874
000000004.343372	000000004.698633	-00000000.134031
000000005.104457	000000005.521971	-00000000.052499
000000006.305905	000000006.821690	-00000000.064856
000000004.445862	000000004.726091	-00000000.135916
000000004.844126	000000005.149457	-00000000.049358
000000005.995205	000000006.373091	-00000000.061086
000000004.424713	000000004.622116	-00000000.134031
000000005.144732	000000005.374257	-00000000.051941
000000004.583478	000000004.705072	-00000000.137592
000000005.003036	000000005.135760	-00000000.050056
000000006.398582	000000006.568329	-00000000.064018
000000004.589170	000000004.629393	-00000000.136545
000000005.019503	000000005.063498	-00000000.049776
000000006.638697	000000006.696885	-00000000.065833
000000004.792700	000000004.751057	-00000000.141361
000000005.042193	000000004.998383	-00000000.049567
000000006.682682	000000006.624617	-00000000.065694
000000004.791009	000000004.667194	-00000000.140105
000000005.042643	000000004.912325	-00000000.049148
000000007.033914	000000006.852135	-00000000.068556
000000004.838777	000000004.632121	-00000000.140314
000000005.034754	000000004.819728	-00000000.048659
000000004.857169	000000004.569168	-00000000.139686
000000005.003787	000000004.707092	-00000000.047961
000000004.794075	000000004.431597	-00000000.136754
000000004.949213	000000004.575006	-00000000.047054
000000004.869567	000000004.423203	-00000000.137801
000000004.944537	000000004.491301	-00000000.046635
000000004.848310	000000004.327281	-00000000.136126
000000004.968621	000000004.434664	-00000000.046495
000000004.900920	000000004.297992	-00000000.136545
000000005.022167	000000004.404323	-00000000.046635
000000004.885222	000000004.209377	-00000000.135079
000000005.045260	000000004.347274	-00000000.046495
000000004.975184	000000004.211804	-00000000.136545
000000005.037211	000000004.264314	-00000000.046076
000000004.957942	000000004.123477	-00000000.135079
000000005.089609	000000004.232983	-00000000.046216
000000005.071159	000000004.143311	-00000000.137173
000000005.203792	000000004.251676	-00000000.046914
000000005.114920	000000004.105157	-00000000.137382
000000005.310884	000000004.262435	-00000000.047542
000000005.197658	000000004.097503	-00000000.138639
000000005.371437	000000004.234499	-00000000.047752
000000006.965591	000000005.491230	-00000000.061924
000000005.296458	000000004.100956	-00000000.140314
000000005.661199	000000004.383369	-00000000.049986
000000008.135998	000000006.299562	-00000000.071837
000000005.459376	000000004.151406	-00000000.143665
000000006.686254	000000005.084345	-00000000.058643
000000008.238420	000000006.264640	-00000000.072256
000000005.623568	000000004.199317	-00000000.147016
000000006.794466	000000005.073668	-00000000.059201
000000005.611623	000000004.114613	-00000000.145759
000000006.838483	000000005.014184	-00000000.059201
000000005.704114	000000004.106374	-00000000.147225
000000006.881979	000000004.954316	-00000000.059201
000000005.682579	000000004.016049	-00000000.145759
000000006.957617	000000004.917158	-00000000.059480
000000005.717409	000000003.966307	-00000000.145759
000000007.148154	000000004.958851	-00000000.060737
000000005.718747	000000003.893756	-00000000.144922
000000007.075436	000000004.817493	-00000000.059760
000000010.760645	000000007.258147	000000000.090617
000000010.874587	000000007.335002	000000000.274765
000000005.777446	000000003.860366	-00000000.145550
000000007.250238	000000004.844454	-00000000.060877
000000005.819275	000000003.815284	-00000000.145759
000000007.258787	000000004.759069	-00000000.060597
000000011.305003	000000007.341555	000000000.094107
000000010.992559	000000007.138651	000000000.274555
000000006.129830	000000003.942839	-00000000.152670
000000007.333682	000000004.717183	-00000000.060877
000000011.334905	000000007.221130	000000000.093828
000000011.054437	000000007.042453	000000000.274555
000000005.969529	000000003.766492	-00000000.147853
000000007.239254	000000004.567629	-00000000.059760
000000011.694298	000000007.307408	000000000.096272
000000011.437659	000000007.147043	000000000.282513
000000006.155200	000000003.808953	-00000000.151623
000000007.380877	000000004.567426	-00000000.060597
000000011.365417	000000006.964736	000000000.093060
000000011.320578	000000006.937259	000000000.278115
000000006.136921	000000003.723975	-00000000.150367
000000007.523041	000000004.565094	-00000000.061435
000000007.800033	000000004.686732	000000000.063529
000000011.734334	000000007.050699	000000000.095573
000000011.612070	000000006.977235	000000000.283770
000000006.409766	000000003.813410	-00000000.156230
000000007.657125	000000004.555511	-00000000.062203
000000012.002202	000000007.069837	000000000.097249
000000011.827574	000000006.966973	000000000.287539
000000006.373708	000000003.717037	-00000000.154555
000000007.636120	000000004.453254	-00000000.061714
000000012.591702	000000007.269823	000000000.101508
000000011.818654	000000006.823503	000000000.285864
000000006.701025	000000003.829951	-00000000.161675
000000007.718100	000000004.411257	-00000000.062063
000000011.906176	000000006.736190	000000000.095504
000000012.330235	000000006.976111	000000000.296754
000000006.699300	000000003.751788	-00000000.160838
000000007.712677	000000004.319306	-00000000.061714
000000013.381355	000000007.417407	000000000.106813
000000012.565529	000000006.965186	000000000.300943
000000006.784377	000000003.722036	-00000000.162094
000000007.890348	000000004.328794	-00000000.062831
000000013.094055	000000007.109492	000000000.104021
000000013.100289	000000007.112877	000000000.312251
000000006.807792	000000003.657959	-00000000.161885
000000007.963058	000000004.278706	-00000000.063111
000000008.917554	000000004.741548	000000000.070511
000000013.314526	000000007.079459	000000000.105277
000000013.029449	000000006.927881	000000000.309110
000000006.989869	000000003.677548	-00000000.165445
000000008.079741	000000004.250957	-00000000.063739
000000013.863642	000000007.216955	000000000.109117
000000013.213562	000000006.878545	000000000.312042
000000007.252789	000000003.735432	-00000000.170890
000000007.885390	000000004.061243	-00000000.061924
000000008.615823	000000004.389981	000000000.067509
000000013.979551	000000007.122937	000000000.109536
000000013.611593	000000006.935453	000000000.320000
000000007.401172	000000003.730498	-00000000.173613
000000008.206276	000000004.136304	-00000000.064158
000000008.626957	000000004.301242	000000000.067299
000000008.714748	000000004.345014	000000000.203979
000000013.868441	000000006.914549	000000000.324608
000000007.352743	000000003.625972	-00000000.171728
000000008.233091	000000004.060112	-00000000.064088
000000008.619225	000000004.203877	000000000.066950
000000008.653488	000000004.220588	000000000.201676
000000007.483161	000000003.609448	-00000000.174032
000000008.295229	000000004.001143	-00000000.064297
000000008.628506	000000004.115586	000000000.066741
000000008.689990	000000004.144913	000000000.201676
000000007.460118	000000003.518420	-00000000.172775
000000008.311740	000000003.920071	-00000000.064158
000000008.845348	000000004.124654	000000000.068137
000000008.807380	000000004.106949	000000000.203560
000000007.653968	000000003.528528	-00000000.176545
000000008.472770	000000003.906000	-00000000.065135
000000008.862806	000000004.039014	000000000.067997
000000016.943068	000000007.721400	000000000.129991
000000017.349155	000000007.906466	000000000.399372
000000007.711815	000000003.473919	-00000000.177173
000000008.460945	000000003.811378	-00000000.064786
000000011.610880	000000005.169497	000000000.088732
000000016.708340	000000007.439032	000000000.127687
000000021.065844	000000009.379118	000000000.160988
000000019.271582	000000008.580261	000000000.441885
000000026.550941	000000011.821241	000000000.608796
000000007.879103	000000003.466888	-00000000.180314
000000008.585413	000000003.777672	-00000000.065484
000000016.635063	000000007.233131	000000000.126640
000000021.807158	000000009.482022	000000000.166014
000000026.753944	000000011.632946	000000000.611100
000000007.872313	000000003.382213	-00000000.179477
000000008.746679	000000003.757870	-00000000.066462
000000010.988475	000000004.721022	-00000000.083496
000000011.634898	000000004.938721	000000000.088243
000000016.228104	000000006.888422	000000000.123080
000000016.890852	000000007.169742	000000000.128106
000000026.679583	000000011.324811	000000000.607121
000000008.150469	000000003.417775	-00000000.185131
000000008.935909	000000003.747138	-00000000.067648
000000011.056920	000000004.636551	-00000000.083705
000000011.769938	000000004.875268	000000000.088941
000000017.608715	000000007.293768	000000000.133063
000000026.749683	000000011.080081	000000000.606492
000000008.235503	000000003.369233	-00000000.186388
000000009.033055	000000003.695521	-00000000.068137
000000012.108727	000000004.892243	000000000.091175
000000018.190905	000000007.349603	000000000.136972
000000027.179068	000000010.981056	000000000.614032
000000008.394597	000000003.349105	-00000000.189319
000000009.380748	000000003.742539	-00000000.070511
000000012.178869	000000004.797384	000000000.091385
000000018.635811	000000007.340841	000000000.139835
000000027.413391	000000010.798422	000000000.617173
000000008.470094	000000003.293839	-00000000.190367
000000009.468969	000000003.682281	-00000000.070930
000000012.313625	000000004.726758	000000000.092083
000000020.799665	000000007.984243	000000000.155542
000000027.665255	000000010.619697	000000000.620733
000000008.713549	000000003.301268	-00000000.195183
000000009.799977	000000003.712879	-00000000.073164
000000012.270107	000000004.587605	000000000.091455
000000027.635134	000000010.332354	000000000.618011
000000040.876774	000000015.283200	000000000.914137
000000008.676367	000000003.200881	-00000000.193717
000000009.832006	000000003.627218	-00000000.073164
000000012.262690	000000004.463254	000000000.091105
000000041.337406	000000015.045586	000000000.921466
000000009.042718	000000003.246667	-00000000.201257
000000010.173865	000000003.652791	-00000000.075467
000000012.122074	000000004.292652	000000000.089779
000000012.317622	000000004.361899	000000000.273717
000000008.674274	000000003.029192	-00000000.192461
000000010.384727	000000003.626509	-00000000.076794
000000012.159072	000000004.186704	000000000.089779
000000012.279593	000000004.228203	000000000.272042
000000009.003331	000000003.056219	-00000000.199162
000000010.605359	000000003.600034	-00000000.078190
000000012.157212	000000004.067747	000000000.089500
000000012.429796	000000004.158952	000000000.274555
000000008.649861	000000002.852297	-00000000.190785
000000010.864293	000000003.582506	-00000000.079866
000000012.391964	000000004.026393	000000000.090966
000000009.064820	000000002.901672	-00000000.199372
000000011.199902	000000003.585117	-00000000.082100
000000012.302649	000000003.879010	000000000.090058
000000022.306896	000000007.033337	000000000.163292
000000044.109268	000000013.907598	000000000.968796
000000008.726968	000000002.709796	-00000000.191414
000000011.230762	000000003.487244	-00000000.082100
000000012.536850	000000003.832900	000000000.091524
000000016.142031	000000004.935114	000000000.117844
000000022.204855	000000006.788705	000000000.162105
000000009.123653	000000002.745908	-00000000.199581
000000011.595906	000000003.489972	-00000000.084543
000000015.244862	000000004.515734	000000000.111002
000000088.623444	000000026.251459	000000001.936127
000000008.734538	000000002.545886	-00000000.190576
000000011.673922	000000003.402638	-00000000.084892
000000015.514385	000000004.448678	000000000.112678
000000027.116531	000000007.775540	000000000.196941
000000009.016228	000000002.542839	-00000000.196230
000000011.972651	000000003.376637	-00000000.086847
000000015.851336	000000004.395964	000000000.114842
000000041.011112	000000011.373388	000000000.297122
000000041.032021	000000011.379187	000000000.891938
000000008.661890	000000002.361502	-00000000.188063
000000012.194615	000000003.324634	-00000000.088243
000000015.927729	000000004.267822	000000000.115121
000000085.475349	000000022.903049	000000001.853614
000000009.030229	000000002.377461	-00000000.195602
000000012.609972	000000003.319928	-00000000.091036
000000016.206396	000000004.191259	000000000.116866
000000016.532335	000000004.275553	000000000.357697
000000008.663024	000000002.200128	-00000000.187225
000000012.793536	000000003.249144	-00000000.092153
000000016.319977	000000004.069027	000000000.117425
000000016.520514	000000004.119027	000000000.356649
000000008.992655	000000002.200489	-00000000.193927
000000013.297348	000000003.253840	-00000000.095573
000000016.393759	000000003.935793	000000000.117704
000000016.769703	000000004.026049	000000000.361257
000000008.700102	000000002.048602	-00000000.187225
000000013.159767	000000003.098714	-00000000.094387
000000016.544399	000000003.819576	000000000.118542
000000038.303829	000000008.843136	000000000.823456
000000009.049191	000000002.047623	-00000000.194346
000000014.249404	000000003.224311	-00000000.101996
000000016.577103	000000003.675055	000000000.118542
000000008.666139	000000001.881603	-00000000.185759
000000013.290020	000000002.885546	-00000000.094945
000000016.901979	000000003.592627	000000000.120636
000000020.472130	000000004.351486	000000000.146118
000000009.005242	000000001.873093	-00000000.192670
000000015.634975	000000003.252079	-00000000.111491
000000017.412838	000000003.542682	000000000.124057
000000020.430933	000000004.156720	000000000.145559
000000020.603298	000000004.191788	000000000.440419
000000035.054016	000000007.131820	000000000.749320
000000008.687852	000000001.728121	-00000000.185550
000000012.995089	000000002.584884	-00000000.092502
000000015.917757	000000003.166239	-00000000.113306
000000020.456612	000000003.976363	000000000.145489
000000020.560579	000000003.996572	000000000.438744
000000008.977628	000000001.704456	-00000000.191414
000000017.546137	000000003.331238	-00000000.124685
000000020.451202	000000003.790406	000000000.145210
000000053.683773	000000009.949699	000000001.143666
000000008.677335	000000001.569118	-00000000.184712
000000013.116942	000000002.371930	-00000000.093060
000000018.184628	000000003.288316	-00000000.129014
000000020.542589	000000003.622213	000000000.145629
000000024.353703	000000004.294215	000000000.172647
000000031.585705	000000005.569412	000000000.671833
000000009.025713	000000001.550901	-00000000.191833
000000018.212631	000000003.129503	-00000000.129014
000000020.632591	000000003.452712	000000000.146048
000000024.143682	000000004.040267	000000000.170901
000000024.543264	000000004.107134	000000000.521257
000000008.713266	000000001.419046	-00000000.184922
000000013.077383	000000002.129787	-00000000.092502
000000018.949869	000000003.086182	-00000000.134040
000000022.311337	000000003.533768	000000000.157707
000000024.345924	000000003.856015	000000000.172088
000000024.637421	000000003.902184	000000000.522513
000000028.468809	000000004.509017	000000000.603770
000000008.932829	000000001.374894	-00000000.189319
000000019.717333	000000003.034788	-00000000.139276
000000022.469893	000000003.358148	000000000.158614
000000024.289637	000000003.630111	000000000.171460
000000028.334614	000000004.234636	000000000.200013
000000094.637947	000000014.143736	000000002.004399
000000008.608079	000000001.248112	-00000000.182199
000000012.964118	000000001.879708	-00000000.091455
000000020.851446	000000003.023316	-00000000.147095
000000024.082733	000000003.384607	000000000.169784
000000028.380390	000000003.988604	000000000.200083
000000126.271088	000000017.746244	000000002.670996
000000008.915837	000000001.213392	-00000000.188482
000000024.884661	000000003.276128	000000000.175230
000000008.628551	000000001.097690	-00000000.182199
000000012.786633	000000001.626665	-00000000.089988
000000058.102238	000000007.134058	000000000.408683
000000058.061138	000000007.129011	000000001.225341
000000008.856228	000000001.048204	-00000000.186806
000000062.640900	000000007.137029	000000001.320629
000000008.527133	000000000.933873	-00000000.179686
000000012.852836	000000001.407614	-00000000.090268
000000008.763751	000000000.882463	-00000000.184503
000000046.195213	000000004.448093	000000000.324000
000000046.235966	000000004.452017	000000000.972985
000000008.542132	000000000.784912	-00000000.179686
000000012.656372	000000001.162957	-00000000.088732
000000046.361771	000000004.056129	000000000.324908
000000046.312893	000000004.051853	000000000.973823
000000008.648292	000000000.718618	-00000000.181780
000000089.932129	000000007.077812	000000001.889635
000000008.514648	000000000.632748	-00000000.178848
000000012.565046	000000000.933744	-00000000.087964
000000128.807129	000000009.007072	000000002.704713
000000008.749304	000000000.573460	-00000000.183665
000000008.464504	000000000.480649	-00000000.177592
000000012.509542	000000000.710343	-00000000.087475
000000008.618171	000000000.413960	-00000000.180733
000000056.245045	000000002.455712	000000000.393045
000000056.274033	000000002.456977	000000001.179896
000000008.451624	000000000.332065	-00000000.177173
000000012.370154	000000000.486025	-00000000.086428
000000081.972046	000000002.862527	000000001.718116
000000008.674049	000000000.265016	-00000000.181780
000000090.099342	000000002.359334	000000001.887959
000000008.456132	000000000.184513	-00000000.177173
000000012.316768	000000000.268753	-00000000.086009
000000051.400917	000000000.897206	000000000.358907
000000128.122375	000000002.236384	000000002.684190
000000008.727337	000000000.114247	-00000000.182827
000000051.416763	000000000.448707	000000001.077069
000000059.874584	000000000.522518	000000001.254241
000000008.458064	000000000.036906	-00000000.177173
000000012.399579	000000000.054104	-00000000.086568
000000073.493881	000000000.000000	000000001.539477
000000008.688011	-00000000.037909	-00000000.181990
000000127.797104	-00000001.115268	000000002.677070
000000008.457420	-00000000.110714	-00000000.177173
000000012.368639	-00000000.161914	-00000000.086358
000000127.672539	-00000002.228533	000000002.674766
000000008.726007	-00000000.190402	-00000000.182827
000000036.526588	-00000000.956482	000000000.255095
000000037.486237	-00000000.981612	000000000.261797
000000008.454200	-00000000.258299	-00000000.177173
000000012.453885	-00000000.380501	-00000000.086987
000000035.037788	-00000001.223547	000000000.244763
000000045.321266	-00000001.582654	000000000.316600
000000077.715569	-00000002.713887	000000001.628901
000000008.761317	-00000000.344233	-00000000.183665
000000034.796005	-00000001.519226	000000000.243157
000000045.185848	-00000001.972857	000000000.315762
000000045.336853	-00000001.979450	000000000.950576
000000008.498336	-00000000.408204	-00000000.178220
000000012.335477	-00000000.592515	-00000000.086219
000000035.041058	-00000001.836424	000000000.244972
000000035.842937	-00000001.878449	000000000.751833
000000008.783920	-00000000.498787	-00000000.184293
000000034.883961	-00000002.133595	000000000.243995
000000048.808067	-00000002.985229	000000001.024294
000000127.054649	-00000007.770995	000000002.666389
000000008.479940	-00000000.555805	-00000000.178011
000000012.472933	-00000000.817519	-00000000.087266
000000033.257977	-00000002.325624	000000000.232755
000000035.442585	-00000002.478387	000000000.248044
000000053.846672	-00000003.765326	000000001.130681
000000008.773877	-00000000.652012	-00000000.184293
000000032.488743	-00000002.556920	000000000.227519
000000035.280045	-00000002.776600	000000000.247067
000000072.739075	-00000005.724689	000000001.528378
000000008.548656	-00000000.710339	-00000000.179686
000000012.596281	-00000001.046670	-00000000.088243
000000031.777836	-00000002.780200	000000000.222702
000000035.563286	-00000003.111384	000000000.249231
000000036.838383	-00000003.222941	000000000.258167
000000079.299629	-00000006.937819	000000001.667436
000000008.840809	-00000000.812356	-00000000.185969
000000030.926207	-00000002.977855	000000000.216908
000000126.676193	-00000012.197530	000000002.665761
000000008.534958	-00000000.859425	-00000000.179686
000000012.496500	-00000001.258331	-00000000.087685
000000030.342123	-00000003.189086	000000000.212998
000000035.752193	-00000003.757707	000000000.250976
000000126.554985	-00000013.301465	000000002.665551
000000008.815346	-00000000.965437	-00000000.185759
000000029.478559	-00000003.358658	000000000.207134
000000064.905746	-00000007.395075	000000001.368378
000000008.518659	-00000001.008250	-00000000.179686
000000012.512358	-00000001.480935	-00000000.087964
000000028.445679	-00000003.492690	000000000.200083
000000051.611004	-00000006.337034	000000001.089215
000000008.767401	-00000001.115354	-00000000.185131
000000027.273983	-00000003.590688	000000000.192054
000000027.238930	-00000003.586073	000000000.575498
000000008.499764	-00000001.156767	-00000000.179686
000000012.692683	-00000001.727398	-00000000.089430
000000026.122635	-00000003.671297	000000000.184166
000000035.827026	-00000005.035160	000000000.252582
000000027.077892	-00000003.805550	000000000.572775
000000008.815860	-00000001.278239	-00000000.186597
000000025.061052	-00000003.745399	000000000.176905
000000027.177494	-00000004.061704	000000000.191845
000000026.717348	-00000003.992934	000000000.565864
000000008.488164	-00000001.306453	-00000000.179895
000000012.611186	-00000001.941047	-00000000.089081
000000024.434814	-00000003.870094	000000000.172716
000000026.543240	-00000004.204036	000000000.562932
000000008.831680	-00000001.438330	-00000000.187435
000000022.792505	-00000003.814157	000000000.161337
000000026.485823	-00000004.432207	000000000.562513
000000008.582311	-00000001.474711	-00000000.182408
000000012.535968	-00000002.154073	-00000000.088802
000000021.803112	-00000003.844477	000000000.154565
000000024.393093	-00000004.301161	000000000.172926
000000021.670864	-00000003.821158	000000000.460943
000000024.723101	-00000004.359350	000000000.525864
000000008.785557	-00000001.588687	-00000000.187016
000000020.107073	-00000003.726626	000000000.142767
000000023.823685	-00000004.415459	000000000.169156
000000021.518728	-00000003.988261	000000000.458430
000000008.437398	-00000001.601890	-00000000.179895
000000012.457168	-00000002.365067	-00000000.088522
000000017.162989	-00000003.258495	-00000000.121963
000000019.239424	-00000003.739765	000000000.136833
000000021.404593	-00000004.160631	000000000.456754
000000008.658435	-00000001.722270	-00000000.184922
000000012.897012	-00000002.565375	-00000000.091804
000000018.065624	-00000003.593476	-00000000.128595
000000018.774900	-00000003.819797	000000000.133761
000000020.372139	-00000004.144759	000000000.145140
000000024.330938	-00000004.950185	000000000.173345
000000021.249907	-00000004.323342	000000000.454241
000000008.574557	-00000001.783511	-00000000.183456
000000012.453156	-00000002.590260	-00000000.088802
000000015.415231	-00000003.276608	000000000.110025
000000015.480680	-00000003.290520	000000000.331519
000000008.763841	-00000001.902816	-00000000.187854
000000014.560389	-00000003.161370	-00000000.104021
000000015.112694	-00000003.350404	000000000.108070
000000015.148791	-00000003.358406	000000000.325026
000000008.532373	-00000001.930679	-00000000.183246
000000012.562103	-00000002.842514	-00000000.089919
000000015.102368	-00000003.486656	000000000.108210
000000015.079940	-00000003.481478	000000000.324189
000000008.787686	-00000002.069226	-00000000.189110
000000014.094188	-00000003.318741	-00000000.101089
000000015.022749	-00000003.606643	000000000.107860
000000017.142464	-00000004.115541	000000000.123080
000000015.136479	-00000003.633947	000000000.326073
000000016.964134	-00000004.072728	000000000.365445
000000008.565358	-00000002.095930	-00000000.184712
000000012.432876	-00000003.042305	-00000000.089360
000000016.902140	-00000004.214177	000000000.121614
000000016.830938	-00000004.196424	000000000.363351
000000008.750236	-00000002.222277	-00000000.189110
000000013.026146	-00000003.308219	-00000000.093828
000000016.709822	-00000004.321454	000000000.120497
000000016.783998	-00000004.340637	000000000.363142
000000008.546811	-00000002.250188	-00000000.185131
000000012.493929	-00000003.289377	-00000000.090198
000000014.015243	-00000003.755373	000000000.101298
000000016.768064	-00000004.492989	000000000.121195
000000016.677881	-00000004.468825	000000000.361676
000000008.748702	-00000002.385170	-00000000.189948
000000012.590168	-00000003.432474	-00000000.091105
000000014.145751	-00000003.922964	000000000.102485
000000016.724957	-00000004.638241	000000000.363560
000000008.496615	-00000002.396293	-00000000.184922
000000012.165138	-00000003.430924	-00000000.088243
000000014.293613	-00000004.098628	000000000.103811
000000016.664623	-00000004.778503	000000000.363142
000000008.667349	-00000002.526302	-00000000.189110
000000012.057933	-00000003.514567	-00000000.087685
000000014.890107	-00000004.410651	000000000.108419
000000016.989870	-00000005.032629	000000000.123708
000000016.708563	-00000004.949302	000000000.365026
000000008.530089	-00000002.567266	-00000000.186597
000000011.643784	-00000003.504381	-00000000.084892
000000015.137936	-00000004.628131	000000000.110513
000000017.021809	-00000005.204089	000000000.124266
000000016.951565	-00000005.182613	000000000.371309
000000008.679228	-00000002.694972	-00000000.190367
000000011.154362	-00000003.463521	-00000000.081541
000000015.173266	-00000004.784112	000000000.111072
000000018.349068	-00000005.785439	000000000.134319
000000020.666542	-00000006.516136	000000000.151284
000000017.020115	-00000005.366421	000000000.373822
000000024.095142	-00000007.597169	000000000.529215
000000008.436376	-00000002.700505	-00000000.185550
000000010.895142	-00000003.487562	-00000000.079866
000000011.526524	-00000003.745195	000000000.084613
000000017.546566	-00000005.701225	000000000.128804
000000024.840992	-00000008.071327	000000000.182351
000000023.961369	-00000007.785521	000000000.527749
000000008.706831	-00000002.871082	-00000000.192042
000000010.683855	-00000003.523007	-00000000.078539
000000018.975494	-00000006.349112	000000000.139695
000000023.963554	-00000008.018093	000000000.176416
000000017.378960	-00000005.814919	000000000.383875
000000023.845108	-00000007.978462	000000000.526702
000000008.473166	-00000002.876252	-00000000.187435
000000010.453854	-00000003.548605	-00000000.077073
000000011.223032	-00000003.864400	000000000.082868
000000020.195786	-00000006.953967	000000000.149120
000000021.935497	-00000007.552998	000000000.161965
000000023.840748	-00000008.209028	000000000.528168
000000008.645959	-00000003.019304	-00000000.191833
000000010.110947	-00000003.530901	-00000000.074769
000000011.056914	-00000003.915459	000000000.081890
000000020.209742	-00000007.156645	000000000.149678
000000023.980215	-00000008.491839	000000000.177603
000000023.815327	-00000008.433450	000000000.529215
000000008.459316	-00000003.037205	-00000000.188272
000000010.155042	-00000003.646033	-00000000.075328
000000010.937756	-00000003.981018	000000000.081262
000000018.727617	-00000006.816296	000000000.139137
000000018.630018	-00000006.780772	000000000.415288
000000008.620087	-00000003.180118	-00000000.192461
000000009.832006	-00000003.627218	-00000000.073164
000000010.696536	-00000003.999271	000000000.079726
000000010.863015	-00000004.061515	000000000.242932
000000008.358274	-00000003.166667	-00000000.187225
000000009.425933	-00000003.571167	-00000000.070371
000000010.745249	-00000004.124715	000000000.080354
000000010.780489	-00000004.138242	000000000.241885
000000008.516684	-00000003.311957	-00000000.191414
000000009.767204	-00000003.798258	-00000000.073164
000000010.522767	-00000004.145028	000000000.078958
000000010.716060	-00000004.221169	000000000.241257
000000008.199590	-00000003.271305	-00000000.184922
000000009.733686	-00000003.883347	-00000000.073164
000000010.588181	-00000004.277903	000000000.079726
000000010.632466	-00000004.295795	000000000.240210
000000008.355798	-00000003.418447	-00000000.189110
000000009.292200	-00000003.801539	-00000000.070092
000000010.227097	-00000004.236202	000000000.077283
000000010.613048	-00000004.396068	000000000.240628
000000008.307209	-00000003.483502	-00000000.188691
000000009.074237	-00000003.805143	-00000000.068696
000000010.456680	-00000004.438597	000000000.079307
000000017.120974	-00000007.267422	000000000.129851
000000017.789457	-00000007.551176	000000000.404817
000000008.129519	-00000003.492717	-00000000.185340
000000008.912057	-00000003.828922	-00000000.067718
000000010.234141	-00000004.449931	000000000.077911
000000016.919346	-00000007.356741	000000000.128804
000000017.704546	-00000007.698155	000000000.404398
000000007.860801	-00000003.458835	-00000000.179895
000000008.933223	-00000003.930712	-00000000.068137
000000015.712600	-00000006.995700	000000000.120078
000000017.877649	-00000007.959642	000000000.136623
000000017.846764	-00000007.945891	000000000.409215
000000007.684469	-00000003.461601	-00000000.176545
000000010.211486	-00000004.599939	-00000000.078190
000000011.437934	-00000005.212567	000000000.087754
000000015.614554	-00000007.115963	000000000.119798
000000018.235180	-00000008.310250	000000000.139904
000000017.949598	-00000008.180103	000000000.413194
000000007.508698	-00000003.461557	-00000000.173194
000000010.170956	-00000004.688875	-00000000.078190
000000011.401074	-00000005.316408	000000000.087824
000000015.479360	-00000007.218144	000000000.119240
000000017.146925	-00000007.995743	000000000.132085
000000018.185608	-00000008.480088	000000000.420314
000000020.840508	-00000009.718088	000000000.481676
000000007.414906	-00000003.497097	-00000000.171728
000000007.316864	-00000003.450857	-00000000.056478
000000010.319582	-00000004.867031	-00000000.079656
000000010.921016	-00000005.209057	000000000.084473
000000015.912190	-00000007.589725	000000000.123080
000000017.266035	-00000008.235476	000000000.133552
000000024.932961	-00000011.892412	000000000.578639
000000007.032910	-00000003.392273	-00000000.163560
000000009.374212	-00000004.521583	-00000000.218011
000000006.989248	-00000003.371213	-00000000.054175
000000009.934460	-00000004.791814	-00000000.077003
000000011.099836	-00000005.413752	000000000.086219
000000016.312714	-00000007.956242	000000000.126710
000000023.637707	-00000011.528880	000000000.183607
000000010.882009	-00000005.307510	000000000.253613
000000023.848763	-00000011.631819	000000000.555812
000000006.994073	-00000003.449095	-00000000.163351
000000009.477865	-00000004.673966	-00000000.221361
000000007.327272	-00000003.613410	-00000000.057037
000000010.008856	-00000004.935822	-00000000.077911
000000010.855289	-00000005.412248	000000000.084683
000000016.466391	-00000008.209840	000000000.128455
000000022.721828	-00000011.328686	000000000.177254
000000010.942646	-00000005.455802	000000000.256126
000000023.057402	-00000011.495996	000000000.539686
000000006.811935	-00000003.433498	-00000000.159791
000000009.561707	-00000004.819497	-00000000.224293
000000007.322249	-00000003.690717	-00000000.057246
000000009.885036	-00000004.982468	-00000000.077283
000000015.984268	-00000008.144391	000000000.125244
000000018.193911	-00000009.270260	000000000.142557
000000022.577555	-00000011.503839	000000000.176905
000000022.492981	-00000011.460746	000000000.528796
000000006.728384	-00000003.465345	-00000000.158534
000000009.305968	-00000004.792889	-00000000.219267
000000006.880825	-00000003.543858	-00000000.054035
000000010.036758	-00000005.169271	-00000000.078818
000000010.741439	-00000005.591639	000000000.084543
000000017.118891	-00000008.911530	000000000.134738
000000021.766716	-00000011.331036	000000000.171320
000000022.223616	-00000011.568882	000000000.524817
000000006.635952	-00000003.491343	-00000000.157068
000000009.591162	-00000005.046154	-00000000.227016
000000006.548749	-00000003.445463	-00000000.051661
000000010.088613	-00000005.307876	-00000000.079586
000000009.668040	-00000005.140588	000000000.076445
000000011.248478	-00000005.980922	000000000.088941
000000016.634327	-00000008.844628	000000000.131527
000000021.459747	-00000011.410351	000000000.509110
000000006.570004	-00000003.530190	-00000000.156230
000000006.580093	-00000003.535612	-00000000.052150
000000009.733605	-00000005.230055	-00000000.077143
000000010.738884	-00000005.830738	000000000.085311
000000010.894942	-00000005.915471	000000000.259686
000000021.394505	-00000011.616268	000000000.509948
000000006.232160	-00000003.419080	-00000000.148901
000000009.203612	-00000005.049274	-00000000.219895
000000009.599924	-00000005.266698	-00000000.076445
000000010.407721	-00000005.769094	000000000.083077
000000016.958462	-00000009.400229	000000000.135367
000000010.904116	-00000006.044250	000000000.261152
000000006.376547	-00000003.571038	-00000000.153089
000000006.351616	-00000003.557076	-00000000.050824
000000009.789166	-00000005.482197	-00000000.078330
000000010.269947	-00000005.810456	000000000.082379
000000021.201349	-00000011.995146	000000000.170064
000000010.189630	-00000005.765015	000000000.245236
000000012.025678	-00000006.803801	000000000.289424
000000006.102099	-00000003.487637	-00000000.147225
000000006.294288	-00000003.597482	-00000000.050614
000000009.298182	-00000005.314349	-00000000.074769
000000006.226571	-00000003.594913	000000000.050195
000000010.227511	-00000005.904856	000000000.082449
000000011.751678	-00000006.784834	000000000.094736
000000010.000400	-00000005.773734	000000000.241885
000000006.131887	-00000003.576011	-00000000.148691
000000009.076921	-00000005.293503	-00000000.220105
000000009.251452	-00000005.395288	-00000000.074769
000000009.753405	-00000005.745194	000000000.079028
000000010.061622	-00000005.926748	000000000.244607
000000011.818959	-00000006.961899	000000000.287330
000000005.911419	-00000003.516925	-00000000.144084
000000008.961643	-00000005.331617	-00000000.218429
000000005.723507	-00000003.405129	-00000000.046495
000000009.264175	-00000005.511605	-00000000.075258
000000009.822898	-00000005.902193	000000000.080005
000000011.982906	-00000007.200057	000000000.097598
000000010.103786	-00000006.070967	000000000.246911
000000011.980571	-00000007.198653	000000000.292775
000000005.786484	-00000003.511325	-00000000.141780
000000008.974606	-00000005.445925	-00000000.219895
000000009.275568	-00000005.628553	-00000000.075747
000000009.771018	-00000005.987688	000000000.080005
000000012.038985	-00000007.377500	000000000.098575
000000020.010977	-00000012.262742	000000000.163850
000000011.687133	-00000007.161884	000000000.287121
000000005.679107	-00000003.514338	-00000000.139895
000000008.127584	-00000005.029502	-00000000.200210
000000009.183580	-00000005.682972	-00000000.075398
000000006.241482	-00000003.900111	000000000.051382
000000009.328301	-00000005.828970	000000000.076794
000000011.957187	-00000007.471680	000000000.098436
000000006.155479	-00000003.846370	000000000.152042
000000010.182824	-00000006.362935	000000000.251518
000000005.944163	-00000003.750487	-00000000.147225
000000007.855088	-00000004.956192	-00000000.194555
000000008.996571	-00000005.676414	-00000000.222827
000000009.471921	-00000005.976337	-00000000.078190
000000006.097571	-00000003.884582	000000000.050475
000000006.087951	-00000003.878452	000000000.151204
000000005.692585	-00000003.661594	-00000000.141780
000000008.131063	-00000005.230076	-00000000.202513
000000009.318485	-00000005.993851	-00000000.077352
000000006.122146	-00000003.975768	000000000.050963
000000005.953255	-00000003.866089	000000000.148691
000000005.710582	-00000003.744021	-00000000.143037
000000008.770718	-00000005.750334	-00000000.219686
000000009.006583	-00000005.904974	-00000000.075188
000000005.920445	-00000003.918657	000000000.049567
000000009.531083	-00000006.308486	000000000.079796
000000017.469482	-00000011.562799	000000000.146257
000000005.985987	-00000003.962038	000000000.150367
000000005.503121	-00000003.677068	-00000000.138639
000000008.171554	-00000005.460058	-00000000.205864
000000006.061266	-00000004.050008	-00000000.050893
000000009.212459	-00000006.155568	-00000000.077352
000000005.977215	-00000004.031682	000000000.050335
000000006.034070	-00000004.070032	000000000.152461
000000005.536937	-00000003.769966	-00000000.140314
000000008.255820	-00000005.621188	-00000000.209215
000000005.810784	-00000003.956422	-00000000.049078
000000008.960014	-00000006.100657	-00000000.075677
000000005.612163	-00000003.857132	000000000.047542
000000005.800576	-00000003.986625	000000000.147435
000000005.191670	-00000003.601590	-00000000.132356
000000008.296814	-00000005.755705	-00000000.211518
000000005.595279	-00000003.881583	-00000000.047542
000000005.594672	-00000003.917432	000000000.047682
000000005.634530	-00000003.945340	000000000.144084
000000005.290677	-00000003.739081	-00000000.135707
000000007.633924	-00000005.395124	-00000000.195812
000000005.610191	-00000003.964891	-00000000.047961
000000008.966505	-00000006.336899	-00000000.076654
000000005.568415	-00000003.971911	000000000.047752
000000005.469656	-00000003.901468	000000000.140733
000000005.217276	-00000003.755901	-00000000.134660
000000008.000364	-00000005.759438	-00000000.206492
000000005.559146	-00000004.002013	-00000000.047822
000000008.651168	-00000006.227950	-00000000.074420
000000005.590171	-00000004.061497	000000000.048241
000000005.483932	-00000003.984310	000000000.141990
000000005.031110	-00000003.688963	-00000000.130681
000000008.393247	-00000006.154183	-00000000.218011
000000006.032059	-00000004.422888	-00000000.052220
000000009.104538	-00000006.675723	-00000000.078818
000000006.141316	-00000004.544335	000000000.053337
000000005.481102	-00000004.055802	000000000.142827
000000004.902598	-00000003.660944	-00000000.128168
000000007.546155	-00000005.634982	-00000000.197278
000000005.816961	-00000004.343731	-00000000.050684
000000009.037923	-00000006.748937	-00000000.078749
000000005.973648	-00000004.501467	000000000.052220
000000009.527490	-00000007.179479	000000000.083286
000000015.197664	-00000011.452261	000000000.132853
000000005.485423	-00000004.133563	000000000.143874
000000004.942088	-00000003.758051	-00000000.130052
000000005.030610	-00000003.825365	-00000000.044122
000000005.474005	-00000004.200352	000000000.048171
000000005.409483	-00000004.150843	000000000.142827
000000004.837959	-00000003.745948	-00000000.128168
000000004.902156	-00000003.795655	-00000000.043284
000000005.334703	-00000004.167927	000000000.047263
000000005.428203	-00000004.240977	000000000.144293
000000004.852194	-00000003.825161	-00000000.129424
000000005.693409	-00000004.488322	-00000000.050614
000000008.975954	-00000007.076072	-00000000.079796
000000005.313780	-00000004.226771	000000000.047403
000000005.430110	-00000004.319304	000000000.145340
000000004.647092	-00000003.729686	-00000000.124817
000000007.391683	-00000005.932453	-00000000.198534
000000004.819569	-00000003.868113	-00000000.043144
000000007.315138	-00000005.871019	-00000000.065484
000000005.307777	-00000004.298153	000000000.047682
000000005.361131	-00000004.341358	000000000.144503
000000005.071159	-00000004.143311	-00000000.137173
000000007.208014	-00000005.889195	-00000000.194974
000000005.428360	-00000004.435156	-00000000.048939
000000007.286857	-00000005.953612	-00000000.065694
000000005.347228	-00000004.407915	000000000.048380
000000013.742298	-00000011.328277	000000000.124336
000000005.230467	-00000004.311665	000000000.141990
000000004.319943	-00000003.592859	-00000000.117696
000000007.187095	-00000005.977444	-00000000.195812
000000004.359227	-00000003.625531	-00000000.039584
000000007.280755	-00000006.055340	-00000000.066113
000000005.385161	-00000004.518687	000000000.049078
000000013.520354	-00000011.344925	000000000.123219
000000005.139031	-00000004.312159	000000000.140524
000000004.280795	-00000003.623961	-00000000.117487
000000007.134659	-00000006.039935	-00000000.195812
000000004.273998	-00000003.618206	-00000000.039095
000000004.999051	-00000004.232009	-00000000.045727
000000005.502772	-00000004.658441	-00000000.050335
000000005.406355	-00000004.617463	000000000.049637
000000013.131891	-00000011.215694	000000000.120566
000000005.162024	-00000004.408785	000000000.142199
000000004.142972	-00000003.569813	-00000000.114555
000000005.922859	-00000005.103462	-00000000.163770
000000007.074105	-00000006.095439	-00000000.195602
000000004.204383	-00000003.622728	-00000000.038746
000000006.234608	-00000005.372082	-00000000.057456
000000005.245104	-00000004.559499	000000000.048520
000000005.213899	-00000004.532373	000000000.144712
000000004.231930	-00000003.711303	-00000000.117906
000000006.892859	-00000006.044875	-00000000.192042
000000004.240273	-00000003.718620	-00000000.039374
000000005.969463	-00000005.235078	-00000000.055431
000000004.516093	-00000003.995502	000000000.042097
000000005.121734	-00000004.531327	000000000.143246
000000004.072580	-00000003.634917	-00000000.114346
000000006.414687	-00000005.725327	-00000000.180105
000000004.565760	-00000004.075097	-00000000.042725
000000004.421604	-00000003.981230	000000000.041538
000000005.067136	-00000004.562470	000000000.142827
000000003.766884	-00000003.421597	-00000000.106597
000000007.119337	-00000006.466750	-00000000.201466
000000005.048165	-00000004.585430	-00000000.047612
000000007.816513	-00000007.100021	-00000000.073722
000000004.917520	-00000004.506077	000000000.046565
000000005.056613	-00000004.633533	000000000.143665
000000003.869031	-00000003.576495	-00000000.110367
000000005.337354	-00000004.933799	-00000000.152251
000000003.847756	-00000003.556829	-00000000.036582
000000010.449154	-00000009.659099	-00000000.099343
000000012.351004	-00000011.417150	-00000000.117425
000000005.016964	-00000004.678395	000000000.047891
000000004.979426	-00000004.643390	000000000.142618
000000003.611928	-00000003.397762	-00000000.103874
000000003.852988	-00000003.624530	-00000000.036931
000000005.069338	-00000004.768757	-00000000.048590
000000005.026722	-00000004.770181	000000000.048380
000000004.938716	-00000004.686666	000000000.142618
000000003.401588	-00000003.256312	-00000000.098639
000000005.972640	-00000005.717559	-00000000.173194
000000005.063648	-00000004.847389	-00000000.048939
000000007.685765	-00000007.357520	-00000000.074281
000000005.179120	-00000005.001418	000000000.050265
000000005.005507	-00000004.833762	000000000.145759
000000003.580724	-00000003.488187	-00000000.104712
000000005.528638	-00000005.385761	-00000000.161675
000000005.221714	-00000005.086769	-00000000.050893
000000008.043875	-00000007.835996	-00000000.078400
000000005.113881	-00000005.025397	000000000.050056
000000005.141408	-00000005.052447	000000000.150995
000000003.706354	-00000003.674151	-00000000.109319
000000005.957149	-00000005.905388	-00000000.175707
000000005.269447	-00000005.223662	-00000000.051801
000000007.797645	-00000007.729893	-00000000.076654
000000009.786116	-00000009.701086	-00000000.096202
000000005.147612	-00000005.147612	000000000.050824
000000011.256866	-00000011.256866	000000000.111142
000000005.061774	-00000005.061774	000000000.149948
000000003.568572	-00000003.599850	-00000000.106178
000000005.264875	-00000005.311022	-00000000.156649
000000007.455334	-00000007.520680	-00000000.073932
000000008.384611	-00000008.458101	-00000000.083147
000000010.728923	-00000010.822961	-00000000.106394
000000005.207629	-00000005.299322	000000000.051871
000000010.821775	-00000011.012319	000000000.107791
000000005.178583	-00000005.269765	000000000.154764
000000010.973832	-00000011.167052	000000000.327958
000000003.843982	-00000003.945958	-00000000.115393
000000003.809843	-00000003.910913	-00000000.038118
000000007.668530	-00000007.871966	-00000000.076724
000000010.487535	-00000010.765756	-00000000.104928
000000010.579389	-00000010.955277	000000000.106325
000000010.612052	-00000010.989101	000000000.320000
000000003.567425	-00000003.726580	-00000000.108063
000000006.284475	-00000006.564848	-00000000.190367
000000005.856973	-00000006.118274	-00000000.059131
000000007.246880	-00000007.570189	-00000000.073164
000000010.496913	-00000010.965218	-00000000.105976
000000010.504035	-00000011.068943	000000000.106534
000000010.584572	-00000011.153811	000000000.322094
000000003.774530	-00000004.012444	-00000000.115393
000000006.247499	-00000006.641286	-00000000.190995
000000006.262420	-00000006.657149	-00000000.063809
000000007.406648	-00000007.873498	-00000000.075467
000000010.400825	-00000011.056402	-00000000.105976
000000010.304744	-00000011.050485	000000000.105487
000000010.459560	-00000011.216505	000000000.321257
000000003.698653	-00000004.001180	-00000000.114136
000000007.256203	-00000007.849716	-00000000.074630
000000010.046006	-00000010.867708	-00000000.103323
000000010.282232	-00000011.221087	000000000.106255
000000010.138385	-00000011.064106	000000000.314346
000000003.596373	-00000003.959298	-00000000.112042
000000006.345750	-00000006.986126	-00000000.197696
000000006.931933	-00000007.631463	-00000000.071977
000000010.239897	-00000011.273247	-00000000.106325
000000010.043406	-00000011.154332	000000000.104789
000000010.007998	-00000011.115008	000000000.313299
000000003.322021	-00000003.722010	-00000000.104503
000000004.720066	-00000005.288387	-00000000.148482
000000006.124768	-00000006.862222	-00000000.192670
000000006.991587	-00000007.833412	-00000000.073303
000000009.700521	-00000010.964445	000000000.102206
000000010.581784	-00000011.960531	000000000.111491
000000009.798001	-00000011.074626	000000000.309738
000000003.922247	-00000004.472466	-00000000.124607
000000006.183308	-00000007.050711	-00000000.196440
000000004.872447	-00000005.555961	-00000000.051592
000000007.041642	-00000008.029453	-00000000.074560
000000009.586655	-00000010.931484	-00000000.101508
000000009.932492	-00000011.426024	000000000.105696
000000009.766577	-00000011.235162	000000000.311833
000000003.837386	-00000004.453505	-00000000.123141
000000006.082386	-00000007.058957	-00000000.195183
000000007.186710	-00000008.340588	-00000000.076864
000000009.510478	-00000011.037453	-00000000.101717
000000009.501193	-00000011.124468	000000000.102136
000000009.785035	-00000011.456804	000000000.315602
000000004.386220	-00000005.181212	-00000000.142199
000000005.607126	-00000006.623405	-00000000.181780
000000006.357705	-00000007.510025	-00000000.068696
000000009.213504	-00000010.883430	-00000000.099553
000000009.378043	-00000011.176316	000000000.101857
000000009.639700	-00000011.488147	000000000.314136
000000009.146582	-00000011.095691	000000000.100391
000000009.405534	-00000011.409824	000000000.309738
000000008.728461	-00000010.778751	000000000.096830
000000009.091685	-00000011.227296	000000000.302618
000000008.627842	-00000010.846684	000000000.096760
000000009.055602	-00000011.384452	000000000.304712
000000008.686771	-00000011.118561	000000000.098506
000000008.715855	-00000011.155785	000000000.296545
000000008.492015	-00000011.067009	000000000.097389
000000008.368634	-00000010.906216	000000000.287958
000000008.280773	-00000010.988957	000000000.096062
000000008.543899	-00000011.338137	000000000.297382
000000008.244042	-00000011.141184	000000000.096760
000000008.200808	-00000011.082755	000000000.288796
000000008.222915	-00000011.317872	000000000.097668
000000008.186053	-00000011.267136	000000000.291728
000000007.955437	-00000011.153111	000000000.095643
000000007.982914	-00000011.191633	000000000.287958
000000007.817657	-00000011.164770	000000000.095155
000000007.724380	-00000011.031558	000000000.282094
000000007.748249	-00000011.273772	000000000.095504
000000007.514563	-00000010.933757	000000000.277906
000000007.515369	-00000011.141994	000000000.093828
000000007.418863	-00000010.998917	000000000.277906
000000007.384737	-00000011.157121	000000000.093409
000000007.344670	-00000011.096586	000000000.278744
000000007.390572	-00000011.380482	000000000.094736
000000007.291118	-00000011.227336	000000000.280419
000000007.199639	-00000011.301169	000000000.093549
000000007.128402	-00000011.189350	000000000.277906
000000007.222624	-00000011.558614	000000000.095155
000000007.168235	-00000011.471574	000000000.283351
000000007.225979	-00000011.791726	000000000.096551
000000006.890244	-00000011.243856	000000000.276231
000000006.762285	-00000011.254333	000000000.091664
000000006.797011	-00000011.312127	000000000.276440
000000006.861752	-00000011.648943	000000000.094387
000000006.774151	-00000011.500227	000000000.279581
000000006.554840	-00000011.353316	000000000.091524
000000006.798509	-00000011.775363	000000000.284817
