000000003.328994	000000003.863487	-00000000.035604
000000003.342802	000000003.811735	-00000000.035395
000000003.355308	000000003.759305	-00000000.105550
000000003.422548	000000003.834641	-00000000.035884
000000003.414874	000000003.759483	-00000000.106387
000000003.482775	000000003.834236	-00000000.036163
000000003.461124	000000003.744223	-00000000.106806
000000003.536466	000000003.825727	-00000000.036372
000000003.541619	000000003.764852	-00000000.108272
000000003.576568	000000003.802004	-00000000.036442
000000003.615820	000000003.777135	-00000000.109529
000000003.651100	000000003.813989	-00000000.036861
000000003.655620	000000003.752599	-00000000.109738
000000003.733088	000000003.832122	-00000000.037350
000000003.772691	000000003.805759	-00000000.112251
000000003.773427	000000003.806501	-00000000.037420
000000003.777358	000000003.744537	-00000000.111414
000000003.856212	000000003.822707	-00000000.037908
000000003.895828	000000003.795148	-00000000.113927
000000003.925239	000000003.823799	-00000000.038257
000000003.928798	000000003.761006	-00000000.113927
000000003.980129	000000003.810144	-00000000.038467
000000004.048854	000000003.808782	-00000000.116440
000000004.049644	000000003.809525	-00000000.038816
000000004.074596	000000003.766518	-00000000.116230
000000004.134135	000000003.821555	-00000000.039304
000000004.196116	000000003.811484	-00000000.118744
000000004.204336	000000003.818950	-00000000.039654
000000004.229218	000000003.774721	-00000000.118744
000000004.259884	000000003.802092	-00000000.039863
000000004.322131	000000003.790407	-00000000.120419
000000004.330492	000000003.797740	-00000000.040212
000000004.392913	000000003.785176	-00000000.121466
000000004.431647	000000003.818552	-00000000.040840
000000004.479192	000000003.791916	-00000000.122932
000000004.487698	000000003.799116	-00000000.041050
000000004.512112	000000003.752684	-00000000.122932
000000004.574497	000000003.804569	-00000000.041538
000000004.606626	000000003.763771	-00000000.124607
000000004.677217	000000003.821447	-00000000.042167
000000004.670483	000000003.748459	-00000000.125445
000000004.764978	000000003.824299	-00000000.042656
000000004.797234	000000003.781835	-00000000.127958
000000004.837434	000000003.813526	-00000000.043005
000000004.861674	000000003.764311	-00000000.128796
000000004.925876	000000003.814021	-00000000.043493
000000004.989838	000000003.794361	-00000000.131309
000000004.998771	000000003.801154	-00000000.043842
000000005.030770	000000003.756655	-00000000.131518
000000005.119887	000000003.823201	-00000000.044610
000000005.160114	000000003.783552	-00000000.134031
000000005.225634	000000003.831593	-00000000.045239
000000005.192935	000000003.738378	-00000000.134031
000000005.275102	000000003.797530	-00000000.045378
000000005.347829	000000003.779472	-00000000.137173
000000005.389703	000000003.809065	-00000000.046076
000000005.446324	000000003.778250	-00000000.138848
000000005.480252	000000003.801786	-00000000.046565
000000005.586522	000000003.803727	-00000000.141571
000000005.587611	000000003.804469	-00000000.047193
000000005.637318	000000003.802419	000000000.047473
000000005.636220	000000003.801678	000000000.142408
000000005.694318	000000003.804821	-00000000.143456
000000005.703743	000000003.811119	-00000000.047891
000000005.686963	000000003.764119	000000000.047612
000000005.752550	000000003.807530	000000000.144503
000000005.777470	000000003.787875	-00000000.144712
000000005.820410	000000003.816028	-00000000.048590
000000005.811845	000000003.774256	000000000.048380
000000005.819098	000000003.778966	000000000.145340
000000005.877573	000000003.780582	-00000000.146388
000000005.912360	000000003.802958	-00000000.049078
000000005.886729	000000003.750260	000000000.048729
000000005.919310	000000003.771016	000000000.147016
000000005.969529	000000003.766492	-00000000.147853
000000006.021435	000000003.799243	-00000000.049707
000000006.012515	000000003.757036	000000000.049497
000000005.985907	000000003.740409	000000000.147853
000000006.104190	000000003.777387	-00000000.150367
000000006.147897	000000003.804434	-00000000.050475
000000006.121807	000000003.751448	000000000.050125
000000006.120614	000000003.750717	000000000.150367
000000006.213846	000000003.770654	-00000000.152251
000000006.257802	000000003.797328	-00000000.051103
000000006.214312	000000003.733935	000000000.050614
000000006.273089	000000003.769252	000000000.153299
000000006.341028	000000003.772516	-00000000.154555
000000006.385234	000000003.798815	-00000000.051871
000000006.358668	000000003.745542	000000000.051522
000000006.366043	000000003.749886	000000000.154764
000000006.477345	000000003.777476	-00000000.157068
000000006.495885	000000003.788288	-00000000.052499
000000006.486372	000000003.744909	000000000.052290
000000006.502425	000000003.754177	000000000.157278
000000006.614224	000000003.780340	-00000000.159581
000000006.624196	000000003.786040	-00000000.053267
000000006.640652	000000003.757100	000000000.053267
000000006.639358	000000003.756368	000000000.159791
000000006.751638	000000003.781099	-00000000.162094
000000006.805303	000000003.811153	-00000000.054454
000000006.760645	000000003.747487	000000000.053965
000000006.785561	000000003.761298	000000000.162513
000000006.889561	000000003.779743	-00000000.164607
000000006.934740	000000003.804528	-00000000.055222
000000006.880970	000000003.736062	000000000.054663
000000006.905988	000000003.749645	000000000.164607
000000007.001545	000000003.762066	-00000000.166492
000000007.046954	000000003.786465	-00000000.055850
000000007.045750	000000003.746292	000000000.055710
000000007.062032	000000003.754949	000000000.167539
000000008.016230	000000004.217543	-00000000.189738
000000009.654980	000000005.079731	-00000000.076166
000000015.619881	000000008.131195	000000000.122940
000000017.532358	000000009.126768	000000000.414032
000000007.972735	000000004.106228	-00000000.187854
000000009.601151	000000004.944918	-00000000.075398
000000012.500517	000000006.369331	000000000.097947
000000015.761521	000000008.030896	000000000.123498
000000016.159313	000000008.233582	000000000.379895
000000018.021109	000000009.182214	000000000.423665
000000008.142181	000000004.103997	-00000000.190995
000000009.849318	000000004.964465	-00000000.077003
000000015.777308	000000007.866275	000000000.123080
000000018.082657	000000009.015679	000000000.423246
000000008.159752	000000004.023944	-00000000.190576
000000009.865359	000000004.865057	-00000000.076794
000000013.077135	000000006.378145	000000000.101577
000000015.962193	000000007.785282	000000000.123987
000000018.259489	000000008.905748	000000000.425550
000000008.347642	000000004.026424	-00000000.194136
000000010.141615	000000004.891735	-00000000.078609
000000015.930242	000000007.598336	000000000.123219
000000018.345535	000000008.750371	000000000.425759
000000008.409588	000000003.966219	-00000000.194765
000000010.346714	000000004.879827	-00000000.079866
000000013.657725	000000006.368702	000000000.105208
000000016.095634	000000007.505517	000000000.123987
000000018.212791	000000008.492764	000000000.420943
000000008.779819	000000004.047552	-00000000.202513
000000010.452474	000000004.818656	-00000000.080354
000000016.169619	000000007.368919	000000000.124057
000000018.395382	000000008.383258	000000000.423456
000000008.760111	000000003.946142	-00000000.201257
000000010.430304	000000004.698509	-00000000.079866
000000013.986040	000000006.226986	000000000.106883
000000016.087145	000000007.162458	000000000.122940
000000018.413036	000000008.198012	000000000.422199
000000008.931481	000000003.929946	-00000000.204398
000000010.571590	000000004.651611	-00000000.080634
000000016.121523	000000007.009838	000000000.122731
000000018.548056	000000008.064924	000000000.423665
000000008.947063	000000003.843962	-00000000.203979
000000010.731220	000000004.610496	-00000000.081541
000000016.090033	000000006.829813	000000000.122032
000000016.510237	000000007.008179	000000000.375707
000000018.875414	000000008.012138	000000000.429529
000000009.229207	000000003.870128	-00000000.209634
000000010.872484	000000004.559211	-00000000.082309
000000016.130543	000000006.681489	000000000.121893
000000016.386028	000000006.787315	000000000.371519
000000019.581951	000000008.111110	000000000.443979
000000009.142335	000000003.740228	-00000000.206911
000000011.032174	000000004.513381	-00000000.083217
000000016.095520	000000006.503012	000000000.121195
000000016.277777	000000006.576649	000000000.367749
000000009.388205	000000003.745514	-00000000.211728
000000011.312625	000000004.513280	-00000000.085032
000000016.244694	000000006.398955	000000000.121893
000000016.362455	000000006.445343	000000000.368377
000000009.355307	000000003.638080	-00000000.210262
000000011.407498	000000004.436133	-00000000.085451
000000016.383936	000000006.289204	000000000.122521
000000019.087534	000000007.327018	000000000.428273
000000009.676527	000000003.666108	-00000000.216754
000000011.847875	000000004.488758	-00000000.088453
000000016.456928	000000006.152994	000000000.122661
000000019.347403	000000007.233697	000000000.432670
000000009.520554	000000003.512317	-00000000.212566
000000012.074228	000000004.454418	-00000000.089849
000000016.434824	000000005.981786	000000000.122102
000000019.456766	000000007.081683	000000000.433717
000000020.941156	000000007.621957	000000000.466807
000000009.880180	000000003.547347	-00000000.219895
000000012.178520	000000004.372536	-00000000.090338
000000016.420414	000000005.814774	000000000.121614
000000019.348186	000000006.851552	000000000.429948
000000009.627596	000000003.362107	-00000000.213613
000000012.310620	000000004.299061	-00000000.091036
000000016.451622	000000005.664748	000000000.121474
000000018.002235	000000006.198667	000000000.132923
000000019.359974	000000006.666173	000000000.428901
000000009.893250	000000003.358306	-00000000.218848
000000012.555987	000000004.262184	-00000000.092572
000000016.500429	000000005.520967	000000000.121474
000000019.332077	000000006.468423	000000000.427016
000000009.589858	000000003.162261	-00000000.211518
000000012.687671	000000004.183766	-00000000.093270
000000016.509939	000000005.364405	000000000.121195
000000019.625502	000000006.376712	000000000.432252
000000029.352676	000000009.537263	000000000.646493
000000009.921788	000000003.175989	-00000000.218220
000000012.742745	000000004.078985	-00000000.093409
000000016.556124	000000005.220126	000000000.121195
000000021.291828	000000006.713288	000000000.467644
000000029.892469	000000009.425059	000000000.656545
000000009.605394	000000002.982554	-00000000.210681
000000012.911555	000000004.009144	-00000000.094387
000000016.601048	000000005.075449	000000000.121195
000000016.664736	000000005.094921	000000000.365026
000000009.918263	000000002.985058	-00000000.216963
000000013.530153	000000004.072114	-00000000.098645
000000016.498552	000000004.965500	-00000000.120287
000000016.769348	000000004.967307	000000000.122102
000000016.861940	000000004.994734	000000000.368377
000000009.627188	000000002.806069	-00000000.210052
000000013.171563	000000003.839161	-00000000.095783
000000016.502855	000000004.810143	-00000000.120008
000000016.946630	000000004.859368	000000000.123080
000000032.502739	000000009.320011	000000000.708273
000000010.016961	000000002.825075	-00000000.218011
000000013.839769	000000003.903219	-00000000.100391
000000016.678944	000000004.703948	-00000000.120985
000000017.325653	000000004.804829	000000000.125523
000000018.054474	000000005.006949	000000000.392461
000000033.353569	000000009.249763	000000000.725027
000000009.587882	000000002.613957	-00000000.208168
000000013.429512	000000003.661305	-00000000.097179
000000016.642176	000000004.537178	-00000000.120427
000000017.318628	000000004.640512	000000000.125174
000000018.155422	000000004.864731	000000000.393717
000000009.929384	000000002.614189	-00000000.215079
000000014.021825	000000003.691638	-00000000.101228
000000016.719818	000000004.401961	-00000000.120706
000000017.484320	000000004.521752	000000000.126082
000000017.974558	000000004.648537	000000000.388901
000000009.564211	000000002.429000	-00000000.206702
000000013.879048	000000003.524829	-00000000.099972
000000016.718826	000000004.246041	-00000000.120427
000000017.571629	000000004.381099	000000000.126431
000000018.092047	000000004.510854	000000000.390576
000000009.847249	000000002.409606	-00000000.212356
000000013.860714	000000003.391695	-00000000.099623
000000016.852375	000000004.123750	-00000000.121125
000000017.706425	000000004.250936	000000000.127129
000000018.023785	000000004.327128	000000000.388272
000000009.527293	000000002.243380	-00000000.205026
000000014.055254	000000003.309573	-00000000.100809
000000016.839050	000000003.965070	-00000000.120776
000000017.733105	000000004.094009	000000000.127059
000000018.002409	000000004.156184	000000000.387016
000000010.043823	000000002.272685	-00000000.215707
000000014.298170	000000003.235346	-00000000.102345
000000016.902271	000000003.824593	-00000000.120985
000000017.826731	000000003.952091	000000000.127478
000000018.213688	000000004.037878	000000000.390786
000000009.564994	000000002.076764	-00000000.205026
000000014.267227	000000003.097719	-00000000.101926
000000018.202885	000000003.869142	000000000.129921
000000010.287512	000000002.139806	-00000000.220105
000000014.724485	000000003.062697	-00000000.104998
000000017.690920	000000003.679717	-00000000.126151
000000018.539724	000000003.771950	000000000.132085
000000022.057568	000000004.487663	000000000.157148
000000026.026165	000000005.295083	000000000.185422
000000034.593555	000000007.038138	000000000.739477
000000041.823811	000000008.509151	000000000.894032
000000009.629199	000000001.915367	-00000000.205655
000000014.358347	000000002.856053	-00000000.102206
000000018.399084	000000003.659805	-00000000.130968
000000019.406298	000000003.772202	000000000.138020
000000022.154785	000000004.306454	000000000.157567
000000022.297678	000000004.334229	000000000.475812
000000010.293821	000000001.954343	-00000000.219477
000000018.882236	000000003.584904	-00000000.134180
000000019.713779	000000003.653733	000000000.139974
000000026.281763	000000004.871037	000000000.186609
000000009.661160	000000001.747022	-00000000.205655
000000014.327284	000000002.590795	-00000000.101647
000000019.503212	000000003.526755	-00000000.138369
000000022.216721	000000003.917407	000000000.157497
000000025.998291	000000004.584200	000000000.184305
000000010.296802	000000001.769314	-00000000.218848
000000019.602232	000000003.368279	-00000000.138857
000000022.279650	000000003.728335	000000000.157707
000000025.356785	000000004.243270	000000000.179488
000000026.692896	000000004.466859	000000000.566911
000000009.660575	000000001.573325	-00000000.205026
000000014.370317	000000002.340355	-00000000.101647
000000019.634766	000000003.109841	000000000.138787
000000019.660563	000000003.113927	000000000.416964
000000010.187773	000000001.568048	-00000000.215916
000000019.631487	000000002.933945	000000000.138578
000000019.667212	000000002.939284	000000000.416545
000000009.607408	000000001.393008	-00000000.203351
000000014.646483	000000002.123639	-00000000.103323
000000019.940989	000000002.891306	-00000000.140672
000000020.171270	000000002.834887	000000000.142208
000000020.098032	000000002.824594	000000000.425131
000000010.064989	000000001.369785	-00000000.212775
000000027.303726	000000003.594604	000000000.192264
000000029.921078	000000003.939184	000000000.210694
000000009.590584	000000001.220076	-00000000.202513
000000014.522599	000000001.847508	-00000000.102206
000000029.755808	000000003.653554	000000000.209298
000000034.509991	000000004.237294	000000000.242738
000000009.988078	000000001.182167	-00000000.210681
000000031.167591	000000003.551098	000000000.219002
000000034.684750	000000003.951828	000000000.243716
000000038.939476	000000004.436593	000000000.820943
000000009.481217	000000001.038362	-00000000.199791
000000014.572511	000000001.595950	-00000000.102345
000000042.874378	000000004.506279	000000000.903037
000000009.887817	000000000.995651	-00000000.208168
000000036.828762	000000003.546206	000000000.258307
000000042.941929	000000004.134837	000000000.903665
000000009.497895	000000000.872734	-00000000.199791
000000014.229706	000000001.307526	-00000000.099762
000000042.506592	000000003.718845	000000000.297890
000000047.000114	000000004.111978	000000000.988273
000000009.814017	000000000.815482	-00000000.206283
000000054.778561	000000004.311166	000000001.150995
000000009.471799	000000000.703876	-00000000.198953
000000014.350080	000000001.066395	-00000000.100460
000000059.012917	000000004.126585	000000001.239163
000000009.826756	000000000.644080	-00000000.206283
000000063.297806	000000003.871460	000000001.328378
000000009.402787	000000000.533929	-00000000.197278
000000014.076980	000000000.799349	-00000000.098436
000000072.774139	000000003.813931	000000001.526493
000000009.756609	000000000.468644	-00000000.204607
000000009.510574	000000000.373672	-00000000.199372
000000014.118762	000000000.554728	-00000000.098645
000000009.943178	000000000.303792	-00000000.208377
000000009.475665	000000000.206760	-00000000.198534
000000014.286251	000000000.311727	-00000000.099762
000000009.906978	000000000.129689	-00000000.207539
000000009.557813	000000000.041704	-00000000.200210
000000014.139522	000000000.061696	-00000000.098715
000000009.807755	-00000000.042795	-00000000.205445
000000009.557085	-00000000.125109	-00000000.200210
000000013.998460	-00000000.183250	-00000000.097738
000000010.045405	-00000000.219192	-00000000.210471
000000009.553446	-00000000.291884	-00000000.200210
000000014.053101	-00000000.429361	-00000000.098157
000000105.422600	-00000003.681438	000000002.209635
000000010.040050	-00000000.394475	-00000000.210471
000000009.536910	-00000000.458091	-00000000.200000
000000014.313148	-00000000.687510	-00000000.100041
000000088.858536	-00000004.656878	000000001.863875
000000010.071563	-00000000.571905	-00000000.211309
000000073.626236	-00000004.503173	000000001.545132
000000009.637203	-00000000.631656	-00000000.202304
000000014.857758	-00000000.973829	-00000000.103951
000000061.596043	-00000004.307215	000000001.293404
000000068.377991	-00000004.781455	000000001.435812
000000010.109900	-00000000.751295	-00000000.212356
000000048.718632	-00000003.834239	000000001.023666
000000009.624711	-00000000.799752	-00000000.202304
000000014.559466	-00000001.209798	-00000000.101996
000000048.085732	-00000004.206956	000000001.011100
000000010.304321	-00000000.946834	-00000000.216754
000000048.047188	-00000004.626418	000000001.011100
000000009.738605	-00000000.980626	-00000000.205026
000000014.615731	-00000001.471727	-00000000.102555
000000048.203846	-00000005.066429	000000001.015288
000000009.948322	-00000001.089518	-00000000.209634
000000030.432364	-00000003.467330	000000000.213836
000000032.101524	-00000003.657507	000000000.225565
000000070.498329	-00000008.032270	000000001.486284
000000009.710079	-00000001.149264	-00000000.204817
000000014.508376	-00000001.717180	-00000000.101996
000000028.465530	-00000003.495128	000000000.200223
000000010.145985	-00000001.290732	-00000000.214241
000000026.718788	-00000003.517595	000000000.188145
000000009.738075	-00000001.325294	-00000000.205864
000000015.298596	-00000002.082047	-00000000.107791
000000024.973951	-00000003.509860	000000000.176067
000000028.142733	-00000003.955203	000000000.198407
000000026.800676	-00000003.766590	000000000.566911
000000010.389061	-00000001.506342	-00000000.219895
000000023.345308	-00000003.384908	-00000000.164688
000000024.289637	-00000003.630111	000000000.171460
000000028.215935	-00000004.216900	000000000.199175
000000026.173508	-00000003.911657	000000000.554346
000000009.713463	-00000001.495045	-00000000.205864
000000015.230280	-00000002.344164	-00000000.107581
000000021.713772	-00000003.342069	-00000000.153378
000000024.296541	-00000003.848194	000000000.171739
000000025.861885	-00000004.096120	000000000.548482
000000010.134230	-00000001.650464	-00000000.215079
000000020.252672	-00000003.298357	-00000000.143255
000000024.143682	-00000004.040267	000000000.170901
000000025.810465	-00000004.319191	000000000.182700
000000025.706825	-00000004.301847	000000000.545969
000000009.764718	-00000001.677886	-00000000.207539
000000014.822402	-00000002.546954	-00000000.104998
000000019.217875	-00000003.302235	-00000000.136135
000000024.274920	-00000004.280323	000000000.172088
000000026.362661	-00000004.648448	000000000.186888
000000025.579693	-00000004.510390	000000000.544084
000000010.290809	-00000001.860881	-00000000.219058
000000016.590523	-00000003.000055	-00000000.117704
000000018.233829	-00000003.297214	-00000000.129363
000000025.170713	-00000004.665116	000000000.178720
000000025.568851	-00000004.738906	000000000.544712
000000009.812527	-00000001.862966	-00000000.209215
000000014.775694	-00000002.805253	-00000000.104998
000000024.088545	-00000004.682339	000000000.171320
000000025.629662	-00000004.981902	000000000.182281
000000025.555967	-00000004.967577	000000000.545341
000000010.266570	-00000002.042148	-00000000.219267
000000014.936996	-00000002.971153	-00000000.106325
000000016.682751	-00000003.318406	-00000000.118751
000000025.457823	-00000005.179452	000000000.181373
000000025.697788	-00000005.228274	000000000.549320
000000009.817672	-00000002.042079	-00000000.210052
000000014.881128	-00000003.095279	-00000000.106115
000000024.453094	-00000005.197666	000000000.174532
000000025.489904	-00000005.418046	000000000.181932
000000028.160185	-00000005.985632	000000000.200990
000000025.915226	-00000005.508451	000000000.554974
000000058.206577	-00000012.372190	000000001.246493
000000010.268447	-00000002.229498	-00000000.220105
000000014.941500	-00000003.244117	-00000000.106743
000000024.553246	-00000005.443324	000000000.175579
000000032.103333	-00000007.117137	000000000.688796
000000054.026131	-00000011.977304	000000001.159163
000000009.809793	-00000002.219729	-00000000.210681
000000014.200639	-00000003.213276	-00000000.101647
000000016.300814	-00000003.763339	000000000.116796
000000032.069225	-00000007.403764	000000000.689424
000000052.799274	-00000012.189673	000000001.135079
000000010.315557	-00000002.428991	-00000000.221990
000000013.909250	-00000003.275194	-00000000.099762
000000016.315969	-00000003.917118	000000000.117146
000000016.439169	-00000003.946695	000000000.354136
000000009.779269	-00000002.392972	-00000000.210890
000000013.287636	-00000003.251464	-00000000.095504
000000013.826377	-00000003.447303	000000000.099483
000000016.232651	-00000004.047255	000000000.116796
000000016.287693	-00000004.060978	000000000.351623
000000010.155312	-00000002.579121	-00000000.219477
000000013.006762	-00000003.303297	-00000000.093689
000000013.311706	-00000003.442641	000000000.095992
000000016.274164	-00000004.208785	000000000.117355
000000013.299431	-00000003.439467	000000000.287749
000000016.358107	-00000004.230494	000000000.353927
000000009.726349	-00000002.560734	-00000000.210681
000000012.687333	-00000003.340296	-00000000.091594
000000013.203884	-00000003.537970	000000000.095434
000000016.265795	-00000004.358407	000000000.117564
000000013.037139	-00000003.493291	000000000.282723
000000010.041233	-00000002.737554	-00000000.218011
000000012.474397	-00000003.400911	-00000000.090268
000000013.297776	-00000003.687800	000000000.096341
000000021.931694	-00000006.082197	000000000.158893
000000024.889969	-00000006.902599	000000000.180326
000000012.900183	-00000003.577537	000000000.280419
000000009.612819	-00000002.711095	-00000000.209215
000000012.165138	-00000003.430924	-00000000.088243
000000016.120733	-00000004.546517	-00000000.116936
000000013.092065	-00000003.754089	000000000.095085
000000021.829720	-00000006.259572	000000000.158544
000000024.972969	-00000007.160884	000000000.181373
000000012.666651	-00000003.632104	000000000.276021
000000009.972731	-00000002.906786	-00000000.217592
000000012.182735	-00000003.550944	-00000000.088592
000000012.598584	-00000003.731871	000000000.091734
000000012.576956	-00000003.725464	000000000.274765
000000009.640629	-00000002.901500	-00000000.210890
000000012.103407	-00000003.642712	-00000000.088243
000000012.728106	-00000003.891373	000000000.092921
000000012.582211	-00000003.846768	000000000.275602
000000009.863193	-00000003.062603	-00000000.216335
000000011.393110	-00000003.537655	-00000000.083286
000000012.808106	-00000004.038381	000000000.093758
000000012.443276	-00000003.923350	000000000.273299
000000009.398085	-00000003.008351	-00000000.206702
000000011.152283	-00000003.569874	-00000000.081751
000000012.696296	-00000004.125277	000000000.093200
000000012.513159	-00000004.065772	000000000.275602
000000009.627837	-00000003.174785	-00000000.212356
000000010.968758	-00000003.616954	-00000000.080634
000000012.773608	-00000004.273990	000000000.094038
000000012.458241	-00000004.168469	000000000.275183
000000009.400954	-00000003.191194	-00000000.207958
000000010.150844	-00000003.445747	-00000000.074839
000000011.251396	-00000003.874166	000000000.083077
000000011.220844	-00000003.863647	000000000.248587
000000009.268921	-00000003.236852	-00000000.205655
000000010.715150	-00000003.741898	-00000000.079237
000000011.179456	-00000003.958853	000000000.082798
000000011.271520	-00000003.991454	000000000.250471
000000009.080357	-00000003.260181	-00000000.202094
000000010.089161	-00000003.622379	-00000000.074839
000000012.676145	-00000004.613739	000000000.094177
000000012.626698	-00000004.595742	000000000.281466
000000008.957763	-00000003.304693	-00000000.200000
000000010.939044	-00000004.035626	-00000000.081401
000000013.094357	-00000004.895780	000000000.097598
000000012.848324	-00000004.803792	000000000.287330
000000008.582659	-00000003.251678	-00000000.192251
000000010.248832	-00000003.882935	-00000000.076515
000000016.495382	-00000006.249541	-00000000.123149
000000018.309502	-00000006.936850	-00000000.136693
000000012.985787	-00000004.984776	000000000.097109
000000020.174183	-00000007.744143	000000000.150865
000000012.675241	-00000004.865570	000000000.284398
000000008.432821	-00000003.279345	-00000000.189529
000000010.335715	-00000004.019340	-00000000.077422
000000014.455090	-00000005.621277	-00000000.108279
000000016.598656	-00000006.454864	-00000000.124336
000000020.133745	-00000007.930893	000000000.151074
000000028.879457	-00000011.375921	000000000.216698
000000012.678810	-00000004.994316	000000000.285445
000000029.404049	-00000011.582563	000000000.661990
000000008.264592	-00000003.297238	-00000000.186388
000000010.402413	-00000004.150142	-00000000.078190
000000013.216638	-00000005.272903	-00000000.099343
000000016.049438	-00000006.403077	-00000000.120636
000000018.654486	-00000007.536901	000000000.140463
000000019.952511	-00000008.061337	000000000.150237
000000028.120800	-00000011.361541	000000000.211742
000000029.153538	-00000011.778793	000000000.658639
000000008.152224	-00000003.335163	-00000000.184503
000000010.310270	-00000004.218043	-00000000.077771
000000012.170561	-00000004.979108	-00000000.091804
000000016.141033	-00000006.603471	-00000000.121753
000000019.816734	-00000008.208360	000000000.149748
000000027.909719	-00000011.560584	000000000.210904
000000015.979609	-00000006.618971	000000000.362304
000000024.532858	-00000010.161842	000000000.556231
000000028.726353	-00000011.898845	000000000.651309
000000007.984509	-00000003.348182	-00000000.181361
000000010.107077	-00000004.238249	-00000000.076515
000000012.384857	-00000005.193402	-00000000.093758
000000013.749681	-00000005.765720	-00000000.104091
000000018.501698	-00000007.853505	000000000.140323
000000019.081600	-00000008.099659	000000000.144722
000000019.771961	-00000008.392700	000000000.149957
000000015.645150	-00000006.640973	000000000.356021
000000026.302259	-00000011.164646	000000000.598534
000000007.991730	-00000003.433518	-00000000.182199
000000010.777158	-00000004.630232	-00000000.081890
000000014.139853	-00000006.074960	-00000000.107442
000000019.523733	-00000008.489161	000000000.148631
000000026.355663	-00000011.459769	000000000.200641
000000015.504085	-00000006.741368	000000000.354136
000000007.860801	-00000003.458835	-00000000.179895
000000010.361073	-00000004.558981	-00000000.079028
000000020.919682	-00000009.314042	000000000.159871
000000026.135899	-00000011.636452	000000000.199734
000000015.261996	-00000006.795078	000000000.349948
000000007.684469	-00000003.461601	-00000000.176545
000000011.041169	-00000004.973684	-00000000.084543
000000016.078625	-00000007.327451	000000000.123359
000000018.753845	-00000008.546619	000000000.143884
000000018.899435	-00000008.612969	000000000.145001
000000015.238508	-00000006.944588	000000000.350786
000000007.581333	-00000003.495042	-00000000.174869
000000010.606854	-00000004.889827	-00000000.081541
000000014.539018	-00000006.702579	-00000000.111770
000000015.026217	-00000007.006840	000000000.115749
000000023.998446	-00000011.190659	000000000.184864
000000015.104837	-00000007.043501	000000000.349110
000000007.668097	-00000003.616509	-00000000.177592
000000011.350636	-00000005.353307	-00000000.087615
000000014.606594	-00000006.888917	-00000000.112747
000000015.018653	-00000007.163530	000000000.116168
000000014.979630	-00000007.144917	000000000.347644
000000007.627241	-00000003.678944	-00000000.177382
000000010.087574	-00000004.865668	-00000000.078190
000000014.194658	-00000006.846691	-00000000.110025
000000015.135323	-00000007.381990	000000000.117564
000000018.173172	-00000008.863648	000000000.141161
000000014.835835	-00000007.235920	000000000.345759
000000007.666580	-00000003.780739	-00000000.179058
000000010.197194	-00000005.028700	-00000000.079377
000000013.766662	-00000006.788966	-00000000.107162
000000015.034531	-00000007.495940	000000000.117285
000000018.104080	-00000009.026361	000000000.141231
000000014.834758	-00000007.396337	000000000.347225
000000007.669007	-00000003.865498	-00000000.179895
000000010.215430	-00000005.149001	-00000000.079866
000000014.126582	-00000007.120384	-00000000.110444
000000015.013094	-00000007.649554	000000000.117634
000000018.131540	-00000009.238482	000000000.142069
000000014.849821	-00000007.566362	000000000.349110
000000007.679424	-00000003.955163	-00000000.180943
000000010.952424	-00000005.640869	-00000000.086009
000000014.848199	-00000007.729483	000000000.116866
000000022.236820	-00000011.575755	000000000.175020
000000015.084745	-00000007.852622	000000000.356231
000000007.671160	-00000004.035993	-00000000.181571
000000010.194810	-00000005.363749	-00000000.080424
000000013.442635	-00000007.072512	-00000000.106045
000000015.133352	-00000008.046546	000000000.119659
000000022.090811	-00000011.745893	000000000.174671
000000014.997990	-00000007.974572	000000000.355812
000000006.983932	-00000003.752602	-00000000.166073
000000008.630836	-00000004.637516	-00000000.205236
000000009.020102	-00000004.846675	-00000000.071488
000000010.526387	-00000005.656032	-00000000.083426
000000021.337160	-00000011.585133	000000000.169505
000000015.112340	-00000008.205331	000000000.360210
000000021.552656	-00000011.702138	000000000.513718
000000006.959684	-00000003.818213	-00000000.166283
000000008.397201	-00000004.606862	-00000000.200628
000000010.266220	-00000005.632241	-00000000.081751
000000010.477689	-00000005.807878	000000000.083635
000000010.484390	-00000005.811593	000000000.251100
000000008.417740	-00000004.714160	-00000000.202094
000000010.059633	-00000005.633666	-00000000.080494
000000010.235134	-00000005.790760	000000000.082100
000000010.294049	-00000005.824093	000000000.247749
000000007.447512	-00000004.256604	-00000000.179686
000000010.044815	-00000005.741085	-00000000.080773
000000010.106270	-00000005.834858	000000000.081471
000000010.104300	-00000005.833720	000000000.244398
000000007.971453	-00000004.648814	-00000000.193299
000000010.002972	-00000005.833560	-00000000.080843
000000006.538649	-00000003.890087	-00000000.159372
000000008.368782	-00000004.978902	-00000000.203979
000000010.046216	-00000005.976871	-00000000.081611
000000010.080042	-00000006.056700	000000000.082100
000000010.112356	-00000006.076117	000000000.247121
000000007.461743	-00000004.527897	-00000000.182827
000000009.831247	-00000005.965747	-00000000.080284
000000018.118162	-00000011.102824	000000000.148352
000000044.029266	-00000026.981169	000000000.360512
000000020.058224	-00000012.291696	000000000.492775
000000046.330830	-00000028.391567	000000001.138221
000000006.274223	-00000003.882607	-00000000.154555
000000008.000059	-00000004.950587	-00000000.197068
000000009.115554	-00000005.640876	-00000000.074839
000000018.113867	-00000011.318800	000000000.149120
000000018.203598	-00000011.374871	000000000.449634
000000019.890844	-00000012.429179	000000000.491309
000000044.351669	-00000027.713999	000000001.095498
000000007.753623	-00000004.892172	-00000000.192042
000000008.347130	-00000005.266647	-00000000.068905
000000009.767919	-00000006.163097	-00000000.080634
000000011.019565	-00000006.952827	-00000000.090966
000000018.022837	-00000011.481813	000000000.149190
000000017.985594	-00000011.458087	000000000.446702
000000007.323843	-00000004.710854	-00000000.182408
000000009.486689	-00000006.102043	-00000000.078749
000000017.451134	-00000011.224947	-00000000.144861
000000017.703905	-00000011.497050	000000000.147374
000000017.918461	-00000011.636384	000000000.447540
000000007.658701	-00000005.021265	-00000000.191833
000000010.168992	-00000006.667083	-00000000.084892
000000017.084909	-00000011.201358	-00000000.142627
000000017.294371	-00000011.446894	000000000.144791
000000017.357695	-00000011.488808	000000000.436021
000000007.448334	-00000004.976818	-00000000.187644
000000009.844360	-00000006.577791	-00000000.082658
000000014.591935	-00000009.750020	-00000000.122521
000000016.770334	-00000011.205579	-00000000.140812
000000017.268433	-00000011.647704	000000000.145420
000000017.347952	-00000011.701341	000000000.438325
000000007.313715	-00000004.979732	-00000000.185340
000000010.158541	-00000006.916704	-00000000.085800
000000016.663643	-00000011.345871	-00000000.140742
000000017.042515	-00000011.712996	000000000.144372
000000016.907360	-00000011.620108	000000000.429738
000000007.319269	-00000005.077557	-00000000.186597
000000009.399411	-00000006.520604	-00000000.079866
000000015.931345	-00000011.051968	-00000000.135367
000000016.636572	-00000011.649054	000000000.141789
000000017.034626	-00000011.927773	000000000.435602
000000007.650253	-00000005.406664	-00000000.196230
000000010.264934	-00000007.254538	-00000000.087754
000000015.932289	-00000011.259829	-00000000.136204
000000016.045826	-00000011.445375	000000000.137601
000000016.124090	-00000011.501203	000000000.414869
000000005.379556	-00000003.872726	-00000000.138848
000000007.448616	-00000005.362236	-00000000.192251
000000009.803575	-00000007.057564	-00000000.084334
000000016.247316	-00000011.696394	-00000000.139765
000000015.832076	-00000011.502677	000000000.136623
000000015.869432	-00000011.529818	000000000.410890
000000007.272535	-00000005.332444	-00000000.188901
000000008.701325	-00000006.380075	-00000000.075328
000000009.999669	-00000007.332061	-00000000.086568
000000015.402717	-00000011.293739	-00000000.133342
000000014.959413	-00000011.069383	000000000.129921
000000015.494962	-00000011.465669	000000000.403770
000000007.081531	-00000005.288030	-00000000.185131
000000009.254256	-00000006.910481	-00000000.080634
000000014.646564	-00000010.937108	-00000000.127617
000000015.880464	-00000011.858504	-00000000.138369
000000014.574743	-00000010.982857	000000000.127408
000000015.474161	-00000011.660617	000000000.405864
000000004.591924	-00000003.491780	-00000000.120838
000000007.966233	-00000006.057664	-00000000.209634
000000008.787648	-00000006.682283	-00000000.077073
000000010.642287	-00000008.092584	-00000000.093339
000000014.749558	-00000011.215825	-00000000.129363
000000014.470412	-00000011.103538	000000000.127338
000000014.697614	-00000011.277876	000000000.388063
000000004.616614	-00000003.574565	-00000000.122304
000000008.007929	-00000006.200401	-00000000.212147
000000009.037362	-00000006.997473	-00000000.079796
000000014.129279	-00000010.940057	-00000000.124755
000000014.286286	-00000011.161670	000000000.126570
000000014.598638	-00000011.405705	000000000.388063
000000004.522434	-00000003.565199	-00000000.120628
000000008.071287	-00000006.362890	-00000000.215288
000000004.546874	-00000003.584467	-00000000.040421
000000008.418392	-00000006.636526	-00000000.074839
000000014.009713	-00000011.044367	-00000000.124546
000000014.133558	-00000011.242340	000000000.126082
000000014.279467	-00000011.358400	000000000.382199
000000004.444366	-00000003.566981	-00000000.119372
000000008.101223	-00000006.501919	-00000000.217592
000000004.702589	-00000003.774227	-00000000.042097
000000013.624249	-00000010.934616	-00000000.121963
000000013.863946	-00000011.226802	000000000.124546
000000014.234191	-00000011.526621	000000000.383665
000000004.351132	-00000003.555024	-00000000.117696
000000004.406187	-00000003.600006	-00000000.039723
000000008.463905	-00000006.915301	-00000000.076305
000000012.227362	-00000009.990173	-00000000.110234
000000012.253099	-00000010.100676	000000000.110862
000000013.827176	-00000011.398244	000000000.125104
000000012.235282	-00000010.085988	000000000.332147
000000014.001914	-00000011.542288	000000000.380105
000000004.319943	-00000003.592859	-00000000.117696
000000004.489927	-00000003.734233	-00000000.040771
000000013.669675	-00000011.368949	-00000000.124127
000000004.442950	-00000003.728077	000000000.040491
000000013.428432	-00000011.267793	000000000.122382
000000004.549306	-00000003.817321	000000000.124398
000000013.525378	-00000011.349139	000000000.369843
000000004.196858	-00000003.552902	-00000000.115183
000000004.403744	-00000003.728045	-00000000.040282
000000004.402643	-00000003.760212	000000000.040421
000000004.462604	-00000003.811424	000000000.122932
000000004.120250	-00000003.550234	-00000000.113927
000000004.355893	-00000003.753277	-00000000.040142
000000004.271552	-00000003.713203	000000000.039514
000000004.308446	-00000003.745275	000000000.119581
000000004.028978	-00000003.533319	-00000000.112251
000000004.277864	-00000003.751586	-00000000.039723
000000004.216518	-00000003.730460	000000000.039304
000000004.275599	-00000003.782731	000000000.119581
000000004.027826	-00000003.594972	-00000000.113089
000000004.267344	-00000003.808750	-00000000.039933
000000004.258116	-00000003.834025	000000000.040003
000000004.301865	-00000003.873416	000000000.121257
000000004.018503	-00000003.650151	-00000000.113717
000000004.196935	-00000003.812227	-00000000.039584
000000004.217124	-00000003.864282	000000000.039933
000000004.216301	-00000003.863528	000000000.119791
000000004.081938	-00000003.773304	-00000000.116440
000000004.170850	-00000003.855494	-00000000.039654
000000004.212495	-00000003.928215	000000000.040212
000000004.182425	-00000003.900175	000000000.119791
000000004.085265	-00000003.843034	-00000000.117487
000000004.231732	-00000003.980816	-00000000.040561
000000004.228829	-00000004.013010	000000000.040701
000000004.257014	-00000004.039755	000000000.122932
000000004.015463	-00000003.843969	-00000000.116440
000000004.160715	-00000003.983018	-00000000.040212
000000004.208035	-00000004.063653	000000000.040840
000000004.221599	-00000004.076750	000000000.122932
000000003.917312	-00000003.816077	-00000000.114555
000000004.197427	-00000004.088953	-00000000.040910
000000004.222340	-00000004.149282	000000000.041329
000000011.825404	-00000011.620792	000000000.115749
000000004.242909	-00000004.169496	000000000.124607
000000007.387654	-00000007.259827	000000000.216963
000000012.058420	-00000011.849776	000000000.354136
000000003.961965	-00000003.927541	-00000000.116859
000000004.090568	-00000004.055026	-00000000.040212
000000007.328934	-00000007.265254	-00000000.072047
000000011.660960	-00000011.559640	-00000000.114632
000000007.297164	-00000007.297164	000000000.072047
000000011.681120	-00000011.681120	000000000.115330
000000011.933344	-00000011.933344	000000000.353508
000000003.941618	-00000003.976166	-00000000.117278
000000004.047986	-00000004.083467	-00000000.040142
000000007.279335	-00000007.343138	-00000000.072186
000000011.431551	-00000011.632831	000000000.113864
000000011.758678	-00000011.965718	000000000.351414
000000003.927699	-00000004.031896	-00000000.117906
000000003.998242	-00000004.104310	-00000000.040003
000000006.635826	-00000006.811866	-00000000.066392
000000011.617928	-00000011.926136	-00000000.116238
000000011.225406	-00000011.624248	000000000.112817
000000011.341283	-00000011.744243	000000000.341990
000000003.961501	-00000004.138238	-00000000.120000
000000004.183552	-00000004.370195	-00000000.042237
000000011.070854	-00000011.564765	-00000000.111770
000000009.450878	-00000009.959147	000000000.095853
000000011.137306	-00000011.736272	000000000.112957
000000009.455917	-00000009.964458	000000000.287749
000000011.045668	-00000011.639705	000000000.336126
000000003.884135	-00000004.128958	-00000000.118744
000000006.439307	-00000006.845185	-00000000.196859
000000006.769443	-00000007.196130	-00000000.068975
000000009.331964	-00000009.920171	-00000000.095085
000000010.805073	-00000011.486131	-00000000.110094
000000009.281772	-00000009.953481	000000000.095015
000000010.945807	-00000011.737940	000000000.112049
000000009.300418	-00000009.973477	000000000.285655
000000011.168682	-00000011.976946	000000000.343037
000000003.841170	-00000004.155354	-00000000.118534
000000006.175732	-00000006.680870	-00000000.190576
000000010.636549	-00000011.506554	-00000000.109396
000000010.592997	-00000011.560227	000000000.109466
000000010.807073	-00000011.793850	000000000.335079
000000005.922253	-00000006.519892	-00000000.184503
000000006.649546	-00000007.320579	-00000000.069045
000000010.495390	-00000011.554523	-00000000.108977
000000008.029371	-00000008.917521	000000000.083775
000000010.605462	-00000011.778559	000000000.110653
000000008.971073	-00000009.963387	000000000.280838
000000010.556565	-00000011.724254	000000000.330471
000000005.638781	-00000006.317720	-00000000.177382
000000010.334232	-00000011.578528	-00000000.108349
000000010.237230	-00000011.571084	000000000.107860
000000010.407478	-00000011.763514	000000000.329005
000000005.735050	-00000006.539572	-00000000.182199
000000006.527364	-00000007.443032	-00000000.069114
000000010.180051	-00000011.608124	-00000000.107791
000000010.247393	-00000011.788277	000000000.109047
000000010.310987	-00000011.861433	000000000.329215
000000005.658186	-00000006.566648	-00000000.181571
000000009.771576	-00000011.340471	-00000000.104509
000000009.819415	-00000011.497058	000000000.105557
000000009.687640	-00000011.342769	000000000.312461
000000004.366840	-00000005.158320	-00000000.141571
000000006.072233	-00000007.172812	-00000000.196859
000000009.866073	-00000011.654276	-00000000.106604
000000009.892261	-00000011.789137	000000000.107442
000000009.903185	-00000011.802155	000000000.322723
000000011.003884	-00000013.348780	000000000.120776
000000021.727901	-00000026.358053	000000000.238480
000000010.989021	-00000013.330750	000000000.361885
000000022.734810	-00000027.579529	000000000.748691
000000010.024830	-00000012.379634	000000000.111211
000000021.440424	-00000026.476717	000000000.237852
000000009.066518	-00000011.196218	000000000.301780
000000010.362633	-00000012.796786	000000000.344922
000000022.197554	-00000027.411695	000000000.738849
000000009.978667	-00000012.544904	000000000.111910
000000009.989168	-00000012.558105	000000000.336126
000000010.605324	-00000013.332719	000000000.356859
000000022.019737	-00000027.682606	000000000.740943
000000008.840683	-00000011.315558	000000000.100251
000000010.028882	-00000012.836383	000000000.113725
000000009.559126	-00000012.235123	000000000.325236
000000008.552890	-00000011.146343	000000000.098087
000000009.074642	-00000011.826303	000000000.312251
000000008.551583	-00000011.348334	000000000.099204
000000008.592033	-00000011.402014	000000000.299058
000000008.464122	-00000011.438604	000000000.099343
000000008.391109	-00000011.339932	000000000.295498
000000008.287570	-00000011.406862	000000000.098436
000000008.274201	-00000011.388461	000000000.294869
000000008.071574	-00000011.315929	000000000.097040
000000008.232562	-00000011.541627	000000000.296964
000000007.989725	-00000011.410510	000000000.097249
000000008.005371	-00000011.432855	000000000.292356
000000009.525016	-00000013.603132	000000000.347854
000000007.912502	-00000011.512762	000000000.097528
000000007.939274	-00000011.551716	000000000.293613
000000007.811735	-00000011.581373	000000000.097528
000000008.100928	-00000012.010119	000000000.303456
000000018.622631	-00000027.609186	000000000.697592
000000007.588949	-00000011.465651	000000000.095992
000000007.775086	-00000011.746875	000000000.295079
000000007.548513	-00000011.623691	000000000.096760
000000007.443583	-00000011.462112	000000000.286283
000000007.059945	-00000011.081894	000000000.091734
000000017.630306	-00000027.674036	000000000.687330
000000007.063652	-00000011.304206	000000000.093060
000000007.210619	-00000011.539403	000000000.285026
000000017.303368	-00000027.691175	000000000.683979
000000006.980411	-00000011.390995	000000000.093270
000000007.073079	-00000011.542216	000000000.283560
000000006.988896	-00000011.631476	000000000.094736
000000007.033877	-00000011.706337	000000000.286073
000000016.317978	-00000027.157675	000000000.663665
000000006.775472	-00000011.502469	000000000.093200
000000006.906082	-00000011.724200	000000000.285026
000000006.704836	-00000011.613117	000000000.093619
000000006.773514	-00000011.732071	000000000.283770
