000000003.524130	000000004.089954	-00000000.113089
000000003.681475	000000004.272563	-00000000.039374
000000003.539910	000000004.036494	-00000000.112461
000000003.824113	000000004.360565	-00000000.040491
000000003.601630	000000004.035285	-00000000.113298
000000003.901972	000000004.371790	-00000000.040910
000000005.213727	000000005.841487	-00000000.054663
000000003.717373	000000004.092509	-00000000.115812
000000004.215637	000000004.641055	-00000000.043773
000000003.854743	000000004.170037	-00000000.118953
000000004.079493	000000004.413171	-00000000.041957
000000003.836183	000000004.077983	-00000000.117278
000000003.932854	000000004.180748	-00000000.040072
000000004.030637	000000004.210458	-00000000.122094
000000004.148977	000000004.334078	-00000000.041888
000000004.074203	000000004.182286	-00000000.122304
000000004.144774	000000004.254730	-00000000.041469
000000004.187969	000000004.224676	-00000000.124607
000000004.195826	000000004.232602	-00000000.041608
000000005.723500	000000005.773666	-00000000.056758
000000004.380883	000000004.342818	-00000000.129215
000000004.182890	000000004.146545	-00000000.041120
000000005.418582	000000005.371501	-00000000.053267
000000004.425775	000000004.311399	-00000000.129424
000000005.157248	000000005.023969	-00000000.050265
000000004.535451	000000004.341750	-00000000.131518
000000005.273129	000000005.047923	-00000000.050963
000000004.587731	000000004.315706	-00000000.131937
000000004.828982	000000004.542653	-00000000.046286
000000004.647242	000000004.295866	-00000000.132566
000000005.301679	000000004.900822	-00000000.050405
000000004.751158	000000004.315648	-00000000.134450
000000005.092577	000000004.625771	-00000000.048031
000000004.840850	000000004.320624	-00000000.135916
000000005.990695	000000005.346900	-00000000.056060
000000004.878370	000000004.278216	-00000000.135916
000000005.713843	000000005.010906	-00000000.053058
000000004.976110	000000004.287691	-00000000.137592
000000005.583118	000000004.810722	-00000000.051452
000000004.990446	000000004.224724	-00000000.136963
000000005.678311	000000004.807045	-00000000.051941
000000004.942569	000000004.110691	-00000000.134660
000000006.327414	000000005.262455	-00000000.057456
000000005.164066	000000004.219219	-00000000.139686
000000006.481508	000000005.295614	-00000000.058433
000000005.325443	000000004.274120	-00000000.143037
000000006.558669	000000005.263888	-00000000.058712
000000005.393944	000000004.252243	-00000000.143874
000000005.968263	000000004.704999	-00000000.053058
000000005.494087	000000004.253977	-00000000.145550
000000006.768138	000000005.240452	-00000000.059760
000000005.523042	000000004.199819	-00000000.145340
000000006.718093	000000005.108557	-00000000.058922
000000005.703676	000000004.259137	-00000000.149110
000000006.353788	000000004.744598	-00000000.055361
000000005.692250	000000004.173730	-00000000.147853
000000006.612684	000000004.848621	-00000000.057246
000000005.744684	000000004.135581	-00000000.148272
000000007.044291	000000005.071164	-00000000.060597
000000005.927517	000000004.189155	-00000000.152042
000000006.990282	000000004.940243	-00000000.059760
000000005.980278	000000004.148666	-00000000.152461
000000007.164587	000000004.970251	-00000000.060877
000000006.131951	000000004.175097	-00000000.155393
000000007.174624	000000004.885028	-00000000.060597
000000009.003128	000000006.072687	000000000.075816
000000010.252946	000000006.915699	000000000.259058
000000006.026833	000000004.027001	-00000000.151833
000000007.241924	000000004.838899	-00000000.060807
000000005.877802	000000003.853656	-00000000.147225
000000005.987663	000000003.925684	-00000000.049986
000000009.158059	000000005.947313	000000000.076235
000000006.020518	000000003.872528	-00000000.149948
000000005.819848	000000003.743452	-00000000.048310
000000007.400963	000000004.760459	-00000000.061435
000000006.240103	000000003.937212	-00000000.154555
000000007.306911	000000004.610317	-00000000.060318
000000009.251979	000000005.781278	000000000.076166
000000011.200258	000000006.998698	000000000.276649
000000006.605788	000000004.087785	-00000000.162723
000000007.295844	000000004.514805	-00000000.059899
000000011.252381	000000006.895468	000000000.276440
000000006.641208	000000004.029984	-00000000.162723
000000007.309319	000000004.435403	-00000000.059690
000000009.668612	000000005.809488	000000000.078749
000000011.552081	000000006.941190	000000000.282304
000000006.753453	000000004.017882	-00000000.164607
000000007.330558	000000004.361224	-00000000.059550
000000007.556304	000000004.451003	000000000.061226
000000007.606517	000000004.480581	000000000.184922
000000006.667347	000000003.888282	-00000000.161675
000000007.368337	000000004.297087	-00000000.059550
000000007.612178	000000004.394893	000000000.061365
000000007.619352	000000004.399035	000000000.184293
000000006.961428	000000003.978784	-00000000.167958
000000007.674691	000000004.386447	-00000000.061714
000000009.852186	000000005.574099	000000000.079028
000000007.056945	000000003.952079	-00000000.169424
000000007.773750	000000004.353509	-00000000.062203
000000010.337752	000000005.730310	000000000.082518
000000012.285712	000000006.810081	000000000.294241
000000007.205113	000000003.952861	-00000000.172147
000000008.241031	000000004.521184	-00000000.065624
000000010.123727	000000005.496735	000000000.080424
000000007.327403	000000003.937156	-00000000.174241
000000008.377067	000000004.501161	-00000000.066392
000000010.083015	000000005.361235	000000000.079726
000000012.905863	000000006.862169	000000000.306178
000000007.564985	000000003.980131	-00000000.179058
000000008.867360	000000004.665344	-00000000.069952
000000010.643870	000000005.540848	000000000.083775
000000007.421665	000000003.822409	-00000000.174869
000000008.961074	000000004.615257	-00000000.070371
000000010.629449	000000005.415975	000000000.083286
000000010.832263	000000005.519314	000000000.254660
000000013.379983	000000006.817442	000000000.314555
000000007.963625	000000004.013998	-00000000.186806
000000009.126022	000000004.599894	-00000000.071348
000000010.604714	000000005.287315	000000000.082728
000000007.693480	000000003.794005	-00000000.179686
000000009.040257	000000004.458161	-00000000.070371
000000010.731339	000000005.234024	000000000.083356
000000013.793463	000000006.727521	000000000.321466
000000008.185552	000000003.948241	-00000000.190367
000000009.024776	000000004.353035	-00000000.069952
000000010.839786	000000005.170312	000000000.083845
000000013.030473	000000006.215217	000000000.302409
000000008.102140	000000003.821218	-00000000.187644
000000008.971976	000000004.231459	-00000000.069254
000000010.929806	000000005.096652	000000000.084194
000000014.289340	000000006.663229	000000000.330262
000000008.398482	000000003.871753	-00000000.193717
000000009.462622	000000004.362328	-00000000.072745
000000011.174052	000000005.092309	000000000.085730
000000008.468411	000000003.814741	-00000000.194555
000000009.555033	000000004.304228	-00000000.073164
000000011.044496	000000004.917326	000000000.084403
000000014.987993	000000006.673084	000000000.343665
000000008.721005	000000003.837334	-00000000.199581
000000009.802747	000000004.313312	-00000000.074769
000000010.775193	000000004.685187	000000000.082030
000000008.754160	000000003.761084	-00000000.199581
000000009.812451	000000004.215762	-00000000.074560
000000011.257500	000000004.778525	000000000.085381
000000012.470105	000000005.293246	000000000.283770
000000015.442684	000000006.555031	000000000.351414
000000008.897287	000000003.730942	-00000000.202094
000000009.378555	000000003.932755	-00000000.070999
000000011.363441	000000004.706892	000000000.085870
000000012.423454	000000005.145963	000000000.281676
000000009.068308	000000003.709943	-00000000.205236
000000010.217718	000000004.180179	-00000000.077073
000000011.422626	000000004.615041	000000000.086009
000000016.092382	000000006.501744	000000000.363560
000000009.332489	000000003.723286	-00000000.210471
000000010.448853	000000004.168670	-00000000.078539
000000011.341514	000000004.467541	000000000.085102
000000011.925337	000000004.697515	000000000.268482
000000016.576405	000000006.529619	000000000.373194
000000009.243490	000000003.594597	-00000000.207749
000000010.438233	000000004.059207	-00000000.078190
000000011.520102	000000004.422153	000000000.086149
000000011.909874	000000004.571772	000000000.267225
000000009.573684	000000003.627145	-00000000.214450
000000010.744441	000000004.070705	-00000000.080215
000000011.539520	000000004.314450	000000000.086009
000000011.827576	000000004.422149	000000000.264503
000000009.361095	000000003.453490	-00000000.209005
000000010.798319	000000003.983710	-00000000.080354
000000011.595525	000000004.220426	000000000.086149
000000011.865715	000000004.318767	000000000.264503
000000009.654348	000000003.466265	-00000000.214869
000000010.964433	000000003.936634	-00000000.081332
000000011.697896	000000004.142442	000000000.086637
000000011.902951	000000004.215056	000000000.264503
000000009.353870	000000003.266518	-00000000.207539
000000011.017250	000000003.847396	-00000000.081471
000000011.856514	000000004.082525	000000000.087545
000000012.033812	000000004.143573	000000000.266597
000000018.471382	000000006.360207	000000000.409215
000000009.713372	000000003.297246	-00000000.214869
000000011.211380	000000003.805751	-00000000.082658
000000011.948587	000000003.997941	000000000.087964
000000016.667873	000000005.576993	000000000.368168
000000018.753729	000000006.274910	000000000.414241
000000009.399959	000000003.099642	-00000000.207330
000000011.348628	000000003.742216	-00000000.083426
000000012.097144	000000003.930600	000000000.088802
000000017.346848	000000005.636333	000000000.127338
000000019.235653	000000006.250042	000000000.423665
000000009.655176	000000003.090646	-00000000.212356
000000011.590375	000000003.710108	-00000000.084962
000000013.761801	000000004.339079	000000000.100740
000000018.215549	000000005.743341	000000000.133342
000000019.728077	000000006.220239	000000000.433299
000000009.376239	000000002.911400	-00000000.205655
000000011.784659	000000003.659234	-00000000.086149
000000014.248593	000000004.356232	000000000.104021
000000018.312790	000000005.598782	000000000.133691
000000019.638193	000000006.003998	000000000.430157
000000009.707644	000000002.921669	-00000000.212356
000000012.065105	000000003.631185	-00000000.087964
000000015.235274	000000004.512894	000000000.110932
000000016.711821	000000004.950267	000000000.121683
000000018.552710	000000005.495563	000000000.135087
000000020.773067	000000006.153263	000000000.453822
000000009.425622	000000002.747318	-00000000.205655
000000012.441943	000000003.626496	-00000000.090477
000000014.947255	000000004.286057	000000000.108559
000000018.686472	000000005.358260	000000000.135716
000000021.268055	000000006.098516	000000000.463456
000000009.689798	000000002.732806	-00000000.210890
000000012.704100	000000003.582927	-00000000.092153
000000015.591161	000000004.323812	000000000.112957
000000018.983059	000000005.264468	000000000.137531
000000021.811808	000000006.048950	000000000.474136
000000009.433551	000000002.571881	-00000000.204817
000000012.889244	000000003.514011	-00000000.093270
000000013.001045	000000003.483619	000000000.093968
000000015.782844	000000004.229000	000000000.114074
000000019.424295	000000005.204724	000000000.140393
000000021.883080	000000005.863553	000000000.474555
000000023.872450	000000006.396604	000000000.517697
000000009.716681	000000002.558188	-00000000.210471
000000013.393260	000000003.526151	-00000000.096690
000000013.592462	000000003.515249	000000000.098017
000000016.661413	000000004.308935	000000000.120147
000000019.468975	000000005.035019	000000000.140393
000000021.914055	000000005.667360	000000000.474136
000000023.065899	000000005.965247	000000000.499058
000000009.476999	000000002.406851	-00000000.204817
000000013.181219	000000003.347603	-00000000.094945
000000014.379432	000000003.585195	000000000.103462
000000016.222948	000000004.044836	000000000.116727
000000019.715929	000000004.915733	000000000.141859
000000021.584345	000000005.381582	000000000.465969
000000009.837537	000000002.407230	-00000000.212147
000000014.375512	000000003.517666	-00000000.103323
000000016.821589	000000004.038506	000000000.120776
000000024.352524	000000005.846524	000000000.524608
000000025.888531	000000006.215286	000000000.557697
000000009.439708	000000002.222756	-00000000.203141
000000013.588043	000000003.199559	-00000000.097458
000000017.645412	000000004.073764	000000000.126431
000000019.886408	000000004.591139	000000000.142488
000000025.045559	000000005.782223	000000000.538430
000000047.909012	000000011.060667	000000001.029948
000000009.907305	000000002.241794	-00000000.212775
000000014.073847	000000003.184587	-00000000.100740
000000015.741641	000000003.561970	-00000000.112678
000000016.528290	000000003.664233	000000000.118193
000000020.560293	000000004.558107	000000000.147025
000000025.846647	000000005.730064	000000000.554555
000000047.906101	000000010.620527	000000001.027854
000000009.516143	000000002.066157	-00000000.203979
000000013.974065	000000003.034067	-00000000.099832
000000016.270500	000000003.532672	-00000000.116238
000000017.136728	000000003.642524	000000000.122312
000000019.865694	000000004.222583	000000000.141789
000000021.690556	000000004.610470	000000000.464503
000000026.521545	000000005.637329	000000000.567958
000000009.935132	000000002.066510	-00000000.212566
000000016.819592	000000003.498480	-00000000.119938
000000019.784199	000000004.025141	000000000.140952
000000021.436049	000000004.361214	000000000.458220
000000009.472308	000000001.884159	-00000000.202304
000000014.044502	000000002.793625	-00000000.099972
000000016.869097	000000003.355472	-00000000.120078
000000020.240660	000000003.934386	000000000.143954
000000021.384966	000000004.156816	000000000.456335
000000009.979506	000000001.894669	-00000000.212775
000000018.037350	000000003.424498	-00000000.128176
000000020.854328	000000003.865121	000000000.148073
000000025.018351	000000004.636877	000000000.532985
000000029.255249	000000005.422140	000000000.623246
000000009.464396	000000001.711442	-00000000.201466
000000014.091119	000000002.548090	-00000000.099972
000000019.286728	000000003.487609	-00000000.136833
000000020.700155	000000003.649996	000000000.146746
000000030.276197	000000005.338511	000000000.643979
000000009.971640	000000001.713441	-00000000.211937
000000020.035866	000000003.442791	-00000000.141929
000000021.658302	000000003.624357	000000000.153308
000000031.337282	000000005.244063	000000000.665550
000000048.001854	000000008.032756	000000001.019477
000000009.413880	000000001.533148	-00000000.199791
000000013.906440	000000002.264807	-00000000.098366
000000021.052120	000000003.428555	-00000000.148910
000000022.795292	000000003.610420	000000000.161127
000000024.706543	000000003.913132	000000000.523979
000000032.339699	000000005.122105	000000000.685864
000000009.901211	000000001.523942	-00000000.209843
000000021.960857	000000003.380099	-00000000.155124
000000023.775362	000000003.553252	000000000.167829
000000033.727932	000000005.040673	000000000.714346
000000009.439203	000000001.368619	-00000000.199791
000000014.052707	000000002.037545	-00000000.099134
000000023.137486	000000003.354776	-00000000.163222
000000024.865026	000000003.494551	000000000.175299
000000028.697269	000000004.033138	000000000.202317
000000029.008490	000000004.076878	000000000.613613
000000009.866860	000000001.342821	-00000000.208586
000000028.384375	000000003.736874	000000000.199873
000000032.786282	000000004.316396	000000000.230870
000000009.421980	000000001.198627	-00000000.198953
000000013.917490	000000001.770528	-00000000.097947
000000028.683884	000000003.521938	000000000.201758
000000033.001354	000000004.052057	000000000.232127
000000033.292618	000000004.087820	000000000.702618
000000009.809364	000000001.161015	-00000000.206911
000000029.220236	000000003.329225	000000000.205319
000000032.657909	000000003.720899	000000000.229474
000000037.369976	000000004.257771	000000000.787854
000000009.401711	000000001.029655	-00000000.198115
000000014.045674	000000001.538252	-00000000.098645
000000032.599632	000000003.426359	000000000.228846
000000037.074871	000000003.896726	000000000.260261
000000041.283493	000000004.339070	000000000.869529
000000009.778396	000000000.984633	-00000000.205864
000000036.759087	000000003.539497	000000000.257818
000000009.298779	000000000.854438	-00000000.195602
000000014.020592	000000001.288311	-00000000.098296
000000038.133404	000000003.336241	000000000.267243
000000042.277470	000000003.698799	000000000.296285
000000009.694455	000000000.805547	-00000000.203770
000000042.198483	000000003.321093	000000000.295517
000000009.312274	000000000.692021	-00000000.195602
000000013.901328	000000001.033047	-00000000.097319
000000053.058769	000000003.710231	000000001.114137
000000057.646557	000000004.031040	000000001.210472
000000009.687085	000000000.634925	-00000000.203351
000000061.693211	000000003.773318	000000000.431512
000000061.611328	000000003.768310	000000001.292985
000000009.203153	000000000.522593	-00000000.193089
000000013.677632	000000000.776672	-00000000.095643
000000070.142029	000000003.675988	000000000.490364
000000070.138336	000000003.675795	000000001.471205
000000009.626787	000000000.462408	-00000000.201885
000000009.270811	000000000.364251	-00000000.194346
000000013.819001	000000000.542950	-00000000.096551
000000072.444077	000000002.529803	000000000.506072
000000072.449936	000000002.530008	000000001.518535
000000095.201073	000000003.324495	000000001.995394
000000009.663370	000000000.295243	-00000000.202513
000000009.275757	000000000.202398	-00000000.194346
000000013.726398	000000000.299511	-00000000.095853
000000009.697042	000000000.126941	-00000000.203141
000000009.317867	000000000.040657	-00000000.195183
000000014.059524	000000000.061347	-00000000.098157
000000009.707778	-00000000.042358	-00000000.203351
000000009.357145	-00000000.122492	-00000000.196021
000000013.848476	-00000000.181286	-00000000.096690
000000009.745542	-00000000.212648	-00000000.204189
000000009.353582	-00000000.285778	-00000000.196021
000000014.123066	-00000000.431499	-00000000.098645
000000009.800287	-00000000.385054	-00000000.205445
000000009.377130	-00000000.450416	-00000000.196649
000000014.123372	-00000000.678394	-00000000.098715
000000009.861946	-00000000.560002	-00000000.206911
000000009.397770	-00000000.615962	-00000000.197278
000000014.468602	-00000000.948322	-00000000.101228
000000062.785149	-00000004.390366	000000000.439401
000000071.998360	-00000005.034616	000000001.511833
000000009.990255	-00000000.742404	-00000000.209843
000000046.016582	-00000003.621584	000000000.322255
000000045.957779	-00000003.616956	000000000.965655
000000009.475260	-00000000.787333	-00000000.199162
000000014.419951	-00000001.198206	-00000000.101019
000000050.884388	-00000004.451807	000000000.356603
000000051.053738	-00000004.466623	000000001.073508
000000010.015601	-00000000.920304	-00000000.210681
000000050.754017	-00000004.887056	000000000.355974
000000048.226318	-00000004.643666	000000001.014870
000000009.489918	-00000000.955584	-00000000.199791
000000014.884366	-00000001.498777	-00000000.104440
000000034.449398	-00000003.620778	000000000.241831
000000050.828777	-00000005.342319	000000000.356812
000000037.813370	-00000003.974345	000000000.796440
000000009.928445	-00000001.087342	-00000000.209215
000000032.469139	-00000003.699391	000000000.228148
000000037.369976	-00000004.257771	000000000.787854
000000009.481724	-00000001.122236	-00000000.200000
000000014.101229	-00000001.668990	-00000000.099134
000000029.289324	-00000003.596277	000000000.206017
000000031.413321	-00000003.857071	000000000.220957
000000032.792927	-00000004.026465	000000000.230661
000000035.505512	-00000004.359529	000000000.749320
000000010.026970	-00000001.275592	-00000000.211728
000000027.680466	-00000003.644202	000000000.194917
000000037.485619	-00000004.935075	000000000.263961
000000030.648752	-00000004.034985	000000000.647540
000000037.180939	-00000004.894963	000000000.785550
000000009.579572	-00000001.303723	-00000000.202513
000000015.040978	-00000002.046987	-00000000.105976
000000026.498928	-00000003.724181	000000000.186819
000000030.285656	-00000004.256371	000000000.640629
000000009.666774	-00000001.401616	-00000000.204607
000000010.379166	-00000001.504907	-00000000.219686
000000010.943144	-00000001.586680	-00000000.231623
000000024.616005	-00000003.678886	000000000.173764
000000029.867552	-00000004.463736	000000000.210834
000000029.891392	-00000004.467299	000000000.633089
000000009.555360	-00000001.470711	-00000000.202513
000000015.091913	-00000002.322868	-00000000.106604
000000022.583511	-00000003.475935	-00000000.159522
000000022.745909	-00000003.602598	000000000.160778
000000024.375555	-00000003.860708	000000000.172298
000000029.906475	-00000004.736720	000000000.211393
000000029.831520	-00000004.724849	000000000.632670
000000010.193437	-00000001.660107	-00000000.216335
000000021.446907	-00000003.492851	-00000000.151703
000000022.881269	-00000003.829011	000000000.161965
000000029.893587	-00000005.002471	000000000.211602
000000029.818735	-00000004.989945	000000000.633299
000000009.646478	-00000001.657568	-00000000.205026
000000015.265891	-00000002.623160	-00000000.108140
000000020.361092	-00000003.498675	-00000000.144233
000000021.783417	-00000003.841004	000000000.154425
000000023.949940	-00000004.223021	000000000.169784
000000022.596382	-00000003.984352	000000000.480629
000000010.172750	-00000001.839533	-00000000.216545
000000019.414650	-00000003.510741	-00000000.137740
000000020.608521	-00000003.819563	000000000.146327
000000023.489388	-00000004.353500	000000000.166782
000000022.256008	-00000004.124907	000000000.474136
000000009.616080	-00000001.825670	-00000000.205026
000000015.011476	-00000002.850018	-00000000.106674
000000018.489265	-00000003.510297	-00000000.131387
000000022.419819	-00000004.357971	000000000.159452
000000021.954185	-00000004.267461	000000000.468482
000000010.599964	-00000002.108464	-00000000.226388
000000017.575245	-00000003.495933	-00000000.125104
000000021.450029	-00000004.364058	000000000.152820
000000021.876919	-00000004.450910	000000000.467644
000000009.621906	-00000002.001359	-00000000.205864
000000014.802807	-00000003.078988	-00000000.105557
000000022.046911	-00000004.686215	000000000.157358
000000021.817686	-00000004.637492	000000000.467225
000000010.219596	-00000002.218892	-00000000.219058
000000016.016426	-00000003.477507	-00000000.114423
000000022.268768	-00000004.936867	000000000.159243
000000021.893517	-00000004.853676	000000000.469738
000000009.663523	-00000002.186632	-00000000.207539
000000014.434714	-00000003.266243	-00000000.103323
000000017.713617	-00000004.089510	000000000.126919
000000021.874075	-00000005.050028	000000000.156729
000000017.359467	-00000004.007749	000000000.373194
000000010.013876	-00000002.357955	-00000000.215497
000000014.833939	-00000003.492929	-00000000.106394
000000017.259146	-00000004.143554	000000000.123917
000000017.216894	-00000004.133410	000000000.370890
000000009.623889	-00000002.354951	-00000000.207539
000000014.220101	-00000003.479637	-00000000.102206
000000017.251438	-00000004.301267	000000000.124127
000000017.044357	-00000004.249635	000000000.367958
000000010.000269	-00000002.539745	-00000000.216126
000000011.860785	-00000003.012255	-00000000.256335
000000013.782128	-00000003.500215	-00000000.099274
000000015.904692	-00000004.039277	-00000000.114562
000000017.048666	-00000004.409085	000000000.122940
000000016.842073	-00000004.355657	000000000.364398
000000009.590992	-00000002.525097	-00000000.207749
000000013.286887	-00000003.498145	-00000000.095923
000000015.888178	-00000004.183008	-00000000.114702
000000016.941927	-00000004.539576	000000000.122451
000000016.755138	-00000004.489526	000000000.363351
000000009.964067	-00000002.716516	-00000000.216335
000000012.869949	-00000003.508751	-00000000.093130
000000015.908955	-00000004.337279	-00000000.115121
000000017.084751	-00000004.738021	000000000.123778
000000016.580442	-00000004.598164	000000000.360419
000000009.612819	-00000002.711095	-00000000.209215
000000012.607857	-00000003.555783	-00000000.091455
000000016.082233	-00000004.535659	-00000000.116657
000000016.860121	-00000004.834562	000000000.122451
000000016.683844	-00000004.784015	000000000.363560
000000010.049518	-00000002.929167	-00000000.219267
000000012.269138	-00000003.576128	-00000000.089221
000000016.855640	-00000004.992868	000000000.122731
000000016.622288	-00000004.923746	000000000.363142
000000009.640629	-00000002.901500	-00000000.210890
000000011.873595	-00000003.573546	-00000000.086568
000000017.002686	-00000005.198243	000000000.124127
000000016.722101	-00000005.112460	000000000.366283
000000009.872741	-00000003.065567	-00000000.216545
000000011.727359	-00000003.641442	-00000000.085730
000000016.994822	-00000005.358447	000000000.124406
000000016.791273	-00000005.294268	000000000.368796
000000009.588522	-00000003.069310	-00000000.210890
000000011.390376	-00000003.646088	-00000000.083496
000000012.772378	-00000004.149997	000000000.093758
000000017.033007	-00000005.534359	000000000.125034
000000016.982145	-00000005.517833	000000000.374032
000000009.808240	-00000003.234273	-00000000.216335
000000011.177687	-00000003.685848	-00000000.082169
000000012.536533	-00000004.194665	000000000.092292
000000012.657345	-00000004.235088	000000000.279581
000000009.476692	-00000003.216903	-00000000.209634
000000010.217127	-00000003.468247	-00000000.075328
000000012.631741	-00000004.287898	-00000000.093130
000000012.641275	-00000004.352740	000000000.093339
000000012.619905	-00000004.345382	000000000.279581
000000009.504891	-00000003.319257	-00000000.210890
000000009.931575	-00000003.468261	-00000000.073443
000000012.631603	-00000004.411153	-00000000.093409
000000019.974087	-00000007.073195	000000000.147933
000000033.953121	-00000012.023430	000000000.251465
000000019.564945	-00000006.928311	000000000.434765
000000034.606205	-00000012.254700	000000000.769006
000000009.306190	-00000003.341264	-00000000.207121
000000010.023280	-00000003.598725	-00000000.074350
000000012.630275	-00000004.534732	-00000000.093689
000000015.077272	-00000005.413294	-00000000.111840
000000032.897835	-00000011.973833	000000000.244414
000000019.456766	-00000007.081683	000000000.433717
000000009.079700	-00000003.349679	-00000000.202723
000000010.029020	-00000003.699901	-00000000.074630
000000012.515167	-00000004.617089	-00000000.093130
000000017.121950	-00000006.401635	000000000.127617
000000032.529831	-00000012.162406	000000000.242459
000000019.235027	-00000007.191682	000000000.430157
000000032.617138	-00000012.195048	000000000.729425
000000008.947281	-00000003.389822	-00000000.200419
000000009.603605	-00000003.638480	-00000000.071698
000000012.979361	-00000004.917440	-00000000.096900
000000014.971150	-00000005.672061	-00000000.111770
000000019.389994	-00000007.443121	000000000.145001
000000032.123718	-00000012.331141	000000000.240225
000000019.283541	-00000007.402258	000000000.432670
000000008.749635	-00000003.402547	-00000000.196649
000000009.944282	-00000003.867120	-00000000.074490
000000012.796156	-00000004.976153	-00000000.095853
000000015.154078	-00000005.893099	-00000000.113515
000000017.835670	-00000007.025657	000000000.133831
000000019.398733	-00000007.641365	000000000.145559
000000010.083514	-00000003.972002	000000000.227016
000000019.125189	-00000007.533612	000000000.430576
000000008.515316	-00000003.397266	-00000000.192042
000000009.557218	-00000003.812943	-00000000.071837
000000011.470519	-00000004.576273	-00000000.086219
000000012.845123	-00000005.124684	-00000000.096551
000000010.031884	-00000004.053144	000000000.075537
000000015.910087	-00000006.428092	000000000.119798
000000019.099522	-00000007.716708	000000000.143814
000000010.104087	-00000004.082316	000000000.228272
000000019.105068	-00000007.718949	000000000.431623
000000008.466838	-00000003.463875	-00000000.191623
000000009.486559	-00000003.881054	-00000000.071558
000000013.059058	-00000005.342602	-00000000.098506
000000010.402630	-00000004.308910	000000000.078609
000000016.075111	-00000006.658529	000000000.121474
000000019.151556	-00000007.932834	000000000.144722
000000010.252814	-00000004.246855	000000000.232461
000000018.981560	-00000007.862420	000000000.430367
000000008.150469	-00000003.417775	-00000000.185131
000000008.852914	-00000003.712335	-00000000.067020
000000013.030382	-00000005.464093	-00000000.098645
000000014.800964	-00000006.206559	-00000000.112049
000000010.318608	-00000004.379989	000000000.078260
000000016.182081	-00000006.868886	000000000.122731
000000009.939272	-00000004.218971	000000000.226178
000000008.037660	-00000003.453251	-00000000.183246
000000008.930433	-00000003.836817	-00000000.067858
000000013.055705	-00000005.609173	-00000000.099204
000000009.959029	-00000004.330309	000000000.075816
000000016.048161	-00000006.977939	000000000.122172
000000009.810390	-00000004.265679	000000000.224084
000000007.860801	-00000003.458835	-00000000.179895
000000009.152892	-00000004.027369	-00000000.069813
000000012.310639	-00000005.416811	-00000000.093898
000000014.287663	-00000006.286723	-00000000.108977
000000009.893456	-00000004.404850	000000000.075607
000000015.648651	-00000006.967228	000000000.119589
000000009.489655	-00000004.225067	000000000.217592
000000007.775624	-00000003.502663	-00000000.178639
000000009.755616	-00000004.394585	-00000000.074699
000000009.663553	-00000004.403935	000000000.074141
000000015.933034	-00000007.261102	000000000.122242
000000009.543400	-00000004.349178	000000000.219686
000000007.581333	-00000003.495042	-00000000.174869
000000009.589759	-00000004.420939	-00000000.073722
000000009.670069	-00000004.509227	000000000.074490
000000009.523206	-00000004.440744	000000000.220105
000000007.604799	-00000003.586656	-00000000.176126
000000009.740745	-00000004.594034	-00000000.075188
000000013.539364	-00000006.385579	-00000000.104509
000000009.576196	-00000004.567611	000000000.074071
000000009.321661	-00000004.446204	000000000.216335
000000007.411120	-00000003.574700	-00000000.172356
000000009.565182	-00000004.613696	-00000000.074141
000000012.897684	-00000006.221104	-00000000.099972
000000009.320267	-00000004.545798	000000000.072396
000000009.417295	-00000004.593122	000000000.219477
000000007.173409	-00000003.537534	-00000000.167539
000000008.895026	-00000004.386541	-00000000.207749
000000009.865359	-00000004.865057	-00000000.076794
000000011.919148	-00000005.877873	-00000000.092781
000000009.450277	-00000004.711734	000000000.073722
000000015.660970	-00000007.808271	000000000.122172
000000022.721828	-00000011.328686	000000000.177254
000000009.403698	-00000004.688510	000000000.220105
000000007.169048	-00000003.613498	-00000000.168168
000000009.072445	-00000004.572889	-00000000.070930
000000013.296133	-00000006.701803	-00000000.103951
000000014.599851	-00000007.358930	-00000000.114144
000000009.622636	-00000004.902978	000000000.075398
000000022.702293	-00000011.567396	000000000.177883
000000009.451506	-00000004.815783	000000000.222199
000000006.710608	-00000003.456190	-00000000.158115
000000008.603799	-00000004.431248	-00000000.202723
000000009.414462	-00000004.848767	-00000000.073932
000000011.796970	-00000006.075839	-00000000.092641
000000009.792361	-00000005.097580	000000000.077073
000000022.112642	-00000011.511112	000000000.174043
000000009.417989	-00000004.902695	000000000.222409
000000006.644800	-00000003.495998	-00000000.157278
000000009.840822	-00000005.177507	-00000000.077632
000000012.947054	-00000006.811774	-00000000.102136
000000015.088671	-00000007.938534	-00000000.119030
000000009.314870	-00000004.952805	000000000.073652
000000009.357192	-00000004.975307	000000000.221990
000000006.393864	-00000003.435547	-00000000.152042
000000007.688489	-00000004.131174	-00000000.182827
000000008.526814	-00000004.581623	-00000000.067579
000000009.610284	-00000005.163792	-00000000.076166
000000012.490726	-00000006.711510	-00000000.098994
000000009.394325	-00000005.100703	000000000.074630
000000009.225556	-00000005.009068	000000000.219895
000000006.933388	-00000003.803787	-00000000.165655
000000010.099647	-00000005.540856	-00000000.080424
000000012.317711	-00000006.757728	-00000000.098087
000000020.848055	-00000011.437634	-00000000.166014
000000009.454409	-00000005.240664	000000000.075467
000000019.206181	-00000010.646159	000000000.153308
000000020.815441	-00000011.538187	000000000.166154
000000009.347633	-00000005.181478	000000000.223874
000000007.650112	-00000004.284269	-00000000.183665
000000010.234128	-00000005.731387	-00000000.081890
000000020.677652	-00000011.580042	-00000000.165456
000000009.669415	-00000005.470692	000000000.077562
000000018.024626	-00000010.197843	000000000.144582
000000020.470268	-00000011.581520	000000000.164199
000000009.362973	-00000005.297316	000000000.225340
000000018.108130	-00000010.245087	000000000.435812
000000007.030869	-00000004.018472	-00000000.169634
000000010.140315	-00000005.795668	-00000000.081541
000000012.180532	-00000006.961748	-00000000.097947
000000020.211176	-00000011.551639	-00000000.162524
000000009.629968	-00000005.559865	000000000.077632
000000018.385271	-00000010.614741	000000000.148212
000000020.238522	-00000011.684715	000000000.163152
000000009.706016	-00000005.603771	000000000.234765
000000018.719364	-00000010.807630	000000000.452775
000000020.554934	-00000011.867396	000000000.497173
000000007.384174	-00000004.306323	-00000000.179058
000000010.555813	-00000006.155968	-00000000.085311
000000011.998384	-00000006.997250	-00000000.096970
000000020.282364	-00000011.828324	-00000000.163920
000000017.085690	-00000010.064240	000000000.138438
000000019.429264	-00000011.444711	000000000.157427
000000019.313490	-00000011.376514	000000000.469529
000000007.208839	-00000004.288808	-00000000.175707
000000010.347001	-00000006.155819	-00000000.084054
000000020.848692	-00000012.403668	-00000000.169365
000000018.900078	-00000011.356313	000000000.153937
000000020.297228	-00000012.195805	000000000.165316
000000018.947813	-00000011.384995	000000000.463037
000000020.267561	-00000012.177979	000000000.495288
000000007.094213	-00000004.304874	-00000000.173822
000000009.453252	-00000005.736374	-00000000.231623
000000010.173203	-00000006.173251	-00000000.083077
000000011.720556	-00000007.112208	-00000000.095713
000000018.901642	-00000011.469797	-00000000.154356
000000017.444592	-00000010.690060	000000000.142837
000000018.723520	-00000011.473788	000000000.153308
000000020.198553	-00000012.377689	000000000.165386
000000017.398569	-00000010.661857	000000000.427435
000000018.736919	-00000011.481999	000000000.460314
000000020.322483	-00000012.453634	000000000.499267
000000006.920349	-00000004.282442	-00000000.170471
000000009.931872	-00000006.146029	-00000000.081541
000000016.740061	-00000010.460351	000000000.137810
000000018.614202	-00000011.631445	000000000.153239
000000018.627529	-00000011.639772	000000000.460105
000000008.176394	-00000005.158921	-00000000.202513
000000010.402199	-00000006.563299	-00000000.085870
000000018.614016	-00000011.744570	-00000000.153658
000000018.545725	-00000011.814930	000000000.153518
000000018.187963	-00000011.587010	000000000.451728
000000007.298618	-00000004.694629	-00000000.181780
000000009.688534	-00000006.231874	-00000000.080424
000000018.594919	-00000011.960654	-00000000.154356
000000018.659966	-00000012.117923	000000000.155333
000000016.845196	-00000010.939399	000000000.420733
000000018.606018	-00000012.082890	000000000.464712
000000007.299177	-00000004.785550	-00000000.182827
000000009.792672	-00000006.420357	-00000000.081751
000000018.238956	-00000011.957984	-00000000.152261
000000018.211622	-00000012.054010	000000000.152471
000000018.474857	-00000012.228241	000000000.464084
000000005.852262	-00000003.910357	-00000000.147435
000000010.060537	-00000006.722236	-00000000.084473
000000017.418865	-00000011.638913	-00000000.146257
000000017.699522	-00000011.938478	000000000.149050
000000017.787243	-00000011.997647	000000000.449424
000000005.346863	-00000003.640549	-00000000.135497
000000008.098804	-00000005.514279	-00000000.205236
000000009.943632	-00000006.770378	-00000000.083985
000000018.184532	-00000012.381407	-00000000.153588
000000017.561701	-00000012.069822	000000000.148771
000000017.747786	-00000012.197715	000000000.451100
000000005.364178	-00000003.721263	-00000000.136754
000000008.033944	-00000005.573346	-00000000.204817
000000009.465142	-00000006.566203	-00000000.080424
000000016.983028	-00000011.781546	-00000000.144303
000000017.169008	-00000012.021869	000000000.146327
000000017.509628	-00000012.260374	000000000.447749
000000019.434214	-00000013.607984	000000000.496964
000000005.600933	-00000003.958348	-00000000.143665
000000007.976839	-00000005.637472	-00000000.204607
000000009.521809	-00000006.729349	-00000000.081401
000000016.275270	-00000011.502224	-00000000.139137
000000016.501720	-00000011.770562	000000000.141510
000000016.677568	-00000011.895994	000000000.429110
000000005.541834	-00000003.989550	-00000000.143037
000000007.586553	-00000005.461536	-00000000.195812
000000009.284180	-00000006.683653	-00000000.079866
000000015.833423	-00000011.398434	-00000000.136204
000000016.050507	-00000011.661375	000000000.138508
000000016.726803	-00000012.152733	000000000.433089
000000007.167720	-00000005.255590	-00000000.186178
000000009.419044	-00000006.906329	-00000000.081541
000000015.830121	-00000011.607125	-00000000.137042
000000016.004400	-00000011.842633	000000000.138997
000000015.888765	-00000011.757068	000000000.414032
000000007.626264	-00000005.694801	-00000000.199372
000000009.422516	-00000007.036126	-00000000.082100
000000015.704192	-00000011.726876	-00000000.136833
000000015.852529	-00000011.945737	000000000.138578
000000015.841454	-00000011.937391	000000000.415498
000000007.703610	-00000005.857961	-00000000.202723
000000009.488112	-00000007.214929	-00000000.083217
000000015.290825	-00000011.627414	-00000000.134110
000000015.581079	-00000011.955783	000000000.137112
000000015.744610	-00000012.081264	000000000.415707
000000006.790534	-00000005.257793	-00000000.179895
000000009.472230	-00000007.334184	-00000000.083635
000000014.888322	-00000011.527770	-00000000.131457
000000014.948199	-00000011.678813	000000000.132435
000000015.945840	-00000012.458255	000000000.423875
000000007.089857	-00000005.589192	-00000000.189110
000000009.392161	-00000007.404183	-00000000.083496
000000014.465185	-00000011.403433	-00000000.128595
000000014.430943	-00000011.478890	000000000.128734
000000015.140147	-00000012.043016	000000000.405236
000000006.986232	-00000005.607044	-00000000.187644
000000009.233607	-00000007.410753	-00000000.082658
000000010.411204	-00000008.355875	-00000000.093200
000000014.404115	-00000011.560524	-00000000.128944
000000014.415706	-00000011.673608	000000000.129502
000000014.910161	-00000012.074010	000000000.401885
000000007.029943	-00000005.743704	-00000000.190157
000000009.269255	-00000007.573298	-00000000.083566
000000014.248477	-00000011.641494	-00000000.128455
000000014.382731	-00000011.856209	000000000.130131
000000014.657652	-00000012.082835	000000000.397906
000000016.486002	-00000013.590011	000000000.447540
000000007.179408	-00000005.971051	-00000000.195602
000000009.433459	-00000007.845726	-00000000.085660
000000014.177098	-00000011.790968	-00000000.128734
000000014.286381	-00000011.987697	000000000.130201
000000014.674192	-00000012.313109	000000000.401257
000000016.496979	-00000013.842609	000000000.451100
000000007.188073	-00000006.085153	-00000000.197278
000000013.928653	-00000011.791475	-00000000.127408
000000014.150810	-00000012.085934	000000000.129921
000000014.292497	-00000012.206945	000000000.393717
000000007.225585	-00000006.225962	-00000000.199791
000000008.929732	-00000007.694350	-00000000.246911
000000013.916130	-00000011.990905	-00000000.128246
000000013.916506	-00000012.097434	000000000.128734
000000014.306154	-00000012.436151	000000000.397068
000000006.284002	-00000005.510922	-00000000.175079
000000013.653078	-00000011.973428	-00000000.126780
000000013.668109	-00000012.092521	000000000.127408
000000013.613029	-00000012.043791	000000000.380733
000000031.569048	-00000027.929934	000000000.882932
000000005.974609	-00000005.332542	-00000000.167749
000000007.526068	-00000006.717273	-00000000.211309
000000013.458548	-00000012.012213	-00000000.125942
000000013.599218	-00000012.244791	000000000.127757
000000031.613876	-00000028.465263	000000000.891100
000000004.854766	-00000004.409759	-00000000.137382
000000007.555970	-00000006.863359	-00000000.213822
000000013.508652	-00000012.270395	-00000000.127408
000000013.477101	-00000012.349488	000000000.127617
000000030.176025	-00000027.651234	000000000.285743
000000031.179991	-00000028.571198	000000000.885864
000000006.680870	-00000006.175732	-00000000.190576
000000013.606665	-00000012.577871	-00000000.129363
000000029.648357	-00000027.647541	000000000.283020
000000030.827110	-00000028.746744	000000000.882932
000000007.282112	-00000006.850327	-00000000.209424
000000027.400648	-00000025.775955	-00000000.262635
000000028.427626	-00000026.742039	-00000000.272479
000000029.217367	-00000027.726246	000000000.281205
000000030.306747	-00000028.760029	000000000.875184
000000004.679892	-00000004.480022	-00000000.135707
000000006.976505	-00000006.678551	-00000000.202304
000000027.087988	-00000025.931108	-00000000.261797
000000028.048710	-00000026.850800	-00000000.271082
000000028.693766	-00000027.709248	000000000.278482
000000029.939548	-00000028.912287	000000000.871833
000000004.647780	-00000004.527667	-00000000.135916
000000027.498161	-00000026.787523	-00000000.268011
000000012.124962	-00000011.915167	000000000.118681
000000028.358145	-00000027.867472	000000000.277575
000000029.279642	-00000028.773024	000000000.859896
000000006.546474	-00000006.489593	-00000000.193089
000000012.044450	-00000011.939798	-00000000.118402
000000027.156828	-00000026.920868	-00000000.266963
000000027.717911	-00000027.717911	000000000.273665
000000028.928463	-00000028.928463	000000000.856964
000000004.793289	-00000004.835302	-00000000.142618
000000011.876439	-00000011.980536	-00000000.117774
000000026.801188	-00000027.036098	-00000000.265777
000000012.083381	-00000012.296138	000000000.120357
000000027.250689	-00000027.730503	000000000.271431
000000012.109056	-00000012.322266	000000000.361885
000000028.597836	-00000029.101368	000000000.854660
000000004.702076	-00000004.826816	-00000000.141152
000000005.518312	-00000005.664706	-00000000.165655
000000007.304264	-00000007.498037	-00000000.219267
000000011.638862	-00000011.947625	-00000000.116447
000000011.926993	-00000012.350763	000000000.119868
000000026.757589	-00000027.708294	000000000.268918
000000011.945504	-00000012.369931	000000000.360210
000000028.051098	-00000029.047762	000000000.845864
000000004.604467	-00000004.809889	-00000000.139477
000000007.024232	-00000007.337608	-00000000.212775
000000011.679371	-00000012.200430	-00000000.117913
000000011.502124	-00000012.120709	000000000.116657
000000026.597372	-00000028.027782	000000000.269756
000000027.535025	-00000029.015862	000000000.837906
000000004.726726	-00000005.024658	-00000000.144503
000000006.083091	-00000006.466516	-00000000.185969
000000007.322999	-00000007.784578	-00000000.223874
000000011.298392	-00000012.010545	-00000000.115121
000000011.375456	-00000012.198683	000000000.116447
000000027.062578	-00000029.021061	000000000.831205
000000007.241216	-00000007.833503	-00000000.223456
000000011.016667	-00000011.917764	-00000000.113306
000000011.275326	-00000012.304859	000000000.116517
000000011.529796	-00000012.582563	000000000.357487
000000026.477329	-00000028.894934	000000000.820943
000000006.009641	-00000006.616098	-00000000.187225
000000007.791022	-00000008.577247	-00000000.242723
000000010.811395	-00000011.902417	-00000000.112259
000000011.120680	-00000012.350766	000000000.116029
000000011.332587	-00000012.586113	000000000.354765
000000007.010196	-00000007.854261	-00000000.220524
000000010.860265	-00000012.167899	-00000000.113864
000000010.919712	-00000012.342489	000000000.115051
000000024.907280	-00000028.152559	000000000.262426
000000011.056704	-00000012.497330	000000000.349529
000000005.768011	-00000006.577156	-00000000.183246
000000007.389646	-00000008.426276	-00000000.234765
000000010.509716	-00000011.984035	-00000000.111281
000000010.516371	-00000012.097700	000000000.111910
000000011.025933	-00000012.683886	000000000.352042
000000005.397140	-00000006.263689	-00000000.173194
000000005.469994	-00000006.348240	-00000000.058503
000000010.150167	-00000011.779849	-00000000.108559
000000010.351950	-00000012.120575	000000000.111281
000000010.310973	-00000012.072598	000000000.332566
000000011.265452	-00000013.190150	000000000.363351
000000024.725559	-00000028.949909	000000000.797487
000000005.303514	-00000006.264764	-00000000.171937
000000005.897818	-00000006.966784	-00000000.191204
000000007.325439	-00000008.653158	-00000000.237487
000000010.286043	-00000012.150365	-00000000.111142
000000010.277924	-00000012.248752	000000000.111630
000000010.057420	-00000011.985966	000000000.327749
000000009.986184	-00000012.114210	000000000.109606
000000010.054192	-00000012.196710	000000000.331100
000000010.068881	-00000012.434032	000000000.111700
000000022.806017	-00000028.163084	000000000.253001
000000010.004000	-00000012.353910	000000000.332984
000000009.648742	-00000012.130131	000000000.108210
000000009.721546	-00000012.221659	000000000.327121
000000009.560989	-00000012.237509	000000000.108419
000000009.503728	-00000012.164217	000000000.323351
000000009.581672	-00000012.487077	000000000.109885
000000021.293955	-00000027.750824	000000000.244204
000000022.275782	-00000029.030363	000000000.766493
000000002.864570	-00000003.801413	000000000.033231
000000002.894095	-00000003.840594	000000000.100733
000000021.551651	-00000029.125385	000000000.758953
000000002.844811	-00000003.915547	000000000.033789
000000008.432869	-00000011.606848	000000000.300524
000000002.746658	-00000003.850672	000000000.033021
000000002.856432	-00000004.004570	000000000.103037
000000008.425632	-00000012.033050	000000000.102555
000000007.936557	-00000011.334578	000000000.289843
000000008.280658	-00000012.048431	000000000.102066
000000007.701436	-00000011.205658	000000000.284817
000000008.482904	-00000012.342702	000000000.313717
000000007.112761	-00000010.545101	000000000.088802
000000008.074549	-00000011.971010	000000000.100809
000000007.754304	-00000011.496229	000000000.290471
000000008.024968	-00000012.124404	000000000.101508
000000007.432961	-00000011.229979	000000000.282094
000000006.916747	-00000010.650856	000000000.088662
000000007.133207	-00000010.984176	000000000.274346
000000006.866521	-00000010.778280	000000000.089221
000000006.956504	-00000010.919523	000000000.271204
000000007.386894	-00000011.821502	000000000.097319
000000006.961612	-00000011.140908	000000000.275183
000000007.440198	-00000012.141300	000000000.099413
000000006.790992	-00000011.081891	000000000.272251
000000006.612928	-00000011.005760	000000000.089639
000000006.637385	-00000011.046464	000000000.269948
000000006.826224	-00000011.588630	000000000.093898
000000006.454472	-00000010.957520	000000000.266388
000000007.058310	-00000011.982633	000000000.291309
000000006.719836	-00000011.639097	000000000.093828
000000006.693532	-00000011.593537	000000000.280419
000000007.453365	-00000012.909607	000000000.312251
