000000003.706862	000000004.302025	-00000000.118953
000000003.870771	000000004.492251	-00000000.041399
000000003.757447	000000004.284547	-00000000.119372
000000004.041691	000000004.608666	-00000000.042795
000000003.821322	000000004.281430	-00000000.120209
000000004.021827	000000004.506077	-00000000.042167
000000003.838372	000000004.225718	-00000000.119581
000000004.027379	000000004.433798	-00000000.041818
000000004.037979	000000004.368260	-00000000.124607
000000004.181311	000000004.523316	-00000000.043005
000000004.075944	000000004.332857	-00000000.124607
000000004.289141	000000004.559491	-00000000.043703
000000004.175823	000000004.362122	-00000000.126492
000000004.342597	000000004.536335	-00000000.043842
000000004.150942	000000004.261062	-00000000.124607
000000004.458772	000000004.577058	-00000000.044610
000000004.279471	000000004.316980	-00000000.127330
000000004.477425	000000004.516669	-00000000.044401
000000004.309880	000000004.272432	-00000000.127120
000000004.559279	000000004.519664	-00000000.044820
000000004.432937	000000004.318376	-00000000.129634
000000004.641523	000000004.521572	-00000000.045239
000000004.441564	000000004.251873	-00000000.128796
000000004.695251	000000004.494725	-00000000.045378
000000004.529474	000000004.260903	-00000000.130262
000000004.770714	000000004.487839	-00000000.045727
000000004.471044	000000004.132990	-00000000.127539
000000004.706892	000000004.351007	-00000000.044750
000000004.603147	000000004.181204	-00000000.130262
000000004.848311	000000004.403895	-00000000.045727
000000004.632000	000000004.134218	-00000000.130052
000000004.931319	000000004.401371	-00000000.046146
000000004.705485	000000004.126600	-00000000.131100
000000005.007131	000000004.391136	-00000000.046495
000000004.733743	000000004.078854	-00000000.130890
000000005.098288	000000004.392966	-00000000.046984
000000004.837833	000000004.095528	-00000000.132775
000000005.128797	000000004.341847	-00000000.046914
000000004.873388	000000004.053154	-00000000.132775
000000005.227997	000000004.348079	-00000000.047473
000000004.978252	000000004.067403	-00000000.134660
000000005.312204	000000004.340253	-00000000.047891
000000004.990166	000000004.005032	-00000000.134031
000000005.529246	000000004.437689	-00000000.049497
000000005.134846	000000004.047987	-00000000.136963
000000005.646291	000000004.451177	-00000000.050195
000000005.122545	000000003.966298	-00000000.135707
000000005.787707	000000004.481321	-00000000.051103
000000005.292253	000000004.024323	-00000000.139267
000000005.850472	000000004.448802	-00000000.051312
000000005.375234	000000004.013877	-00000000.140524
000000006.057331	000000004.523224	-00000000.052778
000000005.539059	000000004.061406	-00000000.143874
000000006.088509	000000004.464279	-00000000.052709
000000005.541834	000000003.989550	-00000000.143037
000000006.135350	000000004.416820	-00000000.052778
000000005.633591	000000003.981428	-00000000.144503
000000006.369649	000000004.501623	-00000000.054454
000000005.758482	000000003.994801	-00000000.146806
000000006.474420	000000004.491465	-00000000.055012
000000005.867500	000000003.995039	-00000000.148691
000000006.405914	000000004.361632	-00000000.054105
000000007.651830	000000005.161224	000000000.064437
000000005.935391	000000003.965901	-00000000.149529
000000006.476990	000000004.327786	-00000000.054384
000000006.011579	000000003.941364	-00000000.150576
000000006.514510	000000004.271100	-00000000.054384
000000007.824605	000000005.081358	000000000.065135
000000008.846034	000000005.744682	000000000.220943
000000006.113013	000000003.932022	-00000000.152251
000000006.627226	000000004.262775	-00000000.055012
000000007.801181	000000004.969900	000000000.064577
000000006.197825	000000003.910537	-00000000.153508
000000006.486574	000000004.092724	-00000000.053546
000000007.979938	000000004.986419	000000000.065694
000000009.156911	000000005.721873	000000000.226178
000000006.206210	000000003.840519	-00000000.152880
000000006.904692	000000004.272753	-00000000.056688
000000007.886729	000000004.832994	000000000.064577
000000006.367696	000000003.864013	-00000000.156021
000000006.967361	000000004.227899	-00000000.056897
000000008.091462	000000004.861841	000000000.065903
000000011.217859	000000006.740370	000000000.274136
000000012.751852	000000007.662086	000000000.311623
000000006.512872	000000003.874752	-00000000.158744
000000007.081336	000000004.212952	-00000000.057526
000000008.219742	000000004.841798	000000000.066601
000000006.563710	000000003.827842	-00000000.159162
000000007.221488	000000004.211448	-00000000.058363
000000008.313642	000000004.799883	000000000.067020
000000011.117328	000000006.418592	000000000.268901
000000013.307891	000000007.683314	000000000.321885
000000006.822546	000000003.899406	-00000000.164607
000000007.370828	000000004.212775	-00000000.059271
000000008.294288	000000004.692682	000000000.066531
000000006.882483	000000003.854376	-00000000.165236
000000007.424760	000000004.158065	-00000000.059411
000000008.396145	000000004.654059	000000000.067020
000000009.872291	000000005.472300	000000000.236440
000000007.003510	000000003.842257	-00000000.167330
000000007.636104	000000004.189310	-00000000.060807
000000008.357347	000000004.537669	000000000.066392
000000008.768671	000000004.761000	000000000.209005
000000007.124843	000000003.828316	-00000000.169424
000000007.734032	000000004.155645	-00000000.061295
000000008.476090	000000004.506817	000000000.067020
000000008.650989	000000004.599813	000000000.205236
000000007.202220	000000003.789271	-00000000.170471
000000007.885047	000000004.148524	-00000000.062203
000000008.479617	000000004.414209	000000000.066741
000000008.708536	000000004.533377	000000000.205655
000000007.368336	000000003.794942	-00000000.173613
000000007.849830	000000004.042928	-00000000.061645
000000008.553454	000000004.358203	000000000.067020
000000008.614143	000000004.389125	000000000.202513
000000007.508306	000000003.784498	-00000000.176126
000000007.938390	000000004.001278	-00000000.062063
000000008.501669	000000004.238776	000000000.066322
000000008.580539	000000004.278099	000000000.200838
000000007.621747	000000003.758629	-00000000.178011
000000007.919193	000000003.905314	-00000000.061645
000000008.619225	000000004.203877	000000000.066950
000000008.653488	000000004.220588	000000000.201676
000000007.681271	000000003.705005	-00000000.178639
000000008.151120	000000003.931634	-00000000.063180
000000008.610454	000000004.106976	000000000.066601
000000008.726086	000000004.162129	000000000.202513
000000007.867034	000000003.710334	-00000000.182199
000000008.194164	000000003.864619	-00000000.063250
000000008.872537	000000004.137332	000000000.068347
000000010.657920	000000004.969870	000000000.082100
000000011.127019	000000005.188614	000000000.257173
000000012.332144	000000005.750573	000000000.285026
000000016.056252	000000007.487153	000000000.371100
000000008.044384	000000003.708512	-00000000.185550
000000008.545419	000000003.939492	-00000000.065694
000000009.017496	000000004.109510	000000000.069184
000000010.782779	000000004.913995	000000000.082728
000000012.545614	000000005.717366	000000000.288796
000000016.412102	000000007.479426	000000000.377801
000000008.176712	000000003.683340	-00000000.187854
000000008.670646	000000003.905841	-00000000.066392
000000009.153502	000000004.075402	000000000.069952
000000010.834385	000000004.823779	000000000.082798
000000011.069742	000000004.928567	000000000.253822
000000012.732030	000000005.668665	000000000.291937
000000015.910472	000000007.083798	000000000.364817
000000008.281753	000000003.644058	-00000000.189529
000000008.795929	000000003.870301	-00000000.067090
000000009.170378	000000003.987394	000000000.069813
000000010.720171	000000004.661263	000000000.081611
000000012.762676	000000005.549370	000000000.291518
000000015.714962	000000006.833060	000000000.358953
000000016.989397	000000007.387200	000000000.388063
000000008.542885	000000003.670313	-00000000.194765
000000008.810993	000000003.785501	-00000000.066950
000000010.189740	000000004.325288	000000000.077283
000000013.187942	000000005.597949	000000000.300105
000000017.329306	000000007.355854	000000000.394346
000000008.685228	000000003.642018	-00000000.197278
000000009.157233	000000003.839946	-00000000.069324
000000011.123239	000000004.607396	000000000.084054
000000012.635900	000000005.233961	000000000.286492
000000015.720982	000000006.511844	000000000.356440
000000017.743834	000000007.349736	000000000.402304
000000008.781453	000000003.592587	-00000000.198744
000000009.282945	000000003.797753	-00000000.070022
000000011.404083	000000004.607549	000000000.085870
000000012.588395	000000005.086042	000000000.284398
000000015.193210	000000006.138455	000000000.343246
000000017.937073	000000007.247048	000000000.405236
000000009.081765	000000003.623257	-00000000.204817
000000009.622232	000000003.838881	-00000000.072326
000000011.090307	000000004.368588	000000000.083217
000000012.157890	000000004.789120	000000000.273717
000000017.218252	000000006.782450	000000000.387644
000000018.520552	000000007.295439	000000000.416964
000000009.327353	000000003.627209	-00000000.209634
000000009.981561	000000003.881617	-00000000.074769
000000011.772162	000000004.518909	000000000.088034
000000012.497901	000000004.797494	000000000.280419
000000018.956860	000000007.276856	000000000.425341
000000009.629781	000000003.648397	-00000000.215707
000000010.435855	000000003.953792	-00000000.077911
000000011.848614	000000004.430015	000000000.088313
000000012.408185	000000004.639230	000000000.277487
000000019.356768	000000007.237199	000000000.432880
000000009.604972	000000003.543461	-00000000.214450
000000010.657594	000000003.931794	-00000000.079307
000000012.102946	000000004.405112	000000000.089919
000000012.513960	000000004.554709	000000000.278953
000000010.106013	000000003.628429	-00000000.224922
000000011.011491	000000003.953529	-00000000.081681
000000012.093796	000000004.282638	000000000.089570
000000012.458987	000000004.411959	000000000.276859
000000009.910761	000000003.460993	-00000000.219895
000000011.215505	000000003.916630	-00000000.082937
000000012.319806	000000004.242050	000000000.090966
000000012.629357	000000004.348637	000000000.279791
000000014.765761	000000005.084259	000000000.327121
000000020.721222	000000007.134889	000000000.459058
000000010.309808	000000003.499708	-00000000.228063
000000011.485983	000000003.898966	-00000000.084683
000000012.308941	000000004.118514	000000000.090617
000000014.544094	000000004.866386	000000000.321257
000000021.199867	000000007.093376	000000000.468273
000000010.197532	000000003.362642	-00000000.224922
000000011.823465	000000003.898794	-00000000.086917
000000012.534619	000000004.072745	000000000.092013
000000015.701561	000000005.101746	000000000.115261
000000017.229366	000000005.598160	000000000.379477
000000017.324450	000000005.629055	000000000.381571
000000021.688841	000000007.047132	000000000.477697
000000010.502622	000000003.361916	-00000000.230995
000000012.009418	000000003.844245	-00000000.088034
000000012.531536	000000003.951178	000000000.091734
000000015.659651	000000004.937469	000000000.114632
000000017.172676	000000005.414524	000000000.377173
000000022.283478	000000007.025954	000000000.489424
000000010.254664	000000003.184158	-00000000.224922
000000012.233508	000000003.798605	-00000000.089430
000000014.057337	000000004.297759	000000000.102625
000000018.672537	000000005.708767	000000000.409005
000000022.774183	000000006.962767	000000000.498848
000000010.751167	000000003.235734	-00000000.235183
000000012.486426	000000003.757988	-00000000.091036
000000014.151834	000000004.191965	000000000.103043
000000016.146132	000000004.782702	000000000.117564
000000023.409243	000000006.934134	000000000.511414
000000010.347068	000000003.015895	-00000000.225759
000000012.825953	000000003.738425	-00000000.093270
000000015.745082	000000004.514830	000000000.114353
000000024.035883	000000006.892179	000000000.523770
000000011.027318	000000003.110025	-00000000.240000
000000013.137194	000000003.705072	-00000000.095294
000000016.111507	000000004.468117	000000000.116727
000000024.441944	000000006.778351	000000000.531309
000000010.369189	000000002.826965	-00000000.225131
000000013.429512	000000003.661305	-00000000.097179
000000016.188522	000000004.337701	000000000.117006
000000016.668224	000000004.466237	000000000.361466
000000011.079916	000000002.917099	-00000000.240000
000000014.273251	000000003.757833	-00000000.103043
000000016.322573	000000004.221304	000000000.117704
000000025.853552	000000006.686183	000000000.559372
000000010.290975	000000002.613575	-00000000.222409
000000014.576878	000000003.702055	-00000000.104998
000000016.611059	000000004.141602	000000000.119519
000000026.725784	000000006.663486	000000000.576964
000000011.469034	000000002.806455	-00000000.247330
000000015.560521	000000003.807635	-00000000.111840
000000016.802143	000000004.033838	000000000.120636
000000019.524712	000000004.687469	000000000.140184
000000027.638414	000000006.635396	000000000.595393
000000010.335020	000000002.433574	-00000000.222409
000000015.807294	000000003.722124	-00000000.113376
000000018.892574	000000004.361694	000000000.135367
000000028.435625	000000006.564881	000000000.611309
000000010.697159	000000002.420520	-00000000.229738
000000016.609676	000000003.758386	-00000000.118891
000000019.955004	000000004.423918	000000000.142697
000000029.350782	000000006.506912	000000000.629739
000000010.258677	000000002.227377	-00000000.219895
000000016.260729	000000003.530550	-00000000.116168
000000020.433004	000000004.343169	000000000.145839
000000020.937548	000000004.450413	000000000.448377
000000030.276808	000000006.435534	000000000.648377
000000017.612598	000000003.663426	-00000000.125593
000000020.617115	000000004.194599	000000000.146886
000000022.527920	000000004.583357	000000000.160499
000000031.282133	000000006.364422	000000000.668691
000000010.256764	000000002.040197	-00000000.219058
000000016.672943	000000003.316455	-00000000.118681
000000020.908148	000000004.064132	000000000.148701
000000022.616140	000000004.396132	000000000.160848
000000024.687321	000000004.798729	000000000.175579
000000032.347336	000000006.287685	000000000.690262
000000017.752445	000000003.370407	-00000000.126151
000000023.037102	000000004.269674	000000000.163571
000000024.910215	000000004.616836	000000000.530681
000000010.221941	000000001.848428	-00000000.217592
000000016.118193	000000002.914644	-00000000.114353
000000017.456457	000000003.156641	-00000000.123848
000000020.939877	000000003.786546	-00000000.148561
000000023.831768	000000004.202184	000000000.168947
000000024.949556	000000004.399280	000000000.530681
000000017.098982	000000002.938142	-00000000.121125
000000022.135048	000000003.803497	-00000000.156799
000000024.133820	000000004.038616	000000000.170831
000000028.611448	000000004.787914	000000000.202526
000000035.932365	000000006.013015	000000000.763142
000000010.242776	000000001.668142	-00000000.217382
000000023.193850	000000003.777358	-00000000.164060
000000024.958277	000000003.953003	000000000.176416
000000027.091631	000000004.290893	000000000.191496
000000028.602757	000000004.530231	000000000.202177
000000028.824301	000000004.565320	000000000.611309
000000024.461351	000000003.764962	-00000000.172786
000000027.444521	000000004.101611	000000000.193730
000000039.018005	000000005.831280	000000000.826388
000000010.112020	000000001.466173	-00000000.214032
000000028.301172	000000003.977470	000000000.199524
000000032.480000	000000004.564766	000000000.228985
000000040.899002	000000005.747980	000000000.865131
000000032.290573	000000004.251134	000000000.227380
000000032.978138	000000004.341654	000000000.696754
000000010.056725	000000001.279377	-00000000.212356
000000032.941803	000000004.044745	000000000.231708
000000043.344910	000000005.322085	000000000.914765
000000010.037720	000000001.188042	-00000000.211728
000000011.030570	000000001.305554	-00000000.232670
000000039.980358	000000004.555186	000000000.280926
000000040.151363	000000004.574670	000000000.846493
000000010.077521	000000001.103668	-00000000.212356
000000040.316936	000000004.237481	000000000.283020
000000049.297585	000000005.181385	000000001.038325
000000010.116611	000000001.018689	-00000000.212984
000000040.362331	000000003.886451	000000000.283090
000000010.015601	000000000.920304	-00000000.210681
000000044.010811	000000003.850447	000000000.308432
000000010.073068	000000000.837007	-00000000.211728
000000009.870611	000000000.733513	-00000000.207330
000000010.165952	000000000.666312	-00000000.213403
000000067.389259	000000004.121704	000000001.414242
000000009.881909	000000000.561135	-00000000.207330
000000010.146073	000000000.487351	-00000000.212775
000000109.721375	000000004.790539	000000002.300525
000000009.810277	000000000.385447	-00000000.205655
000000015.077999	000000000.592416	-00000000.105347
000000099.087189	000000003.460201	000000000.692192
000000010.043110	000000000.306845	-00000000.210471
000000009.825505	000000000.214393	-00000000.205864
000000015.385963	000000000.335723	-00000000.107442
000000009.986953	000000000.130736	-00000000.209215
000000009.827750	000000000.042882	-00000000.205864
000000010.147677	-00000000.044278	-00000000.212566
000000009.836999	-00000000.128773	-00000000.206073
000000010.265305	-00000000.223990	-00000000.215079
000000009.913198	-00000000.302876	-00000000.207749
000000010.279812	-00000000.403895	-00000000.215497
000000083.921616	-00000003.664097	000000001.759582
000000009.886430	-00000000.474879	-00000000.207330
000000071.550064	-00000003.749780	000000000.500207
000000071.576050	-00000003.751142	000000001.501362
000000009.931818	-00000000.563969	-00000000.208377
000000059.118084	-00000003.615817	000000000.413500
000000059.485767	-00000003.638305	000000001.248378
000000009.876637	-00000000.647349	-00000000.207330
000000015.406566	-00000001.009800	-00000000.107791
000000044.440395	-00000003.107575	000000000.311015
000000064.710403	-00000004.524992	000000000.452874
000000064.727707	-00000004.526202	000000001.359163
000000010.040107	-00000000.746109	-00000000.210890
000000087.211136	-00000006.863665	000000001.832462
000000009.903688	-00000000.822933	-00000000.208168
000000015.526113	-00000001.290120	-00000000.108768
000000080.918930	-00000007.079489	000000000.567088
000000080.713913	-00000007.061553	000000001.697174
000000010.045468	-00000000.923049	-00000000.211309
000000009.927608	-00000000.999658	-00000000.209005
000000015.371889	-00000001.547868	-00000000.107860
000000035.851639	-00000003.768159	000000000.251674
000000035.993797	-00000003.783101	000000000.758116
000000010.047705	-00000001.100403	-00000000.211728
000000062.305370	-00000007.098801	000000000.437795
000000062.352829	-00000007.104208	000000001.314556
000000009.749793	-00000001.153964	-00000000.205655
000000015.650377	-00000001.852344	-00000000.110025
000000009.898038	-00000001.259189	-00000000.209005
000000025.206232	-00000003.206638	-00000000.177394
000000034.035473	-00000004.480855	000000000.239667
000000009.926299	-00000001.350910	-00000000.209843
000000015.655300	-00000002.130593	-00000000.110304
000000023.611759	-00000003.213419	-00000000.166363
000000033.896049	-00000004.763779	000000000.238969
000000010.171385	-00000001.474781	-00000000.215288
000000022.316093	-00000003.235680	-00000000.157427
000000009.901211	-00000001.523942	-00000000.209843
000000015.467481	-00000002.380673	-00000000.109257
000000021.357973	-00000003.287306	-00000000.150865
000000023.012577	-00000003.644834	000000000.162663
000000010.005949	-00000001.629572	-00000000.212356
000000019.917101	-00000003.243706	-00000000.140882
000000022.782642	-00000003.812507	000000000.161267
000000009.843546	-00000001.691430	-00000000.209215
000000015.423576	-00000002.650255	-00000000.109257
000000019.227730	-00000003.303928	-00000000.136204
000000022.709112	-00000004.004229	000000000.160988
000000022.852373	-00000004.029490	000000000.486074
000000010.280970	-00000001.859102	-00000000.218848
000000017.761501	-00000003.211802	-00000000.126012
000000018.258598	-00000003.384031	000000000.129642
000000022.781462	-00000004.222294	000000000.161756
000000022.894985	-00000004.243335	000000000.487749
000000009.891106	-00000001.877885	-00000000.210890
000000015.640229	-00000002.969390	-00000000.111142
000000019.337585	-00000003.758846	000000000.137531
000000022.616140	-00000004.396132	000000000.160848
000000010.286180	-00000002.046049	-00000000.219686
000000016.653328	-00000003.312553	-00000000.118542
000000022.743498	-00000004.627217	000000000.162035
000000056.068790	-00000011.407325	000000001.198535
000000009.886191	-00000002.056331	-00000000.211518
000000015.429380	-00000003.209316	-00000000.110025
000000020.862949	-00000004.339500	-00000000.148771
000000027.964558	-00000005.944050	000000000.199594
000000052.290497	-00000011.114688	000000000.373218
000000010.141435	-00000002.201921	-00000000.217382
000000015.312839	-00000003.324743	-00000000.109396
000000028.077589	-00000006.224652	000000000.200781
000000049.936325	-00000011.070617	000000000.357091
000000051.927559	-00000011.512062	000000001.114137
000000053.050049	-00000011.760913	000000001.138221
000000009.887802	-00000002.237381	-00000000.212356
000000014.824841	-00000003.354519	-00000000.106115
000000046.856316	-00000010.817633	000000000.335729
000000048.707573	-00000011.245029	000000000.348993
000000048.629883	-00000011.227094	000000001.045446
000000010.101460	-00000002.378578	-00000000.217382
000000014.405663	-00000003.392083	-00000000.103323
000000043.551388	-00000010.455763	000000000.312691
000000046.128834	-00000011.074553	000000000.993718
000000049.152241	-00000011.800409	000000001.058849
000000009.847249	-00000002.409606	-00000000.212356
000000013.061686	-00000003.196174	-00000000.281676
000000013.860714	-00000003.391695	-00000000.099623
000000017.396313	-00000004.256851	-00000000.125034
000000043.080082	-00000010.741071	000000000.309968
000000043.789543	-00000010.917959	000000000.945341
000000010.290975	-00000002.613575	-00000000.222409
000000011.754192	-00000002.985185	-00000000.254032
000000012.568168	-00000003.191908	-00000000.271623
000000013.597978	-00000003.453446	-00000000.097947
000000043.402218	-00000011.224577	000000000.939058
000000009.842369	-00000002.591280	-00000000.213194
000000012.996780	-00000003.421767	-00000000.093828
000000014.179446	-00000003.799371	000000000.102485
000000043.225357	-00000011.582199	000000000.937383
000000044.335930	-00000011.879776	000000000.961466
000000009.877255	-00000002.692849	-00000000.214450
000000011.748532	-00000003.203018	-00000000.255079
000000012.329681	-00000003.361457	-00000000.089221
000000014.095199	-00000003.842792	-00000000.101996
000000014.261383	-00000003.955032	000000000.103323
000000043.055199	-00000011.940264	000000000.935917
000000009.795646	-00000002.762658	-00000000.213194
000000012.165138	-00000003.430924	-00000000.088243
000000016.544203	-00000004.665948	-00000000.120008
000000038.872475	-00000011.146502	000000000.282322
000000039.326199	-00000011.276607	000000000.856964
000000042.978195	-00000012.323799	000000000.936545
000000009.607991	-00000002.800474	-00000000.209634
000000011.143734	-00000003.248102	-00000000.243141
000000011.645121	-00000003.394243	-00000000.084683
000000038.975075	-00000011.544943	000000000.283788
000000040.223251	-00000011.914670	000000000.878744
000000009.717217	-00000002.924551	-00000000.212566
000000011.605482	-00000003.492854	-00000000.084613
000000015.876146	-00000004.778178	-00000000.115749
000000037.180225	-00000011.367135	000000000.271431
000000010.015962	-00000003.110039	-00000000.219686
000000011.517261	-00000003.576204	-00000000.084194
000000033.770294	-00000010.647733	000000000.247206
000000034.971947	-00000011.026612	000000000.256003
000000009.759916	-00000003.124174	-00000000.214660
000000010.895142	-00000003.487562	-00000000.079866
000000014.780823	-00000004.731379	-00000000.108349
000000019.153811	-00000006.223450	000000000.140603
000000026.999836	-00000008.772779	000000000.198198
000000010.102583	-00000003.331332	-00000000.222827
000000010.683855	-00000003.523007	-00000000.078539
000000018.765598	-00000006.187966	-00000000.137950
000000019.231535	-00000006.434782	000000000.141580
000000034.508656	-00000011.546434	000000000.254048
000000035.791367	-00000011.975624	000000000.790576
000000009.808044	-00000003.329382	-00000000.216963
000000010.832616	-00000003.677178	-00000000.079866
000000015.832285	-00000005.374337	-00000000.116727
000000033.820377	-00000011.645289	000000000.249720
000000009.750300	-00000003.404957	-00000000.216335
000000010.724589	-00000003.745194	-00000000.079307
000000033.877708	-00000011.996726	000000000.250906
000000035.810078	-00000012.681014	000000000.265218
000000009.409696	-00000003.378426	-00000000.209424
000000010.540915	-00000003.784575	-00000000.078190
000000011.191466	-00000004.073360	000000000.083147
000000011.226864	-00000004.086244	000000000.250262
000000009.314197	-00000003.436189	-00000000.207958
000000010.488724	-00000003.869494	-00000000.078050
000000011.033730	-00000004.125342	000000000.082239
000000011.162683	-00000004.173556	000000000.249634
000000009.031425	-00000003.421701	-00000000.202304
000000010.323641	-00000003.911278	-00000000.077073
000000011.156014	-00000004.282393	000000000.083426
000000011.228509	-00000004.310221	000000000.251937
000000008.917358	-00000003.467771	-00000000.200419
000000010.000200	-00000003.888865	-00000000.074909
000000026.479038	-00000010.430370	000000000.198687
000000029.809853	-00000011.742414	000000000.223680
000000008.626748	-00000003.441724	-00000000.194555
000000009.659384	-00000003.853703	-00000000.072605
000000029.372469	-00000011.867248	000000000.221166
000000008.485345	-00000003.471446	-00000000.192042
000000009.847511	-00000004.028723	-00000000.074281
000000015.428384	-00000006.311919	-00000000.116378
000000025.313683	-00000010.485271	000000000.191287
000000029.156927	-00000012.077194	000000000.220329
000000044.345726	-00000018.368601	000000001.005446
000000008.353309	-00000003.502833	-00000000.189738
000000009.885754	-00000004.145441	-00000000.074839
000000015.796917	-00000006.624197	-00000000.119589
000000018.683336	-00000007.834573	-00000000.141440
000000025.267242	-00000010.725308	000000000.191636
000000029.013607	-00000012.315545	000000000.220049
000000043.300255	-00000018.379868	000000000.985341
000000008.432653	-00000003.622954	-00000000.192251
000000009.343879	-00000004.014447	-00000000.070999
000000010.869035	-00000004.669706	-00000000.082588
000000017.199352	-00000007.389425	-00000000.130689
000000025.236879	-00000010.973308	000000000.192124
000000028.455681	-00000012.372882	000000000.216629
000000043.348373	-00000018.848410	000000000.330004
000000043.330753	-00000018.840748	000000000.989739
000000007.961463	-00000003.503128	-00000000.182199
000000010.653966	-00000004.687857	-00000000.081262
000000017.765762	-00000007.817122	-00000000.135506
000000025.423351	-00000011.319205	000000000.194288
000000007.885012	-00000003.551939	-00000000.181152
000000010.557947	-00000004.756008	-00000000.080843
000000025.014225	-00000011.399639	000000000.191915
000000007.690286	-00000003.545270	-00000000.177382
000000010.606854	-00000004.889827	-00000000.081541
000000017.626629	-00000008.125987	-00000000.135506
000000024.759726	-00000011.545650	000000000.190728
000000007.957460	-00000003.752982	-00000000.184293
000000010.726576	-00000005.058982	-00000000.082798
000000016.750101	-00000007.899861	-00000000.129293
000000024.766336	-00000011.812937	000000000.191566
000000024.887842	-00000011.870892	000000000.577592
000000060.929188	-00000029.061733	000000001.414032
000000007.618236	-00000003.674601	-00000000.177173
000000010.555926	-00000005.091575	-00000000.081820
000000013.681273	-00000006.599062	-00000000.106045
000000024.804626	-00000011.964332	-00000000.192264
000000024.734209	-00000012.063680	000000000.192124
000000007.801081	-00000003.847068	-00000000.182199
000000011.156825	-00000005.501937	-00000000.086847
000000017.031199	-00000008.398857	-00000000.132574
000000021.791121	-00000010.864652	000000000.169994
000000023.509354	-00000011.721331	000000000.183398
000000007.338677	-00000003.698998	-00000000.172147
000000010.572613	-00000005.329036	-00000000.082658
000000012.778217	-00000006.440752	-00000000.099902
000000014.644498	-00000007.381434	-00000000.114493
000000021.633112	-00000011.022621	000000000.169505
000000023.054192	-00000011.746696	000000000.541990
000000007.617206	-00000003.923119	-00000000.179477
000000010.178998	-00000005.242528	-00000000.079935
000000015.050694	-00000007.751616	-00000000.118193
000000021.433681	-00000011.039071	-00000000.168318
000000021.465139	-00000011.174045	000000000.168947
000000007.060653	-00000003.714789	-00000000.167121
000000010.318705	-00000005.428933	-00000000.081401
000000013.655026	-00000007.184257	-00000000.107721
000000021.690519	-00000011.411934	-00000000.171111
000000021.472761	-00000011.417270	000000000.169784
000000007.538771	-00000004.050728	-00000000.179267
000000011.125379	-00000005.977882	-00000000.088173
000000021.519636	-00000011.562918	-00000000.170552
000000021.477768	-00000011.661476	000000000.170622
000000023.138691	-00000012.563284	000000000.183817
000000021.192421	-00000011.506546	000000000.505131
000000022.853020	-00000012.408177	000000000.544712
000000007.520666	-00000004.125978	-00000000.179686
000000010.274987	-00000005.637051	-00000000.081820
000000020.786684	-00000011.403965	-00000000.165526
000000021.305218	-00000011.809675	000000000.170064
000000021.204876	-00000011.754055	000000000.507854
000000007.833295	-00000004.386856	-00000000.188063
000000008.794545	-00000004.925182	-00000000.070371
000000013.575707	-00000007.602761	-00000000.108628
000000019.334040	-00000010.827582	-00000000.154705
000000020.566004	-00000011.635685	000000000.164967
000000021.249424	-00000012.022346	000000000.511414
000000049.503677	-00000028.007832	000000001.191414
000000007.551673	-00000004.316137	-00000000.182199
000000009.862498	-00000005.636882	-00000000.079307
000000013.204982	-00000007.547269	-00000000.106185
000000014.828474	-00000008.475171	-00000000.119240
000000019.736238	-00000011.394723	000000000.159103
000000020.554934	-00000011.867396	000000000.497173
000000007.755541	-00000004.522898	-00000000.188063
000000010.339859	-00000006.030028	-00000000.083566
000000012.965856	-00000007.561463	-00000000.104789
000000019.228510	-00000011.213736	-00000000.155403
000000019.661898	-00000011.581743	000000000.159312
000000020.140471	-00000011.863644	000000000.489634
000000007.475196	-00000004.447274	-00000000.182199
000000009.934496	-00000005.910404	-00000000.080703
000000013.432195	-00000007.991316	-00000000.109117
000000018.786167	-00000011.176595	-00000000.152610
000000018.977221	-00000011.402665	000000000.154565
000000019.333452	-00000011.616711	000000000.472461
000000007.547216	-00000004.579763	-00000000.184922
000000010.446769	-00000006.339255	-00000000.085311
000000018.730663	-00000011.366045	-00000000.152959
000000018.749100	-00000011.489463	000000000.153518
000000019.521177	-00000011.962593	000000000.479581
000000007.600481	-00000004.703321	-00000000.187225
000000009.557726	-00000005.914500	-00000000.078469
000000018.239611	-00000011.287014	-00000000.149748
000000018.588760	-00000011.615547	000000000.153029
000000018.178164	-00000011.358977	000000000.449005
000000019.237991	-00000012.021232	000000000.475184
000000046.971561	-00000029.351089	000000001.160210
000000007.956553	-00000005.020211	-00000000.197068
000000009.717175	-00000006.131081	-00000000.080215
000000018.275734	-00000011.531129	-00000000.150865
000000018.242111	-00000011.621507	000000000.151005
000000018.424063	-00000011.737422	000000000.457592
000000006.920233	-00000004.451243	-00000000.172356
000000009.478279	-00000006.096634	-00000000.078679
000000017.762312	-00000011.425103	-00000000.147444
000000017.787769	-00000011.551512	000000000.148073
000000018.128082	-00000011.772514	000000000.452775
000000007.809200	-00000005.119936	-00000000.195602
000000009.407990	-00000006.168149	-00000000.078539
000000017.628483	-00000011.557739	-00000000.147165
000000017.744658	-00000011.744933	000000000.148561
000000018.183060	-00000012.035106	000000000.456754
000000019.767096	-00000013.083555	000000000.496545
000000007.298702	-00000004.876837	-00000000.183874
000000009.370435	-00000006.261124	-00000000.078679
000000017.659985	-00000011.800024	-00000000.148282
000000017.591747	-00000011.865784	000000000.148142
000000018.669472	-00000012.592717	000000000.157218
000000041.840637	-00000028.221867	000000001.057173
000000007.611222	-00000005.182297	-00000000.192880
000000009.522082	-00000006.483355	-00000000.080424
000000017.498478	-00000011.914290	-00000000.147793
000000017.446327	-00000011.990528	000000000.147793
000000039.416996	-00000027.090551	000000000.333914
000000041.230232	-00000028.336752	000000001.047959
000000006.883892	-00000004.775526	-00000000.175497
000000009.029679	-00000006.264112	-00000000.076724
000000016.301079	-00000011.308460	-00000000.138508
000000017.128052	-00000011.993191	000000000.145978
000000038.892391	-00000027.232746	000000000.331470
000000040.489994	-00000028.351398	000000001.035393
000000042.234406	-00000029.572849	000000001.080001
000000007.470631	-00000005.279720	-00000000.191623
000000010.281267	-00000007.266081	-00000000.087894
000000016.234438	-00000011.473367	-00000000.138787
000000016.379606	-00000011.683459	000000000.140463
000000017.312439	-00000012.348844	000000000.445445
000000007.124057	-00000005.128587	-00000000.183874
000000009.527646	-00000006.858924	-00000000.081960
000000011.053369	-00000007.957286	-00000000.095085
000000015.711690	-00000011.310799	-00000000.135157
000000015.678367	-00000011.391000	000000000.135297
000000016.654007	-00000012.099844	000000000.431204
000000038.953712	-00000028.301529	000000001.008587
000000007.216096	-00000005.291060	-00000000.187435
000000009.104538	-00000006.675723	-00000000.078818
000000015.314010	-00000011.228697	-00000000.132574
000000015.795403	-00000011.687983	000000000.137182
000000038.327526	-00000028.360876	000000000.998744
000000007.361907	-00000005.497397	-00000000.192461
000000009.126059	-00000006.814751	-00000000.079517
000000010.223750	-00000007.634436	-00000000.089081
000000015.119291	-00000011.290111	-00000000.131736
000000015.684818	-00000011.819359	000000000.137112
000000015.809514	-00000011.913323	000000000.414660
000000007.361403	-00000005.597742	-00000000.193717
000000014.900794	-00000011.330827	-00000000.130689
000000014.882946	-00000011.420086	000000000.130968
000000015.197316	-00000011.661311	000000000.401257
000000006.292509	-00000004.872181	-00000000.166702
000000009.559204	-00000007.401526	-00000000.084403
000000014.848789	-00000011.497161	-00000000.131108
000000014.751202	-00000011.524901	000000000.130689
000000015.102853	-00000011.799643	000000000.401466
000000007.191926	-00000005.669657	-00000000.191833
000000014.480892	-00000011.415814	-00000000.128734
000000014.391812	-00000011.447764	000000000.128385
000000015.022781	-00000011.949660	000000000.402094
000000006.417041	-00000005.150220	-00000000.172356
000000008.695499	-00000006.978877	-00000000.077841
000000013.717834	-00000011.009726	-00000000.122800
000000014.330223	-00000011.604385	000000000.128734
000000015.088864	-00000012.218721	000000000.406702
000000006.635089	-00000005.421095	-00000000.179477
000000008.719449	-00000007.124089	-00000000.078609
000000013.861290	-00000011.325150	-00000000.124965
000000014.382731	-00000011.856209	000000000.130131
000000014.372212	-00000011.847538	000000000.390157
000000006.426108	-00000005.344537	-00000000.175079
000000008.172589	-00000006.797071	-00000000.074211
000000013.777310	-00000011.458467	-00000000.125104
000000014.064234	-00000011.801293	000000000.128176
000000014.107444	-00000011.837551	000000000.385759
000000006.600513	-00000005.587747	-00000000.181152
000000013.714952	-00000011.610564	-00000000.125453
000000013.626143	-00000011.637825	000000000.125104
000000014.231677	-00000012.155001	000000000.392042
000000006.415168	-00000005.527663	-00000000.177382
000000008.113323	-00000006.990887	-00000000.074769
000000013.635838	-00000011.749390	-00000000.125663
000000013.561800	-00000011.789093	000000000.125453
000000013.898702	-00000012.081957	000000000.385759
000000006.795141	-00000005.959179	-00000000.189319
000000008.149745	-00000007.147135	-00000000.075677
000000013.532786	-00000011.867935	-00000000.125663
000000013.458405	-00000011.906992	000000000.125453
000000013.463270	-00000011.911295	000000000.376545
000000006.347556	-00000005.665411	-00000000.178220
000000007.975159	-00000007.118101	-00000000.074630
000000013.473468	-00000012.025530	-00000000.126082
000000013.391144	-00000012.057440	000000000.125802
000000013.485120	-00000012.142056	000000000.380105
000000003.848290	-00000003.495540	-00000000.108901
000000006.460687	-00000005.868474	-00000000.182827
000000008.097789	-00000007.355514	-00000000.076375
000000012.080065	-00000010.972758	-00000000.113934
000000013.412426	-00000012.182990	-00000000.126500
000000013.447611	-00000012.322465	000000000.127338
000000013.400763	-00000012.279536	000000000.380733
000000005.983416	-00000005.531013	-00000000.170681
000000007.967206	-00000007.364809	-00000000.075747
000000011.976508	-00000011.070970	-00000000.113864
000000013.680095	-00000012.645749	-00000000.130061
000000013.383446	-00000012.480266	000000000.127757
000000013.366214	-00000012.464196	000000000.382827
000000030.827110	-00000028.746744	000000000.882932
000000006.451951	-00000006.069390	-00000000.185550
000000007.640425	-00000007.187394	-00000000.073233
000000011.711920	-00000011.017474	-00000000.112259
000000012.077188	-00000011.460824	000000000.116238
000000013.440860	-00000012.754900	000000000.129363
000000029.907879	-00000028.381517	000000000.863665
000000006.210968	-00000005.945708	-00000000.180105
000000007.685765	-00000007.357520	-00000000.074281
000000011.803140	-00000011.299048	-00000000.114074
000000011.883204	-00000011.475477	000000000.115330
000000012.060683	-00000011.646866	000000000.351204
000000028.947077	-00000027.953867	000000000.842932
000000006.388012	-00000006.222926	-00000000.186806
000000007.692895	-00000007.494087	-00000000.074979
000000011.503529	-00000011.206242	-00000000.112119
000000011.918124	-00000011.711907	000000000.116657
000000012.065551	-00000011.856784	000000000.354346
000000028.630726	-00000028.135336	000000000.840838
000000005.722839	-00000005.673114	-00000000.168796
000000007.627205	-00000007.560934	-00000000.074979
000000011.476315	-00000011.376600	-00000000.112817
000000011.645764	-00000011.645764	000000000.114981
000000012.110082	-00000012.110082	000000000.358744
000000028.122538	-00000028.122538	000000000.833089
000000006.208048	-00000006.262461	-00000000.184712
000000007.673573	-00000007.740832	-00000000.076096
000000011.320281	-00000011.419502	-00000000.112259
000000011.347445	-00000011.547244	000000000.113027
000000011.366255	-00000011.566384	000000000.339686
000000006.243855	-00000006.409496	-00000000.187435
000000007.452221	-00000007.649919	-00000000.074560
000000011.227175	-00000011.525018	-00000000.112328
000000011.364334	-00000011.768113	000000000.114213
000000011.285723	-00000011.686708	000000000.340314
000000006.194598	-00000006.470962	-00000000.187644
000000011.216068	-00000011.716457	-00000000.113236
000000011.206140	-00000011.808807	000000000.113655
000000011.272775	-00000011.879025	000000000.343037
000000027.342329	-00000028.812803	000000000.832042
000000005.877581	-00000006.248052	-00000000.179686
000000011.133952	-00000011.835740	-00000000.113445
000000010.993546	-00000011.789135	000000000.112538
000000011.277780	-00000012.093938	000000000.346388
000000006.372541	-00000006.893776	-00000000.196649
000000010.799457	-00000011.682786	-00000000.111072
000000010.917272	-00000011.914111	000000000.112817
000000011.111022	-00000012.125553	000000000.344503
000000006.097029	-00000006.712306	-00000000.189948
000000009.829763	-00000010.821725	-00000000.102066
000000010.779431	-00000011.971772	000000000.112468
000000010.917816	-00000012.125463	000000000.341780
000000006.058195	-00000006.787633	-00000000.190576
000000009.828174	-00000011.011539	-00000000.103043
000000010.098083	-00000011.413807	000000000.106394
000000011.111868	-00000012.559682	000000000.117076
000000010.884459	-00000012.302644	000000000.344084
000000024.935549	-00000028.184509	000000000.788273
000000006.058059	-00000006.907892	-00000000.192461
000000008.912400	-00000010.162645	-00000000.283142
000000009.428415	-00000010.751047	-00000000.099832
000000010.221150	-00000011.758089	000000000.108768
000000010.901310	-00000012.540523	000000000.348063
000000024.058968	-00000027.676676	000000000.768168
000000005.782183	-00000006.710554	-00000000.185550
000000006.552270	-00000007.604284	-00000000.210262
000000009.588807	-00000011.128358	-00000000.102555
000000009.975279	-00000011.679551	000000000.107232
000000010.012293	-00000011.722888	000000000.322932
000000023.907433	-00000027.992006	000000000.771100
000000005.917198	-00000006.989676	-00000000.191833
000000009.213504	-00000010.883430	-00000000.099553
000000009.937254	-00000011.842758	000000000.107930
000000010.063847	-00000011.993625	000000000.327958
000000009.318318	-00000011.304025	000000000.102275
000000009.996957	-00000012.127278	000000000.329215
000000023.364389	-00000028.343271	000000000.769425
000000009.433283	-00000011.649134	000000000.104649
000000022.763819	-00000028.110975	000000000.757697
000000009.206767	-00000011.574492	000000000.103253
000000009.317000	-00000011.713075	000000000.313508
000000009.086942	-00000011.630755	000000000.103043
000000009.232897	-00000011.817569	000000000.314136
000000009.100761	-00000011.860343	000000000.104370
000000009.415474	-00000012.270485	000000000.323979
000000008.882573	-00000011.787573	000000000.103043
000000008.904909	-00000011.817213	000000000.309948
000000008.684201	-00000011.736025	000000000.101926
000000019.932024	-00000026.936586	000000000.233942
000000008.694402	-00000011.749809	000000000.306178
000000008.546189	-00000011.762820	000000000.101508
000000008.479881	-00000011.671556	000000000.302199
000000008.466443	-00000011.869514	000000000.101787
000000008.458986	-00000011.859061	000000000.305131
000000008.167529	-00000011.664441	000000000.099413
000000008.263424	-00000011.801392	000000000.301780
000000008.082420	-00000011.759995	000000000.099623
000000007.724087	-00000011.238616	000000000.285655
000000007.962713	-00000011.805207	000000000.099413
000000007.804621	-00000011.570827	000000000.292356
000000019.075478	-00000028.280558	000000000.714555
000000007.864911	-00000011.882584	000000000.099483
000000008.078586	-00000012.205411	000000000.306597
000000007.782702	-00000011.984310	000000000.099762
000000007.960876	-00000012.258675	000000000.306178
000000018.312195	-00000028.198307	000000000.704294
000000007.715434	-00000012.110806	000000000.100251
000000017.974102	-00000028.213688	000000000.700733
000000007.402792	-00000011.846944	000000000.097528
000000017.690123	-00000028.310116	000000000.699267
000000007.481997	-00000012.209509	000000000.099972
000000017.390163	-00000028.378166	000000000.697173
000000007.565725	-00000012.591480	000000000.102555
000000007.584847	-00000012.623304	000000000.308482
000000016.992529	-00000028.280317	000000000.691100
000000006.942956	-00000011.786800	000000000.095504
000000007.200390	-00000012.223836	000000000.297173
000000016.618237	-00000028.212166	000000000.685864
000000006.874833	-00000011.907559	000000000.095992
000000007.143433	-00000012.372788	000000000.299267
