000000003.804755	000000004.415635	-00000000.122094
000000003.922226	000000004.551967	-00000000.125864
000000004.445186	000000005.158892	-00000000.047542
000000003.803591	000000004.337164	-00000000.120838
000000004.509816	000000005.142459	-00000000.047752
000000003.461825	000000003.878647	-00000000.108901
000000003.289375	000000003.685434	-00000000.034487
000000004.461298	000000004.998463	-00000000.046774
000000004.033316	000000004.440335	-00000000.125655
000000003.301240	000000003.634382	-00000000.034278
000000004.578706	000000005.040762	-00000000.047542
000000003.997259	000000004.324211	-00000000.123351
000000004.500340	000000004.868440	-00000000.046286
000000004.048543	000000004.303728	-00000000.123770
000000004.720796	000000005.018353	-00000000.048101
000000004.196564	000000004.383788	-00000000.127120
000000004.805899	000000005.020307	-00000000.048520
000000004.164895	000000004.275384	-00000000.125026
000000004.877436	000000005.006828	-00000000.048799
000000004.328741	000000004.366682	-00000000.128796
000000004.836463	000000004.878855	-00000000.047961
000000004.345381	000000004.307625	-00000000.128168
000000005.063498	000000005.019503	-00000000.049776
000000004.454421	000000004.339304	-00000000.130262
000000004.985340	000000004.856503	-00000000.048590
000000004.051573	000000003.878537	-00000000.117487
000000003.842883	000000003.678760	-00000000.037140
000000005.172000	000000004.951113	-00000000.049986
000000004.587731	000000004.315706	-00000000.131937
000000005.127607	000000004.823571	-00000000.049148
000000004.661925	000000004.309439	-00000000.132984
000000004.772980	000000004.412097	-00000000.045378
000000004.780760	000000004.342537	-00000000.135288
000000004.966743	000000004.511471	-00000000.046844
000000004.781179	000000004.267365	-00000000.134241
000000005.102908	000000004.554520	-00000000.047752
000000004.915954	000000004.311176	-00000000.136963
000000005.134941	000000004.503222	-00000000.047682
000000004.923092	000000004.242008	-00000000.136126
000000005.454335	000000004.699756	-00000000.050265
000000004.715742	000000003.992170	-00000000.129424
000000004.762455	000000004.031715	-00000000.043563
000000005.080930	000000004.225765	-00000000.138429
000000005.796926	000000004.821252	-00000000.052639
000000005.195035	000000004.244522	-00000000.140524
000000005.660672	000000004.624963	-00000000.051033
000000005.216283	000000004.186510	-00000000.140105
000000005.739810	000000004.606685	-00000000.051382
000000005.229064	000000004.122262	-00000000.139477
000000005.826910	000000004.593565	-00000000.051801
000000007.122651	000000005.615045	-00000000.063320
000000005.383415	000000004.168285	-00000000.142618
000000005.858867	000000004.536419	-00000000.051731
000000005.467334	000000004.157458	-00000000.143874
000000005.882311	000000004.473013	-00000000.051592
000000005.455342	000000004.073697	-00000000.142618
000000006.001245	000000004.481342	-00000000.052290
000000005.595498	000000004.102789	-00000000.145340
000000006.080444	000000004.458366	-00000000.052639
000000005.655430	000000004.071327	-00000000.145969
000000006.046079	000000004.352554	-00000000.052010
000000005.764225	000000004.073751	-00000000.147853
000000006.051167	000000004.276542	-00000000.051731
000000005.832414	000000004.046089	-00000000.148691
000000006.433339	000000004.462966	-00000000.054663
000000005.908821	000000004.023173	-00000000.149738
000000006.372852	000000004.339120	-00000000.053826
000000007.844145	000000005.340889	-00000000.066252
000000008.480847	000000005.720404	000000000.071418
000000006.010207	000000004.015892	-00000000.151414
000000006.543506	000000004.372231	-00000000.054943
000000006.070106	000000003.979736	-00000000.152042
000000006.581411	000000004.314962	-00000000.054943
000000006.667268	000000004.329775	000000000.055501
000000008.688416	000000005.642323	000000000.072326
000000009.860603	000000006.403551	000000000.246283
000000006.171873	000000003.969882	-00000000.153717
000000006.980454	000000004.489979	-00000000.057944
000000008.695154	000000005.539424	000000000.071977
000000006.223192	000000003.926542	-00000000.154136
000000006.224405	000000003.927307	-00000000.051382
000000008.853406	000000005.532222	000000000.072884
000000010.208260	000000006.378829	000000000.252147
000000006.257220	000000003.872085	-00000000.154136
000000006.615579	000000004.093845	-00000000.054314
000000008.799032	000000005.392054	000000000.072047
000000006.256583	000000003.796587	-00000000.153299
000000007.181084	000000004.357589	-00000000.058643
000000008.940038	000000005.371716	000000000.072815
000000009.075411	000000005.453057	000000000.221780
000000010.626543	000000006.385071	000000000.259686
000000006.555833	000000003.900311	-00000000.159791
000000007.442278	000000004.427690	-00000000.060458
000000008.995189	000000005.298571	000000000.072884
000000006.563710	000000003.827842	-00000000.159162
000000007.186936	000000004.191297	-00000000.058084
000000009.179646	000000005.299871	000000000.074001
000000010.918185	000000006.303617	000000000.264084
000000006.753106	000000003.859718	-00000000.162932
000000006.754422	000000003.860471	-00000000.054314
000000006.751638	000000003.781099	-00000000.162094
000000006.840202	000000003.830697	-00000000.054733
000000007.259167	000000004.023822	000000000.057944
000000009.646820	000000005.347320	000000000.077003
000000011.323841	000000006.276907	000000000.271204
000000007.003510	000000003.842257	-00000000.167330
000000007.083779	000000003.886295	-00000000.056409
000000009.218567	000000005.005273	000000000.073233
000000010.728004	000000005.824831	000000000.255707
000000007.010353	000000003.766798	-00000000.166702
000000007.963058	000000004.278706	-00000000.063111
000000009.729846	000000005.173451	000000000.076933
000000011.828902	000000006.289539	000000000.280628
000000007.157980	000000003.765996	-00000000.169424
000000008.300982	000000004.367358	-00000000.065484
000000010.031848	000000005.222250	000000000.078958
000000007.297230	000000003.758320	-00000000.171937
000000008.285438	000000004.267281	-00000000.065065
000000010.175047	000000005.184445	000000000.079726
000000011.518188	000000005.868810	000000000.270785
000000007.472594	000000003.766498	-00000000.175288
000000008.447375	000000004.257827	-00000000.066043
000000010.067766	000000005.019603	000000000.078539
000000011.014226	000000005.491491	000000000.257801
000000013.367387	000000006.664733	000000000.312880
000000007.675547	000000003.785161	-00000000.179267
000000008.322776	000000004.104339	-00000000.064786
000000009.940420	000000004.848267	000000000.077213
000000011.079700	000000005.403931	000000000.258220
000000012.679202	000000006.184060	000000000.295498
000000007.879381	000000003.800562	-00000000.183246
000000008.853648	000000004.270493	-00000000.068626
000000010.090658	000000004.812997	000000000.078050
000000011.072293	000000005.281213	000000000.256963
000000007.957460	000000003.752982	-00000000.184293
000000008.248430	000000003.890212	-00000000.063669
000000010.132275	000000004.724757	000000000.078050
000000011.063591	000000005.159037	000000000.255707
000000013.229192	000000006.168874	000000000.305759
000000008.244131	000000003.800597	-00000000.190157
000000008.372876	000000003.859949	-00000000.064367
000000010.318709	000000004.702507	000000000.079167
000000010.944433	000000004.987666	000000000.251937
000000008.386371	000000003.777785	-00000000.192670
000000009.162986	000000004.127624	-00000000.070162
000000009.555452	000000004.254362	000000000.073024
000000011.142810	000000004.961099	000000000.255498
000000013.745844	000000006.120044	000000000.315183
000000008.537983	000000003.756803	-00000000.195393
000000009.436632	000000004.152217	-00000000.071977
000000010.435889	000000004.537654	000000000.079447
000000014.046279	000000006.107496	000000000.320838
000000008.717416	000000003.745297	-00000000.198744
000000009.215251	000000003.959184	-00000000.070022
000000009.996439	000000004.243237	000000000.075816
000000010.979215	000000004.660400	000000000.249843
000000014.743254	000000006.258140	000000000.335498
000000008.786648	000000003.684547	-00000000.199581
000000009.692096	000000004.064233	-00000000.073373
000000010.550447	000000004.370138	000000000.079726
000000010.954808	000000004.537630	000000000.248377
000000008.920254	000000003.649372	-00000000.201885
000000009.292200	000000003.801539	-00000000.070092
000000010.615996	000000004.289141	000000000.079935
000000010.947640	000000004.423134	000000000.247330
000000009.137482	000000003.645486	-00000000.206073
000000009.947308	000000003.968574	-00000000.074769
000000010.736757	000000004.229321	000000000.080564
000000011.004426	000000004.334759	000000000.247749
000000008.982586	000000003.493137	-00000000.201885
000000009.981561	000000003.881617	-00000000.074769
000000010.997309	000000004.221471	000000000.082239
000000011.125838	000000004.270809	000000000.249634
000000015.671378	000000006.015678	000000000.351623
000000009.349301	000000003.542133	-00000000.209424
000000010.332993	000000003.914821	-00000000.077143
000000011.230426	000000004.198884	000000000.083705
000000015.910570	000000005.948719	000000000.355812
000000009.173499	000000003.384282	-00000000.204817
000000010.479342	000000003.866033	-00000000.077981
000000011.670698	000000004.247787	000000000.086707
000000012.711252	000000004.626518	000000000.283351
000000016.243723	000000005.912231	000000000.362094
000000037.833122	000000013.770131	000000000.843351
000000009.550841	000000003.429102	-00000000.212566
000000010.691499	000000003.838640	-00000000.079307
000000011.245440	000000003.982219	000000000.083286
000000016.568003	000000005.867038	000000000.368168
000000009.231165	000000003.223667	-00000000.204817
000000011.036131	000000003.853990	-00000000.081611
000000011.402677	000000003.926256	000000000.084194
000000017.053415	000000005.871962	000000000.377801
000000037.736820	000000012.993830	000000000.836021
000000009.779643	000000003.319741	-00000000.216335
000000011.201910	000000003.802536	-00000000.082588
000000012.839990	000000004.296200	000000000.094526
000000015.103483	000000005.053555	000000000.333613
000000017.454809	000000005.840298	000000000.385550
000000009.172081	000000003.024499	-00000000.202304
000000011.576550	000000003.817374	-00000000.085102
000000012.848460	000000004.174718	000000000.094317
000000014.196160	000000004.612612	000000000.312670
000000017.875940	000000005.808245	000000000.393717
000000009.740871	000000003.118078	-00000000.214241
000000011.914182	000000003.813760	-00000000.087336
000000013.580598	000000004.281946	000000000.099413
000000014.026099	000000004.422412	000000000.308063
000000009.299854	000000002.887681	-00000000.203979
000000012.329007	000000003.828258	-00000000.090128
000000013.368814	000000004.087257	000000000.097598
000000014.016353	000000004.285229	000000000.307016
000000018.758585	000000005.735075	000000000.410890
000000009.583187	000000002.884212	-00000000.209634
000000011.593646	000000003.489291	-00000000.253613
000000012.677936	000000003.815625	-00000000.092432
000000014.055955	000000004.163563	000000000.102345
000000014.139489	000000004.188308	000000000.308901
000000019.277637	000000005.710296	000000000.421152
000000037.414524	000000011.082687	000000000.817383
000000009.272047	000000002.702555	-00000000.202304
000000012.979558	000000003.783196	-00000000.094387
000000014.284000	000000004.095871	000000000.103742
000000015.367204	000000004.406475	000000000.334869
000000019.797647	000000005.676884	000000000.431414
000000037.452152	000000010.739232	000000000.816126
000000009.863003	000000002.781654	-00000000.214660
000000013.262310	000000003.740358	-00000000.096202
000000014.473377	000000004.013823	000000000.104859
000000020.039116	000000005.557339	000000000.435602
000000037.313221	000000010.347872	000000000.811100
000000009.202052	000000002.508767	-00000000.199791
000000013.429512	000000003.661305	-00000000.097179
000000014.826600	000000003.972776	000000000.107162
000000015.615595	000000004.184186	000000000.338639
000000020.791822	000000005.571152	000000000.450890
000000037.392448	000000010.019276	000000000.810890
000000009.794027	000000002.578552	-00000000.212147
000000014.166878	000000003.729828	-00000000.102275
000000015.460941	000000003.998471	000000000.111491
000000018.355631	000000004.747089	000000000.132365
000000021.420408	000000005.539694	000000000.463456
000000037.129997	000000009.602470	000000000.803351
000000009.244435	000000002.347787	-00000000.199791
000000014.344268	000000003.642980	-00000000.103323
000000015.136245	000000003.773890	000000000.108908
000000018.017952	000000004.492380	000000000.129642
000000022.088789	000000005.507354	000000000.476859
000000009.954073	000000002.435746	-00000000.214660
000000014.987443	000000003.667404	-00000000.107721
000000017.580019	000000004.220589	000000000.126221
000000018.509863	000000004.443825	000000000.398744
000000022.787354	000000005.470759	000000000.490890
000000009.284001	000000002.186092	-00000000.199791
000000014.950741	000000003.520432	-00000000.107232
000000018.171558	000000004.195235	000000000.130201
000000022.332018	000000005.155753	000000000.160010
000000018.625870	000000004.300121	000000000.400419
000000016.882763	000000003.820179	-00000000.120846
000000018.305103	000000004.058144	000000000.130899
000000022.180904	000000004.917388	000000000.158614
000000018.828621	000000004.174205	000000000.403979
000000024.128744	000000005.349214	000000000.517697
000000009.203498	000000001.998275	-00000000.197278
000000015.088080	000000003.275943	-00000000.107791
000000017.149988	000000003.723627	-00000000.122521
000000018.623478	000000003.958542	000000000.132923
000000021.978441	000000004.671662	000000000.156869
000000024.761265	000000005.263169	000000000.530262
000000010.434336	000000002.170345	-00000000.223246
000000017.994417	000000003.742844	-00000000.128316
000000021.557817	000000004.385988	000000000.153588
000000022.807644	000000004.640268	000000000.487540
000000009.276194	000000001.845150	-00000000.198115
000000015.133148	000000003.010170	-00000000.107721
000000018.712927	000000003.722233	-00000000.133202
000000018.640646	000000003.623374	000000000.132574
000000022.164602	000000004.308362	000000000.157637
000000022.876711	000000004.446782	000000000.488168
000000009.488389	000000001.801427	-00000000.202304
000000010.470624	000000001.987910	-00000000.223246
000000018.587509	000000003.528949	-00000000.132085
000000020.228161	000000003.840436	-00000000.143744
000000022.447163	000000004.160336	000000000.159382
000000025.917969	000000004.803611	000000000.184026
000000023.042440	000000004.270664	000000000.490890
000000027.397305	000000005.077790	000000000.583665
000000009.238116	000000001.670524	-00000000.196649
000000015.006255	000000002.713573	-00000000.106464
000000021.126839	000000003.820355	-00000000.149888
000000023.043940	000000004.063268	000000000.163361
000000025.909660	000000004.568572	000000000.183677
000000026.938431	000000004.749972	000000000.572985
000000009.153808	000000001.572912	-00000000.194555
000000020.568054	000000003.534238	-00000000.145699
000000021.987219	000000003.778095	-00000000.155752
000000022.476902	000000003.761343	000000000.159103
000000022.644566	000000003.789401	000000000.160290
000000023.709728	000000003.967648	000000000.167829
000000026.978857	000000004.514712	000000000.572985
000000009.226393	000000001.502613	-00000000.195812
000000015.031588	000000002.448050	-00000000.106325
000000022.808931	000000003.714670	-00000000.161337
000000026.528664	000000004.201727	000000000.187517
000000030.799244	000000004.878121	000000000.653194
000000009.209509	000000001.417479	-00000000.195183
000000023.532314	000000003.621969	-00000000.166224
000000027.048925	000000004.042489	000000000.190937
000000029.827991	000000004.457823	000000000.210555
000000031.967873	000000004.777630	000000000.677068
000000009.201739	000000001.334189	-00000000.194765
000000014.577209	000000002.113595	-00000000.102834
000000027.766441	000000003.902319	000000000.195755
000000030.450001	000000004.279469	000000000.214674
000000033.275612	000000004.676582	000000000.703875
000000010.223493	000000001.391356	-00000000.216126
000000031.428038	000000004.137579	000000000.221306
000000009.243458	000000001.175916	-00000000.195183
000000014.691236	000000001.868961	-00000000.103392
000000015.742735	000000002.002729	-00000000.110793
000000031.879805	000000003.914348	000000000.224238
000000034.063354	000000004.182454	000000000.239597
000000009.104441	000000001.077582	-00000000.192042
000000033.939587	000000003.866928	000000000.238480
000000036.602295	000000004.170305	000000000.257190
000000065.481888	000000007.460719	000000001.380524
000000009.202943	000000001.007886	-00000000.193927
000000014.612272	000000001.600304	-00000000.102625
000000042.574448	000000004.474755	000000000.298868
000000042.546261	000000004.471792	000000000.896126
000000009.121861	000000000.918523	-00000000.192042
000000047.240353	000000004.548728	000000000.331331
000000009.139484	000000000.839801	-00000000.192251
000000014.508524	000000001.333146	-00000000.101717
000000051.193180	000000004.478823	000000001.076440
000000009.166391	000000000.761668	-00000000.192670
000000059.683987	000000004.697231	000000000.417968
000000059.682320	000000004.697100	000000001.254032
000000009.152749	000000000.680167	-00000000.192251
000000014.350080	000000001.066395	-00000000.100460
000000009.397770	000000000.615962	-00000000.197278
000000009.133280	000000000.518625	-00000000.191623
000000014.386474	000000000.816923	-00000000.100600
000000084.681725	000000004.437981	000000000.592011
000000084.705147	000000004.439209	000000001.776755
000000009.596828	000000000.460969	-00000000.201257
000000009.110970	000000000.357971	-00000000.190995
000000014.348579	000000000.563757	-00000000.100251
000000009.513474	000000000.290663	-00000000.199372
000000009.155811	000000000.199781	-00000000.191833
000000014.316243	000000000.312382	-00000000.099972
000000009.517097	000000000.124586	-00000000.199372
000000009.157904	000000000.039959	-00000000.191833
000000014.169519	000000000.061827	-00000000.098924
000000009.497826	-00000000.041442	-00000000.198953
000000009.197194	-00000000.120398	-00000000.192670
000000014.378418	-00000000.188224	-00000000.100391
000000009.565624	-00000000.208723	-00000000.200419
000000009.183699	-00000000.280587	-00000000.192461
000000014.203026	-00000000.433942	-00000000.099204
000000009.450634	-00000000.371316	-00000000.198115
000000009.247308	-00000000.444180	-00000000.193927
000000014.103395	-00000000.677435	-00000000.098575
000000069.173378	-00000003.625223	000000000.483592
000000069.409492	-00000003.637598	000000001.455917
000000009.472659	-00000000.537897	-00000000.198744
000000061.593395	-00000003.767214	000000000.430814
000000061.751038	-00000003.776855	000000001.295917
000000063.607159	-00000003.890381	000000001.334870
000000009.278053	-00000000.608116	-00000000.194765
000000014.358840	-00000000.941128	-00000000.100460
000000052.470589	-00000003.669101	000000000.367214
000000058.026886	-00000004.057635	000000000.406100
000000058.035519	-00000004.058239	000000001.218639
000000009.272393	-00000000.689058	-00000000.194765
000000051.030952	-00000004.016223	000000000.357371
000000051.200409	-00000004.029560	000000001.075812
000000009.385589	-00000000.779882	-00000000.197278
000000014.370125	-00000001.194065	-00000000.100670
000000034.248341	-00000002.996341	000000000.240016
000000034.052425	-00000002.979201	000000000.716021
000000009.468028	-00000000.869990	-00000000.199162
000000040.491730	-00000003.898910	000000000.283998
000000040.633114	-00000003.912524	000000000.855079
000000009.380496	-00000000.944566	-00000000.197487
000000014.496338	-00000001.459704	-00000000.101717
000000037.681515	-00000003.960487	000000000.264520
000000037.803429	-00000003.973301	000000000.796231
000000009.799246	-00000001.073192	-00000000.206492
000000029.528234	-00000003.364317	000000000.207483
000000040.377777	-00000004.600466	000000000.283718
000000040.568577	-00000004.622205	000000000.855288
000000009.362582	-00000001.108135	-00000000.197487
000000014.518307	-00000001.718355	-00000000.102066
000000040.703323	-00000004.997740	000000000.286301
000000027.566885	-00000003.384788	000000000.581780
000000040.705315	-00000004.997984	000000000.859058
000000009.779023	-00000001.244049	-00000000.206492
000000025.737280	-00000003.388377	000000000.181234
000000027.908493	-00000003.674223	000000000.196522
000000027.338053	-00000003.599123	000000000.577592
000000009.460694	-00000001.287544	-00000000.200000
000000014.684275	-00000001.998442	-00000000.103462
000000023.463133	-00000003.193192	-00000000.165316
000000023.607416	-00000003.317806	000000000.166433
000000027.667416	-00000003.888402	000000000.195056
000000026.959085	-00000003.788852	000000000.570262
000000009.666774	-00000001.401616	-00000000.204607
000000022.108273	-00000003.205547	-00000000.155961
000000022.677582	-00000003.389187	000000000.160080
000000027.029144	-00000004.039533	000000000.190798
000000026.845892	-00000004.012146	000000000.568587
000000009.436783	-00000001.452460	-00000000.200000
000000014.706461	-00000002.263541	-00000000.103881
000000021.051586	-00000003.240149	-00000000.148701
000000021.718737	-00000003.439910	000000000.153518
000000025.106426	-00000003.976467	000000000.177464
000000025.071907	-00000003.971000	000000000.531728
000000009.966477	-00000001.623144	-00000000.211518
000000020.094757	-00000003.272639	-00000000.142138
000000021.579403	-00000003.611153	000000000.152750
000000026.840805	-00000004.491611	000000000.570053
000000009.409996	-00000001.616933	-00000000.200000
000000014.645006	-00000002.516472	-00000000.103742
000000018.941925	-00000003.254818	-00000000.134180
000000021.704636	-00000003.827113	000000000.153867
000000027.160336	-00000004.789100	000000000.192543
000000027.086121	-00000004.776014	000000000.576126
000000009.985822	-00000001.805731	-00000000.212566
000000018.017345	-00000003.258067	-00000000.127827
000000021.316446	-00000003.950770	000000000.151354
000000023.076429	-00000004.276963	000000000.163850
000000038.778625	-00000007.187194	000000000.275341
000000020.250608	-00000003.753229	000000000.431414
000000009.498212	-00000001.803292	-00000000.202513
000000014.618505	-00000002.775410	-00000000.103881
000000017.698307	-00000003.440202	000000000.125872
000000019.779305	-00000003.844707	000000000.140672
000000022.910620	-00000004.453373	000000000.162943
000000019.922661	-00000003.872573	000000000.425131
000000010.070457	-00000002.003138	-00000000.215079
000000014.780074	-00000002.939939	-00000000.105208
000000016.310061	-00000003.244273	-00000000.116098
000000017.373642	-00000003.534707	000000000.123778
000000019.960581	-00000004.061026	000000000.142208
000000019.731354	-00000004.014390	000000000.421780
000000009.543600	-00000001.985072	-00000000.204189
000000014.332877	-00000002.981243	-00000000.102206
000000016.960667	-00000003.605101	000000000.121055
000000019.640724	-00000004.174765	000000000.140184
000000019.627117	-00000004.171873	000000000.420314
000000009.946032	-00000002.159495	-00000000.213194
000000015.078309	-00000003.273822	-00000000.107721
000000017.348358	-00000003.846038	000000000.124057
000000019.554733	-00000004.335180	000000000.139835
000000019.453312	-00000004.312696	000000000.417382
000000009.556258	-00000002.162361	-00000000.205236
000000013.810511	-00000003.125000	-00000000.098855
000000019.954613	-00000004.606885	000000000.142976
000000019.522095	-00000004.507030	000000000.419686
000000009.974949	-00000002.348789	-00000000.214660
000000013.938451	-00000003.282069	-00000000.099972
000000019.699736	-00000004.729488	000000000.141440
000000019.452854	-00000004.670218	000000000.419058
000000009.507353	-00000002.326435	-00000000.205026
000000013.287636	-00000003.251464	-00000000.095504
000000014.495865	-00000003.614225	000000000.104300
000000019.793550	-00000004.935086	000000000.142418
000000019.547171	-00000004.873657	000000000.421990
000000009.913057	-00000002.517596	-00000000.214241
000000013.064914	-00000003.318065	-00000000.094107
000000019.740049	-00000005.105124	000000000.142348
000000019.687805	-00000005.091612	000000000.425969
000000009.542650	-00000002.512370	-00000000.206702
000000012.571291	-00000003.309745	-00000000.090756
000000013.744789	-00000003.682905	000000000.099343
000000021.781096	-00000005.836227	000000000.157427
000000023.143019	-00000006.201153	000000000.167271
000000020.009594	-00000005.361554	000000000.433927
000000039.150047	-00000010.490223	000000000.849006
000000009.915838	-00000002.703368	-00000000.215288
000000012.242852	-00000003.337785	-00000000.088592
000000013.692855	-00000003.797365	000000000.099204
000000038.650276	-00000010.718670	000000000.280018
000000038.796886	-00000010.759329	000000000.843351
000000009.535839	-00000002.689385	-00000000.207539
000000011.914906	-00000003.360351	-00000000.086428
000000012.746019	-00000003.654862	000000000.092572
000000013.819912	-00000003.962796	000000000.301152
000000009.799959	-00000002.856428	-00000000.213822
000000011.673922	-00000003.402638	-00000000.084892
000000013.480678	-00000003.993159	000000000.098157
000000012.864539	-00000003.810650	000000000.281047
000000009.497025	-00000002.858280	-00000000.207749
000000011.528878	-00000003.469799	-00000000.084054
000000013.617448	-00000004.163271	000000000.099413
000000012.276260	-00000003.753229	000000000.268901
000000009.719971	-00000003.018131	-00000000.213194
000000011.183011	-00000003.472417	-00000000.081751
000000012.960698	-00000004.086492	000000000.094875
000000021.210148	-00000006.687534	000000000.155263
000000023.222443	-00000007.322008	000000000.169994
000000012.281180	-00000003.872241	000000000.269738
000000009.445694	-00000003.023591	-00000000.207749
000000010.704668	-00000003.426591	-00000000.078469
000000012.439516	-00000004.041844	000000000.091315
000000011.952158	-00000003.883492	000000000.263246
000000009.627837	-00000003.174785	-00000000.212356
000000010.807313	-00000003.563717	-00000000.079447
000000012.033934	-00000004.026498	000000000.088592
000000011.766115	-00000003.936887	000000000.259895
000000009.363086	-00000003.178339	-00000000.207121
000000010.378101	-00000003.522891	-00000000.076515
000000011.969974	-00000004.121593	000000000.088383
000000011.806937	-00000004.065454	000000000.261571
000000009.429380	-00000003.292887	-00000000.209215
000000009.884372	-00000003.451777	-00000000.073094
000000011.876994	-00000004.205864	000000000.087964
000000020.888426	-00000007.396980	000000000.154705
000000011.591948	-00000004.104924	000000000.257592
000000009.193274	-00000003.300722	-00000000.204607
000000009.787992	-00000003.514248	-00000000.072605
000000011.961995	-00000004.353810	000000000.088871
000000011.536895	-00000004.199086	000000000.257173
000000009.060941	-00000003.342757	-00000000.202304
000000009.775716	-00000003.606452	-00000000.072745
000000011.595719	-00000004.335462	000000000.086428
000000011.490448	-00000004.296103	000000000.256963
000000008.835090	-00000003.347316	-00000000.197906
000000009.425933	-00000003.571167	-00000000.070371
000000011.930867	-00000004.579831	000000000.089221
000000011.583192	-00000004.446371	000000000.259895
000000008.684408	-00000003.377182	-00000000.195183
000000009.161414	-00000003.562679	-00000000.068626
000000011.277020	-00000004.385394	-00000000.084473
000000011.732279	-00000004.621468	000000000.088034
000000028.656162	-00000011.287962	000000000.215023
000000011.748597	-00000004.627895	000000000.264503
000000008.450314	-00000003.371333	-00000000.190576
000000009.102112	-00000003.631374	-00000000.068416
000000011.749154	-00000004.687437	-00000000.088313
000000012.006738	-00000004.851037	000000000.090407
000000028.222790	-00000011.402747	000000000.212510
000000011.679955	-00000004.719008	000000000.263875
000000008.207744	-00000003.357877	-00000000.185759
000000009.893786	-00000004.047655	-00000000.074630
000000011.735568	-00000004.801147	-00000000.088522
000000011.566690	-00000004.791080	000000000.087405
000000011.619856	-00000004.813102	000000000.263456
000000008.178128	-00000003.429374	-00000000.185759
000000009.443108	-00000003.959824	-00000000.071488
000000014.727191	-00000006.175624	-00000000.111491
000000011.616488	-00000004.930907	000000000.088104
000000011.641832	-00000004.941665	000000000.264922
000000008.046846	-00000003.457198	-00000000.183456
000000008.443485	-00000003.627608	-00000000.064158
000000009.463319	-00000004.065763	-00000000.071907
000000011.466234	-00000004.926283	-00000000.087126
000000011.949001	-00000005.195574	000000000.090966
000000011.662446	-00000005.070976	000000000.266388
000000007.860801	-00000003.458835	-00000000.179895
000000009.848512	-00000004.333449	-00000000.075118
000000011.976289	-00000005.332187	000000000.091524
000000026.227249	-00000011.677124	000000000.200432
000000011.818686	-00000005.262018	000000000.270995
000000026.824947	-00000011.943235	000000000.615079
000000007.739162	-00000003.486238	-00000000.177801
000000008.287715	-00000003.733343	-00000000.063460
000000010.129429	-00000004.562975	-00000000.077562
000000011.342043	-00000005.109218	-00000000.086847
000000022.484594	-00000010.246819	000000000.172507
000000024.832239	-00000011.316703	000000000.190519
000000026.861403	-00000012.241446	000000000.206087
000000027.092705	-00000012.346856	000000000.623665
000000007.554094	-00000003.482485	-00000000.174241
000000008.654393	-00000003.989730	-00000000.066531
000000011.242538	-00000005.182881	-00000000.086428
000000024.279394	-00000011.321668	000000000.187028
000000023.132963	-00000010.787078	000000000.534660
000000024.628044	-00000011.484245	000000000.569215
000000007.505332	-00000003.539744	-00000000.173822
000000008.203208	-00000003.868884	-00000000.063320
000000011.088350	-00000005.229605	-00000000.085590
000000023.917927	-00000011.408266	000000000.185003
000000024.707365	-00000011.784808	000000000.573403
000000027.802553	-00000013.261138	000000000.645236
000000007.185996	-00000003.466113	-00000000.167121
000000007.952971	-00000003.836058	-00000000.061645
000000010.799109	-00000005.208871	-00000000.083705
000000023.134396	-00000011.283399	000000000.179698
000000023.857748	-00000011.636201	000000000.556021
000000007.343776	-00000003.621550	-00000000.171518
000000007.928162	-00000003.909737	-00000000.061714
000000010.412438	-00000005.134846	-00000000.081052
000000023.321421	-00000011.627631	000000000.181932
000000024.131086	-00000012.031316	000000000.564817
000000007.079770	-00000003.568498	-00000000.166073
000000007.822305	-00000003.942766	-00000000.061156
000000010.277937	-00000005.180507	-00000000.080354
000000022.711203	-00000011.571936	000000000.177952
000000023.374884	-00000011.910098	000000000.549529
000000007.030583	-00000003.620988	-00000000.165655
000000007.200864	-00000003.708688	-00000000.056548
000000010.516816	-00000005.416516	-00000000.082588
000000007.379750	-00000003.841655	000000000.058084
000000022.316648	-00000011.617311	000000000.175649
000000007.431520	-00000003.868605	000000000.175497
000000023.482895	-00000012.224422	000000000.554555
000000006.742127	-00000003.547204	-00000000.159581
000000009.628431	-00000005.065763	-00000000.075956
000000007.416579	-00000003.943465	000000000.058643
000000022.170275	-00000011.788144	000000000.175299
000000007.512236	-00000003.994327	000000000.178220
000000006.913476	-00000003.714745	-00000000.164398
000000009.566240	-00000005.140126	-00000000.075816
000000007.241276	-00000003.931692	000000000.057526
000000021.961103	-00000011.923906	000000000.174462
000000007.318941	-00000003.973861	000000000.174450
000000006.687958	-00000003.669139	-00000000.159791
000000007.250354	-00000003.977680	-00000000.057735
000000010.020742	-00000005.497568	-00000000.079796
000000007.189199	-00000003.985038	000000000.057386
000000006.986679	-00000003.872779	000000000.167330
000000006.533562	-00000003.658970	-00000000.156859
000000007.058321	-00000003.952850	-00000000.056478
000000009.780442	-00000005.477311	-00000000.078260
000000007.023599	-00000003.973761	000000000.056339
000000006.865600	-00000003.884370	000000000.165236
000000006.414582	-00000003.666236	-00000000.154764
000000006.971467	-00000003.984521	-00000000.056060
000000006.832774	-00000003.944904	000000000.055082
000000006.770833	-00000003.909142	000000000.163770
000000006.537801	-00000003.812733	-00000000.158534
000000006.988259	-00000004.075432	-00000000.056478
000000006.798088	-00000004.004380	000000000.055082
000000006.762305	-00000003.983302	000000000.164398
000000006.005933	-00000003.573155	-00000000.146388
000000007.064149	-00000004.202727	-00000000.057386
000000006.762885	-00000004.063551	000000000.055082
000000006.735857	-00000004.047311	000000000.164607
000000006.119826	-00000003.713602	-00000000.149948
000000006.975911	-00000004.233087	-00000000.056967
000000006.616327	-00000004.054490	000000000.054175
000000006.708807	-00000004.111162	000000000.164817
000000005.951160	-00000003.682690	-00000000.146597
000000006.853673	-00000004.241181	-00000000.056269
000000008.690388	-00000005.377775	-00000000.071348
000000006.589173	-00000004.117373	000000000.054244
000000006.647239	-00000004.153656	000000000.164189
000000006.223192	-00000003.926542	-00000000.154136
000000006.748744	-00000004.258140	-00000000.055710
000000006.418053	-00000004.088750	000000000.053127
000000006.517986	-00000004.152415	000000000.161885
000000005.608500	-00000003.607508	-00000000.139686
000000006.627226	-00000004.262775	-00000000.055012
000000006.440833	-00000004.182726	000000000.053616
000000006.489886	-00000004.214581	000000000.162094
000000005.526639	-00000003.623424	-00000000.138429
000000006.681763	-00000004.380756	-00000000.055780
000000006.295685	-00000004.167023	000000000.052709
000000006.369490	-00000004.215874	000000000.160000
000000005.918765	-00000003.954792	-00000000.149110
000000006.551821	-00000004.377787	-00000000.055012
000000006.582398	-00000004.439884	000000000.055431
000000006.448498	-00000004.349567	000000000.162932
000000005.669162	-00000003.859995	-00000000.143665
000000006.678682	-00000004.547353	-00000000.056409
000000006.419786	-00000004.412197	000000000.054384
000000006.426775	-00000004.417000	000000000.163351
000000005.783126	-00000004.011897	-00000000.147435
000000008.025730	-00000005.567647	-00000000.204607
000000006.778422	-00000004.702359	-00000000.057595
000000009.194005	-00000006.378108	-00000000.078120
000000006.364656	-00000004.456580	000000000.054244
000000006.387985	-00000004.472915	000000000.163351
000000005.984670	-00000004.229547	-00000000.153508
000000006.769794	-00000004.784417	-00000000.057875
000000008.982839	-00000006.348443	-00000000.076794
000000006.292960	-00000004.488724	000000000.053965
000000006.226618	-00000004.441403	000000000.160210
000000005.996216	-00000004.316658	-00000000.154764
000000007.101099	-00000005.112060	-00000000.061086
000000009.365335	-00000006.742077	-00000000.080564
000000006.366808	-00000004.625757	000000000.054943
000000006.219976	-00000004.519077	000000000.161047
000000005.982507	-00000004.386555	-00000000.155393
000000008.054614	-00000005.905888	-00000000.209215
000000007.056218	-00000005.173833	-00000000.061086
000000009.338401	-00000006.847199	-00000000.080843
000000006.462852	-00000004.782259	000000000.056129
000000006.244598	-00000004.620759	000000000.162723
000000005.823838	-00000004.348866	-00000000.152251
000000006.842541	-00000005.109568	-00000000.059620
000000009.198170	-00000006.868599	-00000000.080145
000000015.143328	-00000011.308059	-00000000.131946
000000006.301081	-00000004.748205	000000000.055082
000000014.590715	-00000010.994893	000000000.127548
000000006.243960	-00000004.705162	000000000.163770
000000005.634458	-00000004.284542	-00000000.148272
000000006.772491	-00000005.149922	-00000000.178220
000000006.805651	-00000005.175138	-00000000.059690
000000006.418072	-00000004.924760	000000000.056478
000000006.170936	-00000004.735126	000000000.162932
000000005.177881	-00000004.009144	-00000000.137173
000000007.241128	-00000005.606680	-00000000.191833
000000006.673257	-00000005.166988	-00000000.058922
000000008.997828	-00000006.966863	-00000000.079447
000000006.319693	-00000004.937485	000000000.055990
000000006.326338	-00000004.942677	000000000.168168
000000005.590230	-00000004.406982	-00000000.149110
000000007.254737	-00000005.719173	-00000000.193508
000000006.730002	-00000005.305506	-00000000.059829
000000008.975954	-00000007.076072	-00000000.079796
000000006.378101	-00000005.073370	000000000.056897
000000006.267317	-00000004.985249	000000000.167749
000000005.606140	-00000004.499403	-00000000.150576
000000007.361930	-00000005.908573	-00000000.065903
000000006.504553	-00000005.267283	000000000.058433
000000009.177871	-00000007.432093	000000000.082449
000000006.285732	-00000005.090086	000000000.169424
000000005.767960	-00000004.712621	-00000000.156021
000000006.837720	-00000005.586652	-00000000.061645
000000008.665242	-00000007.079800	-00000000.078120
000000006.412045	-00000005.285681	000000000.058014
000000009.097232	-00000007.499179	000000000.082309
000000014.290139	-00000011.779881	000000000.129293
000000006.310505	-00000005.201979	000000000.171309
000000008.902595	-00000007.338733	000000000.241676
000000005.703555	-00000004.743597	-00000000.155393
000000008.303289	-00000006.905773	-00000000.075398
000000006.457598	-00000005.418568	000000000.058852
000000009.039104	-00000007.584709	000000000.082379
000000014.286381	-00000011.987697	000000000.130201
000000006.241893	-00000005.237570	000000000.170681
000000009.014366	-00000007.563951	000000000.246492
000000005.364347	-00000004.541255	-00000000.147225
000000006.600513	-00000005.587747	-00000000.181152
000000008.387720	-00000007.100729	-00000000.076724
000000008.812890	-00000007.526919	000000000.080913
000000014.204038	-00000012.131394	000000000.130410
000000008.704739	-00000007.434549	000000000.239791
000000005.036702	-00000004.339900	-00000000.139267
000000006.665110	-00000005.743026	-00000000.184293
000000006.636108	-00000005.718036	-00000000.061156
000000008.340588	-00000007.186710	-00000000.076864
000000008.890262	-00000007.728187	000000000.082239
000000012.739186	-00000011.074006	000000000.117844
000000008.677257	-00000007.543024	000000000.240838
000000005.584945	-00000004.897865	-00000000.155602
000000007.879089	-00000006.909775	-00000000.073164
000000008.725121	-00000007.719335	000000000.081332
000000012.484788	-00000011.045607	000000000.116378
000000008.723420	-00000007.717830	000000000.243979
000000005.422647	-00000004.839898	-00000000.152251
000000007.191818	-00000006.418943	-00000000.067299
000000008.315588	-00000007.487389	000000000.078120
000000012.521686	-00000011.274576	000000000.117634
000000008.611159	-00000007.753523	000000000.242723
000000012.756998	-00000011.486453	000000000.359581
000000005.202592	-00000004.725702	-00000000.147225
000000006.749309	-00000006.130641	-00000000.190995
000000007.320579	-00000006.649546	-00000000.069045
000000012.371213	-00000011.336128	000000000.117146
000000008.631624	-00000007.909426	000000000.245236
000000012.589935	-00000011.536550	000000000.357697
000000005.330012	-00000004.927013	-00000000.152042
000000006.990580	-00000006.462026	-00000000.066462
000000012.308383	-00000011.477753	000000000.117495
000000012.510718	-00000011.666433	000000000.358325
000000005.330506	-00000005.014440	-00000000.153299
000000007.043176	-00000006.625558	-00000000.067509
000000011.982893	-00000011.371341	000000000.115330
000000012.219878	-00000011.596231	000000000.352880
000000006.131525	-00000005.869658	-00000000.177801
000000006.732268	-00000006.444745	-00000000.065065
000000012.012619	-00000011.499581	-00000000.116098
000000011.775306	-00000011.371281	000000000.114283
000000011.988765	-00000011.577415	000000000.349110
000000005.951164	-00000005.797367	-00000000.174032
000000007.112705	-00000006.928891	-00000000.069324
000000011.647096	-00000011.445569	000000000.114004
000000011.865884	-00000011.660572	000000000.348482
000000004.821101	-00000004.779212	-00000000.142199
000000006.796308	-00000006.737257	-00000000.066811
000000011.270368	-00000011.172441	-00000000.110793
000000011.362928	-00000011.362928	000000000.112189
000000011.544521	-00000011.544521	000000000.341990
000000005.736461	-00000005.786741	-00000000.170681
000000006.096619	-00000006.150055	-00000000.060458
000000011.144185	-00000011.340405	000000000.111002
000000011.317202	-00000011.516468	000000000.338220
000000004.932297	-00000005.063144	-00000000.148063
000000006.607915	-00000006.783214	-00000000.066113
000000010.975976	-00000011.267155	-00000000.109815
000000011.023959	-00000011.415645	000000000.110793
000000011.292668	-00000011.693900	000000000.340524
000000005.606941	-00000005.857087	-00000000.169843
000000006.382510	-00000006.667256	-00000000.064437
000000010.780426	-00000011.261380	-00000000.108838
000000010.820670	-00000011.402607	000000000.109745
000000011.011258	-00000011.603444	000000000.335079
000000005.514513	-00000005.862101	-00000000.168586
000000006.132238	-00000006.518761	-00000000.062482
000000010.620077	-00000011.289474	-00000000.108210
000000010.632095	-00000011.401526	000000000.108838
000000010.977766	-00000011.772212	000000000.337173
000000005.558158	-00000006.012782	-00000000.171518
000000006.000453	-00000006.491253	-00000000.061714
000000010.633531	-00000011.604463	000000000.109885
000000010.705756	-00000011.683283	000000000.331937
000000004.913923	-00000005.409808	-00000000.153089
000000005.950302	-00000006.550771	-00000000.061784
000000006.088941	-00000006.762454	000000000.063529
000000010.277596	-00000011.414426	000000000.107232
000000010.717122	-00000011.902570	000000000.335498
000000005.026304	-00000005.631498	-00000000.158115
000000005.753078	-00000006.445779	-00000000.060318
000000006.009817	-00000006.792862	000000000.063320
000000010.363125	-00000011.713383	000000000.109187
000000010.400853	-00000011.756026	000000000.328796
000000004.937417	-00000005.630045	-00000000.156859
000000005.591116	-00000006.375446	-00000000.059201
000000005.917509	-00000006.807315	000000000.062971
000000009.932492	-00000011.426024	000000000.105696
000000010.127330	-00000011.650160	000000000.323351
000000005.051252	-00000005.862267	-00000000.162094
000000005.646234	-00000006.552777	-00000000.060388
000000008.936188	-00000010.462932	000000000.096062
000000009.975279	-00000011.679551	000000000.107232
000000008.947432	-00000010.476096	000000000.288587
000000010.349931	-00000012.118213	000000000.333822
000000005.019282	-00000005.929016	-00000000.162723
000000005.504842	-00000006.502583	-00000000.059480
000000005.617826	-00000006.695065	000000000.061016
000000008.799547	-00000010.486893	000000000.095573
000000010.001532	-00000011.919361	000000000.108628
000000009.093450	-00000010.837152	000000000.296335
000000005.781810	-00000007.013896	000000000.063460
000000009.916218	-00000012.029334	000000000.108838
000000008.871345	-00000010.761802	000000000.292147
000000009.927003	-00000012.042418	000000000.326911
000000005.720383	-00000007.064085	000000000.063460
000000009.848624	-00000012.162038	000000000.109257
000000008.795969	-00000010.862118	000000000.292775
000000009.890747	-00000012.214055	000000000.329215
000000005.621170	-00000007.066779	000000000.063041
000000007.723712	-00000009.710037	000000000.259895
000000009.970497	-00000012.534634	000000000.335498
000000005.596227	-00000007.162843	000000000.063460
000000008.803744	-00000011.268279	000000000.099832
000000008.340384	-00000010.675204	000000000.283770
000000010.383932	-00000013.290827	000000000.353299
000000005.533506	-00000007.211406	000000000.063460
000000007.791956	-00000010.154675	000000000.089360
000000007.778265	-00000010.136832	000000000.267644
000000005.494437	-00000007.291365	000000000.063739
000000008.064124	-00000010.701455	000000000.093549
000000008.882573	-00000011.787573	000000000.103043
000000008.459663	-00000011.226353	000000000.294450
000000005.388963	-00000007.282766	000000000.063250
000000008.797215	-00000011.888753	000000000.103253
000000008.747924	-00000011.822141	000000000.308063
000000005.407493	-00000007.442775	000000000.064228
000000008.199405	-00000011.285512	000000000.097389
000000008.256572	-00000011.364196	000000000.294241
000000008.303850	-00000011.641568	000000000.099832
000000008.400929	-00000011.777668	000000000.303037
000000005.207947	-00000007.437719	000000000.063390
000000008.196207	-00000011.705398	000000000.099762
000000008.257689	-00000011.793202	000000000.301571
000000008.263666	-00000012.023708	000000000.101857
000000008.103496	-00000011.790660	000000000.299686
000000005.127674	-00000007.602089	000000000.064018
000000008.013039	-00000011.879819	000000000.100041
000000006.703252	-00000009.937981	000000000.251100
000000008.067384	-00000011.960389	000000000.302199
000000007.804199	-00000011.790858	000000000.098715
000000007.940631	-00000011.996985	000000000.301361
000000007.760917	-00000011.950765	000000000.099483
000000007.960876	-00000012.258675	000000000.306178
000000007.736926	-00000012.144541	000000000.100530
000000007.853598	-00000012.327679	000000000.306178
000000006.443661	-00000010.312014	000000000.084892
000000007.551166	-00000012.084391	000000000.099483
000000007.385454	-00000011.819198	000000000.291937
000000007.523796	-00000012.277719	000000000.100530
000000007.517106	-00000012.266801	000000000.301361
000000007.339114	-00000012.214336	000000000.099483
000000006.534400	-00000010.875067	000000000.265759
000000007.466414	-00000012.426200	000000000.303665
000000002.375221	-00000004.032326	000000000.032672
000000002.410279	-00000004.091841	000000000.099476
000000002.329943	-00000004.035580	000000000.032533
000000002.339487	-00000004.052110	000000000.098011
