000000004.569207	000000005.302825	-00000000.048869
000000004.427142	000000004.960194	-00000000.139267
000000004.687693	000000005.252116	-00000000.049148
000000004.423203	000000004.869567	-00000000.137801
000000005.056075	000000005.566305	-00000000.052499
000000004.546968	000000004.918881	-00000000.140314
000000004.907610	000000005.309022	-00000000.050475
000000004.699325	000000004.995529	-00000000.143665
000000004.816719	000000005.120323	-00000000.049078
000000004.804962	000000005.019328	-00000000.145550
000000005.227711	000000005.460938	-00000000.052778
000000004.806722	000000004.934238	-00000000.144293
000000005.212368	000000005.350645	-00000000.052150
000000004.976293	000000005.019909	-00000000.148063
000000005.343342	000000005.390176	-00000000.052988
000000005.041210	000000004.997408	-00000000.148691
000000005.411480	000000005.364461	-00000000.053197
000000005.177727	000000005.043919	-00000000.151414
000000005.629996	000000005.484499	-00000000.054873
000000005.228768	000000005.005456	-00000000.151623
000000006.031592	000000005.773993	-00000000.058294
000000005.352353	000000005.034990	-00000000.153927
000000005.761274	000000005.419665	-00000000.055222
000000005.432795	000000005.022024	-00000000.154974
000000005.815692	000000005.375971	-00000000.055292
000000005.469012	000000004.967701	-00000000.154764
000000005.825375	000000005.291398	-00000000.054943
000000005.519614	000000004.926444	-00000000.154974
000000006.013076	000000005.366876	-00000000.056269
000000005.457160	000000004.785801	-00000000.152042
000000006.074718	000000005.327384	-00000000.056409
000000005.513864	000000004.751049	-00000000.152461
000000006.355815	000000005.476521	-00000000.058573
000000005.593267	000000004.735050	-00000000.153508
000000006.388100	000000005.407926	-00000000.058433
000000005.649748	000000004.698846	-00000000.153927
000000006.427361	000000005.345580	-00000000.058363
000000005.628600	000000004.598759	-00000000.152251
000000006.303403	000000005.150096	-00000000.056827
000000005.707502	000000004.580755	-00000000.153299
000000006.410494	000000005.144966	-00000000.057386
000000005.653042	000000004.456499	-00000000.150785
000000006.784973	000000005.348842	-00000000.060318
000000005.675906	000000004.394756	-00000000.150367
000000006.870924	000000005.320038	-00000000.060667
000000005.857290	000000004.453987	-00000000.154136
000000006.853410	000000005.211454	-00000000.060109
000000005.887924	000000004.396721	-00000000.153927
000000006.770430	000000005.055719	-00000000.058992
000000005.974444	000000004.380643	-00000000.155183
000000006.749777	000000004.949141	-00000000.058433
000000006.142268	000000004.421800	-00000000.158534
000000006.735900	000000004.849154	-00000000.057944
000000006.115304	000000004.321869	-00000000.156859
000000006.769794	000000004.784417	-00000000.057875
000000007.003580	000000004.903959	000000000.059690
000000007.051352	000000004.937410	000000000.180314
000000006.382797	000000004.427904	-00000000.162723
000000006.803071	000000004.719458	-00000000.057805
000000006.288969	000000004.282006	-00000000.159372
000000006.877059	000000004.682423	-00000000.058084
000000007.005197	000000004.725065	000000000.058992
000000007.078428	000000004.774460	000000000.178848
000000006.467415	000000004.321389	-00000000.162932
000000006.884400	000000004.600009	-00000000.057805
000000007.054502	000000004.669273	000000000.059061
000000007.186519	000000004.756653	000000000.180524
000000006.521602	000000004.275749	-00000000.163351
000000006.957731	000000004.561688	-00000000.058084
000000007.187232	000000004.667443	000000000.059829
000000007.873390	000000005.113039	000000000.196649
000000006.567074	000000004.224084	-00000000.163560
000000007.005684	000000004.506207	-00000000.058154
000000007.261423	000000004.626037	000000000.060109
000000008.533250	000000005.436279	000000000.211937
000000006.637507	000000004.187955	-00000000.164398
000000007.163140	000000004.519605	-00000000.059131
000000007.301516	000000004.562493	000000000.060109
000000007.471122	000000004.668475	000000000.061505
000000009.531828	000000005.956147	000000000.078469
000000009.165390	000000005.727171	000000000.226388
000000006.818329	000000004.219310	-00000000.167958
000000007.219314	000000004.467447	-00000000.059271
000000009.626073	000000005.898865	000000000.078818
000000009.215019	000000005.646971	000000000.226388
000000006.914721	000000004.195955	-00000000.169424
000000007.309319	000000004.435403	-00000000.059690
000000010.181752	000000006.178439	-00000000.083147
000000010.037185	000000006.030949	000000000.081751
000000009.443913	000000005.674475	000000000.230785
000000007.140101	000000004.247914	-00000000.174032
000000007.476654	000000004.448142	-00000000.060737
000000010.304031	000000006.130255	-00000000.083705
000000010.683941	000000006.293322	000000000.086568
000000010.905832	000000006.424026	000000000.265131
000000007.263263	000000004.235810	-00000000.176126
000000007.679311	000000004.478442	-00000000.062063
000000010.512622	000000006.130780	-00000000.084962
000000010.617213	000000006.129851	000000000.085590
000000010.770993	000000006.218636	000000000.260524
000000007.421472	000000004.241721	-00000000.179058
000000007.666008	000000004.381485	-00000000.061645
000000010.652540	000000006.088428	-00000000.085660
000000010.609377	000000006.002497	000000000.085102
000000010.694325	000000006.050558	000000000.257382
000000007.466928	000000004.181681	-00000000.179267
000000007.703952	000000004.314420	-00000000.061645
000000010.853585	000000006.078300	-00000000.086847
000000010.993702	000000006.093908	000000000.087754
000000011.271376	000000006.247826	000000000.269948
000000012.565529	000000006.965186	000000000.300943
000000007.634615	000000004.188493	-00000000.182408
000000007.828979	000000004.295125	-00000000.062343
000000011.204294	000000006.146886	-00000000.089221
000000011.477072	000000006.231542	000000000.091175
000000011.343040	000000006.158769	000000000.270367
000000007.644455	000000004.107514	-00000000.181780
000000008.103997	000000004.354435	-00000000.064228
000000011.310362	000000006.077277	-00000000.089639
000000011.575161	000000006.154622	000000000.091524
000000011.475801	000000006.101792	000000000.272251
000000013.409032	000000007.129709	000000000.318115
000000007.865815	000000004.138405	-00000000.186178
000000011.601905	000000006.104057	-00000000.091524
000000011.956614	000000006.224219	000000000.094107
000000013.322578	000000006.935296	000000000.104859
000000013.302244	000000006.924710	000000000.314136
000000007.928294	000000004.083340	-00000000.186806
000000011.876979	000000006.117046	-00000000.093270
000000012.571795	000000006.405650	000000000.098506
000000013.629410	000000006.944531	000000000.320419
000000008.222532	000000004.144497	-00000000.192880
000000012.331739	000000006.215708	-00000000.096411
000000013.960636	000000006.960516	000000000.108908
000000014.092125	000000007.026074	000000000.329843
000000008.294253	000000004.090273	-00000000.193717
000000010.116478	000000004.988895	-00000000.078749
000000011.569376	000000005.705385	-00000000.090058
000000013.652349	000000006.658695	000000000.106045
000000013.667659	000000006.666163	000000000.318534
000000008.878937	000000004.282691	-00000000.206492
000000011.447596	000000005.521665	-00000000.088732
000000013.149874	000000006.342746	-00000000.101926
000000013.800193	000000006.582354	000000000.106743
000000014.320887	000000006.830713	000000000.332356
000000008.943100	000000004.217840	-00000000.207121
000000011.513433	000000005.430088	-00000000.088871
000000013.286122	000000006.266142	-00000000.102555
000000014.065555	000000006.558876	000000000.108349
000000014.860188	000000006.929419	000000000.343456
000000009.034042	000000004.164751	-00000000.208377
000000011.669355	000000005.379647	-00000000.089709
000000013.485598	000000006.216946	-00000000.103672
000000014.932100	000000006.804950	000000000.114562
000000015.065653	000000006.865814	000000000.346806
000000009.060926	000000004.081650	-00000000.208168
000000011.305573	000000005.092790	-00000000.086568
000000013.749037	000000006.193490	-00000000.105277
000000014.936105	000000006.649982	000000000.114144
000000015.426398	000000006.868275	000000000.353717
000000009.288374	000000004.086982	-00000000.212566
000000011.834689	000000005.207388	-00000000.090268
000000014.013078	000000006.165902	-00000000.106883
000000015.204486	000000006.611098	000000000.115749
000000015.284039	000000006.645689	000000000.349110
000000009.433917	000000004.053131	-00000000.215079
000000011.907244	000000005.115756	-00000000.090477
000000014.360356	000000006.169696	-00000000.109117
000000015.243189	000000006.470350	000000000.115610
000000015.525512	000000006.590189	000000000.353299
000000009.708646	000000004.071173	-00000000.220524
000000012.015985	000000005.038721	-00000000.090966
000000014.496646	000000006.078948	-00000000.109745
000000015.714808	000000006.509286	000000000.118751
000000015.573194	000000006.450628	000000000.353089
000000009.540230	000000003.903011	-00000000.215916
000000011.920671	000000004.876875	-00000000.089919
000000014.873074	000000006.084735	-00000000.112189
000000015.650481	000000006.323205	000000000.117844
000000015.758669	000000006.366915	000000000.356021
000000010.075374	000000004.019667	-00000000.227225
000000012.111382	000000004.831951	-00000000.091036
000000015.798105	000000006.223039	000000000.118542
000000015.869442	000000006.251140	000000000.357278
000000009.569622	000000003.721422	-00000000.215079
000000012.451322	000000004.842054	-00000000.093270
000000016.178555	000000006.210365	000000000.120985
000000016.016726	000000006.148245	000000000.359372
000000010.050499	000000003.807793	-00000000.225131
000000013.054170	000000004.945782	-00000000.097458
000000016.400730	000000006.131982	000000000.122242
000000016.612921	000000006.211316	000000000.371519
000000009.520554	000000003.512317	-00000000.212566
000000013.021778	000000004.803988	-00000000.096900
000000016.923452	000000006.159633	000000000.125732
000000016.826204	000000006.124237	000000000.375079
000000009.814313	000000003.523699	-00000000.218429
000000011.451600	000000004.111545	-00000000.254869
000000013.307905	000000004.778026	-00000000.098715
000000017.193361	000000006.088489	000000000.127338
000000017.199434	000000006.090639	000000000.382199
000000009.363309	000000003.269814	-00000000.207749
000000012.990349	000000004.536433	-00000000.096062
000000017.992781	000000006.195411	000000000.132853
000000022.852627	000000007.868791	000000000.168737
000000017.828569	000000006.138869	000000000.394974
000000014.014225	000000004.757188	-00000000.103323
000000019.553959	000000006.542663	000000000.143954
000000020.308638	000000006.795175	000000000.448587
000000009.333495	000000003.077725	-00000000.205864
000000013.599360	000000004.484396	-00000000.099972
000000019.714920	000000006.405766	000000000.144722
000000041.428444	000000013.460917	000000000.912461
000000009.436172	000000003.020543	-00000000.207539
000000014.161780	000000004.533222	-00000000.103811
000000019.627016	000000006.188375	000000000.143674
000000023.432255	000000007.388161	000000000.171530
000000035.668148	000000011.246123	000000000.261099
000000020.195295	000000006.367552	000000000.443560
000000042.945992	000000013.540819	000000000.943247
000000008.020408	000000002.490403	-00000000.175916
000000009.452623	000000002.935118	-00000000.207330
000000014.133951	000000004.388709	-00000000.103323
000000020.234915	000000006.186434	000000000.147723
000000023.448021	000000007.168780	000000000.171181
000000044.573151	000000013.627379	000000000.976336
000000014.755815	000000004.440996	-00000000.107581
000000020.518242	000000006.077780	000000000.149399
000000023.471334	000000006.952526	000000000.170901
000000035.322060	000000010.462871	000000000.257190
000000045.150505	000000013.374188	000000000.986388
000000009.310441	000000002.713746	-00000000.203141
000000014.822808	000000004.320455	-00000000.107791
000000021.099180	000000006.050093	000000000.153239
000000023.511887	000000006.741925	000000000.170762
000000034.931400	000000010.016418	000000000.253699
000000046.956947	000000013.464687	000000001.023247
000000056.058098	000000016.074402	000000001.221571
000000009.458860	000000002.667674	-00000000.205864
000000016.043737	000000004.524802	-00000000.116378
000000017.699120	000000004.991668	-00000000.128385
000000020.534464	000000005.694711	000000000.148771
000000023.126568	000000006.413565	000000000.167550
000000034.901844	000000009.679138	000000000.252861
000000047.872295	000000013.276162	000000001.040629
000000009.356384	000000002.550843	-00000000.203141
000000014.818771	000000004.040061	-00000000.107232
000000018.446285	000000005.029035	-00000000.133482
000000020.776558	000000005.567062	000000000.150167
000000023.220291	000000006.221859	000000000.167829
000000035.004299	000000009.379375	000000000.253001
000000048.092556	000000012.886361	000000001.042933
000000009.349283	000000002.461461	-00000000.202513
000000010.364459	000000002.728734	-00000000.224503
000000017.648159	000000004.646372	-00000000.127408
000000019.263086	000000005.071547	-00000000.139067
000000023.477009	000000006.071567	000000000.169296
000000035.336529	000000009.138647	000000000.254816
000000048.445160	000000012.528770	000000001.048168
000000061.309021	000000015.855592	000000001.326493
000000009.321957	000000002.367475	-00000000.201466
000000014.557494	000000003.697133	-00000000.104859
000000018.783236	000000004.770334	-00000000.135297
000000024.004532	000000005.985002	000000000.172716
000000035.667198	000000008.892832	000000000.256631
000000048.348934	000000012.054743	000000001.043770
000000009.313128	000000002.278908	-00000000.200838
000000010.478482	000000002.564068	-00000000.225969
000000019.290384	000000004.720327	-00000000.138648
000000020.689081	000000005.062586	-00000000.148701
000000065.056725	000000015.618737	000000001.401467
000000009.361855	000000002.204424	-00000000.201466
000000014.561399	000000003.428754	-00000000.104440
000000020.372332	000000004.797047	-00000000.146118
000000027.593487	000000006.370459	000000000.197709
000000067.440849	000000015.569946	000000001.449844
000000021.271698	000000004.813293	-00000000.152261
000000028.136166	000000006.237638	000000000.201200
000000070.883072	000000015.714398	000000001.520839
000000009.281659	000000002.015246	-00000000.198953
000000014.628794	000000003.176222	-00000000.104509
000000026.604967	000000005.655060	000000000.189890
000000010.297300	000000002.141841	-00000000.220314
000000076.221428	000000015.507424	000000001.629320
000000009.315416	000000001.852952	-00000000.198953
000000014.377962	000000002.859954	-00000000.102345
000000030.115589	000000005.853878	000000000.214185
000000076.864182	000000014.940883	000000001.640210
000000035.543800	000000006.587654	000000000.252373
000000077.660103	000000014.393449	000000001.654451
000000009.188925	000000001.661628	-00000000.195602
000000014.120640	000000002.553428	-00000000.100181
000000035.718105	000000006.298066	000000000.253210
000000078.225815	000000013.793322	000000001.663875
000000073.304390	000000012.266948	000000001.556859
000000009.177053	000000001.494578	-00000000.194765
000000013.876831	000000002.259985	-00000000.098157
000000053.274101	000000008.437789	000000001.129844
000000009.683819	000000001.490482	-00000000.205236
000000009.102796	000000001.319843	-00000000.192670
000000013.963640	000000002.024632	-00000000.098506
000000062.917732	000000008.842511	000000001.330891
000000009.698449	000000001.319901	-00000000.205026
000000009.124444	000000001.160776	-00000000.192670
000000014.016688	000000001.783148	-00000000.098645
000000058.706154	000000007.208209	000000001.238954
000000009.590938	000000001.135162	-00000000.202304
000000009.063806	000000000.992648	-00000000.190995
000000013.886629	000000001.520833	-00000000.097528
000000079.106804	000000008.314461	000000001.666179
000000009.420285	000000000.948573	-00000000.198325
000000084.490608	000000008.135520	000000001.778011
000000009.059837	000000000.832482	-00000000.190576
000000013.781605	000000001.266352	-00000000.096621
000000009.435406	000000000.784022	-00000000.198325
000000009.132808	000000000.678685	-00000000.191833
000000013.771689	000000001.023413	-00000000.096411
000000009.487557	000000000.621847	-00000000.199162
000000009.183188	000000000.521459	-00000000.192670
000000013.667648	000000000.776105	-00000000.095573
000000009.576856	000000000.460009	-00000000.200838
000000079.486824	000000003.470470	000000001.666598
000000009.090990	000000000.357186	-00000000.190576
000000013.269438	000000000.521358	-00000000.092711
000000014.398540	000000000.565720	-00000000.100600
000000014.618364	000000000.574357	-00000000.102136
000000090.025360	000000003.143755	000000001.886912
000000009.523466	000000000.290968	-00000000.199581
000000009.185798	000000000.200435	-00000000.192461
000000013.626425	000000000.297330	-00000000.095155
000000009.417128	000000000.123277	-00000000.197278
000000009.177899	000000000.040046	-00000000.192251
000000014.089522	000000000.061478	-00000000.098366
000000009.417845	-00000000.041093	-00000000.197278
000000038.347603	-00000000.334654	000000000.267731
000000009.337152	-00000000.122230	-00000000.195602
000000014.178440	-00000000.185606	-00000000.098994
000000095.404541	-00000001.665292	000000001.998745
000000009.495656	-00000000.207196	-00000000.198953
000000096.225899	-00000002.519764	000000002.016336
000000009.453514	-00000000.288831	-00000000.198115
000000014.163046	-00000000.432720	-00000000.098924
000000097.159447	-00000003.392883	000000002.036441
000000009.520564	-00000000.374064	-00000000.199581
000000098.045067	-00000004.280740	000000002.055708
000000009.526924	-00000000.457611	-00000000.199791
000000014.083420	-00000000.676475	-00000000.098436
000000030.806971	-00000001.614525	000000000.215372
000000099.132179	-00000005.195297	000000002.079373
000000009.672293	-00000000.549233	-00000000.202932
000000044.497070	-00000002.721557	000000000.933823
000000009.637203	-00000000.631656	-00000000.202304
000000014.229122	-00000000.932626	-00000000.099553
000000016.703751	-00000001.094822	-00000000.116866
000000021.463423	-00000001.406787	-00000000.150167
000000031.003534	-00000002.167978	000000000.216978
000000044.072685	-00000003.081862	000000000.925445
000000047.194378	-00000003.300152	000000000.990995
000000009.581472	-00000000.712026	-00000000.201257
000000021.520134	-00000001.599222	-00000000.150656
000000043.653946	-00000003.435640	000000000.305709
000000009.664565	-00000000.803063	-00000000.203141
000000014.499675	-00000001.204830	-00000000.101577
000000029.924961	-00000002.618095	000000000.209717
000000032.066723	-00000002.805475	000000000.224727
000000049.758713	-00000004.353323	000000000.348714
000000043.683517	-00000003.821813	000000000.918535
000000049.858570	-00000004.362060	000000001.048378
000000009.597454	-00000000.881882	-00000000.201885
000000021.508863	-00000001.976387	-00000000.150795
000000029.891020	-00000002.878178	000000000.209647
000000049.838272	-00000004.798880	000000000.349552
000000046.614132	-00000004.488431	000000000.980943
000000049.798702	-00000004.795070	000000001.047959
000000009.728658	-00000000.979624	-00000000.204817
000000014.735126	-00000001.483749	-00000000.103392
000000018.893991	-00000001.902525	-00000000.132574
000000030.013939	-00000003.154592	000000000.210694
000000052.638760	-00000005.532557	000000000.369518
000000052.588726	-00000005.527298	000000001.107645
000000009.570663	-00000001.048158	-00000000.201676
000000010.922283	-00000001.196185	-00000000.230157
000000018.131145	-00000001.985683	-00000000.127338
000000036.542683	-00000004.163513	000000000.256771
000000052.568607	-00000005.989436	000000000.369378
000000052.588158	-00000005.991663	000000001.108692
000000009.789507	-00000001.158665	-00000000.206492
000000014.975107	-00000001.772421	-00000000.105277
000000030.391024	-00000003.731549	000000000.213766
000000059.658787	-00000007.325178	000000001.259058
000000009.580666	-00000001.218815	-00000000.202304
000000010.969169	-00000001.395455	-00000000.231623
000000015.990731	-00000002.034278	-00000000.112538
000000019.065870	-00000002.425485	-00000000.134180
000000055.488911	-00000007.305254	000000001.172357
000000009.965925	-00000001.356303	-00000000.210681
000000015.833651	-00000002.154865	-00000000.111561
000000018.360298	-00000002.498727	-00000000.129363
000000020.034819	-00000002.726619	-00000000.141161
000000029.578587	-00000004.156999	000000000.208530
000000055.502254	-00000007.800333	000000001.174032
000000011.141031	-00000001.615373	-00000000.235812
000000015.319429	-00000002.221212	-00000000.108070
000000018.476341	-00000002.678942	-00000000.130340
000000010.029669	-00000001.543714	-00000000.212566
000000015.072145	-00000002.319825	-00000000.106464
000000017.938324	-00000002.760972	-00000000.126710
000000086.709892	-00000013.733498	000000001.838954
000000086.838264	-00000013.753830	000000001.841676
000000017.864199	-00000002.909370	-00000000.126361
000000019.808535	-00000003.226025	-00000000.140114
000000031.116552	-00000005.207125	000000000.220259
000000010.227828	-00000001.757462	-00000000.217382
000000013.134581	-00000002.256934	-00000000.279162
000000016.379543	-00000002.814520	-00000000.116029
000000030.863123	-00000005.442001	000000000.218793
000000010.704015	-00000001.935601	-00000000.227854
000000016.059153	-00000002.903968	-00000000.113934
000000017.722141	-00000003.204685	-00000000.125732
000000010.441157	-00000001.982316	-00000000.222618
000000014.654945	-00000002.782328	-00000000.312461
000000016.485117	-00000003.129797	-00000000.117146
000000026.876297	-00000005.224223	000000000.191147
000000011.796259	-00000002.346422	-00000000.251937
000000012.943526	-00000002.574627	-00000000.276440
000000016.800442	-00000003.341816	-00000000.119589
000000026.359331	-00000005.362867	000000000.187796
000000050.347286	-00000010.243271	000000001.076231
000000010.590948	-00000002.202920	-00000000.226597
000000014.604155	-00000003.037668	-00000000.312461
000000015.899311	-00000003.307061	-00000000.113376
000000018.092319	-00000003.763208	-00000000.129014
000000026.438686	-00000005.619716	000000000.188703
000000011.157532	-00000002.422538	-00000000.239162
000000014.391457	-00000003.124691	-00000000.308482
000000015.781898	-00000003.426586	-00000000.112747
000000018.127195	-00000003.935800	-00000000.129502
000000026.408163	-00000005.854549	000000000.188843
000000028.653589	-00000006.352348	000000000.204900
000000010.589894	-00000002.396248	-00000000.227435
000000014.334388	-00000003.243541	-00000000.307854
000000015.673368	-00000003.546521	-00000000.112189
000000028.187840	-00000006.507676	000000000.201968
000000046.213245	-00000010.669168	000000000.331121
000000046.584156	-00000010.754800	000000001.001467
000000010.743751	-00000002.529817	-00000000.231204
000000013.994124	-00000003.295179	-00000000.301152
000000015.826761	-00000003.726708	-00000000.113515
000000018.036280	-00000004.246980	-00000000.129363
000000026.506159	-00000006.363565	000000000.190309
000000028.703661	-00000006.891140	000000000.206087
000000010.080319	-00000002.466639	-00000000.217382
000000014.042526	-00000003.436184	-00000000.302827
000000015.453675	-00000003.781490	-00000000.111072
000000018.212219	-00000004.456502	-00000000.130899
000000029.185783	-00000007.276833	000000000.209996
000000036.938259	-00000009.209742	000000000.265777
000000010.494469	-00000002.665256	-00000000.226806
000000013.740681	-00000003.489688	-00000000.296964
000000015.953151	-00000004.051584	-00000000.114912
000000009.871373	-00000002.598916	-00000000.213822
000000013.709704	-00000003.609464	-00000000.296964
000000015.240273	-00000004.012429	-00000000.110025
000000017.880243	-00000004.707475	-00000000.129083
000000041.920162	-00000011.232473	000000000.302987
000000042.240330	-00000011.318263	000000000.916021
000000009.973713	-00000002.719146	-00000000.216545
000000013.648746	-00000003.721075	-00000000.296335
000000015.137144	-00000004.126859	-00000000.109536
000000017.095613	-00000004.660800	-00000000.123708
000000041.916904	-00000011.624586	000000000.303685
000000009.632064	-00000002.716523	-00000000.209634
000000013.769714	-00000003.883461	-00000000.299686
000000014.600090	-00000004.117651	-00000000.105906
000000017.035044	-00000004.804379	-00000000.123568
000000009.368032	-00000002.730532	-00000000.204398
000000013.533734	-00000003.944724	-00000000.295288
000000015.014814	-00000004.376419	-00000000.109187
000000017.770090	-00000005.179509	-00000000.129223
000000021.667797	-00000006.315587	-00000000.157567
000000063.028572	-00000018.669914	000000001.376964
000000009.114080	-00000002.743027	-00000000.199372
000000015.311193	-00000004.608146	-00000000.111630
000000027.139267	-00000008.297306	000000000.198128
000000068.265182	-00000020.870762	000000001.495289
000000008.975218	-00000002.786879	-00000000.196859
000000010.065665	-00000003.125472	-00000000.073582
000000021.487425	-00000006.672023	-00000000.157078
000000008.883904	-00000002.843760	-00000000.195393
000000009.476107	-00000003.033326	-00000000.069464
000000009.995360	-00000003.247689	000000000.073373
000000008.754306	-00000002.886737	-00000000.193089
000000009.306825	-00000003.068931	-00000000.068416
000000009.900257	-00000003.312580	000000000.072884
000000008.757183	-00000002.972663	-00000000.193717
000000009.024024	-00000003.063243	-00000000.066531
000000016.353085	-00000005.551125	-00000000.120566
000000019.004425	-00000006.451133	-00000000.140114
000000034.028385	-00000011.716913	000000000.251256
000000008.636519	-00000003.016008	-00000000.191623
000000009.006390	-00000003.145172	-00000000.066601
000000017.559628	-00000006.132097	-00000000.129851
000000008.402859	-00000003.016935	-00000000.187016
000000008.583316	-00000003.081725	-00000000.063669
000000047.284359	-00000017.210098	000000001.054032
000000008.423110	-00000003.107449	-00000000.188063
000000008.837547	-00000003.260343	-00000000.065763
000000008.954369	-00000003.347901	000000000.066741
000000067.950027	-00000025.405474	000000001.519582
000000008.264782	-00000003.131246	-00000000.185131
000000008.790056	-00000003.330255	-00000000.065624
000000008.822120	-00000003.386495	000000000.065973
000000008.913738	-00000003.421663	000000000.200000
000000008.069418	-00000003.138025	-00000000.181361
000000008.602222	-00000003.345222	-00000000.064437
000000008.671280	-00000003.415708	000000000.065065
000000008.744007	-00000003.444356	000000000.196859
000000008.069585	-00000003.219438	-00000000.181990
000000008.516976	-00000003.397929	-00000000.064018
000000008.613328	-00000003.480011	000000000.064856
000000008.704348	-00000003.516785	000000000.196649
000000008.050436	-00000003.293520	-00000000.182199
000000008.440723	-00000003.453191	-00000000.063669
000000008.610347	-00000003.566523	000000000.065065
000000008.645616	-00000003.581131	000000000.196021
000000008.122809	-00000003.406177	-00000000.184503
000000008.484042	-00000003.557654	-00000000.064228
000000008.615715	-00000003.657154	000000000.065345
000000008.641645	-00000003.668161	000000000.196649
000000008.285680	-00000003.559809	-00000000.188901
000000008.599676	-00000003.694712	-00000000.065345
000000008.656836	-00000003.764099	000000000.065903
000000008.655149	-00000003.763366	000000000.197696
000000008.171939	-00000003.595739	-00000000.187016
000000008.612871	-00000003.789754	-00000000.065694
000000008.669335	-00000003.859837	000000000.066252
000000008.685912	-00000003.867217	000000000.199162
000000008.532221	-00000003.843485	-00000000.196021
000000008.597707	-00000003.872984	-00000000.065833
000000017.934898	-00000008.173405	000000000.137601
000000076.347198	-00000034.793423	000000001.757488
000000008.580070	-00000003.955467	-00000000.197906
000000008.690718	-00000004.006476	-00000000.066811
000000014.920429	-00000006.878412	-00000000.114702
000000017.926332	-00000008.359186	000000000.138089
000000075.859451	-00000035.373840	000000001.753299
000000008.292035	-00000003.910778	-00000000.192042
000000008.727779	-00000004.116288	-00000000.067369
000000015.022635	-00000007.085135	-00000000.115959
000000016.930986	-00000007.985172	-00000000.130689
000000025.930643	-00000012.368282	000000000.200572
000000029.694334	-00000014.163470	000000000.229683
000000042.809254	-00000020.418966	000000000.993508
000000053.529617	-00000025.532318	000000001.242304
000000008.545752	-00000004.121981	-00000000.198744
000000010.860039	-00000005.238261	-00000000.252566
000000012.652035	-00000006.102617	-00000000.294241
000000014.428835	-00000006.959644	-00000000.111840
000000017.139870	-00000008.267292	-00000000.132853
000000022.640070	-00000011.042300	000000000.175858
000000022.729948	-00000011.086137	000000000.176556
000000067.206062	-00000032.778587	000000001.566284
000000008.509456	-00000004.196399	-00000000.198744
000000010.553878	-00000005.204597	-00000000.246492
000000012.015459	-00000005.925368	-00000000.280628
000000014.726292	-00000007.262203	-00000000.114632
000000017.093977	-00000008.429817	-00000000.133063
000000020.609837	-00000010.275685	000000000.160778
000000033.004375	-00000016.455376	000000000.257469
000000033.024784	-00000016.465549	000000000.772985
000000008.454657	-00000004.261497	-00000000.198325
000000010.847314	-00000005.467496	-00000000.254450
000000014.180161	-00000007.147389	-00000000.110862
000000017.707340	-00000008.925235	-00000000.138438
000000020.234264	-00000010.309873	000000000.158544
000000059.390377	-00000030.260908	000000001.396231
000000073.839333	-00000037.623020	000000001.735917
000000008.710458	-00000004.486180	-00000000.205236
000000010.301449	-00000005.305595	-00000000.242723
000000011.856888	-00000006.106699	-00000000.279372
000000014.472847	-00000007.454006	-00000000.113655
000000017.477652	-00000009.001582	-00000000.137252
000000020.329792	-00000010.583020	000000000.160010
000000028.578794	-00000014.877178	000000000.224936
000000073.357445	-00000038.187469	000000001.732357
000000008.856784	-00000004.659779	-00000000.209634
000000011.546556	-00000006.074937	-00000000.273299
000000013.734674	-00000007.226161	-00000000.108349
000000020.121885	-00000010.698997	000000000.159103
000000044.649696	-00000023.740665	000000001.059268
000000008.525152	-00000004.580729	-00000000.202723
000000009.361815	-00000005.030285	-00000000.222618
000000011.352192	-00000006.099752	-00000000.269948
000000013.591813	-00000007.303144	-00000000.107721
000000015.203804	-00000008.169298	-00000000.120497
000000017.529299	-00000009.418832	-00000000.138927
000000019.957449	-00000010.836011	000000000.158544
000000072.425011	-00000039.323570	000000001.726284
000000008.712752	-00000004.779980	-00000000.208168
000000013.887013	-00000007.618677	-00000000.110583
000000016.403156	-00000008.999080	-00000000.130619
000000019.827147	-00000010.990366	000000000.158265
000000071.965416	-00000039.891083	000000001.723561
000000009.185368	-00000005.144053	-00000000.220524
000000010.694455	-00000005.989183	-00000000.256754
000000011.959297	-00000006.697528	-00000000.287121
000000014.168990	-00000007.935016	-00000000.113376
000000016.568295	-00000009.278691	-00000000.132574
000000019.669559	-00000011.128502	000000000.157776
000000061.433636	-00000034.757477	000000001.478535
000000009.322410	-00000005.328197	-00000000.224922
000000013.265755	-00000007.582003	-00000000.106674
000000019.078075	-00000011.014732	000000000.153797
000000020.472342	-00000011.819712	000000000.165037
000000071.379478	-00000041.210960	000000001.726493
000000008.550096	-00000004.986269	-00000000.207330
000000010.933759	-00000006.376379	-00000000.265131
000000013.933327	-00000008.125676	-00000000.112608
000000019.394800	-00000011.424410	000000000.157148
000000071.422012	-00000042.070778	000000001.736336
000000009.228001	-00000005.490083	-00000000.224922
000000013.475164	-00000008.016880	-00000000.109466
000000020.117226	-00000012.087648	000000000.163850
000000035.511578	-00000021.337507	000000000.289234
000000009.495988	-00000005.762307	-00000000.232670
000000011.282362	-00000006.846305	-00000000.276440
000000013.481632	-00000008.180855	-00000000.110094
000000018.297211	-00000011.212545	000000000.149818
000000020.087711	-00000012.309766	000000000.164478
000000035.426334	-00000021.709286	000000000.290071
000000035.683689	-00000021.866993	000000000.876650
000000008.620681	-00000005.334639	-00000000.212356
000000011.128670	-00000006.886630	-00000000.274136
000000013.188642	-00000008.161379	-00000000.108279
000000016.079769	-00000009.950462	-00000000.132016
000000018.147787	-00000011.339995	000000000.149399
000000020.047367	-00000012.526986	000000000.165037
000000035.150738	-00000021.964619	000000000.289373
000000041.290886	-00000025.801409	000000001.019896
000000009.689916	-00000006.113881	-00000000.240000
000000013.032348	-00000008.222799	-00000000.107581
000000017.643320	-00000011.240034	000000000.146048
000000020.038492	-00000012.765927	000000000.165875
000000071.579796	-00000045.601360	000000001.777802
000000009.434388	-00000006.068402	-00000000.234974
000000012.985326	-00000008.352442	-00000000.107791
000000017.360058	-00000011.273754	000000000.144512
000000018.265800	-00000011.861950	000000000.152052
000000020.060511	-00000013.027449	000000000.166992
000000071.070129	-00000046.153481	000000001.775080
000000009.422878	-00000006.177910	-00000000.236021
000000012.920306	-00000008.470923	-00000000.107860
000000017.352741	-00000011.485528	000000000.145280
000000020.104498	-00000013.306877	000000000.168318
000000024.949255	-00000016.513552	000000000.208879
000000024.986076	-00000016.537924	000000000.627644
000000009.069344	-00000006.059942	-00000000.228482
000000012.305450	-00000008.222239	-00000000.103323
000000016.969984	-00000011.446400	000000000.142906
000000024.563784	-00000016.568481	000000000.206855
000000032.093296	-00000021.647202	000000000.810890
000000070.079758	-00000047.269394	000000001.770682
000000009.388000	-00000006.392062	-00000000.237906
000000012.010056	-00000008.177356	-00000000.101438
000000013.134192	-00000008.942753	-00000000.110932
000000014.316185	-00000009.747543	-00000000.120915
000000016.902416	-00000011.616709	000000000.143186
000000024.047417	-00000016.527332	000000000.203713
000000031.820772	-00000021.869810	000000000.808796
000000009.479726	-00000006.576320	-00000000.241676
000000011.962888	-00000008.298951	-00000000.101647
000000014.583878	-00000010.117196	-00000000.123917
000000016.734869	-00000011.717881	000000000.142627
000000031.669661	-00000022.175335	000000000.809843
000000008.556526	-00000006.047155	-00000000.219477
000000010.026158	-00000007.085788	-00000000.257173
000000011.383705	-00000008.045208	-00000000.097319
000000013.637582	-00000009.638090	-00000000.116587
000000016.615692	-00000011.851858	000000000.142488
000000024.089090	-00000017.182581	000000000.206575
000000027.443165	-00000019.575020	000000000.235338
000000031.434244	-00000022.421829	000000000.808796
000000008.754963	-00000006.302671	-00000000.225969
000000011.175102	-00000008.044922	-00000000.096132
000000013.009214	-00000009.365294	-00000000.111910
000000016.543995	-00000012.019916	000000000.142767
000000018.170078	-00000013.201335	000000000.156799
000000027.344107	-00000019.866657	000000000.235967
000000027.621872	-00000020.068464	000000000.715184
000000009.336580	-00000006.845864	-00000000.242513
000000011.064151	-00000008.112571	-00000000.095783
000000013.862445	-00000010.164366	-00000000.120008
000000014.653954	-00000010.843355	000000000.127268
000000016.583162	-00000012.270895	000000000.144023
000000018.062223	-00000013.365342	000000000.156869
000000036.639797	-00000027.112024	000000000.954765
000000009.148312	-00000006.831368	-00000000.239162
000000010.904799	-00000008.142999	-00000000.095015
000000013.068130	-00000009.758436	-00000000.113864
000000014.486895	-00000010.916658	000000000.126640
000000009.096308	-00000006.916993	-00000000.239372
000000010.801484	-00000008.213639	-00000000.094736
000000013.762540	-00000010.465279	-00000000.120706
000000014.533878	-00000011.152237	000000000.127897
000000066.809502	-00000051.264732	000000001.763980
000000008.679867	-00000006.720671	-00000000.229948
000000010.729396	-00000008.307586	-00000000.094736
000000013.654877	-00000010.572735	-00000000.120566
000000014.254767	-00000011.137045	000000000.126291
000000066.257172	-00000051.765774	000000001.761258
000000008.848581	-00000006.975659	-00000000.236021
000000010.625079	-00000008.376137	-00000000.094456
000000013.624917	-00000010.741018	-00000000.121125
000000014.172688	-00000011.273466	000000000.126431
000000014.302940	-00000011.377072	000000000.382827
000000008.475485	-00000006.802296	-00000000.227644
000000010.582774	-00000008.493574	-00000000.094736
000000010.778751	-00000008.728461	000000000.096830
000000010.807730	-00000008.751926	000000000.291309
000000008.795171	-00000007.185956	-00000000.237906
000000010.415327	-00000008.509679	-00000000.093898
000000010.632728	-00000008.764944	000000000.096202
000000010.676942	-00000008.801392	000000000.289843
000000008.539959	-00000007.102609	-00000000.232670
000000010.263788	-00000008.536303	-00000000.093200
000000010.693720	-00000008.973097	000000000.097458
000000010.653341	-00000008.939215	000000000.291309
000000008.927861	-00000007.557992	-00000000.245026
000000010.318652	-00000008.735384	-00000000.094387
000000013.656558	-00000011.663802	000000000.125383
000000063.852489	-00000054.535175	000000001.758954
000000008.498015	-00000007.322358	-00000000.234974
000000010.332934	-00000008.903426	-00000000.095224
000000013.637270	-00000011.854697	000000000.126151
000000019.780455	-00000017.194887	000000000.182979
000000063.404335	-00000055.116550	000000001.759791
000000008.441309	-00000007.402829	-00000000.235183
000000010.232290	-00000008.973477	-00000000.095015
000000013.465896	-00000011.913618	000000000.125523
000000016.072197	-00000014.219480	000000000.149818
000000019.786928	-00000017.505995	000000000.184445
000000062.898483	-00000055.647877	000000001.759163
000000007.921391	-00000007.070112	-00000000.222409
000000010.071529	-00000008.989183	-00000000.094247
000000012.884097	-00000011.499496	-00000000.120566
000000013.487750	-00000012.144424	000000000.126710
000000015.598229	-00000014.044709	000000000.146537
000000034.192024	-00000030.786638	000000000.963770
000000008.407034	-00000007.636412	-00000000.237906
000000010.081525	-00000009.157413	-00000000.095085
000000012.186898	-00000011.167234	000000000.115400
000000061.925087	-00000056.743889	000000001.759373
000000008.149193	-00000007.533036	-00000000.232461
000000009.986543	-00000009.231465	-00000000.094945
000000027.834644	-00000025.956226	000000000.265707
000000027.778034	-00000025.903437	000000000.795603
000000008.199658	-00000007.713469	-00000000.235812
000000010.080409	-00000009.482701	-00000000.096621
000000015.043898	-00000014.276126	000000000.144791
000000060.997856	-00000057.884808	000000001.761467
000000007.929816	-00000007.591148	-00000000.229948
000000009.997273	-00000009.570308	-00000000.096621
000000015.012257	-00000014.497168	000000000.145699
000000017.997444	-00000017.379929	000000000.174671
000000021.910555	-00000021.158777	000000000.212649
000000021.913477	-00000021.161598	000000000.638116
000000008.142567	-00000007.932137	-00000000.238115
000000009.906215	-00000009.650207	-00000000.096551
000000014.842380	-00000014.585566	000000000.145280
000000016.197523	-00000015.917261	000000000.158544
000000017.966341	-00000017.655474	000000000.175858
000000060.013996	-00000058.975590	000000001.762514
000000007.952332	-00000007.883235	-00000000.234555
000000009.828726	-00000009.743326	-00000000.096621
000000014.735746	-00000014.735746	000000000.145489
000000018.136847	-00000018.136847	000000000.179069
000000059.546543	-00000059.546543	000000001.763980
000000007.925467	-00000007.994934	-00000000.235812
000000009.827806	-00000009.913946	-00000000.097458
000000013.450121	-00000013.686943	000000000.133970
000000014.543512	-00000014.799586	000000000.144861
000000017.907795	-00000018.223104	000000000.178371
000000028.976240	-00000029.486437	000000000.865969
000000059.045662	-00000060.085304	000000001.764608
000000007.813539	-00000008.020823	-00000000.234555
000000009.629273	-00000009.884727	-00000000.096341
000000014.191525	-00000014.695754	000000000.142627
000000016.442163	-00000017.026358	000000000.165246
000000017.664732	-00000018.292366	000000000.177533
000000018.446079	-00000019.101475	000000000.556231
000000007.812384	-00000008.160923	-00000000.236649
000000009.743181	-00000010.177860	-00000000.098366
000000012.727365	-00000013.411845	000000000.129083
000000014.117808	-00000014.877066	000000000.143186
000000017.504431	-00000018.445822	000000000.177533
000000018.299334	-00000019.283474	000000000.556859
000000007.597013	-00000008.075863	-00000000.232251
000000009.482701	-00000010.080409	-00000000.096621
000000011.270986	-00000011.981411	-00000000.114842
000000014.028364	-00000015.043579	000000000.143605
000000017.431454	-00000018.692945	000000000.178441
000000018.300821	-00000019.625229	000000000.562095
000000057.616222	-00000061.785835	000000001.769634
000000007.526249	-00000008.141850	-00000000.232251
000000009.251829	-00000010.008572	-00000000.095155
000000010.079946	-00000010.904424	-00000000.103672
000000013.842505	-00000015.106444	000000000.143046
000000016.125946	-00000017.598381	000000000.166643
000000057.176170	-00000062.396839	000000001.772776
000000007.367524	-00000008.111012	-00000000.229529
000000009.466694	-00000010.422017	-00000000.098296
000000011.080335	-00000012.198497	-00000000.115051
000000013.569638	-00000015.070610	000000000.141580
000000015.837935	-00000017.589809	000000000.165246
000000032.706619	-00000036.324383	000000001.023875
000000034.733639	-00000038.575615	000000001.087330
000000007.682589	-00000008.607614	-00000000.241676
000000009.621756	-00000010.780266	-00000000.100879
000000013.391224	-00000015.136025	000000000.141091
000000029.261507	-00000033.074116	000000000.925027
000000034.382439	-00000038.862278	000000001.086912
000000006.789773	-00000007.742252	-00000000.215707
000000009.336109	-00000010.645792	-00000000.098855
000000013.376718	-00000015.388153	000000000.142348
000000031.490484	-00000036.225658	000000001.005446
000000006.708899	-00000007.786060	-00000000.215288
000000009.353819	-00000010.855641	-00000000.100041
000000013.053588	-00000015.283788	000000000.140323
000000055.171497	-00000064.597527	000000001.779477
000000006.705296	-00000007.920616	-00000000.217382
000000009.252270	-00000010.929222	-00000000.099972
000000013.003276	-00000015.496701	000000000.141231
000000014.108845	-00000016.814266	000000000.153239
000000010.997525	-00000013.341064	000000000.120706
000000012.994761	-00000015.763906	000000000.142627
000000019.132767	-00000023.209902	000000000.209996
000000012.573515	-00000015.526998	000000000.139486
000000018.835100	-00000023.259413	000000000.208949
000000019.095686	-00000023.581207	000000000.635602
000000005.895070	-00000007.411119	000000000.066113
000000011.827490	-00000014.869193	000000000.132644
000000012.649189	-00000015.902210	000000000.141859
000000011.863508	-00000015.184598	000000000.134529
000000012.614596	-00000016.145947	000000000.143046
000000024.356382	-00000031.174747	000000000.828692
000000011.712284	-00000015.263746	000000000.134319
000000011.548550	-00000015.325442	000000000.133970
000000021.123192	-00000028.031422	000000000.245042
000000021.143141	-00000028.057896	000000000.735917
000000011.836685	-00000015.996362	000000000.138927
000000028.842579	-00000038.978508	000000001.015707
000000011.726030	-00000016.139496	000000000.139276
000000013.471709	-00000018.542217	000000000.160010
000000020.965788	-00000028.856932	000000000.249022
000000011.462797	-00000016.070248	000000000.137810
000000025.075060	-00000035.153938	000000000.904503
000000013.157523	-00000018.790890	000000000.160150
000000025.080631	-00000036.492546	000000000.927540
000000012.385820	-00000018.362734	000000000.154635
000000011.038470	-00000016.677311	000000000.139625
000000012.672164	-00000019.145552	000000000.160290
000000012.818684	-00000019.366919	000000000.486492
000000011.088581	-00000017.074917	000000000.142138
000000012.373897	-00000019.054131	000000000.158614
000000012.692751	-00000019.545122	000000000.488168
000000012.207150	-00000019.161386	000000000.158614
000000011.944090	-00000019.114538	000000000.157358
000000019.871487	-00000032.427319	000000000.796650
000000006.639838	-00000011.500537	000000000.092711
000000006.713528	-00000011.628171	000000000.281257
