000000013.225133	000000014.559736	-00000000.137321
000000013.229504	000000014.311597	-00000000.136065
000000013.210007	000000014.042650	-00000000.134599
000000007.584235	000000007.922595	-00000000.229738
000000013.179917	000000013.767921	-00000000.133063
000000013.173963	000000013.523451	-00000000.131806
000000007.130105	000000007.192600	-00000000.212147
000000013.164755	000000013.280144	-00000000.130550
000000013.131007	000000013.016915	-00000000.129083
000000007.147125	000000006.962421	-00000000.209005
000000013.115169	000000012.776232	-00000000.127827
000000013.060022	000000012.502252	-00000000.126221
000000007.209291	000000006.781824	-00000000.207330
000000013.081223	000000012.305586	-00000000.125383
000000013.011877	000000012.028055	-00000000.123708
000000007.267348	000000006.601194	-00000000.205655
000000013.057129	000000011.860261	-00000000.123149
000000013.055686	000000011.652645	-00000000.122172
000000007.170979	000000006.288780	-00000000.199791
000000013.014030	000000011.412997	-00000000.120846
000000013.044950	000000011.240249	-00000000.120217
000000007.188073	000000006.085153	-00000000.197278
000000012.997533	000000011.003223	-00000000.118891
000000013.093058	000000010.889381	-00000000.118891
000000007.293179	000000005.958777	-00000000.197278
000000012.970760	000000010.597556	-00000000.116936
000000012.953566	000000010.396336	-00000000.115959
000000007.333251	000000005.781069	-00000000.195602
000000012.957414	000000010.214801	-00000000.115191
000000007.264843	000000005.625042	-00000000.192461
000000012.982806	000000010.052362	-00000000.114632
000000007.353445	000000005.591690	-00000000.193508
000000012.942677	000000009.841841	-00000000.113515
000000007.466047	000000005.575162	-00000000.195183
000000012.947946	000000009.668690	-00000000.112817
000000007.328974	000000005.373826	-00000000.190367
000000012.951184	000000009.496202	-00000000.112119
000000007.545983	000000005.432330	-00000000.194765
000000013.017330	000000009.371137	-00000000.111979
000000007.486961	000000005.291261	-00000000.192042
000000012.878124	000000009.101358	-00000000.110094
000000007.549279	000000005.237121	-00000000.192461
000000013.006354	000000009.022829	-00000000.110513
000000007.553374	000000005.142909	-00000000.191414
000000013.043268	000000008.880845	-00000000.110164
000000013.604175	000000009.176132	000000000.114562
000000007.830726	000000005.232324	-00000000.197278
000000013.070384	000000008.733352	-00000000.109745
000000013.658716	000000009.040507	000000000.114353
000000013.839469	000000009.160145	000000000.347644
000000007.575091	000000004.966447	-00000000.189738
000000013.062471	000000008.564132	-00000000.109047
000000013.720317	000000008.910078	000000000.114213
000000007.735862	000000004.975873	-00000000.192670
000000013.153530	000000008.460635	-00000000.109187
000000016.546938	000000010.541562	000000000.136972
000000024.022953	000000015.304309	000000000.596650
000000007.559148	000000004.769467	-00000000.187225
000000013.167661	000000008.308175	-00000000.108698
000000014.068775	000000008.791146	000000000.115819
000000016.511093	000000010.317276	000000000.135925
000000024.537130	000000015.332500	000000000.606074
000000007.813023	000000004.834845	-00000000.192461
000000013.163132	000000008.145593	-00000000.108070
000000016.336187	000000010.010828	000000000.133761
000000024.849009	000000015.227492	000000000.610472
000000007.641235	000000004.636816	-00000000.187225
000000013.242262	000000008.035602	-00000000.108140
000000016.337210	000000009.816386	000000000.133063
000000025.323738	000000015.216037	000000000.618849
000000007.758738	000000004.615964	-00000000.189110
000000013.234536	000000007.873722	-00000000.107511
000000016.327475	000000009.617618	000000000.132295
000000025.834591	000000015.217737	000000000.628063
000000007.686450	000000004.482605	-00000000.186388
000000013.250914	000000007.727705	-00000000.107093
000000014.563912	000000008.493423	-00000000.117704
000000016.480062	000000009.514769	000000000.132853
000000026.278107	000000015.171672	000000000.635602
000000007.855476	000000004.489775	-00000000.189529
000000013.274436	000000007.586966	-00000000.106743
000000016.388399	000000009.272110	000000000.131457
000000026.827181	000000015.178089	000000000.645655
000000007.728619	000000004.328235	-00000000.185550
000000013.348864	000000007.475723	-00000000.106813
000000016.424959	000000009.104503	000000000.131108
000000027.290894	000000015.127589	000000000.653613
000000007.801157	000000004.279861	-00000000.186388
000000013.317155	000000007.306041	-00000000.106045
000000016.600451	000000009.013309	000000000.131876
000000027.729385	000000015.055827	000000000.660943
000000007.811787	000000004.197424	-00000000.185759
000000013.635856	000000007.326810	-00000000.108070
000000016.563694	000000008.807072	000000000.130968
000000028.415848	000000015.108974	000000000.674136
000000007.892358	000000004.152370	-00000000.186806
000000013.407236	000000007.053888	-00000000.105766
000000016.631048	000000008.657576	000000000.130899
000000028.564352	000000014.869660	000000000.674555
000000007.848300	000000004.042140	-00000000.184922
000000013.690530	000000007.051086	-00000000.107511
000000016.616867	000000008.466717	000000000.130201
000000029.084984	000000014.819540	000000000.683770
000000007.936842	000000004.000498	-00000000.186178
000000013.447935	000000006.778317	-00000000.105138
000000016.591679	000000008.272306	000000000.129433
000000029.025303	000000014.471482	000000000.679372
000000007.801081	000000003.847068	-00000000.182199
000000013.533480	000000006.673974	-00000000.105347
000000015.210590	000000007.501033	-00000000.118402
000000016.627285	000000008.109669	000000000.129153
000000029.348175	000000014.314061	000000000.683979
000000008.068486	000000003.891776	-00000000.187644
000000013.465111	000000006.494798	-00000000.104370
000000015.581699	000000007.515719	-00000000.120776
000000016.724499	000000007.977177	000000000.129363
000000029.571234	000000014.104754	000000000.686283
000000007.876077	000000003.714599	-00000000.182408
000000013.747383	000000006.483687	-00000000.106115
000000016.720972	000000007.797117	000000000.128804
000000029.838171	000000013.913767	000000000.689634
000000008.098861	000000003.733626	-00000000.186806
000000013.694466	000000006.313235	-00000000.105277
000000015.646925	000000007.213331	-00000000.120287
000000015.801306	000000007.284502	-00000000.121474
000000016.724680	000000007.621876	000000000.128316
000000030.295063	000000013.806256	000000000.697383
000000007.830318	000000003.527301	-00000000.179895
000000013.831093	000000006.230453	-00000000.105906
000000016.708340	000000007.439032	000000000.127687
000000030.666973	000000013.653816	000000000.234361
000000030.840542	000000013.731093	000000000.235687
000000030.487461	000000013.573892	000000000.699058
000000008.162787	000000003.591713	-00000000.186806
000000013.701880	000000006.028971	-00000000.104509
000000016.699257	000000007.261043	000000000.127129
000000030.922514	000000013.445492	000000000.235408
000000030.953157	000000013.458816	000000000.707016
000000007.890686	000000003.390106	-00000000.179895
000000013.965286	000000005.999960	-00000000.106115
000000016.614708	000000007.052525	000000000.126012
000000031.152254	000000013.223348	000000000.708901
000000008.141249	000000003.413909	-00000000.184922
000000014.054000	000000005.893332	-00000000.106394
000000016.601709	000000006.876654	000000000.125453
000000020.943838	000000008.675222	000000000.158265
000000031.284937	000000012.958645	000000000.709320
000000007.911636	000000003.236736	-00000000.179058
000000013.993832	000000005.725028	-00000000.105557
000000016.522013	000000006.675327	000000000.124406
000000021.037289	000000008.499617	000000000.158405
000000031.693462	000000012.804990	000000000.716021
000000008.069585	000000003.219438	-00000000.181990
000000014.108273	000000005.628630	-00000000.106045
000000016.644764	000000006.556547	000000000.124895
000000021.408386	000000008.432988	000000000.160639
000000032.166786	000000012.670834	000000000.724189
000000007.966920	000000003.098166	-00000000.179058
000000014.166174	000000005.508924	-00000000.106115
000000016.337259	000000006.271286	000000000.122172
000000021.453156	000000008.235095	000000000.160429
000000032.434803	000000012.450555	000000000.727749
000000008.171289	000000003.095824	-00000000.183037
000000014.335274	000000005.431149	-00000000.107023
000000016.897156	000000006.317587	000000000.125942
000000021.777098	000000008.142123	000000000.162314
000000032.885761	000000012.295482	000000000.245112
000000032.692055	000000012.223059	000000000.731100
000000007.944738	000000002.930969	-00000000.177382
000000014.335214	000000005.288540	-00000000.106674
000000016.369047	000000005.957846	000000000.121614
000000022.119825	000000008.050959	000000000.164339
000000033.442844	000000012.172200	000000000.248463
000000033.022953	000000012.019372	000000000.736126
000000008.242894	000000002.959501	-00000000.183456
000000014.531404	000000005.217307	-00000000.107791
000000016.806889	000000005.951631	000000000.124476
000000022.198666	000000007.860960	000000000.164409
000000033.660908	000000011.919952	000000000.249301
000000033.428162	000000011.837533	000000000.742828
000000007.994680	000000002.791867	-00000000.177382
000000014.538616	000000005.077112	-00000000.107511
000000016.546171	000000005.697304	000000000.122172
000000034.056751	000000011.726679	000000000.251465
000000034.182453	000000011.769962	000000000.757278
000000008.255420	000000002.802337	-00000000.182618
000000014.695998	000000004.988619	-00000000.108349
000000016.718538	000000005.593945	000000000.123080
000000022.711800	000000007.599262	000000000.167201
000000034.432793	000000011.521051	000000000.253490
000000034.340752	000000011.490254	000000000.758534
000000008.032693	000000002.648785	-00000000.177173
000000014.738972	000000004.860184	-00000000.108349
000000016.766718	000000005.447836	000000000.123080
000000022.558510	000000007.329704	000000000.165595
000000034.798309	000000011.306656	000000000.255444
000000034.620373	000000011.248841	000000000.762514
000000008.322113	000000002.663929	-00000000.183037
000000014.961774	000000004.789301	-00000000.109676
000000016.994822	000000005.358447	000000000.124406
000000035.477406	000000011.185984	000000000.259703
000000035.699329	000000011.255956	000000000.784084
000000008.087245	000000002.511156	-00000000.177382
000000015.041198	000000004.670416	-00000000.109955
000000016.754051	000000005.122228	000000000.122312
000000021.640648	000000006.616210	000000000.157986
000000035.870117	000000010.966595	000000000.261867
000000036.255123	000000011.084303	000000000.794137
000000008.281176	000000002.492351	-00000000.181152
000000015.167561	000000004.564918	-00000000.110583
000000016.759760	000000004.964467	000000000.122032
000000036.654785	000000010.857642	000000000.266894
000000036.494263	000000010.810093	000000000.797278
000000008.120240	000000002.366834	-00000000.177173
000000015.264421	000000004.449173	-00000000.111002
000000016.792831	000000004.815267	000000000.121963
000000037.296043	000000010.694468	000000000.270873
000000037.125397	000000010.645536	000000000.809006
000000008.400391	000000002.369155	-00000000.182827
000000015.447029	000000004.356513	-00000000.112049
000000016.901667	000000004.687247	000000000.122451
000000037.573345	000000010.420011	000000000.816754
000000008.169957	000000002.227386	-00000000.177382
000000015.436221	000000004.208397	-00000000.111700
000000016.999880	000000004.555104	000000000.122870
000000017.112452	000000004.585268	000000000.371100
000000008.479134	000000002.232369	-00000000.183665
000000015.607740	000000004.109175	-00000000.112678
000000017.038984	000000004.406581	000000000.122870
000000039.567230	000000010.232781	000000000.285324
000000039.211060	000000010.140669	000000000.848377
000000008.159135	000000002.072156	-00000000.176335
000000015.691466	000000003.985125	-00000000.113027
000000017.222330	000000004.294009	000000000.123917
000000023.043962	000000005.745505	000000000.165805
000000040.625290	000000010.129023	000000000.292305
000000039.967419	000000009.964996	000000000.862828
000000008.565358	000000002.095930	-00000000.184712
000000015.929622	000000003.897954	-00000000.114493
000000020.574846	000000004.939583	000000000.147723
000000042.988770	000000010.320690	000000000.926074
000000008.194056	000000001.929444	-00000000.176335
000000015.807294	000000003.722124	-00000000.113376
000000020.578196	000000004.750851	000000000.147444
000000020.681339	000000004.774663	000000000.444608
000000044.655327	000000010.309495	000000000.960001
000000008.415359	000000001.904201	-00000000.180733
000000016.736465	000000003.787076	-00000000.119798
000000020.618870	000000004.571094	000000000.147444
000000020.702696	000000004.589677	000000000.444189
000000045.592785	000000010.107677	000000000.978220
000000008.187401	000000001.777659	-00000000.175497
000000014.081557	000000003.057406	-00000000.100600
000000017.101128	000000003.713019	-00000000.122172
000000020.765568	000000004.413857	000000000.148212
000000023.866219	000000005.072922	000000000.170343
000000048.231659	000000010.251956	000000001.032880
000000008.349426	000000001.736683	-00000000.178639
000000009.455505	000000001.966748	-00000000.202304
000000017.690920	000000003.679717	-00000000.126151
000000020.989475	000000004.270357	000000000.149539
000000023.938978	000000004.870440	000000000.170552
000000048.907112	000000009.950264	000000001.045446
000000049.974995	000000010.167527	000000001.068273
000000008.177956	000000001.626696	-00000000.174660
000000015.221417	000000003.027728	-00000000.108349
000000018.418699	000000003.663707	-00000000.131108
000000023.931486	000000004.651810	000000000.170203
000000024.407715	000000004.744379	000000000.520838
000000008.378464	000000001.590701	-00000000.178639
000000019.609232	000000003.722929	-00000000.139346
000000023.735195	000000004.399058	000000000.168528
000000028.120405	000000005.211809	000000000.199664
000000008.165747	000000001.476608	-00000000.173822
000000020.615150	000000003.727827	-00000000.146257
000000024.304462	000000004.285532	000000000.172298
000000028.007250	000000004.938434	000000000.198547
000000008.454216	000000001.452700	-00000000.179686
000000021.730980	000000003.734066	-00000000.153937
000000024.469149	000000004.094731	000000000.173205
000000028.098591	000000004.702092	000000000.198896
000000028.319910	000000004.739128	000000000.601466
000000008.279083	000000001.348334	-00000000.175707
000000015.041458	000000002.449657	-00000000.106394
000000022.799061	000000003.713063	-00000000.161267
000000025.708902	000000004.071890	000000000.181722
000000028.128677	000000004.455145	000000000.198826
000000032.108963	000000005.085560	000000000.226961
000000008.596859	000000001.323183	-00000000.182199
000000024.550303	000000003.778653	-00000000.173415
000000027.404961	000000004.095699	000000000.193451
000000031.993881	000000004.781518	000000000.225844
000000032.432606	000000004.847085	000000000.686911
000000008.182623	000000001.186424	-00000000.173194
000000029.608294	000000004.161174	000000000.208740
000000032.004684	000000004.497965	000000000.225634
000000032.641979	000000004.587531	000000000.690472
000000008.846492	000000001.203955	-00000000.187016
000000029.425367	000000003.873923	000000000.207204
000000031.854347	000000004.193705	000000000.224308
000000036.097626	000000004.752343	000000000.254188
000000036.318573	000000004.781431	000000000.767330
000000008.311178	000000001.057315	-00000000.175497
000000035.651386	000000004.377440	000000000.250767
000000040.058186	000000004.918527	000000000.281764
000000040.298458	000000004.948029	000000000.850472
000000008.876084	000000001.050554	-00000000.187225
000000035.916748	000000004.092196	000000000.252373
000000039.861130	000000004.541602	000000000.280088
000000044.442657	000000005.063601	000000000.936964
000000008.407872	000000000.920812	-00000000.177173
000000039.640678	000000004.166403	000000000.278273
000000044.145752	000000004.639905	000000000.309898
000000008.773698	000000000.883465	-00000000.184712
000000048.842899	000000004.703036	000000000.342570
000000052.226936	000000005.028882	000000001.099058
000000008.343016	000000000.766615	-00000000.175497
000000056.521648	000000004.945004	000000001.188482
000000008.897379	000000000.739315	-00000000.187016
000000008.325213	000000000.618670	-00000000.174869
000000014.060885	000000001.044904	-00000000.098436
000000072.586784	000000005.075763	000000001.524189
000000008.440035	000000000.553189	-00000000.177173
000000009.746944	000000000.638848	-00000000.204607
000000084.902687	000000005.192871	000000001.781781
000000008.564322	000000000.486317	-00000000.179686
000000013.737535	000000000.780074	-00000000.096062
000000015.205134	000000000.863410	-00000000.106325
000000100.360222	000000005.259656	000000002.105132
000000008.598198	000000000.413001	-00000000.180314
000000009.726649	000000000.467204	-00000000.203979
000000008.691386	000000000.341485	-00000000.182199
000000014.018842	000000000.550802	-00000000.097947
000000008.544138	000000000.261047	-00000000.179058
000000009.863233	000000000.301349	-00000000.206702
000000008.736004	000000000.190620	-00000000.183037
000000013.766388	000000000.300384	-00000000.096132
000000009.257176	000000000.121183	-00000000.193927
000000008.957950	000000000.039087	-00000000.187644
000000014.669503	000000000.064008	-00000000.102415
000000115.874580	000000000.000000	000000002.427227
000000009.957721	-00000000.043449	-00000000.208586
000000009.017250	-00000000.118042	-00000000.188901
000000014.508404	-00000000.189925	-00000000.101298
000000009.625597	-00000000.210031	-00000000.201676
000000009.193692	-00000000.280893	-00000000.192670
000000014.462899	-00000000.441882	-00000000.101019
000000085.688965	-00000002.992325	000000001.796022
000000009.590495	-00000000.376812	-00000000.201047
000000080.036171	-00000003.494455	000000001.678116
000000009.287252	-00000000.446099	-00000000.194765
000000014.602807	-00000000.701423	-00000000.102066
000000062.879894	-00000003.295396	000000001.318954
000000009.452696	-00000000.536763	-00000000.198325
000000050.564396	-00000003.092651	000000001.061152
000000009.357864	-00000000.613347	-00000000.196440
000000014.827822	-00000000.971867	-00000000.103742
000000041.098637	-00000002.873897	000000000.287628
000000050.126572	-00000003.505191	000000001.052566
000000009.511681	-00000000.706840	-00000000.199791
000000036.247032	-00000002.852703	000000000.253839
000000039.347370	-00000003.096705	000000000.275550
000000041.731773	-00000003.284362	000000000.876859
000000009.515114	-00000000.790645	-00000000.200000
000000032.893547	-00000002.877813	000000000.230521
000000041.412693	-00000003.623141	000000000.870786
000000009.637278	-00000000.885541	-00000000.202723
000000030.328983	-00000002.920349	000000000.212719
000000033.315102	-00000003.207879	000000000.233663
000000041.309834	-00000003.977684	000000000.869320
000000009.499866	-00000000.956586	-00000000.200000
000000015.312193	-00000001.541857	-00000000.107442
000000028.194010	-00000002.963310	000000000.197919
000000041.462467	-00000004.357881	000000000.873299
000000009.670047	-00000001.059042	-00000000.203770
000000026.309141	-00000002.997548	000000000.184864
000000033.263973	-00000003.789951	000000000.233733
000000026.254345	-00000002.991305	000000000.553508
000000033.297226	-00000003.793740	000000000.701990
000000009.670365	-00000001.144563	-00000000.203979
000000015.501421	-00000001.834714	-00000000.108977
000000024.220348	-00000002.866667	-00000000.170273
000000024.237387	-00000002.975977	000000000.170482
000000025.894897	-00000003.179494	000000000.182141
000000025.929543	-00000003.183748	000000000.547225
000000010.046806	-00000001.278115	-00000000.212147
000000017.181107	-00000002.185713	-00000000.120915
000000022.914757	-00000002.915125	-00000000.161267
000000023.952724	-00000003.153436	000000000.168667
000000026.123936	-00000003.439281	000000000.183956
000000025.643055	-00000003.375972	000000000.541780
000000009.738075	-00000001.325294	-00000000.205864
000000015.060795	-00000002.049684	-00000000.106115
000000017.577532	-00000002.392197	-00000000.123848
000000021.521082	-00000002.928891	-00000000.151633
000000022.379513	-00000003.145236	000000000.157776
000000025.795855	-00000003.625371	000000000.181862
000000025.563114	-00000003.592661	000000000.540733
000000009.933921	-00000001.440350	-00000000.210262
000000020.267567	-00000002.938657	-00000000.142976
000000020.996294	-00000003.137917	000000000.148212
000000025.614885	-00000003.828170	000000000.180815
000000025.501125	-00000003.811169	000000000.540105
000000009.792514	-00000001.507212	-00000000.207539
000000014.943662	-00000002.300050	-00000000.105557
000000019.341763	-00000002.976982	-00000000.136623
000000020.573048	-00000003.258451	000000000.145420
000000025.708902	-00000004.071890	000000000.181722
000000025.466896	-00000004.033560	000000000.540105
000000010.163834	-00000001.655285	-00000000.215707
000000017.785242	-00000002.896511	-00000000.125802
000000019.084162	-00000003.193594	000000000.135087
000000020.829845	-00000003.485721	000000000.147444
000000019.248074	-00000003.221023	000000000.408796
000000009.922373	-00000001.704975	-00000000.210890
000000015.295458	-00000002.628240	-00000000.108349
000000019.567654	-00000003.450305	000000000.138718
000000018.953392	-00000003.341994	000000000.403142
000000010.172750	-00000001.839533	-00000000.216545
000000016.423239	-00000002.969805	-00000000.116517
000000018.661722	-00000003.458746	000000000.132504
000000018.854692	-00000003.494511	000000000.401676
000000009.969685	-00000001.892804	-00000000.212566
000000015.011476	-00000002.850018	-00000000.106674
000000018.758438	-00000003.646271	000000000.133412
000000018.637012	-00000003.622668	000000000.397697
000000010.266570	-00000002.042148	-00000000.219267
000000015.348915	-00000003.053089	-00000000.109257
000000015.678413	-00000003.189809	000000000.111700
000000018.627914	-00000003.789892	000000000.132714
000000018.712458	-00000003.807092	000000000.400000
000000009.944921	-00000002.068546	-00000000.212775
000000014.411199	-00000002.997534	-00000000.102764
000000015.640199	-00000003.324427	000000000.111630
000000018.662601	-00000003.966858	000000000.133202
000000018.570950	-00000003.947377	000000000.397697
000000010.209826	-00000002.216770	-00000000.218848
000000014.071785	-00000003.055284	-00000000.100530
000000015.063881	-00000003.339582	000000000.107721
000000018.724901	-00000004.151211	000000000.133901
000000018.408905	-00000004.081156	000000000.394974
000000010.014569	-00000002.266066	-00000000.215079
000000013.576434	-00000003.072033	-00000000.097179
000000014.527503	-00000003.353938	000000000.104091
000000014.729244	-00000003.400514	000000000.316649
000000018.304399	-00000004.225904	000000000.393508
000000010.315557	-00000002.428991	-00000000.221990
000000012.320278	-00000002.901041	-00000000.265131
000000013.325237	-00000003.137677	-00000000.095573
000000014.604641	-00000003.506264	000000000.104859
000000018.490419	-00000004.439157	000000000.398325
000000010.022052	-00000002.452380	-00000000.216126
000000012.394023	-00000003.032798	-00000000.089081
000000013.447970	-00000003.352956	000000000.096760
000000015.213866	-00000003.793243	000000000.109466
000000019.027037	-00000004.743973	000000000.136903
000000012.096934	-00000003.016104	000000000.261152
000000018.567387	-00000004.629369	000000000.400838
000000010.378186	-00000002.635724	-00000000.224293
000000012.056938	-00000003.062072	-00000000.086847
000000011.985375	-00000003.099629	000000000.086428
000000018.607344	-00000004.812186	000000000.134180
000000011.828170	-00000003.058973	000000000.255916
000000010.045404	-00000002.644734	-00000000.217592
000000011.671960	-00000003.072971	-00000000.084264
000000011.938552	-00000003.198925	000000000.086288
000000014.305014	-00000003.833017	000000000.103392
000000011.733424	-00000003.143962	000000000.254450
000000010.070170	-00000002.745444	-00000000.218639
000000011.625404	-00000003.169449	-00000000.084124
000000011.582556	-00000003.212127	000000000.083915
000000011.561029	-00000003.206157	000000000.251309
000000009.920737	-00000002.797937	-00000000.215916
000000011.279700	-00000003.181205	-00000000.081820
000000011.563696	-00000003.315836	000000000.083985
000000011.628716	-00000003.334481	000000000.253403
000000009.895944	-00000002.884404	-00000000.215916
000000011.049905	-00000003.220753	-00000000.080354
000000011.534320	-00000003.416621	000000000.083985
000000011.369108	-00000003.367683	000000000.248377
000000009.669350	-00000002.910144	-00000000.211518
000000010.762839	-00000003.239247	-00000000.078469
000000011.379749	-00000003.479138	000000000.083077
000000011.473141	-00000003.507691	000000000.251309
000000009.634038	-00000002.991448	-00000000.211309
000000010.476314	-00000003.252982	-00000000.076584
000000011.186827	-00000003.527193	000000000.081890
000000011.527909	-00000003.634736	000000000.253194
000000009.540914	-00000003.054070	-00000000.209843
000000010.133245	-00000003.243677	-00000000.074281
000000011.459952	-00000003.723564	000000000.084124
000000011.486243	-00000003.732107	000000000.252984
000000009.352485	-00000003.083987	-00000000.206283
000000009.914617	-00000003.269350	-00000000.072884
000000011.398573	-00000003.813909	000000000.083915
000000011.206727	-00000003.749718	000000000.247539
000000009.135871	-00000003.101210	-00000000.202094
000000009.696328	-00000003.291460	-00000000.071488
000000011.412130	-00000003.929512	000000000.084264
000000011.183031	-00000003.850626	000000000.247749
000000008.844174	-00000003.088524	-00000000.196230
000000009.629473	-00000003.362762	-00000000.071209
000000011.311422	-00000004.005585	000000000.083775
000000011.177276	-00000003.958081	000000000.248377
000000008.779246	-00000003.152071	-00000000.195393
000000009.185655	-00000003.297987	-00000000.068137
000000011.595525	-00000004.220426	000000000.086149
000000011.142310	-00000004.055469	000000000.248377
000000008.582567	-00000003.166276	-00000000.191623
000000009.550555	-00000003.523386	-00000000.071069
000000009.666222	-00000003.614052	000000000.072047
000000011.258526	-00000004.209390	000000000.083915
000000011.518541	-00000004.306606	000000000.257592
000000008.386323	-00000003.177294	-00000000.187854
000000009.201507	-00000003.486139	-00000000.068696
000000011.482759	-00000004.407818	000000000.085870
000000011.247177	-00000004.317387	000000000.252356
000000008.311687	-00000003.232238	-00000000.186806
000000008.835218	-00000003.435829	-00000000.066182
000000011.611328	-00000004.573823	000000000.087126
000000011.171865	-00000004.400714	000000000.251518
000000008.153159	-00000003.252781	-00000000.183874
000000008.572702	-00000003.420162	-00000000.064437
000000011.515343	-00000004.652501	000000000.086707
000000011.438940	-00000004.621632	000000000.258429
000000020.662395	-00000008.348150	000000000.466807
000000008.013423	-00000003.278378	-00000000.181361
000000008.440723	-00000003.453191	-00000000.063669
000000011.013663	-00000004.505809	-00000000.083077
000000012.601410	-00000005.219675	000000000.095224
000000016.176737	-00000006.700624	000000000.122242
000000011.656802	-00000004.828406	000000000.264293
000000020.505629	-00000008.493710	000000000.464922
000000007.790889	-00000003.266991	-00000000.176963
000000008.152058	-00000003.418442	-00000000.061714
000000010.992368	-00000004.609482	-00000000.083217
000000010.659186	-00000004.524556	000000000.080843
000000015.878322	-00000006.739948	000000000.120427
000000012.000751	-00000005.094017	000000000.273089
000000020.688410	-00000008.781709	000000000.470786
000000007.679410	-00000003.299335	-00000000.175079
000000008.057603	-00000003.461819	-00000000.061226
000000015.736367	-00000006.842367	000000000.119798
000000022.091438	-00000009.605631	000000000.168179
000000022.151312	-00000009.631664	000000000.505969
000000007.293432	-00000003.209187	-00000000.166911
000000007.889792	-00000003.471592	-00000000.060178
000000012.615756	-00000005.616896	000000000.096411
000000015.877032	-00000007.068910	000000000.121334
000000013.079102	-00000005.823191	000000000.299895
000000022.157753	-00000009.865267	000000000.508063
000000023.993576	-00000010.682629	000000000.550157
000000007.246918	-00000003.264499	-00000000.166492
000000007.859197	-00000003.540310	-00000000.060178
000000015.832940	-00000007.215487	000000000.121474
000000013.018690	-00000005.932959	000000000.299686
000000022.070820	-00000010.058251	000000000.508063
000000023.844852	-00000010.866726	000000000.548901
000000007.227234	-00000003.331801	-00000000.166702
000000007.582811	-00000003.495724	-00000000.058294
000000007.703428	-00000003.592168	000000000.059341
000000010.005394	-00000004.665592	000000000.077073
000000016.095634	-00000007.505517	000000000.123987
000000012.196227	-00000005.687194	000000000.281885
000000021.982204	-00000010.250470	000000000.508063
000000023.948462	-00000011.167351	000000000.553508
000000007.234054	-00000003.411802	-00000000.167539
000000007.714814	-00000003.638543	-00000000.059550
000000007.978660	-00000003.805625	000000000.061714
000000008.076366	-00000003.852229	000000000.187435
000000013.219975	-00000006.305604	000000000.306806
000000007.240026	-00000003.492174	-00000000.168377
000000007.484621	-00000003.610152	-00000000.058014
000000008.008060	-00000003.905792	000000000.062203
000000008.006498	-00000003.905030	000000000.186597
000000007.128574	-00000003.515424	-00000000.166492
000000007.416957	-00000003.657639	-00000000.057735
000000007.758892	-00000003.868441	000000000.060528
000000007.891590	-00000003.934602	000000000.184712
000000007.160121	-00000003.608998	-00000000.167958
000000007.366897	-00000003.713222	-00000000.057595
000000007.805027	-00000003.976860	000000000.061156
000000007.874770	-00000004.012396	000000000.185131
000000007.101689	-00000003.657610	-00000000.167330
000000007.405332	-00000003.813997	-00000000.058154
000000007.610367	-00000003.961707	000000000.059899
000000022.219080	-00000011.566521	000000000.174881
000000007.901533	-00000004.113278	000000000.186597
000000021.806812	-00000011.351909	000000000.514974
000000007.166828	-00000003.770651	-00000000.169634
000000007.274421	-00000003.827258	-00000000.057386
000000007.690286	-00000004.088998	000000000.060807
000000010.487117	-00000005.576099	000000000.248796
000000012.588072	-00000006.693196	000000000.298639
000000019.685411	-00000010.466919	000000000.467016
000000007.116036	-00000003.823584	-00000000.169215
000000007.399302	-00000003.975788	-00000000.058643
000000007.627947	-00000004.141637	000000000.060597
000000009.761517	-00000005.300071	000000000.232670
000000006.495121	-00000003.563345	-00000000.155183
000000006.566523	-00000003.602518	-00000000.052290
000000006.515758	-00000003.611743	000000000.052010
000000006.540720	-00000003.625581	000000000.156649
000000006.010179	-00000003.365862	-00000000.144293
000000006.499937	-00000003.640139	-00000000.052010
000000006.466585	-00000003.658618	000000000.051871
000000006.500131	-00000003.677597	000000000.156440
000000005.885097	-00000003.363610	-00000000.141990
000000007.257965	-00000004.148269	-00000000.058363
000000007.257116	-00000004.189898	000000000.058503
000000010.253491	-00000005.919856	000000000.082658
000000011.691058	-00000006.749835	000000000.094247
000000019.247522	-00000011.112562	000000000.465550
000000005.786428	-00000003.374545	-00000000.140314
000000007.264679	-00000004.236636	-00000000.058712
000000009.838847	-00000005.737846	-00000000.079517
000000010.192824	-00000006.004033	000000000.082588
000000019.584352	-00000011.536066	000000000.158684
000000010.113308	-00000005.957193	000000000.245864
000000019.356560	-00000011.401885	000000000.470576
000000005.808313	-00000003.455583	-00000000.141571
000000005.783664	-00000003.440919	-00000000.046984
000000007.382121	-00000004.391901	-00000000.059969
000000009.341520	-00000005.557621	-00000000.075886
000000010.388615	-00000006.242109	000000000.084613
000000018.282932	-00000010.985495	000000000.148910
000000010.523705	-00000006.323280	000000000.257173
000000019.042080	-00000011.441636	000000000.465341
000000005.624086	-00000003.412779	-00000000.137801
000000007.034381	-00000004.268567	-00000000.172356
000000005.796161	-00000003.517197	-00000000.047333
000000007.403356	-00000004.492467	-00000000.060458
000000009.386703	-00000005.695992	-00000000.076654
000000009.447022	-00000005.789143	000000000.077352
000000017.640696	-00000010.810232	000000000.144442
000000011.678608	-00000007.156661	000000000.286911
000000018.251022	-00000011.184240	000000000.448377
000000005.492071	-00000003.398597	-00000000.135288
000000005.807764	-00000003.593953	-00000000.047682
000000007.474414	-00000004.625308	-00000000.061365
000000010.167849	-00000006.353577	000000000.083705
000000017.808577	-00000011.128034	000000000.146606
000000009.563885	-00000005.976178	000000000.236230
000000011.412224	-00000007.131149	000000000.281885
000000018.093378	-00000011.305997	000000000.446911
000000005.572124	-00000003.515749	-00000000.138011
000000005.700067	-00000003.596474	-00000000.047054
000000007.213882	-00000004.551621	-00000000.059550
000000009.497292	-00000005.992345	-00000000.078400
000000011.630085	-00000007.409181	000000000.096272
000000017.095129	-00000010.890798	000000000.141510
000000017.336325	-00000011.044456	000000000.430576
000000005.499189	-00000003.537197	-00000000.136963
000000005.752567	-00000003.700175	-00000000.047752
000000009.537150	-00000006.134501	-00000000.079167
000000010.005096	-00000006.497386	000000000.083286
000000011.414028	-00000007.412356	000000000.095015
000000016.907187	-00000010.979655	000000000.140742
000000009.097580	-00000005.908038	000000000.227225
000000011.654963	-00000007.568822	000000000.291100
000000017.297979	-00000011.233438	000000000.432042
000000005.342696	-00000003.502825	-00000000.133822
000000005.694970	-00000003.733786	-00000000.047542
000000009.934837	-00000006.513565	-00000000.082937
000000010.898622	-00000007.213640	000000000.091245
000000016.143637	-00000010.685240	000000000.135157
000000009.279114	-00000006.141711	000000000.233089
000000011.355034	-00000007.515733	000000000.285236
000000005.320239	-00000003.554870	-00000000.134031
000000005.678799	-00000003.794452	-00000000.047682
000000009.794473	-00000006.544458	-00000000.082239
000000009.674633	-00000006.525622	000000000.081471
000000009.291473	-00000006.267178	000000000.234765
000000011.487941	-00000007.748713	000000000.290262
000000005.330335	-00000003.629296	-00000000.135079
000000005.670268	-00000003.860748	-00000000.047891
000000010.078817	-00000006.926979	000000000.085381
000000009.417697	-00000006.472604	000000000.239372
000000005.470968	-00000003.795346	-00000000.139477
000000005.792470	-00000004.018379	-00000000.049218
000000008.544920	-00000005.927822	-00000000.072605
000000009.821393	-00000006.877014	000000000.083705
000000009.573787	-00000006.703638	000000000.244817
000000005.486628	-00000003.877565	-00000000.140733
000000005.659188	-00000003.999519	-00000000.048380
000000009.121664	-00000006.446555	-00000000.077981
000000009.410947	-00000006.712763	000000000.080703
000000009.376554	-00000006.688231	000000000.241257
000000005.598632	-00000004.030438	-00000000.144503
000000005.688995	-00000004.095490	-00000000.048939
000000007.133562	-00000005.135429	-00000000.061365
000000008.488857	-00000006.111103	-00000000.073024
000000009.505718	-00000006.906308	000000000.082030
000000015.095889	-00000010.967806	000000000.130270
000000009.107533	-00000006.617011	000000000.235812
000000014.801764	-00000010.754110	000000000.383246
000000005.410057	-00000003.966818	-00000000.140524
000000005.507883	-00000004.038547	-00000000.047682
000000008.854546	-00000006.492422	-00000000.076654
000000009.734469	-00000007.203128	000000000.084543
000000014.734337	-00000010.902836	000000000.127966
000000014.819870	-00000010.966127	000000000.386178
000000005.351202	-00000003.995932	-00000000.139895
000000005.408331	-00000004.038593	-00000000.047124
000000008.188615	-00000006.114728	-00000000.071348
000000008.904569	-00000006.710074	000000000.077841
000000008.902833	-00000006.708766	000000000.233508
000000014.787486	-00000011.143170	000000000.387854
000000004.695382	-00000003.570451	-00000000.123560
000000006.470077	-00000004.919961	-00000000.170262
000000004.107270	-00000003.123241	-00000000.036023
000000008.564773	-00000006.512805	-00000000.075118
000000008.861541	-00000006.799699	000000000.077981
000000014.470412	-00000011.103538	000000000.127338
000000008.931200	-00000006.853150	000000000.235812
000000014.269297	-00000010.949216	000000000.376754
000000005.549423	-00000004.296823	-00000000.147016
000000008.128091	-00000006.293440	-00000000.071767
000000009.077663	-00000007.092247	000000000.080424
000000013.845012	-00000010.816908	000000000.122661
000000008.981352	-00000007.017001	000000000.238744
000000011.762421	-00000009.189810	000000000.312670
000000014.007759	-00000010.944060	000000000.372356
000000005.417499	-00000004.270812	-00000000.144503
000000007.161916	-00000005.645999	-00000000.063669
000000009.078043	-00000007.156552	-00000000.080703
000000011.558841	-00000009.194318	000000000.103113
000000013.828349	-00000010.999566	000000000.123359
000000009.005844	-00000007.163572	000000000.241047
000000011.509642	-00000009.155182	000000000.308063
000000014.013438	-00000011.146791	000000000.375079
000000005.504777	-00000004.418050	-00000000.147853
000000005.607233	-00000004.500280	-00000000.050195
000000007.471111	-00000005.996201	-00000000.066880
000000012.550601	-00000010.163277	000000000.112747
000000013.739606	-00000011.126114	000000000.123429
000000008.756515	-00000007.090886	000000000.236021
000000011.468159	-00000009.286732	000000000.309110
000000013.674769	-00000011.073610	000000000.368587
000000005.435044	-00000004.440617	-00000000.147016
000000007.674044	-00000006.269957	-00000000.069184
000000009.005967	-00000007.358184	-00000000.081192
000000012.428699	-00000010.154673	-00000000.112049
000000013.333348	-00000010.991164	000000000.120636
000000011.309535	-00000009.322862	000000000.307016
000000013.793621	-00000011.370584	000000000.374450
000000005.157797	-00000004.289695	-00000000.140524
000000006.902685	-00000005.740902	-00000000.188063
000000007.003978	-00000005.825147	-00000000.063599
000000013.477469	-00000011.209093	-00000000.122382
000000011.406124	-00000009.570874	000000000.103951
000000013.374809	-00000011.222797	000000000.121893
000000011.434535	-00000009.594714	000000000.312670
000000013.111805	-00000011.002110	000000000.358534
000000005.234627	-00000004.431438	-00000000.143665
000000007.632139	-00000006.461082	-00000000.069813
000000013.127279	-00000011.113062	-00000000.120078
000000014.516328	-00000012.288979	-00000000.132784
000000012.995022	-00000011.098797	000000000.119310
000000007.929295	-00000006.772258	000000000.218429
000000013.243367	-00000011.310904	000000000.364817
000000005.506289	-00000004.744523	-00000000.152251
000000007.211843	-00000006.214122	-00000000.066462
000000012.893442	-00000011.109700	-00000000.118821
000000007.667662	-00000006.665397	000000000.070930
000000012.656172	-00000011.001842	000000000.117076
000000007.817076	-00000006.795280	000000000.216963
000000005.539844	-00000004.858313	-00000000.154346
000000006.984422	-00000006.125173	-00000000.064856
000000011.788561	-00000010.338290	-00000000.109466
000000007.646652	-00000006.765186	000000000.071279
000000012.252618	-00000010.840200	000000000.114213
000000007.607721	-00000006.730743	000000000.212775
000000005.452483	-00000004.866528	-00000000.153089
000000007.281343	-00000006.498847	-00000000.068137
000000012.563300	-00000011.213174	-00000000.117564
000000007.639342	-00000006.878495	000000000.071767
000000012.365628	-00000011.134062	000000000.116168
000000007.526406	-00000006.776806	000000000.212147
000000005.972250	-00000005.424810	-00000000.169005
000000007.557443	-00000006.864698	-00000000.071279
000000014.530128	-00000013.198238	-00000000.137042
000000007.564281	-00000006.931387	000000000.071628
000000007.385899	-00000006.767930	000000000.209843
000000005.910000	-00000005.463148	-00000000.168586
000000007.284302	-00000006.733540	-00000000.069254
000000009.920456	-00000009.170375	-00000000.094317
000000011.836991	-00000010.942002	-00000000.112538
000000007.408432	-00000006.908475	000000000.070720
000000007.253438	-00000006.763940	000000000.207749
000000006.066000	-00000005.706323	-00000000.174450
000000007.035892	-00000006.618706	-00000000.067439
000000007.181031	-00000006.814544	000000000.069114
000000007.186883	-00000006.820097	000000000.207539
000000003.885466	-00000003.719524	-00000000.112670
000000005.864309	-00000005.613854	-00000000.170052
000000007.562966	-00000007.239965	-00000000.073094
000000007.293928	-00000007.043664	000000000.070790
000000007.148669	-00000006.903389	000000000.208168
000000005.600253	-00000005.455525	-00000000.163770
000000006.095581	-00000005.938052	-00000000.059411
000000007.621267	-00000007.424310	-00000000.074281
000000011.410412	-00000011.115531	-00000000.111211
000000007.103801	-00000006.980886	000000000.069533
000000006.988322	-00000006.867404	000000000.205236
000000005.559532	-00000005.511226	-00000000.163979
000000006.647173	-00000006.589417	-00000000.065345
000000007.148675	-00000007.148675	000000000.070581
000000007.005891	-00000007.005891	000000000.207539
000000005.426763	-00000005.474329	-00000000.161466
000000006.026219	-00000006.079039	-00000000.059760
000000007.286375	-00000007.350240	-00000000.072256
000000006.952850	-00000007.075272	000000000.069254
000000010.730659	-00000010.919599	000000000.106883
000000007.028578	-00000007.152333	000000000.210052
000000005.288092	-00000005.428378	-00000000.158744
000000007.235910	-00000007.427870	-00000000.072396
000000007.022825	-00000007.272348	000000000.070581
000000006.903389	-00000007.148669	000000000.208168
000000005.205952	-00000005.438208	-00000000.157696
000000005.697928	-00000005.952134	-00000000.057526
000000007.053261	-00000007.367933	-00000000.071209
000000007.021045	-00000007.398638	000000000.071209
000000006.916446	-00000007.288414	000000000.210471
000000005.165147	-00000005.490713	-00000000.157906
000000006.214458	-00000006.606164	-00000000.063320
000000006.806178	-00000007.298732	000000000.069673
000000006.702573	-00000007.187630	000000000.205864
000000005.205260	-00000005.631019	-00000000.160628
000000005.504940	-00000005.955210	-00000000.056618
000000006.889659	-00000007.453192	-00000000.070860
000000006.728714	-00000007.343103	000000000.069533
000000006.659858	-00000007.267960	000000000.206492
000000005.034923	-00000005.543018	-00000000.156859
000000005.439315	-00000005.988219	-00000000.056478
000000006.978997	-00000007.683277	-00000000.072465
000000010.307132	-00000011.347267	-00000000.107023
000000006.824966	-00000007.579892	000000000.071209
000000005.298352	-00000005.884416	000000000.165864
000000006.750047	-00000007.496687	000000000.211309
000000005.059591	-00000005.668792	-00000000.159162
000000006.771852	-00000007.587219	-00000000.070999
000000006.745308	-00000007.624184	000000000.071069
000000006.743993	-00000007.622697	000000000.213194
000000004.970377	-00000005.667629	-00000000.157906
000000005.050466	-00000005.758953	-00000000.053476
000000006.817470	-00000007.773834	-00000000.072186
000000010.160272	-00000011.585569	-00000000.107581
000000006.691639	-00000007.697850	000000000.071209
000000010.372041	-00000011.931668	000000000.110374
000000006.801840	-00000007.824622	000000000.217173
000000004.861993	-00000005.642621	-00000000.156021
000000010.248078	-00000011.893480	-00000000.109606
000000006.676163	-00000007.816782	000000000.071767
000000006.700834	-00000007.845668	000000000.216126
000000004.915925	-00000005.806925	-00000000.159372
000000005.136560	-00000006.067550	-00000000.055501
000000010.247276	-00000012.104571	-00000000.110723
000000006.858377	-00000008.173495	000000000.074490
000000010.400050	-00000012.394298	000000000.112957
000000006.773496	-00000008.072337	000000000.220733
000000010.410876	-00000012.407199	000000000.339267
000000010.170643	-00000012.337976	000000000.111630
000000010.321285	-00000012.520720	000000000.339895
000000002.901096	-00000003.582556	000000000.032184
000000010.050002	-00000012.410719	000000000.111491
000000002.913115	-00000003.597397	000000000.096963
000000010.098376	-00000012.470456	000000000.336126
000000002.907073	-00000003.654691	000000000.032602
000000002.838044	-00000003.567910	000000000.095497
000000002.733470	-00000003.498682	000000000.030997
000000002.720627	-00000003.482244	000000000.092565
000000002.660223	-00000003.466870	000000000.030508
000000002.647531	-00000003.450330	000000000.091100
000000002.647922	-00000003.513911	000000000.030718
000000002.617321	-00000003.473302	000000000.091100
000000002.581468	-00000003.488654	000000000.030299
000000002.652328	-00000003.584415	000000000.093403
000000002.550926	-00000003.511048	000000000.030299
000000002.532799	-00000003.486099	000000000.090262
000000002.456314	-00000003.443625	000000000.029531
000000002.409389	-00000003.377839	000000000.086911
000000002.443376	-00000003.489503	000000000.029740
000000002.356882	-00000003.365977	000000000.086073
000000002.344865	-00000003.411799	000000000.028902
000000002.310431	-00000003.361697	000000000.085445
000000002.365328	-00000003.506743	000000000.029531
000000002.258644	-00000003.348577	000000000.084607
000000002.196656	-00000003.318785	000000000.027785
000000002.135528	-00000003.226430	000000000.081047
000000002.124041	-00000003.270736	000000000.027227
000000002.107291	-00000003.244943	000000000.081047
000000002.095417	-00000003.289147	000000000.027227
000000002.057406	-00000003.229481	000000000.080209
000000002.066635	-00000003.307307	000000000.027227
000000002.050338	-00000003.281226	000000000.081047
000000001.995896	-00000003.257006	000000000.026668
000000002.021626	-00000003.298994	000000000.081047
000000001.982848	-00000003.300014	000000000.026878
000000002.013357	-00000003.350789	000000000.081885
000000001.898147	-00000003.222414	000000000.026110
000000002.065228	-00000003.506062	000000000.085236
000000001.919953	-00000003.325456	000000000.026808
000000001.999561	-00000003.463342	000000000.083770
