000000003.071877	000000003.502805	-00000000.097592
000000003.118630	000000003.556116	-00000000.033021
000000003.081079	000000003.333093	-00000000.095079
000000003.149559	000000003.407173	-00000000.032393
000000003.068947	000000003.262386	-00000000.093822
000000003.117507	000000003.314007	-00000000.031765
000000003.138781	000000003.278813	-00000000.095079
000000003.180882	000000003.322793	-00000000.032114
000000003.160298	000000003.244136	-00000000.094869
000000003.139981	000000003.223280	-00000000.031416
000000003.258873	000000003.287437	-00000000.096963
000000003.210229	000000003.238366	-00000000.031835
000000003.230635	000000003.202565	-00000000.095288
000000003.302282	000000003.273589	-00000000.032463
000000003.337235	000000003.250990	-00000000.097592
000000003.352211	000000003.265580	-00000000.032672
000000003.314924	000000003.173349	-00000000.096126
000000003.416698	000000003.270777	-00000000.033021
000000003.466286	000000003.260756	-00000000.099686
000000003.525230	000000003.316205	-00000000.033789
000000003.523975	000000003.257529	-00000000.100524
000000003.583407	000000003.312467	-00000000.034069
000000003.574469	000000003.246819	-00000000.101152
000000003.612176	000000003.281070	-00000000.034069
000000003.565372	000000003.182216	-00000000.100105
000000003.707815	000000003.309351	-00000000.034697
000000003.698241	000000003.243270	-00000000.103037
000000003.759107	000000003.296649	-00000000.034906
000000003.749124	000000003.230452	-00000000.103665
000000003.810459	000000003.283302	-00000000.035116
000000003.899263	000000003.300970	-00000000.107016
000000003.877126	000000003.282230	-00000000.035465
000000004.988689	000000004.149049	-00000000.135916
000000005.397138	000000004.488752	-00000000.049008
000000010.248412	000000008.523514	-00000000.093060
000000005.140839	000000004.200242	-00000000.139058
000000005.389641	000000004.403522	-00000000.048590
000000009.656441	000000007.889643	-00000000.087056
000000005.122717	000000004.111415	-00000000.137592
000000009.311593	000000007.473344	-00000000.083356
000000010.473594	000000008.405948	-00000000.093758
000000005.221212	000000004.116072	-00000000.139267
000000009.580633	000000007.552762	-00000000.085171
000000005.494087	000000004.253977	-00000000.145550
000000006.040721	000000004.677226	-00000000.053337
000000005.507126	000000004.187716	-00000000.144922
000000006.097227	000000004.636439	-00000000.053476
000000010.029381	000000007.626519	-00000000.087964
000000005.767762	000000004.306992	-00000000.150785
000000006.073356	000000004.535190	-00000000.052918
000000005.643874	000000004.138260	-00000000.146597
000000008.369060	000000006.136448	-00000000.217382
000000010.031926	000000007.355712	-00000000.086847
000000005.979989	000000004.304976	-00000000.154346
000000006.058151	000000004.281478	-00000000.155393
000000008.417728	000000005.949062	-00000000.215916
000000006.810625	000000004.813274	-00000000.058224
000000012.600472	000000008.905133	-00000000.107721
000000006.136356	000000004.256942	-00000000.156440
000000007.795719	000000005.408083	-00000000.198744
000000006.272440	000000004.270752	-00000000.158953
000000007.925257	000000005.396116	-00000000.200838
000000012.572124	000000008.560055	-00000000.106185
000000006.359348	000000004.249180	-00000000.160210
000000007.839039	000000005.237878	-00000000.197487
000000006.939653	000000004.549836	-00000000.173822
000000012.552349	000000008.229681	-00000000.104789
000000007.786314	000000005.008325	-00000000.193927
000000022.298727	000000014.205855	000000000.184585
000000027.252434	000000017.361715	000000000.676859
000000007.626792	000000004.812148	-00000000.188901
000000012.804008	000000008.078727	-00000000.105696
000000022.243759	000000013.899444	000000000.183118
000000027.453775	000000017.155024	000000000.678116
000000007.813023	000000004.834845	-00000000.192461
000000022.244841	000000013.631656	000000000.182141
000000027.406370	000000016.794645	000000000.673299
000000007.735256	000000004.693869	-00000000.189529
000000013.062735	000000007.926662	-00000000.106674
000000022.585808	000000013.570923	000000000.183956
000000027.620443	000000016.596037	000000000.674974
000000007.896213	000000004.697753	-00000000.192461
000000023.022169	000000013.561094	000000000.186539
000000027.454100	000000016.171701	000000000.667435
000000007.893725	000000004.603485	-00000000.191414
000000011.313764	000000006.597992	-00000000.274346
000000013.173170	000000007.682366	-00000000.106464
000000025.140106	000000014.514647	000000000.202666
000000027.654785	000000015.966497	000000000.668901
000000008.072478	000000004.613801	-00000000.194765
000000025.100447	000000014.201150	000000000.201340
000000027.793064	000000015.724560	000000000.668901
000000008.094987	000000004.533411	-00000000.194346
000000011.278899	000000006.316487	-00000000.270785
000000013.235442	000000007.412204	-00000000.105906
000000025.100975	000000013.913697	000000000.200362
000000028.182810	000000015.621987	000000000.674974
000000008.029056	000000004.404891	-00000000.191833
000000025.054466	000000013.603465	000000000.199036
000000028.458643	000000015.451782	000000000.678325
000000008.120031	000000004.363050	-00000000.193089
000000010.867807	000000005.839484	-00000000.258429
000000013.406831	000000007.203750	-00000000.106255
000000025.066271	000000013.327972	000000000.198198
000000028.733641	000000015.277947	000000000.681676
000000008.131252	000000004.278059	-00000000.192461
000000025.110664	000000013.071784	000000000.197639
000000029.087574	000000015.142033	000000000.686911
000000008.239382	000000004.243560	-00000000.194136
000000010.683642	000000005.502438	-00000000.251728
000000013.503840	000000006.954935	-00000000.106045
000000021.864769	000000011.140656	000000000.171320
000000023.655645	000000012.053154	000000000.185352
000000025.116863	000000012.797681	000000000.196802
000000029.566019	000000015.064639	000000000.695079
000000021.898510	000000010.918194	000000000.170831
000000024.985958	000000012.457540	000000000.194917
000000030.018461	000000014.966653	000000000.702618
000000009.424066	000000004.647435	-00000000.220105
000000013.515543	000000006.665128	-00000000.105208
000000021.849150	000000010.656543	000000000.169714
000000024.878014	000000012.133818	000000000.193241
000000030.570269	000000014.910116	000000000.712461
000000021.878134	000000010.435334	000000000.169226
000000024.982952	000000011.916257	000000000.193241
000000031.303816	000000014.931154	000000000.726493
000000009.404270	000000004.435342	-00000000.217801
000000013.656940	000000006.441031	-00000000.105417
000000021.787109	000000010.159495	000000000.167829
000000024.977234	000000011.647076	000000000.192404
000000031.795366	000000014.826423	000000000.734870
000000021.793041	000000009.931662	000000000.167201
000000023.139751	000000010.545392	000000000.177533
000000024.968729	000000011.378905	000000000.191566
000000032.687737	000000014.896661	000000000.752461
000000009.516707	000000004.286964	-00000000.218639
000000013.721684	000000006.181168	-00000000.105068
000000021.772346	000000009.807727	-00000000.166712
000000021.805799	000000009.708568	000000000.166643
000000023.112137	000000010.290186	000000000.176626
000000024.847832	000000011.062967	000000000.189890
000000033.127026	000000014.749103	000000000.759582
000000009.379885	000000004.127248	-00000000.214660
000000021.774731	000000009.581111	-00000000.166084
000000021.788816	000000009.474047	000000000.165875
000000024.906744	000000010.829761	000000000.189611
000000033.731243	000000014.666761	000000000.770472
000000009.461474	000000004.064970	-00000000.215707
000000013.937723	000000005.988118	-00000000.105906
000000021.889072	000000009.291360	000000000.166014
000000024.926664	000000010.580741	000000000.189053
000000034.410126	000000014.606233	000000000.783037
000000009.478147	000000003.974517	-00000000.215288
000000021.913887	000000009.077029	000000000.165595
000000025.045765	000000010.374295	000000000.189262
000000035.090488	000000014.534956	000000000.795603
000000009.530976	000000003.899225	-00000000.215707
000000013.919790	000000005.694736	-00000000.104998
000000021.731161	000000008.890452	-00000000.163920
000000021.964451	000000008.874214	000000000.165386
000000025.255873	000000010.204035	000000000.190170
000000035.846336	000000014.482860	000000000.809843
000000009.490352	000000003.786267	-00000000.214032
000000021.761478	000000008.681950	-00000000.163571
000000022.124792	000000008.715187	000000000.166014
000000022.594887	000000008.900363	000000000.508691
000000036.408558	000000014.341712	000000000.819686
000000009.560304	000000003.717799	-00000000.214869
000000014.026377	000000005.454560	-00000000.105068
000000021.752533	000000008.459098	-00000000.162943
000000022.106646	000000008.485947	000000000.165316
000000022.653028	000000008.695683	000000000.508273
000000037.055016	000000014.224088	000000000.831414
000000021.825523	000000008.268951	-00000000.162943
000000022.217321	000000008.306716	000000000.165595
000000025.476864	000000009.525409	000000000.189890
000000037.786434	000000014.127769	000000000.845027
000000009.483034	000000003.498476	-00000000.211728
000000014.035001	000000005.177785	-00000000.104440
000000021.859325	000000008.064331	-00000000.162663
000000022.373535	000000008.143301	000000000.166224
000000025.427462	000000009.254839	000000000.188913
000000037.833122	000000013.770131	000000000.843351
000000010.021326	000000003.598024	-00000000.223037
000000021.881809	000000007.856372	-00000000.162314
000000024.969965	000000008.842328	000000000.184934
000000038.272278	000000013.552924	000000000.850472
000000009.353870	000000003.266518	-00000000.207539
000000014.028821	000000004.899084	-00000000.103742
000000021.930653	000000007.658527	-00000000.162175
000000024.951626	000000008.591534	000000000.184235
000000038.701038	000000013.325836	000000000.857383
000000010.300341	000000003.496494	-00000000.227854
000000021.901958	000000007.434713	-00000000.161477
000000024.959270	000000008.351255	000000000.183747
000000039.157177	000000013.101808	000000000.864922
000000009.409454	000000003.102773	-00000000.207539
000000013.903256	000000004.584607	-00000000.102206
000000021.956509	000000007.240171	-00000000.161407
000000023.652201	000000007.685066	000000000.173624
000000025.088259	000000008.151670	000000000.184166
000000039.564785	000000012.855377	000000000.871414
000000009.188603	000000002.941295	-00000000.202094
000000010.654971	000000003.410683	-00000000.234346
000000021.999807	000000007.042194	-00000000.161267
000000024.223820	000000007.637741	000000000.177324
000000039.761276	000000012.536682	000000000.873299
000000009.376239	000000002.911400	-00000000.205655
000000014.019351	000000004.353124	-00000000.102485
000000022.089071	000000006.858839	-00000000.161477
000000023.199389	000000007.092765	000000000.169365
000000025.006760	000000007.645334	000000000.182560
000000040.098625	000000012.259379	000000000.878325
000000009.324699	000000002.806416	-00000000.203979
000000022.128935	000000006.660054	-00000000.161337
000000024.353428	000000007.213814	000000000.177324
000000040.549179	000000012.011214	000000000.885864
000000009.425622	000000002.747318	-00000000.205655
000000013.977985	000000004.074211	-00000000.101647
000000022.157410	000000006.458296	-00000000.161127
000000024.713434	000000007.086463	000000000.179488
000000041.219471	000000011.819493	000000000.898220
000000009.372258	000000002.643250	-00000000.203979
000000010.305634	000000002.906490	-00000000.224293
000000022.145555	000000006.245693	-00000000.160639
000000024.851425	000000006.891910	000000000.180047
000000041.475193	000000011.502089	000000000.901571
000000009.433551	000000002.571881	-00000000.204817
000000014.046962	000000003.829641	-00000000.101647
000000022.189568	000000006.049571	-00000000.160569
000000024.968575	000000006.690310	000000000.180466
000000041.950615	000000011.240633	000000000.909739
000000009.368620	000000002.466552	-00000000.202932
000000022.289865	000000005.868432	-00000000.160918
000000024.813019	000000006.417083	000000000.178930
000000042.443962	000000010.976755	000000000.918325
000000009.438238	000000002.397007	-00000000.203979
000000014.189195	000000003.603596	-00000000.102206
000000022.359612	000000005.678618	-00000000.161058
000000024.140369	000000006.018870	000000000.173694
000000043.099483	000000010.745909	000000000.310108
000000043.110485	000000010.748651	000000000.930681
000000009.924939	000000002.428617	-00000000.214032
000000022.456882	000000005.495164	-00000000.161407
000000024.075293	000000005.779966	000000000.172856
000000043.999809	000000010.563419	000000000.947854
000000009.478635	000000002.231922	-00000000.203979
000000014.094188	000000003.318741	-00000000.101089
000000022.435844	000000005.282940	-00000000.160918
000000024.241735	000000005.596646	000000000.173694
000000044.400963	000000010.250770	000000000.318136
000000044.820934	000000010.347728	000000000.963561
000000062.979210	000000014.539896	000000001.353927
000000009.741532	000000002.204284	-00000000.209215
000000022.627392	000000005.120056	-00000000.161965
000000024.143211	000000005.352421	000000000.172647
000000025.890739	000000005.739839	000000000.185143
000000045.378048	000000010.060071	000000000.973613
000000062.683979	000000013.896704	000000001.344922
000000009.437982	000000002.049187	-00000000.202304
000000014.110873	000000003.063771	-00000000.100809
000000022.837336	000000004.958472	-00000000.163152
000000024.560688	000000005.220535	000000000.175299
000000046.177223	000000009.815271	000000000.329585
000000046.031311	000000009.784257	000000000.985760
000000062.744190	000000013.336689	000000001.343666
000000010.072168	000000002.095014	-00000000.215497
000000022.948267	000000004.773246	-00000000.163641
000000024.644505	000000005.013981	000000000.175579
000000047.211620	000000009.605313	000000000.336357
000000046.928101	000000009.547630	000000001.003142
000000009.472308	000000001.884159	-00000000.202304
000000014.044502	000000002.793625	-00000000.099972
000000023.165585	000000004.607921	-00000000.164897
000000024.648058	000000004.791097	000000000.175299
000000048.285065	000000009.385666	000000000.343408
000000047.696617	000000009.271283	000000001.017802
000000010.431334	000000001.980451	-00000000.222409
000000023.204914	000000004.405591	-00000000.164897
000000024.688931	000000004.575823	000000000.175299
000000049.662994	000000009.204492	000000000.352623
000000048.680103	000000009.022325	000000001.037069
000000009.503748	000000001.718558	-00000000.202304
000000014.051759	000000002.540972	-00000000.099692
000000023.458960	000000004.242071	-00000000.166433
000000024.846094	000000004.381037	000000000.176137
000000052.370434	000000009.234321	000000001.113927
000000066.105492	000000011.656181	000000001.406074
000000066.263031	000000011.683960	000000001.409425
000000009.291756	000000001.596616	-00000000.197487
000000023.711901	000000004.074450	-00000000.167969
000000025.198982	000000004.216864	000000000.178371
000000054.411304	000000009.105330	000000001.155603
000000009.532293	000000001.552433	-00000000.202304
000000014.054485	000000002.288918	-00000000.099413
000000023.884731	000000003.889875	-00000000.168947
000000025.501492	000000004.039040	000000000.180256
000000025.812510	000000004.088300	000000000.547435
000000010.513861	000000001.618238	-00000000.222827
000000023.996834	000000003.693466	-00000000.169505
000000025.565437	000000003.820780	000000000.180466
000000009.449099	000000001.370054	-00000000.200000
000000014.171462	000000002.054764	-00000000.099972
000000024.206282	000000003.509744	-00000000.170762
000000025.776051	000000003.622588	000000000.181722
000000029.271610	000000004.113856	000000000.206366
000000029.394611	000000004.131143	000000000.621780
000000009.658824	000000001.314508	-00000000.204189
000000024.622417	000000003.350964	-00000000.173484
000000029.346052	000000003.863481	000000000.206645
000000032.796200	000000004.317701	000000000.230940
000000009.421980	000000001.198627	-00000000.198953
000000014.284523	000000001.817221	-00000000.100530
000000025.404629	000000003.231877	-00000000.178790
000000029.180145	000000003.582871	000000000.205249
000000032.753223	000000004.021590	000000000.230382
000000033.104080	000000004.064670	000000000.698639
000000009.392367	000000001.111660	-00000000.198115
000000030.352880	000000003.458274	000000000.213278
000000033.005653	000000003.760519	000000000.231917
000000036.801006	000000004.192945	000000000.258586
000000009.441464	000000001.034009	-00000000.198953
000000014.343884	000000001.570911	-00000000.100740
000000033.156551	000000003.484894	000000000.232755
000000036.836193	000000003.871640	000000000.258586
000000040.883801	000000004.297060	000000000.287000
000000009.330758	000000000.939558	-00000000.196440
000000010.584144	000000001.065767	-00000000.222827
000000034.987324	000000003.368896	000000000.245391
000000040.770435	000000003.925746	000000000.285952
000000041.120750	000000003.959478	000000000.865341
000000009.428205	000000000.866330	-00000000.198325
000000014.289453	000000001.313016	-00000000.100181
000000040.773254	000000003.567198	000000000.285743
000000044.897400	000000003.928014	000000000.314645
000000044.988243	000000003.935961	000000000.945969
000000009.724346	000000000.808031	-00000000.204398
000000048.787945	000000003.839694	000000000.341663
000000049.017643	000000003.857772	000000001.029948
000000009.392036	000000000.697949	-00000000.197278
000000014.250358	000000001.058985	-00000000.099762
000000052.829704	000000003.694213	000000000.369728
000000009.836731	000000000.644733	-00000000.206492
000000060.874760	000000003.723260	000000000.425787
000000060.872868	000000003.723144	000000001.277488
000000009.442714	000000000.536196	-00000000.198115
000000014.206767	000000000.806719	-00000000.099343
000000068.760536	000000003.603587	000000001.442304
000000009.776581	000000000.469603	-00000000.205026
000000081.360504	000000003.552276	000000000.568554
000000081.274727	000000003.548531	000000001.704085
000000009.410673	000000000.369746	-00000000.197278
000000014.188706	000000000.557476	-00000000.099134
000000097.269356	000000003.396721	000000002.038744
000000009.903205	000000000.302570	-00000000.207539
000000009.435683	000000000.205887	-00000000.197696
000000014.366230	000000000.313472	-00000000.100321
000000009.827003	000000000.128642	-00000000.205864
000000009.517822	000000000.041530	-00000000.199372
000000014.259517	000000000.062219	-00000000.099553
000000009.867742	-00000000.043056	-00000000.206702
000000009.547088	-00000000.124978	-00000000.200000
000000014.048454	-00000000.183904	-00000000.098087
000000010.015419	-00000000.218537	-00000000.209843
000000009.653377	-00000000.294937	-00000000.202304
000000009.830257	-00000000.386232	-00000000.206073
000000009.646759	-00000000.463367	-00000000.202304
000000099.421722	-00000005.210472	000000002.085446
000000009.881909	-00000000.561135	-00000000.207330
000000009.717014	-00000000.636887	-00000000.203979
000000059.292175	-00000004.146113	000000001.245027
000000010.329246	-00000000.767596	-00000000.216963
000000048.588570	-00000003.824003	000000000.340267
000000058.785290	-00000004.626503	000000001.235184
000000009.823980	-00000000.816310	-00000000.206492
000000040.852947	-00000003.574170	000000000.286301
000000042.187817	-00000003.690956	000000000.295656
000000050.107563	-00000004.383844	000000001.053613
000000009.896130	-00000000.909327	-00000000.208168
000000010.991275	-00000001.009956	-00000000.231204
000000037.326447	-00000003.594128	000000000.261797
000000038.928997	-00000003.748436	000000000.273037
000000041.716038	-00000004.016798	000000000.292585
000000049.938026	-00000004.808485	000000001.050891
000000009.778396	-00000000.984633	-00000000.205864
000000017.520969	-00000001.764269	-00000000.122940
000000034.717915	-00000003.649000	000000000.243716
000000041.808681	-00000004.394269	000000000.293492
000000034.760860	-00000003.653513	000000000.732147
000000032.638039	-00000003.718635	000000000.229334
000000034.684750	-00000003.951828	000000000.243716
000000034.330315	-00000003.911445	000000000.723770
000000009.878864	-00000001.169241	-00000000.208377
000000029.408424	-00000003.610901	000000000.206855
000000034.261860	-00000004.206827	000000000.240993
000000034.136101	-00000004.191386	000000000.720419
000000009.977382	-00000001.269283	-00000000.210681
000000011.028676	-00000001.403025	-00000000.232880
000000017.835814	-00000002.269002	-00000000.125523
000000026.962038	-00000003.430004	-00000000.189751
000000027.898579	-00000003.672917	000000000.196453
000000029.465023	-00000003.879144	000000000.207483
000000034.134617	-00000004.493907	000000000.240365
000000027.873316	-00000003.669592	000000000.588901
000000034.048660	-00000004.482591	000000000.719372
000000009.926299	-00000001.350910	-00000000.209843
000000017.934237	-00000002.440742	-00000000.126361
000000025.890694	-00000003.523569	-00000000.182420
000000027.697123	-00000003.892577	000000000.195266
000000029.598391	-00000004.159782	000000000.208670
000000027.483812	-00000003.862598	000000000.581362
000000010.082335	-00000001.461869	-00000000.213403
000000017.872667	-00000002.591413	-00000000.126082
000000024.087528	-00000003.492525	-00000000.169924
000000024.170959	-00000003.612374	000000000.170622
000000027.335732	-00000004.085352	000000000.192962
000000027.221636	-00000004.068301	000000000.576545
000000009.950617	-00000001.531546	-00000000.210890
000000017.770306	-00000002.735112	-00000000.125523
000000019.826048	-00000003.051521	-00000000.140044
000000022.178293	-00000003.413566	-00000000.156659
000000023.032330	-00000003.647963	000000000.162803
000000027.170645	-00000004.303407	000000000.192054
000000027.007353	-00000004.277544	000000000.572775
000000017.883940	-00000002.912585	-00000000.126500
000000020.637590	-00000003.361045	-00000000.145978
000000020.553692	-00000003.439508	000000000.145489
000000023.068657	-00000003.860369	000000000.163292
000000020.391912	-00000003.412436	000000000.433089
000000010.001200	-00000001.718520	-00000000.212566
000000017.680445	-00000003.038056	-00000000.125244
000000019.868326	-00000003.414003	-00000000.140742
000000020.335785	-00000003.585747	000000000.144163
000000020.193977	-00000003.560743	000000000.429529
000000010.084205	-00000001.823521	-00000000.214660
000000017.850063	-00000003.227817	-00000000.126640
000000019.998919	-00000003.706580	000000000.141999
000000019.985188	-00000003.704036	000000000.425759
000000010.087553	-00000001.915182	-00000000.215079
000000017.644379	-00000003.349890	-00000000.125383
000000020.044338	-00000003.896225	000000000.142557
000000019.853962	-00000003.859219	000000000.423665
000000010.688214	-00000002.126018	-00000000.228272
000000017.320246	-00000003.445211	-00000000.123289
000000019.842991	-00000004.037102	000000000.141371
000000019.819529	-00000004.032329	000000000.423665
000000010.218992	-00000002.125554	-00000000.218639
000000016.604206	-00000003.453680	-00000000.118402
000000020.012411	-00000004.253769	000000000.142837
000000019.724911	-00000004.192659	000000000.422409
000000010.522471	-00000002.284652	-00000000.225550
000000015.791670	-00000003.428708	-00000000.112817
000000019.818325	-00000004.393617	000000000.141720
000000019.599724	-00000004.345154	000000000.420524
000000010.131584	-00000002.292543	-00000000.217592
000000015.214970	-00000003.442796	-00000000.108908
000000016.554144	-00000003.821825	000000000.118612
000000019.808460	-00000004.573143	000000000.141929
000000019.746151	-00000004.558758	000000000.424503
000000010.140388	-00000002.387744	-00000000.218220
000000014.833939	-00000003.492929	-00000000.106394
000000016.267351	-00000003.905446	000000000.116796
000000020.253971	-00000004.862548	000000000.145420
000000019.598679	-00000004.705226	000000000.422199
000000010.206567	-00000002.497531	-00000000.220105
000000014.064690	-00000003.441608	-00000000.101089
000000016.155029	-00000004.027901	000000000.116238
000000016.675726	-00000004.157725	000000000.360000
000000019.964306	-00000004.977661	000000000.430995
000000010.242523	-00000002.601270	-00000000.221361
000000012.626308	-00000003.206674	-00000000.272880
000000013.733667	-00000003.487907	-00000000.098924
000000015.054329	-00000003.893314	000000000.108559
000000015.099792	-00000003.905071	000000000.326702
000000010.113082	-00000002.662552	-00000000.219058
000000012.919418	-00000003.401399	-00000000.093270
000000016.333408	-00000004.376523	000000000.118053
000000016.504051	-00000004.422247	000000000.357906
000000010.591041	-00000002.887449	-00000000.229948
000000013.236560	-00000003.608700	-00000000.095783
000000016.121143	-00000004.470789	000000000.116796
000000041.464008	-00000011.498987	000000000.300404
000000020.992903	-00000005.821847	000000000.456335
000000029.519161	-00000008.186388	000000000.641676
000000010.113186	-00000002.852214	-00000000.220105
000000012.588608	-00000003.550354	-00000000.091315
000000014.332063	-00000004.109653	000000000.104091
000000019.945694	-00000005.719336	000000000.144861
000000021.637474	-00000006.204446	000000000.157148
000000018.577114	-00000005.326901	000000000.404817
000000021.585201	-00000006.189457	000000000.470367
000000029.110231	-00000008.347224	000000000.634346
000000010.990160	-00000003.203340	-00000000.239791
000000011.760324	-00000003.427822	-00000000.085520
000000014.045187	-00000004.093799	-00000000.102136
000000019.540270	-00000005.788092	000000000.142278
000000021.553741	-00000006.384509	000000000.156939
000000024.497246	-00000007.256415	000000000.178371
000000019.268051	-00000005.707457	000000000.420943
000000021.789192	-00000006.454253	000000000.476021
000000029.007523	-00000008.592420	000000000.633718
000000010.128883	-00000003.048448	-00000000.221571
000000011.615058	-00000003.495736	-00000000.084683
000000014.008927	-00000004.216208	-00000000.102136
000000018.819620	-00000005.753735	000000000.137391
000000024.413866	-00000007.464068	000000000.178232
000000029.443907	-00000009.001905	000000000.214953
000000010.889923	-00000003.329383	000000000.238534
000000018.251854	-00000005.580152	000000000.399791
000000021.655552	-00000006.620767	000000000.474346
000000010.474272	-00000003.252348	-00000000.229738
000000011.650959	-00000003.617719	-00000000.085171
000000014.162601	-00000004.397604	-00000000.103532
000000010.795813	-00000003.403907	000000000.079028
000000018.787767	-00000005.923760	000000000.137531
000000024.366873	-00000007.682846	000000000.178371
000000010.812778	-00000003.409256	000000000.237487
000000010.102703	-00000003.233901	-00000000.222199
000000010.666573	-00000003.414397	-00000000.078190
000000010.527939	-00000003.420735	000000000.077283
000000010.649497	-00000003.460231	000000000.234555
000000009.979149	-00000003.290630	-00000000.220105
000000011.006744	-00000003.629480	-00000000.080913
000000013.808289	-00000004.553291	-00000000.101508
000000010.630449	-00000003.556899	000000000.078260
000000010.514603	-00000003.518137	000000000.232251
000000009.826980	-00000003.335810	-00000000.217382
000000010.804210	-00000003.667535	-00000000.079656
000000013.976348	-00000004.744331	-00000000.103043
000000010.513910	-00000003.620230	000000000.077632
000000010.445689	-00000003.596739	000000000.231414
000000009.495453	-00000003.315961	-00000000.210681
000000010.394167	-00000003.629806	-00000000.076864
000000010.302821	-00000003.648420	000000000.076305
000000010.404480	-00000003.684419	000000000.231204
000000009.315598	-00000003.344642	-00000000.207330
000000010.813848	-00000003.882568	-00000000.080215
000000015.011392	-00000005.389640	-00000000.111351
000000010.270591	-00000003.738189	000000000.076305
000000010.137059	-00000003.689588	000000000.225969
000000009.276678	-00000003.422347	-00000000.207121
000000010.357380	-00000003.821039	-00000000.077073
000000014.241398	-00000005.253929	-00000000.105976
000000010.115813	-00000003.782148	000000000.075398
000000010.067018	-00000003.763904	000000000.225131
000000009.190363	-00000003.481917	-00000000.205864
000000010.323641	-00000003.911278	-00000000.077073
000000009.951725	-00000003.820109	000000000.074420
000000010.061790	-00000003.862359	000000000.225759
000000008.842814	-00000003.438782	-00000000.198744
000000010.093399	-00000003.925108	-00000000.075607
000000010.001745	-00000003.939792	000000000.075049
000000009.981191	-00000003.931695	000000000.224712
000000008.496743	-00000003.389857	-00000000.191623
000000010.030899	-00000004.001923	-00000000.075398
000000009.929897	-00000004.011939	000000000.074769
000000009.946501	-00000004.018647	000000000.224712
000000008.772200	-00000003.588801	-00000000.198534
000000010.069635	-00000004.119596	-00000000.075956
000000009.802123	-00000004.060172	000000000.074071
000000009.892580	-00000004.097641	000000000.224293
000000008.215009	-00000003.444839	-00000000.186597
000000008.557817	-00000003.588590	-00000000.064786
000000009.876776	-00000004.192443	000000000.074909
000000009.976085	-00000004.234597	000000000.227016
000000008.735788	-00000003.753191	-00000000.199162
000000009.895141	-00000004.251288	-00000000.075188
000000009.894837	-00000004.302398	000000000.075328
000000009.920414	-00000004.313519	000000000.226597
000000007.842499	-00000003.450782	-00000000.179477
000000009.993010	-00000004.397029	-00000000.228691
000000010.095639	-00000004.442188	-00000000.077003
000000010.048755	-00000004.473994	000000000.076794
000000009.827594	-00000004.375526	000000000.225340
000000007.739162	-00000003.486238	-00000000.177801
000000010.109223	-00000004.553873	-00000000.232251
000000010.147664	-00000004.571189	-00000000.077701
000000009.845541	-00000004.486871	000000000.075537
000000009.843621	-00000004.485997	000000000.226597
000000007.245393	-00000003.340172	-00000000.167121
000000010.414118	-00000004.800974	-00000000.240210
000000010.189118	-00000004.697248	-00000000.078330
000000009.914765	-00000004.623331	000000000.076375
000000009.876588	-00000004.605529	000000000.228272
000000007.261182	-00000003.424596	-00000000.168168
000000010.453209	-00000004.930053	-00000000.242094
000000010.419070	-00000004.913952	-00000000.080424
000000009.828915	-00000004.688152	000000000.076026
000000009.854070	-00000004.700150	000000000.228691
000000007.294056	-00000003.518235	-00000000.169634
000000010.481829	-00000005.055834	-00000000.243770
000000010.294730	-00000004.965589	-00000000.079796
000000010.120174	-00000004.935939	000000000.078609
000000009.983412	-00000004.869235	000000000.232670
000000007.541045	-00000003.718832	-00000000.176126
000000010.231073	-00000005.045407	-00000000.238953
000000012.259952	-00000006.045939	-00000000.095434
000000015.506553	-00000007.646986	-00000000.120706
000000010.219901	-00000005.095455	000000000.079726
000000015.464089	-00000007.710111	000000000.120636
000000010.101593	-00000005.036469	000000000.236440
000000015.273179	-00000007.614926	000000000.357487
000000007.642224	-00000003.851998	-00000000.179267
000000010.061666	-00000005.071497	-00000000.236021
000000007.733009	-00000003.897758	-00000000.060458
000000011.992415	-00000006.044675	-00000000.093758
000000015.466018	-00000007.795515	-00000000.120915
000000010.264146	-00000005.229843	000000000.080424
000000015.565504	-00000007.931020	000000000.121963
000000010.244328	-00000005.219746	000000000.240838
000000015.223962	-00000007.756996	000000000.357906
000000007.617206	-00000003.923119	-00000000.179477
000000012.241468	-00000006.304770	-00000000.096132
000000013.162920	-00000006.852182	000000000.103602
000000015.398133	-00000008.015760	000000000.121195
000000015.341921	-00000007.986499	000000000.362304
000000007.547289	-00000003.970821	-00000000.178639
000000010.891809	-00000005.730458	-00000000.257801
000000011.309866	-00000005.950408	-00000000.089221
000000015.513011	-00000008.248414	000000000.122661
000000021.499250	-00000011.431355	000000000.169994
000000012.808760	-00000006.810538	000000000.303875
000000015.306953	-00000008.138851	000000000.363142
000000007.635648	-00000004.102782	-00000000.181571
000000011.697944	-00000006.285532	-00000000.092711
000000013.076480	-00000007.099949	000000000.103881
000000015.466805	-00000008.397790	000000000.122870
000000016.310448	-00000008.855850	000000000.129572
000000015.375927	-00000008.348447	000000000.366492
000000006.758081	-00000003.707610	-00000000.161466
000000010.816436	-00000005.934100	-00000000.258429
000000011.528675	-00000006.324848	-00000000.091804
000000013.014024	-00000007.213791	000000000.103881
000000012.381899	-00000006.863399	000000000.296545
000000006.045071	-00000003.385402	-00000000.145131
000000008.173494	-00000004.577377	-00000000.196230
000000010.677009	-00000005.979412	-00000000.256335
000000011.464318	-00000006.420327	-00000000.091734
000000012.828731	-00000007.258146	000000000.102904
000000012.278026	-00000006.946572	000000000.295498
000000007.655834	-00000004.375669	-00000000.184712
000000010.850105	-00000006.201346	-00000000.261780
000000011.451262	-00000006.544936	-00000000.092083
000000020.022020	-00000011.559719	000000000.161407
000000012.788390	-00000007.383380	000000000.309320
000000016.935741	-00000009.777855	000000000.409634
000000020.009459	-00000011.552466	000000000.483979
000000007.954180	-00000004.638741	-00000000.192880
000000010.372389	-00000006.048999	-00000000.251518
000000011.644218	-00000006.790708	-00000000.094107
000000016.680735	-00000009.825704	000000000.135157
000000019.636051	-00000011.566518	000000000.159103
000000016.729168	-00000009.854234	000000000.406702
000000019.890654	-00000011.716491	000000000.483560
000000007.681408	-00000004.569957	-00000000.187225
000000010.327800	-00000006.144395	-00000000.251728
000000010.888414	-00000006.477926	-00000000.088453
000000019.200079	-00000011.536572	000000000.156380
000000011.783465	-00000007.080220	000000000.287958
000000019.864780	-00000011.935965	000000000.485445
000000007.829275	-00000004.750921	-00000000.191833
000000009.282307	-00000005.632642	-00000000.227435
000000010.632771	-00000006.452124	-00000000.260524
000000011.703458	-00000007.101832	-00000000.095573
000000011.459204	-00000007.022209	000000000.093828
000000019.098675	-00000011.703683	000000000.156380
000000011.584839	-00000007.099198	000000000.284607
000000018.907412	-00000011.586476	000000000.464503
000000007.481459	-00000004.629667	-00000000.184293
000000009.521856	-00000005.892303	-00000000.234555
000000011.428455	-00000007.072143	-00000000.093828
000000018.953413	-00000011.843407	000000000.156031
000000012.522923	-00000007.825191	000000000.309320
000000018.737753	-00000011.708648	000000000.462827
000000007.297030	-00000004.604084	-00000000.180733
000000008.988115	-00000005.671078	-00000000.222618
000000010.459358	-00000006.599364	-00000000.259058
000000012.042871	-00000007.598485	-00000000.099413
000000018.749329	-00000011.829946	-00000000.154775
000000018.815603	-00000011.986862	000000000.155752
000000011.644682	-00000007.418480	000000000.289215
000000018.601135	-00000011.850229	000000000.461990
000000007.189307	-00000004.624318	-00000000.179058
000000008.896241	-00000005.722255	-00000000.221571
000000010.535908	-00000006.776923	-00000000.262409
000000010.554783	-00000006.789064	-00000000.087615
000000013.119889	-00000008.438996	-00000000.108908
000000018.931328	-00000012.177039	-00000000.157148
000000011.606918	-00000007.537621	000000000.096621
000000018.928333	-00000012.292203	000000000.157567
000000011.688503	-00000007.590603	000000000.291937
000000018.790485	-00000012.202683	000000000.469320
000000007.240650	-00000004.747178	-00000000.181361
000000009.857652	-00000006.462959	-00000000.246911
000000011.841523	-00000007.763643	-00000000.098855
000000018.807617	-00000012.330814	-00000000.157009
000000018.995457	-00000012.572819	000000000.159033
000000015.773660	-00000010.440357	000000000.396231
000000017.332685	-00000011.472254	000000000.435393
000000018.758316	-00000012.415858	000000000.471204
000000007.240512	-00000004.837955	-00000000.182408
000000008.903087	-00000005.948852	-00000000.224293
000000011.108163	-00000007.422237	-00000000.093270
000000018.981989	-00000012.683359	-00000000.159382
000000018.677761	-00000012.598310	000000000.157288
000000016.046648	-00000010.823601	000000000.405445
000000018.939354	-00000012.774755	000000000.478534
000000007.181489	-00000004.889702	-00000000.181990
000000008.685554	-00000005.913783	-00000000.220105
000000010.024335	-00000006.825326	-00000000.254032
000000011.365332	-00000007.738379	-00000000.095992
000000018.804459	-00000012.803500	-00000000.158824
000000012.081395	-00000008.303313	000000000.102345
000000018.501183	-00000012.715510	000000000.156729
000000012.120237	-00000008.330009	000000000.308063
000000016.849686	-00000011.580467	000000000.428273
000000006.809959	-00000004.724237	-00000000.173613
000000008.822553	-00000006.120422	-00000000.224922
000000011.116611	-00000007.711868	-00000000.094456
000000016.465405	-00000011.422458	-00000000.139904
000000015.375110	-00000010.765768	000000000.131038
000000016.603807	-00000011.626111	000000000.141510
000000018.880995	-00000013.220614	000000000.160918
000000015.658752	-00000010.964376	000000000.400419
000000008.825959	-00000006.237571	-00000000.226388
000000011.694022	-00000008.264518	-00000000.099972
000000016.479425	-00000011.646506	-00000000.140882
000000016.379606	-00000011.683459	000000000.140463
000000016.514782	-00000011.779880	000000000.424922
000000005.760911	-00000004.147263	-00000000.148691
000000008.576455	-00000006.174164	-00000000.221361
000000010.661743	-00000007.675357	-00000000.275183
000000011.296835	-00000008.132557	-00000000.097179
000000015.800960	-00000011.375063	-00000000.135925
000000015.581287	-00000011.320468	000000000.134459
000000015.796638	-00000011.476929	000000000.409005
000000006.788774	-00000004.977736	-00000000.176335
000000009.102763	-00000006.674422	-00000000.236440
000000011.193178	-00000008.207178	-00000000.096900
000000015.402717	-00000011.293739	-00000000.133342
000000015.401522	-00000011.396526	000000000.133761
000000015.438703	-00000011.424039	000000000.402304
000000004.910609	-00000003.666925	-00000000.128377
000000008.515460	-00000006.358796	-00000000.222618
000000011.497712	-00000008.585749	-00000000.100181
000000015.031156	-00000011.224297	-00000000.130968
000000015.053913	-00000011.343937	000000000.131597
000000015.042994	-00000011.335709	000000000.394555
000000005.180837	-00000003.939600	-00000000.136335
000000009.056517	-00000006.886735	-00000000.238325
000000011.000480	-00000008.364959	-00000000.096481
000000014.829155	-00000011.276352	-00000000.130061
000000014.811546	-00000011.365299	000000000.130340
000000014.832455	-00000011.381343	000000000.391623
000000005.027683	-00000003.892848	-00000000.133194
000000006.624526	-00000005.129256	-00000000.175497
000000008.711489	-00000006.745155	-00000000.230785
000000011.124731	-00000008.613687	-00000000.098226
000000015.022736	-00000011.631845	-00000000.132644
000000014.436005	-00000011.278644	000000000.127897
000000014.622272	-00000011.424170	000000000.388691
000000004.875749	-00000003.843730	-00000000.130052
000000008.275425	-00000006.523819	-00000000.220733
000000009.610171	-00000007.576048	-00000000.256335
000000014.386656	-00000011.341524	-00000000.127897
000000014.180515	-00000011.279691	000000000.126500
000000014.357711	-00000011.420638	000000000.384293
000000004.795238	-00000003.848585	-00000000.128796
000000008.186991	-00000006.570755	-00000000.219895
000000010.793339	-00000008.662570	-00000000.096621
000000014.029779	-00000011.260089	-00000000.125593
000000014.174797	-00000011.478524	000000000.127338
000000014.304119	-00000011.583247	000000000.385550
000000004.521461	-00000003.694189	-00000000.122304
000000004.630755	-00000003.783486	-00000000.041748
000000004.660499	-00000003.841819	000000000.042167
000000004.690448	-00000003.866507	000000000.127330
000000004.550546	-00000003.784649	-00000000.123979
000000004.612938	-00000003.836540	-00000000.041888
000000004.596155	-00000003.856632	000000000.041888
000000004.618235	-00000003.875159	000000000.126283
000000004.479192	-00000003.791916	-00000000.122932
000000004.564019	-00000003.863727	-00000000.041748
000000004.524305	-00000003.864122	000000000.041538
000000004.493013	-00000003.837396	000000000.123770
000000004.483801	-00000003.863490	-00000000.123979
000000004.514977	-00000003.890353	-00000000.041608
000000004.505506	-00000003.916577	000000000.041678
000000004.519719	-00000003.928931	000000000.125445
000000004.412332	-00000003.869511	-00000000.122932
000000004.495893	-00000003.942792	-00000000.041748
000000004.493625	-00000003.975623	000000000.041888
000000004.515213	-00000003.994723	000000000.126283
000000004.564870	-00000004.074302	-00000000.128168
000000007.444019	-00000006.644041	-00000000.209005
000000012.419130	-00000011.084498	-00000000.348691
000000012.496157	-00000011.153246	-00000000.116936
000000012.618291	-00000011.361561	000000000.118542
000000012.831297	-00000011.553351	000000000.361676
000000004.403332	-00000003.999705	-00000000.124607
000000007.356154	-00000006.681860	-00000000.208168
000000012.509381	-00000011.362721	-00000000.117983
000000014.404293	-00000013.083939	-00000000.135855
000000012.496547	-00000011.450975	000000000.118332
000000012.693130	-00000011.631111	000000000.360628
000000004.537117	-00000004.194068	-00000000.129424
000000007.356298	-00000006.800092	-00000000.209843
000000012.152740	-00000011.233878	-00000000.115540
000000012.286442	-00000011.457293	000000000.117285
000000012.510718	-00000011.666433	000000000.358325
000000004.383832	-00000004.123897	-00000000.126073
000000007.325805	-00000006.891429	-00000000.210681
000000012.134364	-00000011.414870	-00000000.116308
000000012.222260	-00000011.598493	000000000.117634
000000012.190868	-00000011.568703	000000000.352042
000000006.405963	-00000006.132376	-00000000.185759
000000012.084854	-00000011.568731	-00000000.116796
000000012.142159	-00000011.725547	000000000.117844
000000012.161368	-00000011.744097	000000000.354136
000000006.925121	-00000006.746154	-00000000.202513
000000007.341916	-00000007.152178	-00000000.071558
000000011.990602	-00000011.680727	-00000000.116866
000000011.832537	-00000011.627802	000000000.115819
000000011.958587	-00000011.751671	000000000.351204
000000004.863703	-00000004.821443	-00000000.143456
000000006.518072	-00000006.461438	-00000000.192251
000000011.731977	-00000011.630040	-00000000.115330
000000011.553843	-00000011.553843	000000000.114074
000000011.799025	-00000011.799025	000000000.349529
000000005.722384	-00000005.772541	-00000000.170262
000000007.017488	-00000007.078996	-00000000.208796
000000011.461081	-00000011.561537	-00000000.113655
000000012.693077	-00000012.804331	-00000000.125872
000000011.228293	-00000011.425994	000000000.111840
000000011.779700	-00000011.987110	000000000.352042
000000006.460123	-00000006.631502	-00000000.193927
000000011.059710	-00000011.353109	-00000000.110653
000000011.294870	-00000011.696180	000000000.113515
000000003.903124	-00000004.041803	000000000.117696
000000011.382954	-00000011.787394	000000000.343246
000000006.740774	-00000007.041504	-00000000.204189
000000007.087836	-00000007.404050	-00000000.071558
000000011.015534	-00000011.506978	-00000000.111211
000000003.820275	-00000004.025730	000000000.038746
000000010.813787	-00000011.395353	000000000.109676
000000003.847058	-00000004.053954	000000000.117068
000000011.444825	-00000012.060329	000000000.348272
000000006.069390	-00000006.451951	-00000000.185550
000000010.837217	-00000011.520302	-00000000.331309
000000010.846183	-00000011.529832	-00000000.110513
000000003.607683	-00000003.868767	000000000.036931
000000011.164042	-00000011.971969	000000000.114283
000000003.634254	-00000003.897260	000000000.111623
000000011.189138	-00000011.998882	000000000.343665
000000005.714249	-00000006.181640	-00000000.176335
000000010.736273	-00000011.614434	-00000000.331309
000000003.889433	-00000004.207565	-00000000.040003
000000011.118484	-00000012.027909	-00000000.114353
000000003.607564	-00000003.936965	000000000.037280
000000003.525807	-00000003.847744	000000000.109319
000000003.737540	-00000004.114710	-00000000.116440
000000006.661694	-00000007.333953	-00000000.207539
000000003.630692	-00000003.997081	-00000000.037699
000000010.750883	-00000011.835799	-00000000.111630
000000003.466012	-00000003.849396	000000000.036163
000000003.378369	-00000003.752059	000000000.105759
000000003.641574	-00000004.080039	-00000000.114555
000000003.628967	-00000004.065914	-00000000.038048
000000003.359402	-00000003.797113	000000000.035395
000000003.272625	-00000003.699030	000000000.103456
000000003.559687	-00000004.059045	-00000000.113089
000000006.427212	-00000007.328830	-00000000.204189
000000010.501076	-00000011.974181	-00000000.333613
000000003.566974	-00000004.067354	-00000000.037769
000000003.306457	-00000003.803643	000000000.035186
000000003.233662	-00000003.719902	000000000.103246
000000003.308766	-00000003.840012	-00000000.106178
000000003.374686	-00000003.916516	-00000000.036093
000000003.214689	-00000003.763918	000000000.034557
000000003.201077	-00000003.747979	000000000.103246
000000003.307429	-00000003.906893	-00000000.107225
000000003.327457	-00000003.930552	-00000000.035953
000000003.175293	-00000003.784167	000000000.034487
000000003.103983	-00000003.699183	000000000.101152
000000003.059462	-00000003.711424	000000000.033580
000000003.046146	-00000003.695271	000000000.100314
000000003.008078	-00000003.714667	000000000.033370
000000002.963449	-00000003.659555	000000000.098639
000000003.137397	-00000003.944249	000000000.035186
000000002.794477	-00000003.513140	000000000.094031
000000002.979729	-00000003.813879	000000000.033789
000000002.856043	-00000003.655568	000000000.097173
000000002.757622	-00000003.593803	000000000.031625
000000002.793602	-00000003.640693	000000000.096126
000000002.726156	-00000003.617731	000000000.031625
000000002.882062	-00000003.824625	000000000.100314
000000002.753963	-00000003.721767	000000000.032323
000000002.824789	-00000003.817483	000000000.099476
000000002.803667	-00000003.858917	000000000.033301
000000002.808997	-00000003.866253	000000000.100105
000000002.769886	-00000003.883236	000000000.033301
000000002.560338	-00000003.589462	000000000.092356
000000002.598238	-00000003.710669	000000000.031625
000000002.563324	-00000003.660806	000000000.093613
000000002.531774	-00000003.683754	000000000.031206
000000002.553932	-00000003.715994	000000000.094450
000000002.488348	-00000003.689127	000000000.031067
000000002.521407	-00000003.738140	000000000.094450
000000002.461579	-00000003.719040	000000000.031136
000000002.549390	-00000003.851707	000000000.096754
000000002.450816	-00000003.773926	000000000.031416
000000002.455783	-00000003.781575	000000000.094450
000000002.621958	-00000004.115650	000000000.034069
000000002.390459	-00000003.752269	000000000.093194
000000002.464065	-00000003.943328	000000000.032463
000000002.463584	-00000003.942559	000000000.097382
000000002.476583	-00000004.041416	000000000.033091
000000002.413414	-00000003.938334	000000000.096754
000000002.333066	-00000003.882874	000000000.031625
000000002.348058	-00000003.907826	000000000.095497
000000002.395523	-00000004.066791	000000000.032952
000000002.258050	-00000003.833409	000000000.093194
000000002.324943	-00000004.026920	000000000.032463
000000002.294497	-00000003.974185	000000000.096126
