000000004.091906	000000004.748891	-00000000.131309
000000006.403418	000000007.431532	-00000000.068486
000000004.146376	000000004.728035	-00000000.131728
000000004.194135	000000004.699131	-00000000.131937
000000004.594471	000000005.147671	-00000000.048171
000000006.825121	000000007.646902	-00000000.071558
000000004.261871	000000004.691954	-00000000.132775
000000006.864698	000000007.557443	-00000000.071279
000000004.282293	000000004.632559	-00000000.132147
000000005.077306	000000005.492599	-00000000.052220
000000006.984689	000000007.555995	-00000000.071837
000000004.343108	000000004.616859	-00000000.132775
000000004.768757	000000005.069338	-00000000.048590
000000007.214801	000000007.669559	-00000000.073513
000000004.403972	000000004.600449	-00000000.133403
000000004.792068	000000005.005860	-00000000.048380
000000007.585713	000000007.924140	-00000000.076584
000000004.388139	000000004.504551	-00000000.131728
000000004.814637	000000004.942363	-00000000.048171
000000007.445243	000000007.642756	-00000000.074490
000000004.455436	000000004.494487	-00000000.132566
000000004.843503	000000004.885956	-00000000.048031
000000007.821413	000000007.889967	-00000000.077562
000000004.451886	000000004.413204	-00000000.131309
000000004.843346	000000004.801263	-00000000.047612
000000007.691120	000000007.624294	-00000000.075607
000000004.447259	000000004.332328	-00000000.130052
000000004.784780	000000004.661127	-00000000.046635
000000004.456008	000000004.265700	-00000000.129215
000000004.767486	000000004.563875	-00000000.046076
000000004.478499	000000004.212951	-00000000.128796
000000004.690595	000000004.412471	-00000000.044959
000000004.426994	000000004.092271	-00000000.126283
000000004.662834	000000004.310280	-00000000.044331
000000004.499539	000000004.087093	-00000000.127330
000000004.648457	000000004.222361	-00000000.043842
000000004.505198	000000004.021043	-00000000.126492
000000004.737349	000000004.228245	-00000000.044331
000000004.570183	000000004.007943	-00000000.127330
000000004.751512	000000004.166964	-00000000.044122
000000004.604985	000000003.967909	-00000000.127330
000000004.780118	000000004.118814	-00000000.044052
000000004.662328	000000003.946952	-00000000.127958
000000004.823512	000000004.083404	-00000000.044122
000000004.704280	000000003.912508	-00000000.128168
000000004.905091	000000004.079522	-00000000.044540
000000004.815666	000000003.934564	-00000000.130262
000000004.955992	000000004.049215	-00000000.044680
000000004.881006	000000003.917422	-00000000.131100
000000005.037931	000000004.043367	-00000000.045099
000000004.977818	000000003.924195	-00000000.132775
000000005.182965	000000004.085920	-00000000.046076
000000009.886899	000000007.794203	-00000000.087894
000000004.988157	000000003.862244	-00000000.132147
000000005.289584	000000004.095634	-00000000.046705
000000009.582924	000000007.419892	-00000000.084613
000000005.164920	000000003.927496	-00000000.135916
000000005.436561	000000004.134057	-00000000.047682
000000007.211603	000000005.483830	-00000000.063250
000000008.357818	000000006.355432	-00000000.073303
000000005.287115	000000003.948076	-00000000.138220
000000006.922665	000000005.169399	-00000000.060318
000000008.949787	000000006.683123	-00000000.077981
000000005.369743	000000003.937258	-00000000.139477
000000007.161054	000000005.250702	-00000000.061994
000000005.533721	000000003.983709	-00000000.142827
000000007.182255	000000005.170484	-00000000.061784
000000008.521319	000000006.134472	-00000000.073303
000000009.681842	000000006.969929	-00000000.083286
000000005.633591	000000003.981428	-00000000.144503
000000007.186271	000000005.078754	-00000000.061435
000000010.085278	000000007.127570	-00000000.086219
000000005.684550	000000003.943513	-00000000.144922
000000007.485021	000000005.192544	-00000000.063599
000000010.007416	000000006.942391	-00000000.085032
000000005.867500	000000003.995039	-00000000.148691
000000007.472189	000000005.087633	-00000000.063111
000000010.332120	000000007.034890	-00000000.087266
000000006.026833	000000004.027001	-00000000.151833
000000007.582818	000000005.066677	-00000000.063669
000000010.268400	000000006.861125	-00000000.086219
000000018.461782	000000012.219586	000000000.154565
000000006.070106	000000003.979736	-00000000.152042
000000007.559843	000000004.956450	-00000000.063111
000000010.511861	000000006.891878	-00000000.087754
000000018.467075	000000011.992660	000000000.153727
000000018.513784	000000012.022992	000000000.462409
000000006.205507	000000003.991516	-00000000.154555
000000007.602808	000000004.890290	-00000000.063111
000000010.470680	000000006.734968	-00000000.086917
000000018.739700	000000011.938506	000000000.155124
000000018.795073	000000011.973783	000000000.466807
000000006.333112	000000003.995896	-00000000.156859
000000007.509880	000000004.738381	-00000000.061994
000000010.833509	000000006.835435	-00000000.089430
000000019.012775	000000011.880501	000000000.156520
000000018.949718	000000011.841098	000000000.468063
000000006.665299	000000004.124612	-00000000.164189
000000007.627474	000000004.720024	-00000000.062622
000000010.790707	000000006.677492	-00000000.088592
000000018.953728	000000011.614860	000000000.155193
000000019.086426	000000011.696177	000000000.468901
000000006.701039	000000004.066290	-00000000.164189
000000007.659824	000000004.648095	-00000000.062552
000000010.831470	000000006.572697	-00000000.088453
000000018.939243	000000011.379846	000000000.462827
000000006.822190	000000004.058777	-00000000.166283
000000007.854784	000000004.673105	-00000000.063809
000000018.834755	000000011.094519	000000000.152610
000000019.210115	000000011.315623	000000000.467016
000000006.779622	000000003.953758	-00000000.164398
000000007.947093	000000004.634607	-00000000.064228
000000012.672158	000000007.390184	-00000000.102415
000000019.528397	000000011.274725	000000000.157427
000000019.559223	000000011.292522	000000000.473089
000000006.944067	000000003.968861	-00000000.167539
000000008.178233	000000004.674245	-00000000.065763
000000019.443272	000000011.000474	000000000.155961
000000019.552603	000000011.062330	000000000.470576
000000006.908653	000000003.869031	-00000000.165864
000000008.096565	000000004.534295	-00000000.064786
000000014.562063	000000008.071883	000000000.116238
000000015.594090	000000008.643945	000000000.124476
000000018.462772	000000010.234082	000000000.147374
000000019.779560	000000010.963989	000000000.473718
000000007.082398	000000003.885537	-00000000.169215
000000008.276098	000000004.540423	-00000000.065903
000000018.788651	000000010.201406	000000000.149259
000000019.851995	000000010.778754	000000000.157707
000000020.102924	000000010.914998	000000000.479163
000000007.054388	000000003.790459	-00000000.167749
000000008.174466	000000004.392299	-00000000.064786
000000013.239465	000000007.113821	-00000000.104928
000000015.177500	000000008.070020	000000000.120008
000000020.519201	000000010.910254	000000000.162244
000000020.868303	000000011.095874	000000000.495079
000000031.108250	000000016.540550	000000000.738011
000000007.264155	000000003.821857	-00000000.171937
000000008.442576	000000004.441854	-00000000.066601
000000049.395668	000000025.713757	000000001.166493
000000007.288342	000000003.753743	-00000000.171728
000000008.507687	000000004.381746	-00000000.066811
000000018.104811	000000009.224862	000000000.141859
000000025.339609	000000012.911176	000000000.198547
000000031.463448	000000016.031427	000000000.739686
000000007.490450	000000003.775498	-00000000.175707
000000008.590248	000000004.329842	-00000000.067160
000000008.984922	000000004.479717	000000000.070092
000000018.113029	000000009.030824	000000000.141301
000000032.198952	000000016.053806	000000000.251186
000000032.282150	000000016.095287	000000000.755603
000000007.567945	000000003.732098	-00000000.176754
000000008.484209	000000004.183949	-00000000.066043
000000008.969746	000000004.374837	000000000.069673
000000008.923068	000000004.352071	000000000.207958
000000033.230114	000000016.207409	000000000.774451
000000007.834356	000000003.778845	-00000000.182199
000000008.736560	000000004.214016	-00000000.067718
000000008.944402	000000004.266261	000000000.069184
000000009.023873	000000004.304167	000000000.209424
000000007.894161	000000003.723128	-00000000.182827
000000008.800134	000000004.150413	-00000000.067928
000000008.999417	000000004.196497	000000000.069324
000000009.015784	000000004.204129	000000000.208377
000000008.080701	000000003.725254	-00000000.186388
000000008.854180	000000004.081833	-00000000.068067
000000009.017496	000000004.109510	000000000.069184
000000009.097617	000000004.146023	000000000.209424
000000008.176712	000000003.683340	-00000000.187854
000000008.898581	000000004.008518	-00000000.068137
000000009.144367	000000004.071335	000000000.069882
000000034.095173	000000015.180150	000000000.781781
000000008.327508	000000003.664191	-00000000.190576
000000008.924069	000000003.926685	-00000000.068067
000000009.225400	000000004.011318	000000000.070231
000000035.241760	000000015.323553	000000000.268290
000000035.684147	000000015.515909	000000000.815079
000000008.304050	000000003.567702	-00000000.189319
000000008.994747	000000003.864448	-00000000.068347
000000009.379716	000000003.981453	000000000.071139
000000027.384352	000000011.623968	000000000.207692
000000035.042767	000000014.874771	000000000.265777
000000039.434982	000000016.739157	000000000.897383
000000008.519268	000000003.572426	-00000000.193508
000000009.065015	000000003.801276	-00000000.068626
000000019.484144	000000008.070597	000000000.147235
000000035.319054	000000014.629631	000000000.266894
000000039.718105	000000016.451778	000000000.900524
000000008.587132	000000003.513088	-00000000.194346
000000009.282945	000000003.797753	-00000000.070022
000000019.563103	000000007.904006	000000000.147305
000000035.445374	000000014.320861	000000000.266894
000000008.896044	000000003.549162	-00000000.200628
000000009.399323	000000003.749950	-00000000.070650
000000012.826548	000000005.117274	-00000000.096411
000000019.947666	000000007.857595	000000000.149678
000000008.991903	000000003.496760	-00000000.202094
000000009.692645	000000003.769264	-00000000.072605
000000012.842755	000000004.994274	-00000000.096202
000000020.164846	000000007.740559	000000000.150795
000000036.446091	000000013.990344	000000000.272548
000000036.532322	000000014.023445	000000000.819686
000000009.209062	000000003.489002	-00000000.206283
000000009.977650	000000003.780193	-00000000.074490
000000012.932605	000000004.899725	-00000000.096551
000000020.418955	000000007.634335	000000000.152191
000000009.267298	000000003.418887	-00000000.206911
000000010.104074	000000003.727590	-00000000.075188
000000012.149282	000000004.482107	-00000000.090407
000000020.287470	000000007.384035	000000000.150725
000000009.739036	000000003.496671	-00000000.216754
000000010.484446	000000003.764301	-00000000.077771
000000020.831869	000000007.376952	000000000.154286
000000023.405218	000000008.288222	000000000.173345
000000009.778617	000000003.414846	-00000000.216963
000000010.800115	000000003.771569	-00000000.079866
000000013.010018	000000004.479709	000000000.096062
000000033.508362	000000011.537854	000000000.247416
000000033.416748	000000011.506310	000000000.740314
000000010.120462	000000003.435434	-00000000.223874
000000011.457576	000000003.889323	-00000000.084473
000000012.877921	000000004.308892	000000000.094806
000000009.969654	000000003.287499	-00000000.219895
000000011.472086	000000003.782927	-00000000.084334
000000013.010137	000000004.227250	000000000.095504
000000013.045634	000000004.238783	000000000.287330
000000010.312184	000000003.300956	-00000000.226806
000000012.047513	000000003.856439	-00000000.088313
000000012.913013	000000004.071457	000000000.094526
000000013.043986	000000004.112753	000000000.286492
000000010.035058	000000003.115968	-00000000.220105
000000012.223958	000000003.795640	-00000000.089360
000000013.158433	000000004.022937	000000000.096062
000000013.146307	000000004.019229	000000000.287958
000000010.588417	000000003.186752	-00000000.231623
000000012.725813	000000003.830035	-00000000.092781
000000013.097158	000000003.879555	000000000.095364
000000030.719837	000000009.099630	000000000.223680
000000030.704260	000000009.095016	000000000.670786
000000010.087912	000000002.940358	-00000000.220105
000000012.931557	000000003.769205	-00000000.094038
000000016.860121	000000004.834562	000000000.122451
000000010.748267	000000003.031325	-00000000.233927
000000013.021702	000000003.672500	-00000000.094456
000000016.245848	000000004.581803	-00000000.117844
000000016.892031	000000004.684575	000000000.122382
000000010.128045	000000002.761222	-00000000.219895
000000013.275150	000000003.619221	-00000000.096062
000000016.304508	000000004.445119	-00000000.117983
000000016.854996	000000004.516283	000000000.121823
000000027.508896	000000007.370986	000000000.198826
000000027.455248	000000007.356612	000000000.595393
000000011.079916	000000002.917099	-00000000.240000
000000013.615675	000000003.584708	-00000000.098296
000000016.352348	000000004.305214	-00000000.118053
000000017.000257	000000004.396565	000000000.122591
000000017.064699	000000004.413231	000000000.369215
000000027.499043	000000007.111736	000000000.594974
000000010.135932	000000002.574199	-00000000.219058
000000013.801512	000000003.505137	-00000000.099413
000000016.999166	000000004.238369	000000000.122312
000000017.005554	000000004.239961	000000000.367121
000000012.731502	000000003.115379	-00000000.274555
000000014.472644	000000003.541433	-00000000.104021
000000016.609545	000000004.064330	-00000000.119380
000000017.171635	000000004.122545	000000000.123289
000000017.109957	000000004.107738	000000000.368587
000000010.033340	000000002.362538	-00000000.215916
000000014.561399	000000003.428754	-00000000.104440
000000017.245930	000000003.981537	000000000.123568
000000020.743834	000000004.789092	000000000.148631
000000024.056612	000000005.553906	000000000.172367
000000024.198044	000000005.586559	000000000.520210
000000015.058918	000000003.407485	-00000000.107791
000000020.814123	000000004.614380	000000000.148840
000000020.927197	000000004.639448	000000000.449005
000000010.151205	000000002.204043	-00000000.217592
000000012.613287	000000002.738613	-00000000.270367
000000014.990360	000000003.254726	-00000000.107093
000000020.931849	000000004.449202	000000000.149399
000000010.698621	000000002.225316	-00000000.228901
000000015.556654	000000003.235789	-00000000.110932
000000021.116861	000000004.296274	000000000.150446
000000119.318855	000000024.275696	000000002.550577
000000010.060650	000000002.001188	-00000000.214869
000000015.927565	000000003.168190	-00000000.113376
000000020.233107	000000004.024615	-00000000.144023
000000073.291840	000000014.246490	000000001.563980
000000016.435995	000000003.120471	-00000000.116796
000000018.204363	000000003.456206	-00000000.129363
000000009.907116	000000001.791498	-00000000.210890
000000016.767645	000000003.032084	-00000000.118961
000000118.997765	000000020.982515	000000002.531101
000000010.602258	000000001.821801	-00000000.225340
000000018.665977	000000003.207402	-00000000.132225
000000092.305946	000000015.446718	000000001.960420
000000009.966477	000000001.623144	-00000000.211518
000000112.196541	000000017.770185	000000002.379478
000000050.517700	000000007.549921	000000000.356603
000000050.458408	000000007.541060	000000001.068692
000000009.914132	000000001.437481	-00000000.209843
000000066.801857	000000009.388389	000000000.470956
000000066.590828	000000009.358730	000000001.408587
000000054.914791	000000007.229670	000000000.386692
000000055.013123	000000007.242615	000000001.162304
000000009.818695	000000001.249096	-00000000.207330
000000038.619030	000000004.741821	000000000.271641
000000038.680962	000000004.749425	000000000.816335
000000009.958292	000000001.178642	-00000000.210052
000000038.599323	000000004.397838	000000000.271222
000000038.691135	000000004.408298	000000000.815707
000000009.799246	000000001.073192	-00000000.206492
000000009.796572	000000000.900178	-00000000.206073
000000009.731028	000000000.723140	-00000000.204398
000000009.657156	000000000.632963	-00000000.202723
000000048.667866	000000002.976654	000000000.340406
000000066.880318	000000004.090576	000000001.403561
000000009.642348	000000000.547532	-00000000.202304
000000062.969749	000000003.300105	000000001.320838
000000074.442734	000000003.250240	000000001.560839
000000009.650435	000000000.379167	-00000000.202304
000000009.473500	000000000.289442	-00000000.198534
000000043.823910	000000001.147569	000000000.306058
000000120.575729	000000003.157387	000000000.842080
000000009.655583	000000000.210686	-00000000.202304
000000052.260765	000000000.912215	000000000.364910
000000043.883690	000000000.765993	000000000.919372
000000052.310558	000000000.913084	000000001.095917
000000009.647057	000000000.126287	-00000000.202094
000000009.657789	000000000.042140	-00000000.202304
000000058.338577	000000000.000000	000000000.407287
000000058.367199	000000000.000000	000000001.222618
000000009.887737	-00000000.043144	-00000000.207121
000000120.209053	-00000001.049049	000000002.518116
000000009.657054	-00000000.126418	-00000000.202304
000000014.948355	-00000000.195685	-00000000.104370
000000009.925460	-00000000.216574	-00000000.207958
000000030.028975	-00000000.786336	000000000.209717
000000009.693349	-00000000.296159	-00000000.203141
000000027.546474	-00000000.841621	-00000000.192404
000000027.882324	-00000000.973672	000000000.194777
000000037.776051	-00000001.319169	000000000.263892
000000119.860626	-00000004.185626	000000002.512253
000000027.068455	-00000001.063522	-00000000.189122
000000027.852785	-00000001.216079	000000000.194638
000000037.723141	-00000001.647028	000000000.263612
000000037.835648	-00000001.651940	000000000.793299
000000009.696691	-00000000.465765	-00000000.203351
000000017.169786	-00000000.824724	-00000000.120008
000000027.038166	-00000001.298736	-00000000.188983
000000028.210596	-00000001.478455	000000000.197221
000000028.474669	-00000001.492294	000000000.597278
000000009.712220	-00000000.551500	-00000000.203770
000000026.955917	-00000001.530668	-00000000.188494
000000028.156696	-00000001.722137	000000000.196941
000000028.300896	-00000001.730957	000000000.593927
000000009.687085	-00000000.634925	-00000000.203351
000000016.364487	-00000001.072585	-00000000.114493
000000026.731991	-00000001.752107	-00000000.187028
000000027.911161	-00000001.951739	000000000.195336
000000041.298145	-00000002.887848	000000000.289024
000000041.280121	-00000002.886587	000000000.866807
000000025.758345	-00000001.914176	-00000000.180326
000000028.341669	-00000002.230538	000000000.198477
000000046.345558	-00000003.647475	000000000.324559
000000046.386356	-00000003.650686	000000000.974660
000000065.213997	-00000005.132453	000000001.370263
000000009.624711	-00000000.799752	-00000000.202304
000000015.655663	-00000001.300885	-00000000.109676
000000016.921268	-00000001.406049	-00000000.118542
000000025.551315	-00000002.123151	-00000000.179000
000000028.679747	-00000002.509153	000000000.200990
000000066.182617	-00000005.790229	000000001.391624
000000009.607409	-00000000.882797	-00000000.202094
000000017.207090	-00000001.581110	-00000000.120636
000000025.272913	-00000002.322254	-00000000.177184
000000027.979906	-00000002.694159	000000000.196243
000000066.149475	-00000006.369470	000000001.392043
000000119.172554	-00000011.475012	000000002.507855
000000009.688868	-00000000.975618	-00000000.203979
000000015.759917	-00000001.586940	-00000000.110583
000000018.197531	-00000001.832395	-00000000.127687
000000029.516691	-00000003.102329	000000000.207204
000000010.524748	-00000001.152647	-00000000.221780
000000010.594316	-00000001.160266	-00000000.223246
000000023.906471	-00000002.618185	-00000000.167899
000000009.710079	-00000001.149264	-00000000.204817
000000015.491490	-00000001.833539	-00000000.108908
000000023.386192	-00000002.767938	-00000000.164409
000000028.495304	-00000003.498784	000000000.200432
000000057.516647	-00000007.062157	000000000.404564
000000057.485588	-00000007.058343	000000001.213194
000000010.453439	-00000001.329845	-00000000.220733
000000022.954435	-00000002.920173	-00000000.161546
000000009.728168	-00000001.323946	-00000000.205655
000000015.615666	-00000002.125199	-00000000.110025
000000022.620916	-00000003.078572	-00000000.159382
000000050.413319	-00000007.085130	000000000.355416
000000050.433189	-00000007.087923	000000001.066807
000000010.309906	-00000001.494865	-00000000.218220
000000017.031485	-00000002.469448	-00000000.120147
000000021.831177	-00000003.165370	-00000000.154007
000000027.998356	-00000004.184382	000000000.197639
000000009.664056	-00000001.487440	-00000000.204817
000000015.655265	-00000002.409576	-00000000.110583
000000020.883570	-00000003.214289	-00000000.147514
000000030.933645	-00000004.899408	000000000.218653
000000010.223040	-00000001.664928	-00000000.216963
000000016.966055	-00000002.763098	-00000000.120008
000000020.292150	-00000003.304786	-00000000.143535
000000028.345158	-00000004.743352	000000000.200641
000000030.899574	-00000005.170815	000000000.218723
000000031.199232	-00000005.220961	000000000.662618
000000009.685891	-00000001.664340	-00000000.205864
000000015.926198	-00000002.736621	-00000000.112817
000000019.079901	-00000003.278527	-00000000.135157
000000030.951754	-00000005.457629	000000000.219421
000000019.770603	-00000003.486091	000000000.420524
000000010.113720	-00000001.828858	-00000000.215288
000000017.722141	-00000003.204685	-00000000.125732
000000019.762943	-00000003.662845	000000000.140323
000000024.708593	-00000004.579467	000000000.175439
000000019.572311	-00000003.627514	000000000.416964
000000009.773237	-00000001.855507	-00000000.208377
000000015.954605	-00000003.029077	-00000000.113376
000000019.671329	-00000003.823719	000000000.139904
000000019.343628	-00000003.760020	000000000.412775
000000010.139096	-00000002.016792	-00000000.216545
000000016.986786	-00000003.378882	-00000000.120915
000000019.333443	-00000003.933433	000000000.137740
000000019.045559	-00000003.874863	000000000.407121
000000009.700212	-00000002.017647	-00000000.207539
000000015.781829	-00000003.282625	-00000000.112538
000000019.454882	-00000004.135262	000000000.138857
000000019.020800	-00000004.042995	000000000.407330
000000010.121894	-00000002.197679	-00000000.216963
000000014.882867	-00000003.231387	-00000000.106325
000000016.876369	-00000003.664219	-00000000.120566
000000018.295341	-00000004.055979	000000000.130829
000000018.770054	-00000004.161221	000000000.402723
000000009.702527	-00000002.195458	-00000000.208377
000000015.488059	-00000003.504590	-00000000.110862
000000017.294647	-00000003.992784	000000000.123917
000000019.106932	-00000004.411183	000000000.136903
000000018.927858	-00000004.369841	000000000.406911
000000009.984681	-00000002.351080	-00000000.214869
000000015.203814	-00000003.580023	-00000000.109047
000000017.210529	-00000004.131882	000000000.123568
000000017.440491	-00000004.187091	000000000.375707
000000009.779269	-00000002.392972	-00000000.210890
000000014.764039	-00000003.612737	-00000000.106115
000000017.057383	-00000004.252883	000000000.122731
000000017.189869	-00000004.285916	000000000.371100
000000010.048720	-00000002.552050	-00000000.217173
000000014.111658	-00000003.583905	-00000000.101647
000000015.788387	-00000004.009740	-00000000.113725
000000017.068026	-00000004.414092	000000000.123080
000000014.257687	-00000003.687289	000000000.308482
000000017.122776	-00000004.428251	000000000.370471
000000009.726349	-00000002.560734	-00000000.210681
000000013.847760	-00000003.645811	-00000000.099972
000000014.131150	-00000003.786430	000000000.102136
000000016.468634	-00000004.412757	000000000.119030
000000014.118738	-00000003.783104	000000000.306178
000000010.108753	-00000002.755962	-00000000.219477
000000013.275150	-00000003.619221	-00000000.096062
000000015.349392	-00000004.184725	-00000000.111072
000000014.107206	-00000003.912275	000000000.102206
000000016.718582	-00000004.636473	000000000.121125
000000013.940675	-00000003.866091	000000000.303037
000000009.728288	-00000002.743661	-00000000.211728
000000012.752221	-00000003.596498	-00000000.092502
000000015.264168	-00000004.304941	-00000000.110723
000000013.793770	-00000003.955300	000000000.100181
000000013.829522	-00000003.965552	000000000.301361
000000010.049518	-00000002.929167	-00000000.219267
000000012.758752	-00000003.718837	-00000000.092781
000000013.634085	-00000004.038600	000000000.099274
000000013.823149	-00000004.094603	000000000.301990
000000009.717217	-00000002.924551	-00000000.212566
000000012.141709	-00000003.654240	-00000000.088522
000000013.980835	-00000004.274370	000000000.102066
000000013.700842	-00000004.188767	000000000.300105
000000009.987318	-00000003.101145	-00000000.219058
000000011.536360	-00000003.582135	-00000000.084334
000000014.468199	-00000004.492495	-00000000.105766
000000013.971613	-00000004.405232	000000000.102275
000000013.644697	-00000004.302156	000000000.299686
000000009.740871	-00000003.118078	-00000000.214241
000000011.180854	-00000003.579020	-00000000.081960
000000013.990353	-00000004.478347	-00000000.102555
000000014.160887	-00000004.601151	000000000.103951
000000013.606634	-00000004.421063	000000000.299686
000000009.808240	-00000003.234273	-00000000.216335
000000011.367621	-00000003.748480	-00000000.083566
000000014.055204	-00000004.634711	-00000000.103323
000000014.224508	-00000004.759454	000000000.104719
000000013.624422	-00000004.558668	000000000.300943
000000009.656569	-00000003.277963	-00000000.213613
000000011.325008	-00000003.844322	-00000000.083496
000000014.106793	-00000004.857358	000000000.104160
000000013.536857	-00000004.661113	000000000.299895
000000009.721985	-00000003.395069	-00000000.215707
000000011.375996	-00000003.972676	-00000000.084124
000000013.811686	-00000004.823256	-00000000.102136
000000014.113787	-00000004.928755	-00000000.104370
000000014.129851	-00000005.003643	000000000.104649
000000020.124907	-00000007.126603	000000000.149050
000000033.811726	-00000011.973360	000000000.250418
000000010.140598	-00000003.590974	000000000.225340
000000013.523939	-00000004.789078	000000000.300524
000000009.532022	-00000003.422346	-00000000.212147
000000010.766790	-00000003.865673	-00000000.079866
000000013.803748	-00000005.024153	000000000.102555
000000010.118270	-00000003.682749	000000000.225550
000000013.754083	-00000005.006077	000000000.306597
000000009.454894	-00000003.488095	-00000000.211100
000000009.353539	-00000003.450703	-00000000.069603
000000011.605144	-00000004.281363	-00000000.086358
000000008.251882	-00000003.085252	000000000.061505
000000013.853045	-00000005.179441	000000000.103253
000000009.889090	-00000003.697379	000000000.221152
000000008.283481	-00000003.138330	-00000000.185550
000000008.228990	-00000003.117685	-00000000.061435
000000008.233978	-00000003.160728	000000000.061575
000000008.213706	-00000003.152946	000000000.184293
000000007.994874	-00000003.109036	-00000000.179686
000000008.070992	-00000003.138637	-00000000.060458
000000008.075828	-00000003.181153	000000000.060597
000000008.037045	-00000003.165876	000000000.180943
000000007.883863	-00000003.145343	-00000000.177801
000000007.913265	-00000003.157073	-00000000.059480
000000007.871599	-00000003.180332	000000000.059271
000000007.888604	-00000003.187203	000000000.178220
000000007.708061	-00000003.153451	-00000000.174450
000000007.783606	-00000003.184357	-00000000.058712
000000007.677252	-00000003.180022	000000000.058014
000000007.712703	-00000003.194706	000000000.174869
000000007.495850	-00000003.143271	-00000000.170262
000000007.561863	-00000003.170953	-00000000.057246
000000007.593980	-00000003.223453	000000000.057595
000000007.546484	-00000003.203293	000000000.171728
000000007.440577	-00000003.196724	-00000000.169634
000000007.570655	-00000003.252610	-00000000.057526
000000007.593072	-00000003.301562	000000000.057805
000000007.591592	-00000003.300918	000000000.173403
000000007.421548	-00000003.265559	-00000000.169843
000000007.560289	-00000003.326607	-00000000.057665
000000007.554837	-00000003.363630	000000000.057735
000000007.562497	-00000003.367041	000000000.173403
000000007.720931	-00000003.478026	-00000000.177382
000000007.567441	-00000003.408884	-00000000.057944
000000007.497898	-00000003.416989	000000000.057526
000000007.523730	-00000003.428761	000000000.173194
000000007.635809	-00000003.520156	-00000000.176126
000000009.424459	-00000004.344735	-00000000.217382
000000007.900653	-00000003.642251	-00000000.060737
000000009.498946	-00000004.379074	-00000000.073024
000000009.343806	-00000004.357088	000000000.071977
000000009.287618	-00000004.330887	000000000.214660
000000007.460118	-00000003.518420	-00000000.172775
000000009.322887	-00000004.396959	-00000000.215916
000000009.388016	-00000004.427676	-00000000.072465
000000009.233222	-00000004.404021	000000000.071418
000000009.141184	-00000004.360121	000000000.212147
000000007.330076	-00000003.535609	-00000000.170471
000000009.311177	-00000004.491179	-00000000.216545
000000009.502135	-00000004.583286	-00000000.073652
000000013.131860	-00000006.334057	-00000000.101787
000000009.311279	-00000004.541414	000000000.072326
000000009.129745	-00000004.452874	000000000.212775
000000007.146508	-00000003.524268	-00000000.166911
000000009.325431	-00000004.598794	-00000000.217801
000000009.802581	-00000004.834098	-00000000.076305
000000009.593463	-00000004.783124	000000000.074839
000000009.126328	-00000004.550220	000000000.213613
000000007.052987	-00000003.554998	-00000000.165445
000000009.177810	-00000004.625997	-00000000.215288
000000009.170671	-00000004.622398	-00000000.071698
000000009.560266	-00000004.871199	000000000.074909
000000009.139722	-00000004.656921	000000000.214869
000000006.835042	-00000003.520278	-00000000.161047
000000008.994881	-00000004.632668	-00000000.211937
000000009.538921	-00000004.912867	-00000000.074909
000000009.455305	-00000004.922120	000000000.074420
000000016.480259	-00000008.579081	000000000.129712
000000009.134208	-00000004.754968	000000000.215707
000000006.635952	-00000003.491343	-00000000.157068
000000008.768304	-00000004.613228	-00000000.207539
000000007.477963	-00000003.934347	-00000000.058992
000000009.681528	-00000005.093699	-00000000.076375
000000009.447309	-00000005.023223	000000000.074699
000000009.162986	-00000004.872046	000000000.217382
000000006.666881	-00000003.582244	-00000000.158534
000000007.857354	-00000004.221909	-00000000.062273
000000009.900970	-00000005.319983	-00000000.078469
000000009.341599	-00000005.072074	000000000.074211
000000009.295846	-00000005.047233	000000000.221571
000000006.582774	-00000003.611434	-00000000.157278
000000007.907883	-00000004.338413	-00000000.062971
000000010.020742	-00000005.497568	-00000000.079796
000000012.510587	-00000006.863543	-00000000.099623
000000007.836401	-00000004.343788	000000000.062552
000000009.480647	-00000005.255208	000000000.075677
000000020.281937	-00000011.242461	000000000.161895
000000009.400100	-00000005.210560	000000000.225131
000000020.330448	-00000011.269352	000000000.486911
000000006.393993	-00000003.580808	-00000000.153508
000000006.700606	-00000003.752520	-00000000.053616
000000006.806016	-00000003.850658	000000000.054593
000000020.005089	-00000011.318335	000000000.481466
000000006.223620	-00000003.557092	-00000000.150157
000000006.823876	-00000003.900167	-00000000.054873
000000006.798134	-00000003.924904	000000000.054803
000000011.968179	-00000006.909832	000000000.096481
000000009.870524	-00000005.698750	000000000.238744
000000011.628171	-00000006.713528	000000000.281257
000000019.767023	-00000011.412497	000000000.478115
000000006.321889	-00000003.686817	-00000000.153299
000000006.815496	-00000003.974680	-00000000.055082
000000006.772240	-00000003.989154	000000000.054873
000000011.381844	-00000006.704418	000000000.092222
000000011.414083	-00000006.723408	000000000.277487
000000006.031710	-00000003.588490	-00000000.147016
000000007.038367	-00000004.187388	-00000000.057177
000000010.278251	-00000006.114916	-00000000.083496
000000011.434333	-00000006.870440	000000000.093130
000000011.252138	-00000006.760967	000000000.274974
000000005.889051	-00000003.573564	-00000000.144293
000000007.625628	-00000004.627345	-00000000.062273
000000010.275790	-00000006.235503	-00000000.083915
000000011.058474	-00000006.776641	000000000.090547
000000018.211950	-00000011.160297	000000000.149120
000000010.911401	-00000006.686515	000000000.268063
000000005.874645	-00000003.635341	-00000000.144712
000000007.100268	-00000004.393779	-00000000.058294
000000009.787315	-00000006.056575	-00000000.080354
000000007.513523	-00000004.694970	000000000.061854
000000010.685146	-00000006.676820	000000000.087964
000000018.012102	-00000011.255211	000000000.148282
000000010.911985	-00000006.818565	000000000.269529
000000005.648222	-00000003.563763	-00000000.139895
000000007.381584	-00000004.657433	-00000000.182827
000000008.093418	-00000005.106566	-00000000.066811
000000010.765852	-00000006.792747	-00000000.088871
000000010.913219	-00000006.952487	000000000.090338
000000019.119219	-00000012.180285	000000000.158265
000000010.818339	-00000006.892042	000000000.268691
000000005.810305	-00000003.737314	-00000000.144712
000000008.056957	-00000005.182409	-00000000.066880
000000010.403399	-00000006.691691	-00000000.086358
000000011.405643	-00000007.406910	000000000.094945
000000018.274187	-00000011.867395	000000000.152122
000000010.791323	-00000007.007967	000000000.269529
000000005.794192	-00000003.798839	-00000000.145131
000000010.302794	-00000006.754808	-00000000.086009
000000011.632423	-00000007.699333	000000000.097389
000000018.711943	-00000012.385164	000000000.156659
000000010.588027	-00000007.008062	000000000.265969
000000005.877201	-00000003.927020	-00000000.148063
000000007.873826	-00000005.261122	-00000000.066113
000000010.060537	-00000006.722236	-00000000.084473
000000010.934739	-00000007.375575	000000000.092083
000000010.601065	-00000007.150509	000000000.267854
000000006.462514	-00000004.400169	-00000000.163770
000000009.943632	-00000006.770378	-00000000.083985
000000010.762826	-00000007.397085	000000000.091175
000000010.398191	-00000007.146479	000000000.264293
000000005.076664	-00000003.521807	-00000000.129424
000000006.834603	-00000004.741333	-00000000.174241
000000007.871186	-00000005.460436	-00000000.066880
000000009.990983	-00000006.930992	-00000000.084892
000000010.558613	-00000007.393220	000000000.089988
000000010.294482	-00000007.208274	000000000.263246
000000005.903024	-00000004.171844	-00000000.151414
000000009.848457	-00000006.960202	-00000000.084194
000000010.648372	-00000007.595409	000000000.091315
000000010.426533	-00000007.437174	000000000.268272
000000005.647316	-00000004.065486	-00000000.145759
000000007.409490	-00000005.334070	-00000000.063739
000000009.462722	-00000006.812185	-00000000.081401
000000010.379435	-00000007.541101	000000000.089570
000000015.443758	-00000011.220547	000000000.133272
000000010.231820	-00000007.433853	000000000.264922
000000005.232677	-00000003.836758	-00000000.135916
000000007.644908	-00000005.605479	-00000000.066182
000000009.765806	-00000007.160585	-00000000.084543
000000010.465961	-00000007.744404	000000000.090896
000000010.238890	-00000007.576380	000000000.266806
000000005.439320	-00000004.061733	-00000000.142199
000000009.060193	-00000006.765567	-00000000.236859
000000009.278293	-00000006.928430	-00000000.080843
000000010.557704	-00000007.955801	000000000.092292
000000015.149746	-00000011.416152	000000000.132435
000000010.276185	-00000007.743660	000000000.269529
000000005.037588	-00000003.830671	-00000000.132566
000000006.446202	-00000004.901806	-00000000.169634
000000007.331000	-00000005.574622	-00000000.064297
000000009.814466	-00000007.463093	-00000000.086079
000000010.591009	-00000008.126767	000000000.093200
000000014.541812	-00000011.158325	000000000.127966
000000010.366854	-00000007.954767	000000000.273717
000000005.272743	-00000004.082594	-00000000.139686
000000005.439812	-00000004.211952	-00000000.048031
000000009.322002	-00000007.217866	-00000000.082309
000000014.278407	-00000011.155515	000000000.126500
000000016.516302	-00000012.903950	000000000.146327
000000010.478245	-00000008.186502	000000000.278534
000000004.844343	-00000003.818972	-00000000.129215
000000006.446038	-00000005.081646	-00000000.171937
000000009.046631	-00000007.131789	-00000000.080424
000000013.945737	-00000011.092940	000000000.124406
000000014.248168	-00000011.333505	000000000.381361
000000004.522338	-00000003.629560	-00000000.121466
000000005.910228	-00000004.743459	-00000000.158744
000000007.120172	-00000005.714542	-00000000.063739
000000008.789084	-00000007.053986	-00000000.078679
000000013.895031	-00000011.251974	000000000.124825
000000014.039948	-00000011.369326	000000000.378430
000000004.374359	-00000003.574001	-00000000.118325
000000006.186040	-00000005.054207	-00000000.167330
000000008.711705	-00000007.117762	-00000000.078539
000000010.154332	-00000008.370585	000000000.091873
000000013.672853	-00000011.271031	000000000.123708
000000013.878482	-00000011.440537	000000000.376754
000000004.727340	-00000003.931687	-00000000.128796
000000006.495288	-00000005.402074	-00000000.176963
000000007.403767	-00000006.157648	-00000000.067230
000000013.918689	-00000011.679166	000000000.126850
000000013.961927	-00000011.715447	000000000.381780
000000004.364732	-00000003.695019	-00000000.119791
000000005.990061	-00000005.070961	-00000000.164398
000000006.868925	-00000005.814974	-00000000.062831
000000008.151124	-00000006.900436	-00000000.074560
000000009.578334	-00000008.108659	-00000000.087615
000000014.006336	-00000011.962542	000000000.128595
000000015.283788	-00000013.053588	000000000.140323
000000013.707113	-00000011.706981	000000000.377592
000000004.264155	-00000003.674232	-00000000.117906
000000006.377298	-00000005.495032	-00000000.176335
000000007.143664	-00000006.155375	-00000000.065833
000000009.620841	-00000008.289846	-00000000.088662
000000013.924053	-00000012.103994	000000000.128804
000000013.408248	-00000011.655612	000000000.372147
000000004.322131	-00000003.790407	-00000000.120419
000000006.434338	-00000005.642763	-00000000.179267
000000006.871649	-00000006.026274	-00000000.063809
000000007.059604	-00000006.191106	-00000000.065554
000000008.172299	-00000007.166914	-00000000.075886
000000013.368534	-00000011.827480	000000000.124615
000000012.969068	-00000011.474062	000000000.362723
000000004.072580	-00000003.634917	-00000000.114346
000000006.280426	-00000005.605494	-00000000.176335
000000007.870714	-00000007.024880	-00000000.073652
000000012.722330	-00000011.455237	000000000.119519
000000012.950173	-00000011.660389	000000000.365026
000000004.003702	-00000003.636707	-00000000.113298
000000006.216468	-00000005.646642	-00000000.175916
000000003.967473	-00000003.603798	-00000000.037420
000000008.467889	-00000007.691689	-00000000.079866
000000012.039446	-00000011.032119	000000000.114004
000000013.300159	-00000012.187351	000000000.125942
000000012.825811	-00000011.752691	000000000.364398
000000004.008522	-00000003.705439	-00000000.114346
000000006.100882	-00000005.639597	-00000000.174032
000000003.994617	-00000003.692586	-00000000.037978
000000008.304985	-00000007.677050	-00000000.078958
000000012.534579	-00000011.586846	-00000000.119170
000000012.257190	-00000011.430014	000000000.117006
000000012.635021	-00000011.782348	000000000.361885
000000003.808545	-00000003.582721	-00000000.109529
000000005.891229	-00000005.541915	-00000000.169424
000000008.310510	-00000007.817747	-00000000.079656
000000012.381839	-00000011.749926	000000000.119170
000000012.248886	-00000011.623758	000000000.353717
000000003.834911	-00000003.671129	-00000000.111204
000000005.972640	-00000005.717559	-00000000.173194
000000007.570189	-00000007.246880	-00000000.073164
000000012.372344	-00000011.947833	000000000.120078
000000012.298013	-00000011.876053	000000000.358115
000000003.945958	-00000003.843982	-00000000.115393
000000008.108340	-00000007.898795	-00000000.079028
000000009.369001	-00000009.126877	-00000000.091315
000000012.239079	-00000012.027309	000000000.119798
000000012.072682	-00000011.863791	000000000.354555
000000003.954865	-00000003.920502	-00000000.116649
000000006.816285	-00000006.757060	-00000000.201047
000000008.117221	-00000008.046693	-00000000.079796
000000009.487845	-00000009.405407	-00000000.093270
000000012.013452	-00000012.013452	000000000.118612
000000011.777815	-00000011.777815	000000000.348901
000000003.596726	-00000003.628252	-00000000.107016
000000006.440321	-00000006.496771	-00000000.191623
000000007.089255	-00000007.151392	-00000000.070301
000000008.602851	-00000008.678254	-00000000.085311
000000012.087638	-00000012.193585	-00000000.119868
000000011.536685	-00000011.739816	000000000.114912
000000011.618526	-00000011.823099	000000000.347225
000000003.781195	-00000003.881505	-00000000.113508
000000006.836847	-00000007.018219	-00000000.205236
000000003.921487	-00000004.025519	-00000000.039235
000000007.298710	-00000007.492336	-00000000.073024
000000011.715617	-00000012.026417	-00000000.117215
000000011.517155	-00000011.926363	000000000.115749
000000011.501019	-00000011.909655	000000000.346806
000000003.581252	-00000003.741024	-00000000.108482
000000007.564968	-00000007.902469	-00000000.076375
000000008.747427	-00000009.137681	-00000000.088313
000000012.018204	-00000012.554379	-00000000.121334
000000011.667326	-00000012.294797	000000000.118332
000000011.362242	-00000011.973305	000000000.345759
000000003.555320	-00000003.779416	-00000000.108691
000000005.213099	-00000005.541687	-00000000.159372
000000006.363954	-00000006.765082	-00000000.194555
000000007.228505	-00000007.684126	-00000000.073652
000000008.735870	-00000009.286504	-00000000.089011
000000011.627272	-00000012.360153	-00000000.118472
000000010.898067	-00000011.686747	000000000.111561
000000011.161865	-00000011.969635	000000000.342827
000000003.583282	-00000003.876373	-00000000.110576
000000006.155372	-00000006.658844	-00000000.189948
000000007.310506	-00000007.908461	-00000000.075188
000000010.249641	-00000011.088000	-00000000.105417
000000010.897004	-00000011.891993	000000000.112608
000000011.225847	-00000012.250862	000000000.348063
000000003.508985	-00000003.863091	-00000000.109319
000000003.792056	-00000004.174728	-00000000.039374
000000008.491786	-00000009.348727	-00000000.088173
000000010.273515	-00000011.310257	-00000000.106674
000000010.377963	-00000011.525895	000000000.108279
000000011.145271	-00000012.378078	000000000.348901
000000003.408566	-00000003.818976	-00000000.107225
000000003.582356	-00000004.013691	-00000000.037559
000000010.442637	-00000011.803255	000000000.110025
000000011.103077	-00000012.549745	000000000.350995
000000027.731192	-00000031.344412	000000000.876650
000000003.381702	-00000003.856092	-00000000.107435
000000003.507634	-00000003.999691	-00000000.037140
000000010.120712	-00000011.540460	-00000000.107162
000000010.162107	-00000011.690166	000000000.108140
000000010.652061	-00000012.253796	000000000.340105
000000003.302240	-00000003.832438	-00000000.105969
000000003.407323	-00000003.954393	-00000000.036442
000000003.396531	-00000003.976826	000000000.036512
000000003.421841	-00000004.006461	000000000.110367
000000003.307429	-00000003.906893	-00000000.107225
000000003.359763	-00000003.968712	-00000000.036303
000000003.348842	-00000003.990994	000000000.036372
000000003.361042	-00000004.005534	000000000.109529
000000003.243920	-00000003.935189	000000000.035604
000000003.306881	-00000004.011568	000000000.108901
000000003.203163	-00000003.955577	000000000.035535
000000003.240289	-00000004.001424	000000000.107853
000000003.174747	-00000003.991204	000000000.035604
000000003.205247	-00000004.029548	000000000.107853
000000003.182892	-00000004.073916	000000000.036093
000000003.219203	-00000004.120392	000000000.109529
000000003.153307	-00000004.109470	000000000.036163
000000003.164865	-00000004.124532	000000000.108901
000000003.135380	-00000004.160789	000000000.036372
000000003.146802	-00000004.175948	000000000.109529
000000003.057315	-00000004.131723	000000000.035884
000000003.092400	-00000004.179139	000000000.108901
000000003.062287	-00000004.214876	000000000.036372
000000003.073443	-00000004.230231	000000000.109529
000000003.025389	-00000004.241438	000000000.036372
000000004.818778	-00000006.755677	000000000.173822
000000008.244173	-00000011.557905	000000000.297382
000000007.961047	-00000011.369554	000000000.096900
000000004.633481	-00000006.617297	000000000.169215
000000004.587779	-00000006.675260	000000000.056548
000000004.677490	-00000006.805789	000000000.172984
000000003.517238	-00000005.214519	000000000.043912
000000004.691514	-00000006.955456	000000000.058573
000000007.912386	-00000011.730596	000000000.098785
000000004.506106	-00000006.680578	000000000.168796
000000003.405368	-00000005.144950	000000000.043074
000000004.476099	-00000006.762649	000000000.056618
000000004.580072	-00000006.919734	000000000.173822
000000004.482270	-00000006.902090	000000000.057456
000000004.508622	-00000006.942669	000000000.173403
000000003.352668	-00000005.262634	000000000.043563
000000004.448732	-00000006.983111	000000000.057805
000000003.362758	-00000005.278473	000000000.131100
000000004.523070	-00000007.099799	000000000.176335
000000003.391401	-00000005.427376	000000000.044680
000000004.244550	-00000006.792700	000000000.055920
000000003.385441	-00000005.417839	000000000.133822
000000004.270213	-00000006.833769	000000000.168796
000000004.294834	-00000007.008532	000000000.057386
000000003.322362	-00000005.421602	000000000.133194
000000004.288773	-00000006.998641	000000000.171937
000000003.527925	-00000005.871453	000000000.047822
000000004.413769	-00000007.345745	000000000.059829
000000004.299625	-00000007.155777	000000000.174869
000000004.227692	-00000007.177196	000000000.058154
000000004.181199	-00000007.098267	000000000.172566
000000004.304895	-00000007.456297	000000000.060109
000000006.459843	-00000011.188776	000000000.090198
000000003.614207	-00000006.259991	000000000.151414
