000000003.511762	000000004.075600	-00000000.037559
000000003.527414	000000004.022245	-00000000.037350
000000003.408566	000000003.818976	-00000000.107225
000000003.582356	000000004.013691	-00000000.037559
000000003.468652	000000003.818688	-00000000.108063
000000003.644139	000000004.011885	-00000000.037838
000000003.542563	000000003.832323	-00000000.109319
000000003.719738	000000004.023989	-00000000.038257
000000003.562170	000000003.786698	-00000000.108901
000000003.741008	000000003.976809	-00000000.038118
000000003.678043	000000003.842134	-00000000.111414
000000003.789399	000000003.958458	-00000000.038257
000000003.704455	000000003.802729	-00000000.111204
000000003.809843	000000003.910913	-00000000.038118
000000003.786769	000000003.819959	-00000000.112670
000000003.914227	000000003.948534	-00000000.038816
000000003.855461	000000003.821961	-00000000.113717
000000004.069263	000000004.033906	-00000000.040003
000000003.910151	000000003.809100	-00000000.114346
000000004.118636	000000004.012197	-00000000.040142
000000003.914354	000000003.747179	-00000000.113508
000000004.254620	000000004.072913	-00000000.041120
000000004.048854	000000003.808782	-00000000.116440
000000004.282717	000000004.028778	-00000000.041050
000000004.037888	000000003.732585	-00000000.115183
000000004.369112	000000004.038766	-00000000.041538
000000004.196116	000000003.811484	-00000000.118744
000000004.433798	000000004.027379	-00000000.041818
000000004.288889	000000003.827980	-00000000.120419
000000004.685126	000000004.181635	-00000000.043842
000000004.374748	000000003.836551	-00000000.121885
000000004.766548	000000004.180151	-00000000.044261
000000004.362617	000000003.759072	-00000000.120628
000000004.833147	000000004.164506	-00000000.044540
000000004.441039	000000003.759617	-00000000.121885
000000004.823512	000000004.083404	-00000000.044122
000000004.558232	000000003.791042	-00000000.124189
000000004.928156	000000004.098704	-00000000.044750
000000004.629852	000000003.782748	-00000000.125236
000000005.033430	000000004.112484	-00000000.045378
000000004.709469	000000003.779749	-00000000.126492
000000005.170508	000000004.149772	-00000000.046286
000000004.883600	000000003.849920	-00000000.130262
000000005.206524	000000004.104493	-00000000.046286
000000004.877485	000000003.776552	-00000000.129215
000000005.329118	000000004.126244	-00000000.047054
000000005.109212	000000003.885135	-00000000.134450
000000005.213686	000000003.964579	-00000000.045727
000000005.110878	000000003.816474	-00000000.133613
000000005.472430	000000004.086457	-00000000.047682
000000005.272991	000000003.866317	-00000000.136963
000000005.564332	000000004.079937	-00000000.048171
000000005.363328	000000003.861043	-00000000.138429
000000005.729573	000000004.124702	-00000000.049288
000000005.437640	000000003.842944	-00000000.139477
000000005.806180	000000004.103403	-00000000.049637
000000005.536685	000000003.840935	-00000000.141152
000000006.022525	000000004.177974	-00000000.051173
000000005.702219	000000003.882502	-00000000.144503
000000006.232335	000000004.243446	-00000000.052639
000000006.972036	000000004.702698	000000000.058712
000000005.752508	000000003.843703	-00000000.144922
000000006.377217	000000004.261120	-00000000.053546
000000006.996132	000000004.630639	000000000.058573
000000005.852719	000000003.837211	-00000000.146597
000000006.430884	000000004.216272	-00000000.053686
000000007.094980	000000004.607534	000000000.059061
000000008.091395	000000005.254614	000000000.202094
000000006.045744	000000003.888753	-00000000.150576
000000006.534714	000000004.203269	-00000000.054244
000000007.219255	000000004.599173	000000000.059760
000000008.170671	000000005.205291	000000000.202932
000000006.130182	000000003.867857	-00000000.151833
000000006.630345	000000004.183436	-00000000.054733
000000007.386319	000000004.615484	000000000.060807
000000008.300570	000000005.186772	000000000.205026
000000010.937421	000000006.834459	000000000.270157
000000006.308230	000000003.903651	-00000000.155393
000000006.734625	000000004.167513	-00000000.055292
000000007.400736	000000004.535177	000000000.060597
000000008.524531	000000005.223840	000000000.209424
000000006.401886	000000003.884759	-00000000.156859
000000006.856226	000000004.160460	-00000000.055990
000000007.465745	000000004.485872	000000000.060807
000000008.406967	000000005.051415	000000000.205445
000000009.966669	000000005.988579	000000000.243560
000000011.175010	000000006.714623	000000000.273089
000000006.530056	000000003.884975	-00000000.159162
000000006.986804	000000004.156712	-00000000.056758
000000007.495991	000000004.415476	000000000.060737
000000006.563710	000000003.827842	-00000000.159162
000000007.040088	000000004.105658	-00000000.056897
000000007.568877	000000004.369894	000000000.061016
000000007.991661	000000004.613987	000000000.193299
000000010.000400	000000005.773734	000000000.241885
000000011.732071	000000006.773514	000000000.283770
000000006.718385	000000003.839873	-00000000.162094
000000007.127738	000000004.073838	-00000000.057316
000000007.606723	000000004.303677	000000000.061016
000000008.144742	000000004.608074	000000000.196021
000000006.629515	000000003.712707	-00000000.159162
000000007.215366	000000004.040800	-00000000.057735
000000007.722704	000000004.280765	000000000.061645
000000007.939805	000000004.401106	000000000.190157
000000006.863265	000000003.765316	-00000000.163979
000000007.302956	000000004.006539	-00000000.058154
000000007.750978	000000004.208437	000000000.061575
000000007.925192	000000004.303028	000000000.188901
000000006.983932	000000003.752602	-00000000.166073
000000007.390493	000000003.971056	-00000000.058573
000000007.822725	000000004.159417	000000000.061854
000000007.944786	000000004.224318	000000000.188482
000000007.140284	000000003.756685	-00000000.169005
000000007.548760	000000003.971595	-00000000.059550
000000007.974033	000000004.151019	000000000.062762
000000012.158252	000000006.329185	000000000.287121
000000007.226124	000000003.721699	-00000000.170262
000000007.627581	000000003.928463	-00000000.059899
000000008.072323	000000004.113054	000000000.063250
000000009.444439	000000004.812182	000000000.074001
000000010.752090	000000005.478464	000000000.252775
000000012.738599	000000006.490641	000000000.299477
000000007.311893	000000003.685498	-00000000.171518
000000007.759798	000000003.911260	-00000000.060667
000000008.036314	000000004.006759	000000000.062692
000000009.691903	000000004.832204	000000000.075607
000000012.257912	000000006.111569	000000000.286911
000000013.635808	000000006.798563	000000000.319162
000000007.469311	000000003.683457	-00000000.174450
000000007.910224	000000003.900891	-00000000.061575
000000008.574286	000000004.181959	000000000.066601
000000012.562385	000000006.127084	000000000.292775
000000007.654256	000000003.691975	-00000000.178011
000000008.133106	000000003.922945	-00000000.063041
000000009.738658	000000004.645102	000000000.075328
000000007.686182	000000003.625039	-00000000.178011
000000008.130854	000000003.834759	-00000000.062762
000000009.914765	000000004.623331	000000000.076375
000000012.531487	000000005.843529	000000000.289634
000000014.389011	000000006.709706	000000000.332566
000000008.026225	000000003.700140	-00000000.185131
000000008.654393	000000003.989730	-00000000.066531
000000010.118523	000000004.611277	000000000.077632
000000012.654785	000000005.767118	000000000.291309
000000014.610772	000000006.658513	000000000.336335
000000008.176712	000000003.683340	-00000000.187854
000000008.816525	000000003.971555	-00000000.067509
000000010.468976	000000004.661088	000000000.080005
000000011.581216	000000005.156290	000000000.265550
000000014.376052	000000006.400630	000000000.329634
000000008.300055	000000003.652111	-00000000.189948
000000008.823388	000000003.882384	-00000000.067299
000000010.463400	000000004.549616	000000000.079656
000000015.210690	000000006.613796	000000000.347435
000000008.487769	000000003.646633	-00000000.193508
000000009.215251	000000003.959184	-00000000.070022
000000010.005644	000000004.247144	000000000.075886
000000014.991736	000000006.363615	000000000.341152
000000008.639128	000000003.622687	-00000000.196230
000000009.609100	000000004.029430	-00000000.072745
000000011.021614	000000004.565302	000000000.083286
000000015.684033	000000006.496540	000000000.355602
000000008.901747	000000003.641801	-00000000.201466
000000009.542090	000000003.903772	-00000000.071977
000000011.107391	000000004.487678	000000000.083635
000000015.582541	000000006.295755	000000000.352042
000000009.035335	000000003.604733	-00000000.203770
000000009.900868	000000003.950046	-00000000.074420
000000011.443857	000000004.507855	000000000.085870
000000016.232227	000000006.394044	000000000.365445
000000009.215536	000000003.583726	-00000000.207121
000000010.028160	000000003.899738	-00000000.075118
000000011.613457	000000004.457989	000000000.086847
000000014.943345	000000005.736213	000000000.335288
000000009.470842	000000003.588181	-00000000.212147
000000010.370397	000000003.928992	-00000000.077422
000000011.567620	000000004.324956	000000000.086219
000000016.538002	000000006.183306	000000000.369843
000000009.651872	000000003.560763	-00000000.215497
000000010.657594	000000003.931794	-00000000.079307
000000011.774061	000000004.285408	000000000.087475
000000012.156956	000000004.424770	000000000.270995
000000016.487988	000000006.001137	000000000.367539
000000009.833132	000000003.530455	-00000000.218848
000000010.926787	000000003.923117	-00000000.081052
000000011.876994	000000004.205864	000000000.087964
000000012.119711	000000004.291815	000000000.269320
000000009.863566	000000003.444512	-00000000.218848
000000011.083335	000000003.870474	-00000000.081960
000000012.007793	000000004.134615	000000000.088662
000000015.978874	000000005.501967	000000000.117983
000000015.162792	000000005.220968	000000000.335916
000000016.618570	000000005.722233	000000000.368168
000000018.461929	000000006.356952	000000000.409005
000000010.158332	000000003.448289	-00000000.224712
000000011.343946	000000003.850751	-00000000.083635
000000012.033934	000000004.026498	000000000.088592
000000016.857498	000000005.640440	000000000.372356
000000018.858021	000000006.309805	000000000.416545
000000009.931674	000000003.274975	-00000000.219058
000000011.557557	000000003.811111	-00000000.084962
000000013.057688	000000004.242700	000000000.095853
000000016.034422	000000005.209900	000000000.117704
000000016.687380	000000005.422059	000000000.367539
000000019.368773	000000006.293296	000000000.426597
000000010.331228	000000003.307052	-00000000.227225
000000011.742754	000000003.758885	-00000000.086079
000000013.523377	000000004.263905	000000000.098994
000000015.907611	000000005.015651	000000000.116447
000000016.848482	000000005.312306	000000000.370053
000000018.126183	000000005.715164	000000000.398115
000000019.794823	000000006.241283	000000000.434765
000000009.949125	000000003.089286	-00000000.218220
000000012.061608	000000003.745229	-00000000.088173
000000013.904332	000000004.250981	000000000.101508
000000016.075090	000000004.914649	000000000.117355
000000018.242292	000000005.577229	000000000.399581
000000020.250093	000000006.191075	000000000.443560
000000010.674579	000000003.212683	-00000000.233508
000000012.438549	000000003.743578	-00000000.090687
000000013.950487	000000004.132323	000000000.101577
000000017.695930	000000005.241773	000000000.386597
000000020.763481	000000006.150423	000000000.453613
000000010.001526	000000002.915179	-00000000.218220
000000012.595547	000000003.671267	-00000000.091594
000000014.601209	000000004.186829	000000000.106045
000000018.413734	000000005.280054	000000000.401257
000000020.364668	000000005.839475	000000000.443770
000000010.613553	000000002.993331	-00000000.230995
000000013.117946	000000003.699643	-00000000.095155
000000015.369531	000000004.262348	000000000.111351
000000020.530460	000000005.693601	000000000.446283
000000021.850346	000000006.059637	000000000.474974
000000010.128045	000000002.761222	-00000000.219895
000000013.275150	000000003.619221	-00000000.096062
000000015.608981	000000004.182414	000000000.112817
000000016.079138	000000004.308392	000000000.348691
000000010.316117	000000002.716007	-00000000.223456
000000014.012154	000000003.689092	-00000000.101158
000000015.712653	000000004.063568	000000000.113306
000000016.164520	000000004.180429	000000000.349738
000000010.068101	000000002.556972	-00000000.217592
000000014.247347	000000003.618365	-00000000.102625
000000015.854246	000000003.952908	000000000.114074
000000019.638308	000000004.896380	000000000.141301
000000020.177725	000000005.030872	000000000.435602
000000023.611818	000000005.887087	000000000.509739
000000010.497906	000000002.568821	-00000000.226388
000000014.657195	000000003.586593	-00000000.105347
000000016.024265	000000003.847086	000000000.115051
000000019.252455	000000004.622106	000000000.138229
000000020.288910	000000004.870936	000000000.437068
000000024.352524	000000005.846524	000000000.524608
000000010.062534	000000002.369412	-00000000.216545
000000014.872872	000000003.502097	-00000000.106674
000000017.177725	000000003.965790	000000000.123080
000000019.662310	000000004.539402	000000000.140882
000000025.074785	000000005.788970	000000000.539058
000000015.683123	000000003.548728	-00000000.112259
000000018.119612	000000004.017021	000000000.129572
000000019.701174	000000004.367645	000000000.140882
000000020.175613	000000004.472826	000000000.432880
000000025.778322	000000005.714917	000000000.553089
000000010.063273	000000002.184951	-00000000.215707
000000015.244434	000000003.309891	-00000000.108908
000000018.613695	000000003.956463	000000000.132853
000000020.135643	000000004.279963	000000000.431204
000000016.604206	000000003.453680	-00000000.118402
000000018.931684	000000003.851695	000000000.134878
000000027.431873	000000005.581078	000000000.586388
000000010.060650	000000002.001188	-00000000.214869
000000015.692183	000000003.121369	-00000000.111700
000000019.749859	000000003.838984	000000000.140463
000000023.637007	000000004.594569	000000000.168109
000000026.223326	000000005.097298	000000000.559581
000000028.343174	000000005.509355	000000000.604817
000000017.988228	000000003.415172	-00000000.127827
000000020.057911	000000003.717514	000000000.142418
000000023.046934	000000004.271497	000000000.163641
000000027.033579	000000005.010378	000000000.575917
000000029.265079	000000005.423962	000000000.623456
000000010.054690	000000001.818184	-00000000.214032
000000015.813148	000000002.859483	-00000000.112189
000000018.696318	000000003.380845	-00000000.132644
000000022.748505	000000004.011175	000000000.161267
000000030.286043	000000005.340247	000000000.644189
000000020.134420	000000003.459726	-00000000.142627
000000023.433575	000000003.921436	000000000.165875
000000024.237583	000000004.055980	000000000.514765
000000009.887535	000000001.610287	-00000000.209843
000000015.377028	000000002.504308	-00000000.108768
000000021.417299	000000003.488029	-00000000.151493
000000023.871845	000000003.780929	000000000.168737
000000027.733612	000000004.392573	000000000.196034
000000032.053329	000000005.076749	000000000.679791
000000010.009907	000000001.540672	-00000000.212147
000000022.870127	000000003.520049	-00000000.161546
000000024.447876	000000003.653759	000000000.172577
000000027.642321	000000004.131173	000000000.195126
000000028.121443	000000004.202778	000000000.595602
000000009.884449	000000001.433177	-00000000.209215
000000015.547045	000000002.254214	-00000000.109676
000000023.850018	000000003.458088	-00000000.168248
000000027.528780	000000003.868918	000000000.194079
000000031.133270	000000004.375496	000000000.219491
000000034.325062	000000004.824073	000000000.726074
000000028.285233	000000003.723822	000000000.199175
000000031.051296	000000004.087981	000000000.218653
000000031.392172	000000004.132858	000000000.663246
000000009.818695	000000001.249096	-00000000.207330
000000015.345942	000000001.952250	-00000000.108000
000000030.996460	000000003.805887	000000000.218025
000000038.383266	000000004.712873	000000000.810053
000000009.710079	000000001.149264	-00000000.204817
000000031.286816	000000003.564682	000000000.219840
000000040.101696	000000004.569011	000000000.845445
000000009.848938	000000001.078634	-00000000.207539
000000015.198751	000000001.664534	-00000000.106743
000000032.311230	000000003.396047	000000000.226821
000000034.598576	000000003.636457	000000000.242878
000000041.203949	000000004.330709	000000000.867854
000000042.397114	000000004.456116	000000000.892985
000000009.927608	000000000.999658	-00000000.209005
000000034.728527	000000003.343977	000000000.243576
000000043.429562	000000004.181791	000000000.913927
000000045.370159	000000004.368649	000000000.954765
000000009.746792	000000000.895604	-00000000.205026
000000014.976542	000000001.376151	-00000000.104998
000000037.366352	000000003.269132	000000000.261867
000000042.446823	000000003.713616	000000000.297471
000000046.372654	000000004.057082	000000000.975079
000000048.504044	000000004.243554	000000001.019896
000000009.903688	000000000.822933	-00000000.208168
000000052.227013	000000004.110355	000000001.097383
000000009.671206	000000000.718695	-00000000.203141
000000014.778888	000000001.098261	-00000000.103462
000000056.359978	000000003.941074	000000001.183456
000000009.876637	000000000.647349	-00000000.207330
000000058.497829	000000003.577880	000000001.227645
000000009.642348	000000000.547532	-00000000.202304
000000014.965527	000000000.849804	-00000000.104649
000000010.076170	000000000.483993	-00000000.211309
000000009.630456	000000000.378382	-00000000.201885
000000014.818206	000000000.582209	-00000000.103532
000000010.013130	000000000.305929	-00000000.209843
000000009.555629	000000000.208505	-00000000.200210
000000014.956076	000000000.326343	-00000000.104440
000000009.956963	000000000.130344	-00000000.208586
000000009.557813	000000000.041704	-00000000.200210
000000014.529508	000000000.063397	-00000000.101438
000000009.827750	-00000000.042882	-00000000.205864
000000009.557085	-00000000.125109	-00000000.200210
000000014.808371	-00000000.193852	-00000000.103392
000000009.985432	-00000000.217883	-00000000.209215
000000009.633391	-00000000.294327	-00000000.201885
000000014.502879	-00000000.443103	-00000000.101298
000000010.000090	-00000000.392905	-00000000.209634
000000009.656746	-00000000.463847	-00000000.202513
000000014.832538	-00000000.712458	-00000000.103672
000000083.473404	-00000004.374656	000000000.583564
000000098.922516	-00000005.184309	000000002.074975
000000010.151417	-00000000.576439	-00000000.212984
000000009.647180	-00000000.632310	-00000000.202513
000000014.787909	-00000000.969251	-00000000.103462
000000062.675423	-00000004.382692	000000000.438633
000000009.990255	-00000000.742404	-00000000.209843
000000055.865887	-00000004.396740	000000000.391230
000000056.054337	-00000004.411572	000000001.177802
000000009.624711	-00000000.799752	-00000000.202304
000000014.599328	-00000001.213111	-00000000.102275
000000050.256798	-00000004.396900	000000000.352205
000000050.446198	-00000004.413470	000000001.060734
000000010.125115	-00000000.930367	-00000000.212984
000000055.900089	-00000005.382566	000000000.392068
000000055.769772	-00000005.370018	000000001.173613
000000009.609288	-00000000.967604	-00000000.202304
000000014.784871	-00000001.488758	-00000000.103742
000000010.137151	-00000001.110199	-00000000.213613
000000035.330555	-00000004.025408	000000000.248254
000000071.952721	-00000008.197977	000000000.505583
000000071.779762	-00000008.178270	000000001.513299
000000009.590938	-00000001.135162	-00000000.202304
000000014.746708	-00000001.745388	-00000000.103672
000000035.452885	-00000004.353067	000000000.249371
000000065.811226	-00000008.080603	000000001.388901
000000010.046806	-00000001.278115	-00000000.212147
000000009.708356	-00000001.321249	-00000000.205236
000000014.951802	-00000002.034851	-00000000.105347
000000024.850311	-00000003.381979	-00000000.175090
000000026.128498	-00000003.555933	-00000000.184096
000000026.736586	-00000003.757582	000000000.188494
000000010.092230	-00000001.463304	-00000000.213613
000000024.631823	-00000003.571444	-00000000.173764
000000026.900578	-00000004.020318	000000000.189890
000000053.395668	-00000007.980036	000000000.376918
000000053.444584	-00000007.987347	000000001.131938
000000009.664056	-00000001.487440	-00000000.204817
000000014.834945	-00000002.283316	-00000000.104789
000000024.451468	-00000003.763441	-00000000.172716
000000026.894098	-00000004.259607	000000000.190100
000000027.145597	-00000004.299440	000000000.575707
000000010.104626	-00000001.645643	-00000000.214450
000000021.693651	-00000003.533036	-00000000.153448
000000024.575611	-00000004.002392	-00000000.173833
000000026.786863	-00000004.482584	000000000.189611
000000063.108437	-00000010.560730	000000001.340315
000000009.636624	-00000001.655875	-00000000.204817
000000014.743560	-00000002.533407	-00000000.104440
000000020.144276	-00000003.461420	-00000000.142697
000000062.600346	-00000011.038130	000000001.331519
000000010.202264	-00000001.844870	-00000000.217173
000000019.522892	-00000003.530314	-00000000.138508
000000062.177235	-00000011.523870	000000001.324608
000000009.645547	-00000001.831264	-00000000.205655
000000014.854288	-00000002.820175	-00000000.105557
000000016.995977	-00000003.226787	-00000000.120776
000000018.931358	-00000003.594231	-00000000.134529
000000041.562794	-00000008.078988	000000000.886911
000000010.090067	-00000002.007039	-00000000.215497
000000017.526207	-00000003.486179	-00000000.124755
000000019.370037	-00000003.852940	-00000000.137880
000000058.382492	-00000011.878053	000000000.415944
000000060.663628	-00000012.342155	000000001.296755
000000062.730816	-00000012.762729	000000001.340943
000000009.582753	-00000001.993215	-00000000.205026
000000014.744066	-00000003.066770	-00000000.105138
000000016.966444	-00000003.529026	-00000000.120985
000000019.952459	-00000004.150117	-00000000.142278
000000059.878841	-00000012.727641	000000001.282304
000000009.906951	-00000002.151010	-00000000.212356
000000014.570161	-00000003.163492	-00000000.104091
000000016.182552	-00000003.513577	-00000000.115610
000000019.602777	-00000004.256180	-00000000.140044
000000050.151104	-00000011.118232	000000000.358627
000000009.585512	-00000002.168980	-00000000.205864
000000014.590766	-00000003.301553	-00000000.104440
000000019.720940	-00000004.462393	-00000000.141161
000000049.915760	-00000011.523962	000000000.357650
000000051.688740	-00000011.933286	000000001.111205
000000009.965218	-00000002.346497	-00000000.214450
000000014.765803	-00000003.476885	-00000000.105906
000000019.690983	-00000004.636611	-00000000.141231
000000029.627388	-00000007.112907	000000000.212719
000000052.097878	-00000012.507593	000000001.122304
000000009.575332	-00000002.343069	-00000000.206492
000000014.336659	-00000003.508158	-00000000.103043
000000019.698338	-00000004.820153	-00000000.141580
000000026.139130	-00000006.517217	000000000.188075
000000029.418650	-00000007.334893	000000000.211672
000000009.971199	-00000002.532362	-00000000.215497
000000013.927508	-00000003.537137	-00000000.100321
000000019.665216	-00000004.994329	-00000000.141650
000000021.685978	-00000005.608376	000000000.156380
000000029.479378	-00000007.623886	000000000.212579
000000029.609140	-00000007.657444	000000000.640629
000000009.503977	-00000002.502188	-00000000.205864
000000013.460952	-00000003.543973	-00000000.097179
000000014.324331	-00000003.838193	000000000.103532
000000021.626551	-00000005.794817	000000000.156310
000000045.765186	-00000012.262744	000000000.992461
000000010.031588	-00000002.734925	-00000000.217801
000000013.275150	-00000003.619221	-00000000.096062
000000014.155386	-00000003.925636	000000000.102555
000000041.078568	-00000011.392095	000000000.297611
000000042.774513	-00000011.862422	000000000.309898
000000042.881783	-00000011.892171	000000000.932147
000000009.487727	-00000002.675816	-00000000.206492
000000012.781094	-00000003.604641	-00000000.092711
000000014.216714	-00000004.076577	000000000.103253
000000021.022282	-00000006.028042	000000000.152680
000000040.948750	-00000011.741865	000000000.297402
000000042.766766	-00000012.263172	000000000.931938
000000009.963132	-00000002.903988	-00000000.217382
000000012.557146	-00000003.660074	-00000000.091315
000000013.864196	-00000004.106762	000000000.100949
000000013.986112	-00000004.142875	000000000.305550
000000009.487451	-00000002.855399	-00000000.207539
000000012.026804	-00000003.619657	-00000000.087685
000000013.913896	-00000004.253905	000000000.101577
000000013.911182	-00000004.253076	000000000.304712
000000009.815452	-00000003.047779	-00000000.215288
000000012.032958	-00000003.736333	-00000000.087964
000000013.866707	-00000004.372156	000000000.101508
000000013.987959	-00000004.410387	000000000.307225
000000009.512347	-00000003.044926	-00000000.209215
000000011.123713	-00000003.560728	-00000000.081541
000000013.961169	-00000004.536259	000000000.102485
000000034.208672	-00000011.115070	000000000.251116
000000035.362034	-00000011.489821	000000000.778849
000000009.751271	-00000003.215487	-00000000.215079
000000011.472086	-00000003.782927	-00000000.084334
000000034.015541	-00000011.381440	000000000.250418
000000034.814808	-00000011.648872	000000000.769006
000000009.391487	-00000003.187980	-00000000.207749
000000011.135627	-00000003.780036	-00000000.082100
000000033.839287	-00000011.651800	000000000.249859
000000034.267532	-00000011.799257	000000000.759163
000000009.448258	-00000003.299480	-00000000.209634
000000011.026691	-00000003.850693	-00000000.081541
000000016.580660	-00000005.871520	000000000.122800
000000031.304359	-00000011.085455	000000000.231848
000000033.547794	-00000011.879897	000000000.248463
000000034.295200	-00000012.144567	000000000.762095
000000009.334418	-00000003.351399	-00000000.207749
000000010.766790	-00000003.865673	-00000000.079866
000000031.291000	-00000011.388993	000000000.232476
000000031.651300	-00000011.520131	000000000.705550
000000034.037598	-00000012.388672	000000000.758744
000000009.389235	-00000003.463872	-00000000.209634
000000009.559937	-00000003.526847	-00000000.071139
000000030.057077	-00000011.237881	000000000.224029
000000031.649384	-00000011.833220	000000000.235897
000000033.928192	-00000012.685230	000000000.758744
000000009.115569	-00000003.453580	-00000000.204189
000000009.874787	-00000003.741222	-00000000.073722
000000030.377968	-00000011.661009	000000000.227170
000000030.773397	-00000011.812800	000000000.690472
000000034.030876	-00000013.063230	000000000.763561
000000009.131674	-00000003.551114	-00000000.205236
000000009.674006	-00000003.762015	-00000000.072465
000000012.097167	-00000004.704331	-00000000.090617
000000016.765717	-00000006.604191	000000000.125802
000000028.600338	-00000011.265973	000000000.214604
000000030.144796	-00000011.874351	000000000.226193
000000030.622627	-00000012.062573	000000000.689424
000000008.858900	-00000003.534343	-00000000.199791
000000008.944218	-00000003.568381	-00000000.067230
000000010.198080	-00000004.068621	-00000000.076654
000000011.981351	-00000004.780074	-00000000.090058
000000027.314169	-00000011.035641	000000000.205668
000000029.891680	-00000012.077023	000000000.225076
000000029.969282	-00000012.108376	000000000.677068
000000031.165083	-00000012.591511	000000000.704084
000000008.809214	-00000003.603945	-00000000.199372
000000011.966948	-00000004.895807	-00000000.090268
000000017.020275	-00000006.963178	-00000000.128385
000000018.504856	-00000007.664963	000000000.139835
000000028.085253	-00000011.633293	000000000.212230
000000028.246040	-00000011.699893	000000000.640419
000000008.353309	-00000003.502833	-00000000.189738
000000010.771045	-00000004.516674	-00000000.081541
000000017.051081	-00000007.150111	-00000000.129083
000000026.942520	-00000011.436421	000000000.204341
000000028.194376	-00000011.967802	000000000.213836
000000029.519871	-00000012.530442	000000000.223889
000000028.906715	-00000012.270173	000000000.657801
000000008.478582	-00000003.642687	-00000000.193299
000000009.941078	-00000004.271024	-00000000.075537
000000012.136936	-00000005.214439	-00000000.092222
000000017.089100	-00000007.342057	-00000000.129851
000000026.383175	-00000011.471731	000000000.200851
000000028.382318	-00000012.340983	000000000.216070
000000071.203270	-00000030.960062	000000001.626388
000000008.217694	-00000003.615872	-00000000.188063
000000010.910247	-00000004.800623	-00000000.083217
000000015.148035	-00000006.665295	-00000000.115540
000000016.905390	-00000007.438550	-00000000.128944
000000024.802155	-00000011.042630	000000000.189541
000000026.519579	-00000011.807278	000000000.202666
000000008.067325	-00000003.634065	-00000000.185340
000000010.475890	-00000004.719045	-00000000.080215
000000012.226431	-00000005.507606	-00000000.093619
000000016.803366	-00000007.569364	-00000000.128665
000000025.514692	-00000011.627715	000000000.195755
000000026.401285	-00000012.031758	000000000.607749
000000007.971748	-00000003.675026	-00000000.183874
000000011.079077	-00000005.107524	-00000000.085171
000000016.818401	-00000007.753389	-00000000.129293
000000025.983212	-00000012.116170	000000000.200153
000000026.666788	-00000012.434928	000000000.616335
000000007.767566	-00000003.663422	-00000000.179895
000000011.233059	-00000005.297855	-00000000.086707
000000016.053688	-00000007.571411	-00000000.123917
000000025.161329	-00000011.866853	-00000000.194219
000000025.244694	-00000012.041101	000000000.195266
000000063.735615	-00000030.400330	000000001.479163
000000007.618236	-00000003.674601	-00000000.177173
000000009.439087	-00000004.552875	-00000000.073164
000000025.128868	-00000012.120728	-00000000.194777
000000024.644333	-00000012.019844	000000000.191426
000000026.868048	-00000013.104423	000000000.626178
000000007.379643	-00000003.639237	-00000000.172356
000000010.331722	-00000005.095042	-00000000.080424
000000018.241947	-00000008.995933	-00000000.141999
000000024.932453	-00000012.295325	-00000000.194079
000000024.878569	-00000012.403996	000000000.194079
000000026.770563	-00000013.347311	000000000.626597
000000007.302966	-00000003.680998	-00000000.171309
000000009.072445	-00000004.572889	-00000000.070930
000000012.510330	-00000006.305726	-00000000.097807
000000025.820740	-00000013.156323	000000000.202317
000000055.249966	-00000028.151264	000000000.432908
000000007.492771	-00000003.859031	-00000000.176545
000000009.085534	-00000004.679358	-00000000.071348
000000025.793646	-00000013.427322	000000000.203015
000000007.166828	-00000003.770651	-00000000.169634
000000009.947019	-00000005.233379	-00000000.078469
000000013.522282	-00000007.114417	-00000000.106674
000000025.026840	-00000013.167258	-00000000.197430
000000035.520115	-00000018.886381	000000000.280856
000000036.290016	-00000019.295744	000000000.860943
000000007.124843	-00000003.828316	-00000000.169424
000000009.467499	-00000005.087070	-00000000.225131
000000010.570432	-00000005.679698	-00000000.083775
000000034.756371	-00000018.871168	000000000.276109
000000036.303051	-00000019.710949	000000000.288396
000000036.287186	-00000019.702335	000000000.864922
000000006.784377	-00000003.722036	-00000000.162094
000000010.801010	-00000005.925637	-00000000.086009
000000013.317155	-00000007.306041	-00000000.106045
000000034.144321	-00000018.926506	000000000.272548
000000034.198875	-00000018.956747	000000000.819058
000000006.960991	-00000003.898342	-00000000.167121
000000009.850240	-00000005.516399	-00000000.078818
000000034.178036	-00000019.337002	000000000.274154
000000034.206181	-00000019.352926	000000000.823247
000000006.831226	-00000003.904367	-00000000.164817
000000007.865690	-00000004.495612	-00000000.063250
000000009.766998	-00000005.582300	-00000000.078539
000000021.270353	-00000012.157008	-00000000.171041
000000021.208445	-00000012.244701	000000000.170971
000000051.707695	-00000029.853453	000000001.250681
000000006.701893	-00000003.908429	-00000000.162513
000000007.929817	-00000004.624533	-00000000.064088
000000020.783375	-00000012.120506	-00000000.167969
000000020.704445	-00000012.195850	000000000.167760
000000050.885273	-00000029.973715	000000001.237069
000000006.615978	-00000003.936093	-00000000.161257
000000009.212612	-00000005.480928	-00000000.074839
000000017.729122	-00000010.547719	-00000000.144023
000000020.539312	-00000012.219606	-00000000.166852
000000017.545786	-00000010.542572	000000000.142906
000000020.331512	-00000012.216405	000000000.165595
000000050.210419	-00000030.169462	000000001.227016
000000006.359149	-00000003.858827	-00000000.155812
000000007.642725	-00000004.637720	-00000000.062412
000000010.258693	-00000006.225127	-00000000.083775
000000019.978804	-00000012.123436	-00000000.163152
000000017.427540	-00000010.679610	000000000.142697
000000020.266764	-00000012.419489	000000000.165945
000000006.112691	-00000003.782648	-00000000.150576
000000007.823050	-00000004.841050	-00000000.064228
000000009.965885	-00000006.167077	-00000000.081820
000000017.406284	-00000010.771337	-00000000.142906
000000020.089769	-00000012.553482	000000000.165386
000000020.001068	-00000012.498054	000000000.494032
000000006.544497	-00000004.129271	-00000000.162094
000000009.979345	-00000006.296498	-00000000.082379
000000019.332867	-00000012.198131	-00000000.159592
000000044.901070	-00000028.605135	000000000.371682
000000005.986885	-00000003.850893	-00000000.149110
000000008.686028	-00000005.587040	-00000000.216335
000000007.375733	-00000004.744231	-00000000.061226
000000009.772635	-00000006.285970	-00000000.081122
000000016.214838	-00000010.429734	-00000000.134599
000000016.303358	-00000010.587525	000000000.135716
000000019.389591	-00000012.591748	000000000.161407
000000044.909344	-00000029.164471	000000001.121676
000000006.120272	-00000004.012626	-00000000.153299
000000007.300600	-00000004.786483	-00000000.060946
000000011.139060	-00000007.303088	-00000000.092990
000000016.310410	-00000010.795624	000000000.136553
000000019.312325	-00000012.782549	000000000.161686
000000042.193592	-00000027.927330	000000000.353252
000000044.086212	-00000029.180027	000000001.107435
000000005.802385	-00000003.877030	-00000000.146178
000000007.366641	-00000004.922232	-00000000.061854
000000009.969077	-00000006.661125	-00000000.083705
000000016.171690	-00000010.805578	-00000000.135786
000000016.381384	-00000011.049382	000000000.137950
000000043.299427	-00000029.205832	000000001.094032
000000005.768331	-00000003.927517	-00000000.146178
000000009.918836	-00000006.753495	-00000000.083775
000000016.134640	-00000010.985684	-00000000.136274
000000016.358507	-00000011.242890	000000000.138578
000000018.888512	-00000012.981714	000000000.160010
000000041.625725	-00000028.608568	000000001.058011
000000005.668120	-00000003.932115	-00000000.144503
000000007.419291	-00000005.146945	-00000000.063041
000000009.785577	-00000006.788496	-00000000.083147
000000016.563999	-00000011.490854	-00000000.140742
000000016.464556	-00000011.528605	000000000.140323
000000018.962908	-00000013.277970	000000000.161616
000000039.703335	-00000027.800573	000000000.338382
000000040.752064	-00000028.534903	000000001.042095
000000005.347829	-00000003.779472	-00000000.137173
000000005.381537	-00000003.803294	-00000000.046007
000000005.307904	-00000003.786091	000000000.045518
000000005.323148	-00000003.796964	000000000.136963
000000005.306530	-00000003.820155	-00000000.136963
000000005.356257	-00000003.855954	-00000000.046076
000000005.323202	-00000003.867533	000000000.045937
000000039.859612	-00000028.959703	000000001.032042
000000005.305242	-00000003.889964	-00000000.137801
000000005.338533	-00000003.914374	-00000000.046216
000000005.305326	-00000003.925735	000000000.046076
000000038.906178	-00000028.789055	000000001.013823
000000005.271094	-00000003.936112	-00000000.137801
000000005.352245	-00000003.996711	-00000000.046635
000000005.318783	-00000004.007990	000000000.046495
000000005.365654	-00000004.043310	000000000.140733
000000005.523042	-00000004.199819	-00000000.145340
000000005.364923	-00000004.079582	-00000000.047054
000000007.378759	-00000005.610939	-00000000.064716
000000015.951492	-00000012.129796	-00000000.139904
000000005.331204	-00000004.090777	000000000.046914
000000015.581079	-00000011.955783	000000000.137112
000000035.993565	-00000027.618832	000000000.316740
000000015.934973	-00000012.227335	000000000.420733
000000037.438065	-00000028.727238	000000000.988482
000000005.612665	-00000004.345789	-00000000.148691
000000008.475986	-00000006.562809	-00000000.074839
000000015.536672	-00000012.029777	-00000000.137182
000000015.681031	-00000012.251365	000000000.138927
000000035.459621	-00000027.704092	000000000.314157
000000037.036259	-00000028.935898	000000000.984503
000000005.943545	-00000004.685513	-00000000.158534
000000007.884390	-00000006.215552	-00000000.070092
000000008.779630	-00000006.921302	-00000000.078050
000000015.847310	-00000012.493011	-00000000.140882
000000015.698736	-00000012.487339	000000000.140044
000000035.122601	-00000027.937777	000000000.313319
000000036.046848	-00000028.672958	000000000.964817
000000037.721264	-00000030.004848	000000001.009634
000000005.754285	-00000004.618302	-00000000.154555
000000006.878413	-00000005.520510	-00000000.061575
000000009.077635	-00000007.285572	-00000000.081262
000000010.263029	-00000008.236952	-00000000.091873
000000015.969959	-00000012.932219	000000000.143465
000000034.846375	-00000028.218039	000000000.313040
000000035.577709	-00000028.810261	000000000.958953
000000006.023454	-00000004.921368	-00000000.162932
000000007.101007	-00000005.801766	-00000000.064018
000000010.020396	-00000008.187007	-00000000.090338
000000014.821513	-00000012.109685	-00000000.133621
000000014.483041	-00000011.938897	000000000.131038
000000033.618862	-00000027.713253	000000000.304173
000000035.047218	-00000028.890696	000000000.951414
000000005.242352	-00000004.360018	-00000000.142827
000000006.748950	-00000005.613043	-00000000.183874
000000006.834837	-00000005.684474	-00000000.062063
000000009.302760	-00000007.737024	-00000000.084473
000000014.507692	-00000012.065921	-00000000.131736
000000014.094874	-00000011.827003	000000000.128455
000000033.130615	-00000027.799887	000000000.301940
000000034.632935	-00000029.060482	000000000.947016
000000005.867970	-00000004.967604	-00000000.161047
000000006.960510	-00000005.892507	-00000000.063669
000000014.516328	-00000012.288979	-00000000.132784
000000014.500588	-00000012.384672	000000000.133133
000000032.727077	-00000027.951563	000000000.300473
000000014.034015	-00000011.986181	000000000.386597
000000033.655788	-00000028.744761	000000000.927121
000000006.316707	-00000005.442822	-00000000.174660
000000006.893673	-00000005.939969	-00000000.063529
000000009.681444	-00000008.342066	-00000000.089221
000000012.810112	-00000011.037898	-00000000.118053
000000014.580633	-00000012.674751	000000000.134878
000000032.180031	-00000027.973675	000000000.297681
000000033.154663	-00000028.820911	000000000.920210
000000006.126150	-00000005.372489	-00000000.170681
000000009.269958	-00000008.129536	-00000000.086079
000000013.337313	-00000011.696509	-00000000.123848
000000014.439515	-00000012.775003	000000000.134599
000000031.372990	-00000027.756477	000000000.292445
000000032.549965	-00000028.797777	000000000.910367
000000006.310261	-00000005.632123	-00000000.177173
000000008.891053	-00000007.935569	-00000000.249634
000000009.362792	-00000008.356611	-00000000.087615
000000012.705048	-00000011.339689	-00000000.118891
000000014.294111	-00000012.757981	-00000000.133761
000000012.633154	-00000011.374943	000000000.118681
000000030.884348	-00000027.808392	000000000.290141
000000014.153804	-00000012.744142	000000000.398953
000000032.119106	-00000028.920172	000000000.905341
000000006.098060	-00000005.539087	-00000000.172566
000000008.334653	-00000007.570666	-00000000.078609
000000012.709235	-00000011.544257	-00000000.119868
000000012.717724	-00000011.653647	000000000.120427
000000013.963693	-00000012.795367	000000000.132225
000000012.788957	-00000011.718920	000000000.363351
000000013.850404	-00000012.691557	000000000.393508
000000004.287503	-00000003.963327	-00000000.122304
000000006.034807	-00000005.578518	-00000000.172147
000000012.630040	-00000011.675089	-00000000.120078
000000012.520471	-00000011.675528	000000000.119519
000000013.749114	-00000012.821257	000000000.131248
000000029.860445	-00000027.845316	000000000.285045
000000013.687938	-00000012.764209	000000000.392042
000000031.031843	-00000028.937662	000000000.888796
000000005.629073	-00000005.295303	-00000000.161885
000000006.263838	-00000005.892430	-00000000.060039
000000012.768032	-00000012.010965	-00000000.122382
000000013.455366	-00000012.768665	000000000.129502
000000029.463987	-00000027.960281	000000000.283579
000000012.270642	-00000011.644405	000000000.354346
000000030.488050	-00000028.932081	000000000.880419
000000005.842643	-00000005.593114	-00000000.169424
000000008.363140	-00000008.005965	-00000000.242513
000000008.668157	-00000008.297955	-00000000.083775
000000012.496592	-00000011.962884	-00000000.120776
000000013.365007	-00000012.906438	000000000.129712
000000028.916756	-00000027.924587	000000000.280647
000000012.146984	-00000011.730206	000000000.353717
000000029.766945	-00000028.745604	000000000.866807
000000006.251944	-00000006.090374	-00000000.182827
000000008.106759	-00000007.897255	-00000000.237068
000000012.191162	-00000011.876104	-00000000.118821
000000012.467314	-00000012.251595	000000000.122032
000000012.250956	-00000012.038980	000000000.359791
000000029.436520	-00000028.927189	000000000.864503
000000005.928748	-00000005.877234	-00000000.174869
000000006.810512	-00000006.751337	-00000000.066950
000000011.852705	-00000011.749720	-00000000.116517
000000011.978097	-00000011.978097	000000000.118263
000000012.152500	-00000012.152500	000000000.360000
000000028.893116	-00000028.893116	000000000.855917
000000003.610804	-00000003.642452	-00000000.107435
000000006.088391	-00000006.141756	-00000000.181152
000000008.009931	-00000008.080137	-00000000.238325
000000011.841239	-00000011.945026	-00000000.117425
000000011.718917	-00000011.925257	000000000.116727
000000012.186138	-00000012.400704	000000000.364189
000000028.520752	-00000029.022926	000000000.852356
000000004.702076	-00000004.826816	-00000000.141152
000000006.222926	-00000006.388012	-00000000.186806
000000007.827492	-00000008.035146	-00000000.234974
000000011.548150	-00000011.854507	-00000000.115540
000000011.607458	-00000012.019875	000000000.116657
000000011.667701	-00000012.082257	000000000.351833
000000028.141384	-00000029.141256	000000000.848587
000000006.249907	-00000006.528738	-00000000.189319
000000007.667198	-00000008.009259	-00000000.232251
000000006.686769	-00000006.985089	-00000000.067509
000000011.513412	-00000012.027066	-00000000.116238
000000011.412641	-00000012.026414	000000000.115749
000000011.527411	-00000012.147356	000000000.350786
000000027.769014	-00000029.262436	000000000.845027
000000006.432457	-00000006.837903	-00000000.196649
000000007.768271	-00000008.257915	-00000000.237487
000000011.264134	-00000011.974128	-00000000.114772
000000010.952626	-00000011.745254	000000000.112119
000000011.236868	-00000012.050065	000000000.345131
000000006.447193	-00000006.974534	-00000000.198953
000000006.543480	-00000007.078697	-00000000.067299
000000010.962364	-00000011.859019	-00000000.112747
000000010.822692	-00000011.810896	000000000.111840
000000011.009705	-00000012.014984	000000000.341361
000000005.982752	-00000006.586496	-00000000.186388
000000007.622968	-00000008.392233	-00000000.237487
000000010.407984	-00000011.458297	-00000000.108070
000000010.679064	-00000011.860302	000000000.111421
000000026.150579	-00000029.043159	000000000.818639
000000004.447114	-00000004.982570	-00000000.139895
000000006.371090	-00000007.138203	-00000000.200419
000000010.274304	-00000011.511385	-00000000.107721
000000010.396255	-00000011.750829	000000000.109536
000000025.637772	-00000028.978230	000000000.810472
000000004.436424	-00000005.058772	-00000000.140942
000000005.629578	-00000006.419304	-00000000.178848
000000007.462158	-00000008.508960	-00000000.237068
000000010.252578	-00000011.690825	-00000000.108559
000000010.116183	-00000011.637339	000000000.107651
000000010.448729	-00000012.019887	000000000.333613
000000025.364237	-00000029.178217	000000000.809843
000000010.043770	-00000011.656368	-00000000.322304
000000009.986981	-00000011.590462	-00000000.106813
000000010.001256	-00000011.709967	000000000.107511
000000009.979827	-00000011.684876	000000000.321885
000000025.199553	-00000029.504885	000000000.812775
000000004.166585	-00000004.921770	-00000000.135079
000000009.618676	-00000011.362040	-00000000.311833
000000009.665779	-00000011.417680	-00000000.104440
000000009.937254	-00000011.842758	000000000.107930
000000010.237361	-00000012.200412	000000000.333613
000000024.754749	-00000029.501560	000000000.806702
000000009.846251	-00000011.944457	000000000.108070
000000024.089359	-00000029.222729	000000000.793299
000000009.735350	-00000012.022155	000000000.108000
000000010.085793	-00000012.454918	000000000.335707
000000023.732759	-00000029.307518	000000000.789948
000000009.598942	-00000012.067524	000000000.107651
000000023.046661	-00000028.973623	000000000.775498
000000009.179289	-00000011.748954	000000000.104091
000000009.060550	-00000011.596974	000000000.308272
000000022.860653	-00000029.260300	000000000.777801
000000009.033799	-00000011.773077	000000000.103602
000000009.068556	-00000011.818372	000000000.312042
000000008.954789	-00000011.883407	000000000.103881
000000009.025246	-00000011.976905	000000000.314136
000000008.648513	-00000011.687794	000000000.101508
000000020.485197	-00000027.684155	000000000.240435
000000021.474340	-00000029.020906	000000000.756231
000000008.634355	-00000011.884170	000000000.102555
000000020.119398	-00000027.691977	000000000.238969
000000021.032221	-00000028.948368	000000000.749529
000000008.483863	-00000011.893938	000000000.101996
000000019.691156	-00000027.605984	000000000.236735
000000020.709131	-00000029.033131	000000000.747016
000000008.563288	-00000012.229642	000000000.104230
000000019.403620	-00000027.711241	000000000.236176
000000020.007692	-00000028.573946	000000000.730681
000000018.611656	-00000027.080128	000000000.229404
000000018.307899	-00000026.638157	000000000.677068
000000008.247894	-00000012.228006	000000000.102974
000000018.603895	-00000027.581408	000000000.232267
000000019.310287	-00000028.628679	000000000.723351
000000017.766418	-00000026.842129	000000000.224727
000000019.015577	-00000028.729403	000000000.721676
000000007.978767	-00000012.286224	000000000.102275
000000018.644352	-00000028.709784	000000000.717068
000000007.736926	-00000012.144541	000000000.100530
000000018.301783	-00000028.728045	000000000.713508
000000007.657146	-00000012.253996	000000000.100879
000000017.923239	-00000028.683176	000000000.708482
000000007.455873	-00000012.166879	000000000.099623
000000016.170937	-00000026.388571	000000000.216070
000000016.157337	-00000026.366377	000000000.647749
000000007.292761	-00000012.137193	000000000.098855
000000016.771111	-00000027.911816	000000000.682095
000000002.446275	-00000004.152952	000000000.033650
000000002.450873	-00000004.160756	000000000.101152
000000002.369942	-00000004.104860	000000000.033091
000000002.394475	-00000004.147352	000000000.100314
