000000004.529159	000000005.256348	-00000000.145340
000000004.581448	000000005.224141	-00000000.145550
000000004.586918	000000005.139208	-00000000.144293
000000006.578751	000000007.370867	-00000000.068975
000000004.638314	000000005.106385	-00000000.144503
000000006.461287	000000007.113323	-00000000.067090
000000004.703057	000000005.087739	-00000000.145131
000000005.857908	000000006.337049	-00000000.060248
000000004.808929	000000005.112043	-00000000.147016
000000006.570745	000000006.984908	-00000000.066950
000000004.493849	000000004.694336	-00000000.136126
000000005.974527	000000006.241073	-00000000.060318
000000005.002060	000000005.134758	-00000000.150157
000000005.672898	000000005.823393	-00000000.056758
000000006.935868	000000007.119867	-00000000.069394
000000004.448397	000000004.487387	-00000000.132356
000000006.082539	000000006.135852	-00000000.060318
000000005.112213	000000005.067794	-00000000.150785
000000006.320496	000000006.265578	-00000000.062133
000000004.518874	000000004.402092	-00000000.132147
000000006.303304	000000006.140407	-00000000.061435
000000005.199880	000000004.977802	-00000000.150785
000000006.334978	000000006.064422	-00000000.061226
000000005.228557	000000004.918535	-00000000.150367
000000006.380374	000000006.002057	-00000000.061156
000000005.285963	000000004.886293	-00000000.150785
000000006.491253	000000006.000453	-00000000.061714
000000005.350604	000000004.860146	-00000000.151414
000000006.513761	000000005.916684	-00000000.061435
000000005.489778	000000004.899814	-00000000.154136
000000006.684511	000000005.966155	-00000000.062552
000000005.231658	000000004.588040	-00000000.145759
000000006.555883	000000005.749356	-00000000.060877
000000005.339662	000000004.600947	-00000000.147644
000000006.696712	000000005.770256	-00000000.061714
000000005.303302	000000004.489577	-00000000.145550
000000006.655225	000000005.634064	-00000000.060877
000000005.442206	000000004.526235	-00000000.148272
000000006.419673	000000005.339186	-00000000.058294
000000007.834307	000000006.515724	-00000000.071139
000000005.419559	000000004.427966	-00000000.146597
000000006.628640	000000005.415826	-00000000.059760
000000005.551559	000000004.455598	-00000000.149110
000000006.480682	000000005.201298	-00000000.058014
000000008.087205	000000006.490668	-00000000.072396
000000005.582379	000000004.400793	-00000000.148901
000000006.722149	000000005.299315	-00000000.059760
000000005.628475	000000004.358031	-00000000.149110
000000006.602098	000000005.111890	-00000000.058294
000000008.460172	000000006.550565	-00000000.074699
000000005.554875	000000004.224025	-00000000.146178
000000006.582777	000000005.005660	-00000000.057735
000000008.596612	000000006.537016	-00000000.075398
000000005.663622	000000004.229227	-00000000.148063
000000006.610183	000000004.936058	-00000000.057595
000000008.557182	000000006.389951	-00000000.074560
000000005.595498	000000004.102789	-00000000.145340
000000006.644941	000000004.872272	-00000000.057526
000000008.612618	000000006.315033	-00000000.074560
000000005.915077	000000004.258246	-00000000.152670
000000006.638514	000000004.779046	-00000000.057107
000000009.730535	000000007.004982	-00000000.083705
000000005.911188	000000004.177615	-00000000.151623
000000006.704464	000000004.738246	-00000000.057316
000000006.333508	000000004.393711	-00000000.161466
000000006.712692	000000004.656760	-00000000.057037
000000005.900556	000000004.017546	-00000000.149529
000000006.711745	000000004.569865	-00000000.056688
000000006.897424	000000004.652371	000000000.058084
000000006.309470	000000004.215853	-00000000.158953
000000006.709796	000000004.483342	-00000000.056339
000000006.879390	000000004.553369	000000000.057595
000000015.865368	000000010.501058	000000000.398534
000000006.429630	000000004.215450	-00000000.161047
000000006.773753	000000004.441067	-00000000.056548
000000006.960796	000000004.520394	000000000.057944
000000015.914476	000000010.334982	000000000.397487
000000006.440946	000000004.142956	-00000000.160419
000000006.803840	000000004.376377	-00000000.056478
000000006.957810	000000004.432614	000000000.057595
000000006.998614	000000004.458609	000000000.173822
000000006.392300	000000004.033241	-00000000.158325
000000006.858685	000000004.327508	-00000000.056618
000000007.013187	000000004.382326	000000000.057735
000000007.011820	000000004.381472	000000000.173194
000000006.469761	000000004.003610	-00000000.159372
000000006.930202	000000004.288539	-00000000.056897
000000007.196107	000000004.409780	000000000.058922
000000017.077967	000000010.465391	000000000.139835
000000007.160606	000000004.388025	000000000.175916
000000006.470263	000000003.926252	-00000000.158534
000000006.881873	000000004.176023	-00000000.056199
000000016.851498	000000010.125401	000000000.137252
000000016.822504	000000010.107980	000000000.411100
000000006.512872	000000003.874752	-00000000.158744
000000007.012585	000000004.172050	-00000000.056967
000000017.059841	000000010.049014	000000000.138229
000000017.116817	000000010.082576	000000000.416126
000000006.684620	000000003.898355	-00000000.162094
000000007.117831	000000004.150996	-00000000.057526
000000013.994629	000000008.079803	000000000.112817
000000017.285444	000000009.979756	000000000.139346
000000017.230125	000000009.947818	000000000.416754
000000006.831226	000000003.904367	-00000000.164817
000000007.249284	000000004.143307	-00000000.058294
000000017.746120	000000010.040272	000000000.142348
000000017.464207	000000009.880774	000000000.420314
000000006.952268	000000003.893457	-00000000.166911
000000007.389861	000000004.138521	-00000000.059131
000000008.995215	000000005.037562	-00000000.071977
000000010.766338	000000006.029439	-00000000.086149
000000016.013897	000000008.876648	000000000.127827
000000017.771839	000000009.851091	000000000.141859
000000017.829584	000000009.883100	000000000.427016
000000007.021041	000000003.851875	-00000000.167749
000000007.539667	000000004.136403	-00000000.060039
000000010.792244	000000005.920828	-00000000.085939
000000016.073174	000000008.727021	000000000.127687
000000018.208647	000000009.886488	000000000.144652
000000018.046946	000000009.798692	000000000.430157
000000007.133650	000000003.833049	-00000000.169634
000000007.742841	000000004.160378	-00000000.061365
000000010.931587	000000005.873754	-00000000.086637
000000014.321060	000000007.614643	000000000.113236
000000016.069256	000000008.544174	000000000.127059
000000018.435495	000000009.802327	000000000.145769
000000018.237696	000000009.697155	000000000.432670
000000007.184524	000000003.779961	-00000000.170052
000000007.787702	000000004.097308	-00000000.061435
000000010.964730	000000005.768824	-00000000.086498
000000015.930326	000000008.292803	000000000.125383
000000018.884001	000000009.830389	000000000.148631
000000018.472383	000000009.616115	000000000.436231
000000007.226124	000000003.721699	-00000000.170262
000000008.676596	000000004.468740	-00000000.068137
000000010.952424	000000005.640869	-00000000.086009
000000014.282487	000000007.277291	000000000.111910
000000016.073366	000000008.189790	000000000.125942
000000019.209633	000000009.787796	000000000.150516
000000018.858471	000000009.608871	000000000.443351
000000007.383317	000000003.721498	-00000000.173194
000000008.224135	000000004.145306	-00000000.064297
000000010.742274	000000005.414552	-00000000.083985
000000015.938392	000000007.946589	000000000.124336
000000019.473297	000000009.709028	000000000.151912
000000019.523186	000000009.733901	000000000.456964
000000007.505178	000000003.701144	-00000000.175288
000000009.004383	000000004.440470	-00000000.070092
000000016.132961	000000007.868571	000000000.125314
000000019.880840	000000009.696534	000000000.154425
000000020.020741	000000009.764768	000000000.466597
000000007.879381	000000003.800562	-00000000.183246
000000008.484371	000000004.092375	-00000000.065763
000000016.318344	000000007.783451	000000000.126221
000000020.623571	000000009.836939	000000000.159522
000000020.276642	000000009.671462	000000000.470576
000000007.758523	000000003.659157	-00000000.179686
000000009.080508	000000004.282646	-00000000.070092
000000011.120126	000000005.185400	000000000.085660
000000016.793474	000000007.830926	000000000.129363
000000019.621084	000000009.149463	000000000.151144
000000021.483845	000000010.018081	000000000.496545
000000007.980828	000000003.679212	-00000000.184084
000000009.244673	000000004.261852	-00000000.071069
000000010.709984	000000004.880821	000000000.082169
000000017.461731	000000007.957769	000000000.133970
000000019.472696	000000008.874219	000000000.149399
000000021.625036	000000009.855097	000000000.497801
000000008.067325	000000003.634065	-00000000.185340
000000009.044459	000000004.074232	-00000000.069254
000000010.816114	000000004.815645	000000000.082658
000000019.595074	000000008.724289	000000000.149748
000000022.176020	000000009.873400	000000000.508482
000000008.190241	000000003.603792	-00000000.187435
000000009.500702	000000004.180409	-00000000.072465
000000010.692659	000000004.649301	000000000.081401
000000022.783945	000000009.906741	000000000.520419
000000008.212192	000000003.528236	-00000000.187225
000000009.334691	000000004.010500	-00000000.070930
000000010.815668	000000004.590979	000000000.082030
000000011.108057	000000004.715090	000000000.252775
000000023.164026	000000009.832545	000000000.527121
000000008.399408	000000003.522164	-00000000.190785
000000009.950306	000000004.172510	-00000000.075328
000000010.744457	000000004.450500	000000000.081192
000000011.111833	000000004.602672	000000000.251937
000000023.562998	000000009.760114	000000000.534241
000000008.605639	000000003.520660	-00000000.194765
000000009.847511	000000004.028723	-00000000.074281
000000010.819972	000000004.371552	000000000.081471
000000011.086687	000000004.479312	000000000.250471
000000008.831042	000000003.523228	-00000000.199162
000000010.058763	000000004.013039	-00000000.075607
000000010.801885	000000004.254975	000000000.081052
000000011.078843	000000004.364072	000000000.249424
000000008.963949	000000003.485889	-00000000.201466
000000010.205237	000000003.968600	-00000000.076445
000000010.997309	000000004.221471	000000000.082239
000000011.228509	000000004.310221	000000000.251937
000000009.209062	000000003.489002	-00000000.206283
000000010.351694	000000003.921906	-00000000.077283
000000011.089929	000000004.146354	000000000.082658
000000025.883942	000000009.677608	000000000.578848
000000009.286057	000000003.425807	-00000000.207330
000000010.526251	000000003.883339	-00000000.078330
000000011.304227	000000004.114402	000000000.083985
000000020.531784	000000007.472958	000000000.152541
000000024.999737	000000009.099160	000000000.557278
000000027.010239	000000009.830922	000000000.602095
000000009.550841	000000003.429102	-00000000.212566
000000010.710322	000000003.845399	-00000000.079447
000000019.851545	000000007.029801	000000000.147025
000000021.793341	000000007.717427	000000000.161407
000000027.076151	000000009.588167	000000000.601676
000000009.353870	000000003.266518	-00000000.207539
000000010.951166	000000003.824318	-00000000.080983
000000014.484991	000000004.987583	000000000.106953
000000020.233604	000000006.966989	000000000.149399
000000022.644619	000000007.797167	000000000.167201
000000027.886681	000000009.602154	000000000.617801
000000009.874315	000000003.351878	-00000000.218429
000000011.211380	000000003.805751	-00000000.082658
000000014.167610	000000004.740416	000000000.104300
000000020.843645	000000006.974186	000000000.153448
000000029.021822	000000009.710566	000000000.641047
000000009.333495	000000003.077725	-00000000.205864
000000011.519569	000000003.798584	-00000000.084683
000000013.618354	000000004.490660	-00000000.100111
000000014.313052	000000004.650592	000000000.105068
000000021.293636	000000006.918722	000000000.156310
000000029.752033	000000009.667022	000000000.655288
000000009.759916	000000003.124174	-00000000.214660
000000011.704659	000000003.746691	-00000000.085800
000000013.533215	000000004.332016	-00000000.099204
000000014.438923	000000004.552575	000000000.105696
000000021.868196	000000006.895016	000000000.160080
000000031.017607	000000009.779814	000000000.681257
000000009.357143	000000002.905470	-00000000.205236
000000012.300357	000000003.819362	-00000000.089919
000000014.497227	000000004.432247	000000000.105836
000000024.413866	000000007.464068	000000000.178232
000000032.029182	000000009.792304	000000000.701571
000000009.707644	000000002.921669	-00000000.212356
000000012.716237	000000003.827153	-00000000.092711
000000014.583293	000000004.319768	000000000.106185
000000033.781399	000000010.006506	000000000.738011
000000009.368032	000000002.730532	-00000000.204398
000000012.672349	000000003.693653	-00000000.092153
000000014.697333	000000004.214393	000000000.106743
000000014.925119	000000004.279709	000000000.325236
000000009.776401	000000002.757230	-00000000.212775
000000011.739379	000000003.310847	-00000000.255498
000000013.156443	000000003.710500	-00000000.095434
000000014.733550	000000004.085975	000000000.106743
000000036.186024	000000010.035273	000000000.786597
000000009.443196	000000002.574511	-00000000.205026
000000013.197969	000000003.598179	-00000000.095504
000000015.068076	000000004.037479	000000000.108908
000000018.622597	000000004.989910	000000000.134599
000000025.055506	000000006.713603	000000000.181094
000000043.534389	000000011.665004	000000000.944084
000000009.910047	000000002.609098	-00000000.214660
000000013.596335	000000003.579616	-00000000.098157
000000018.336269	000000004.742082	000000000.132225
000000045.502636	000000011.767782	000000000.984503
000000009.360717	000000002.377319	-00000000.202304
000000013.801512	000000003.505137	-00000000.099413
000000018.464279	000000004.603662	000000000.132853
000000047.854191	000000011.931390	000000001.033090
000000009.342261	000000002.286037	-00000000.201466
000000014.307520	000000003.501028	-00000000.102834
000000018.260662	000000004.383997	000000000.131108
000000048.821709	000000011.721055	000000001.051728
000000009.361855	000000002.204424	-00000000.201466
000000014.444596	000000003.401251	-00000000.103602
000000018.434633	000000004.255970	000000000.132085
000000018.947342	000000004.374339	000000000.407330
000000009.634269	000000002.180012	-00000000.206911
000000015.078424	000000003.411899	-00000000.107930
000000016.892517	000000003.822386	-00000000.120915
000000018.500359	000000004.101431	000000000.132295
000000052.610817	000000011.663537	000000001.128796
000000009.320740	000000002.023731	-00000000.199791
000000014.892639	000000003.233509	-00000000.106394
000000018.613695	000000003.956463	000000000.132853
000000057.658932	000000012.255785	000000001.234765
000000009.856826	000000002.050223	-00000000.210890
000000016.447563	000000003.421098	-00000000.117285
000000018.745502	000000003.813816	000000000.133552
000000022.763096	000000004.631204	000000000.162175
000000058.782589	000000011.959453	000000001.256545
000000009.236971	000000001.837348	-00000000.197278
000000014.750651	000000002.934087	-00000000.104998
000000019.504457	000000003.791282	000000000.138718
000000022.331474	000000004.340799	000000000.158824
000000023.033737	000000004.477305	000000000.491519
000000009.193719	000000001.745482	-00000000.196021
000000017.909634	000000003.400250	-00000000.127268
000000022.466827	000000004.163980	000000000.159522
000000023.121084	000000004.285240	000000000.492566
000000060.948433	000000011.296124	000000001.298430
000000009.267631	000000001.675861	-00000000.197278
000000014.770091	000000002.670868	-00000000.104789
000000018.755358	000000003.391521	-00000000.133063
000000022.029613	000000003.884415	000000000.156171
000000061.586216	000000010.859311	000000001.309948
000000009.331169	000000001.603388	-00000000.198325
000000019.976734	000000003.432631	-00000000.141510
000000022.723467	000000003.802604	000000000.160848
000000027.260269	000000004.561805	000000000.192962
000000062.122364	000000010.395719	000000001.319372
000000009.177053	000000001.494578	-00000000.194765
000000014.577581	000000002.374110	-00000000.103113
000000020.785637	000000003.385156	-00000000.147025
000000023.585423	000000003.735564	000000000.166712
000000027.220026	000000004.311229	000000000.192404
000000027.530710	000000004.360436	000000000.583875
000000009.288560	000000001.429646	-00000000.196859
000000021.921324	000000003.374015	-00000000.154844
000000023.310535	000000003.483783	000000000.164548
000000025.308300	000000003.782351	000000000.178650
000000027.385183	000000004.092743	000000000.193311
000000063.441345	000000009.481373	000000001.343666
000000009.201739	000000001.334189	-00000000.194765
000000014.329803	000000002.077723	-00000000.101089
000000026.954439	000000003.788199	000000000.190030
000000030.717367	000000004.317044	000000000.216559
000000030.840084	000000004.334291	000000000.652356
000000009.193218	000000001.251142	-00000000.194346
000000026.629560	000000003.505848	000000000.187517
000000028.067120	000000003.695106	000000000.197639
000000030.615070	000000004.030550	000000000.215581
000000065.311974	000000008.598485	000000001.379896
000000009.104609	000000001.158252	-00000000.192251
000000014.373801	000000001.828578	-00000000.101158
000000030.381098	000000003.730330	000000000.213696
000000034.817673	000000004.275073	000000000.244903
000000035.078812	000000004.307136	000000000.740314
000000009.263296	000000001.096383	-00000000.195393
000000030.193913	000000003.440162	000000000.212160
000000031.465654	000000003.585058	000000000.221097
000000034.913265	000000003.977864	000000000.245321
000000038.651402	000000004.403771	000000000.814870
000000009.083683	000000000.994825	-00000000.191414
000000014.284242	000000001.564379	-00000000.100321
000000038.238438	000000004.019022	000000000.268429
000000068.805817	000000007.231783	000000001.449215
000000009.320810	000000000.938556	-00000000.196230
000000042.880627	000000004.128934	000000000.300753
000000043.061348	000000004.146336	000000000.906179
000000009.059837	000000000.832482	-00000000.190576
000000014.179916	000000001.302951	-00000000.099413
000000051.103542	000000004.470981	000000000.358139
000000009.395552	000000000.780710	-00000000.197487
000000054.948742	000000004.324560	000000000.384807
000000055.197174	000000004.344112	000000001.159791
000000009.033106	000000000.671276	-00000000.189738
000000014.090802	000000001.047127	-00000000.098645
000000063.540867	000000004.443210	000000001.334242
000000009.387793	000000000.615308	-00000000.197068
000000070.722305	000000004.325562	000000001.484189
000000008.923663	000000000.506722	-00000000.187225
000000014.017077	000000000.795947	-00000000.098017
000000079.094086	000000004.145145	000000001.659059
000000009.417075	000000000.452335	-00000000.197487
000000008.951129	000000000.351691	-00000000.187644
000000013.819001	000000000.542950	-00000000.096551
000000129.033020	000000004.505932	000000002.704504
000000009.423535	000000000.287915	-00000000.197487
000000008.955903	000000000.195419	-00000000.187644
000000013.786383	000000000.300820	-00000000.096272
000000009.307161	000000000.121837	-00000000.194974
000000124.497948	000000001.086477	000000002.607960
000000008.937954	000000000.038999	-00000000.187225
000000013.639538	000000000.059514	-00000000.095224
000000009.287874	-00000000.040526	-00000000.194555
000000008.997255	-00000000.117781	-00000000.188482
000000013.598504	-00000000.178014	-00000000.094945
000000009.355720	-00000000.204143	-00000000.196021
000000008.953856	-00000000.273565	-00000000.187644
000000013.753247	-00000000.420200	-00000000.096062
000000009.340743	-00000000.366999	-00000000.195812
000000073.783508	-00000003.221457	000000001.547017
000000008.967690	-00000000.430749	-00000000.188063
000000013.753808	-00000000.660643	-00000000.096132
000000075.409943	-00000003.952068	000000001.581781
000000009.362860	-00000000.531662	-00000000.196440
000000064.185951	-00000003.925781	000000001.347016
000000009.038619	-00000000.592422	-00000000.189738
000000013.810031	-00000000.905157	-00000000.096621
000000058.683796	-00000004.103571	000000001.232252
000000009.501710	-00000000.706099	-00000000.199581
000000064.027924	-00000005.039107	000000001.345341
000000008.987050	-00000000.746766	-00000000.188901
000000013.642649	-00000001.133617	-00000000.095573
000000038.492023	-00000003.367616	000000000.269756
000000041.661686	-00000003.644925	000000000.876021
000000009.358513	-00000000.859927	-00000000.196859
000000034.131306	-00000003.286471	000000000.239387
000000041.339691	-00000003.980559	000000000.869948
000000009.022385	-00000000.908506	-00000000.189948
000000013.620787	-00000001.371541	-00000000.095573
000000031.197392	-00000003.278978	000000000.219002
000000041.223835	-00000004.332799	000000000.868273
000000009.461341	-00000001.036185	-00000000.199372
000000028.802946	-00000003.281681	000000000.202387
000000041.204323	-00000004.694639	000000000.868692
000000009.005156	-00000001.065830	-00000000.189948
000000013.545124	-00000001.603171	-00000000.095224
000000026.778242	-00000003.287955	000000000.188354
000000028.664034	-00000003.519501	000000000.201619
000000029.214151	-00000003.587047	000000000.616545
000000009.402144	-00000001.196104	-00000000.198534
000000025.182085	-00000003.315284	000000000.177324
000000028.919743	-00000003.807356	000000000.203643
000000028.814981	-00000003.793564	000000000.608796
000000009.024808	-00000001.228222	-00000000.190785
000000013.554715	-00000001.844716	-00000000.095504
000000023.706440	-00000003.331723	000000000.167131
000000029.806343	-00000004.189008	000000000.210136
000000028.671873	-00000004.029569	000000000.606492
000000009.419415	-00000001.365750	-00000000.199372
000000022.964388	-00000003.432051	000000000.162105
000000028.888449	-00000004.317408	000000000.203923
000000028.586178	-00000004.272233	000000000.605445
000000009.001998	-00000001.385540	-00000000.190785
000000013.441389	-00000002.068828	-00000000.094945
000000020.879223	-00000003.306944	000000000.147584
000000022.982948	-00000003.640141	000000000.162454
000000028.577433	-00000004.526221	000000000.606074
000000009.384277	-00000001.528327	-00000000.199162
000000019.542051	-00000003.182625	-00000000.138229
000000020.188774	-00000003.378442	000000000.142906
000000023.759041	-00000003.975900	000000000.168179
000000023.902319	-00000003.999876	000000000.507644
000000009.015860	-00000001.549208	-00000000.191623
000000013.521500	-00000002.323419	-00000000.095783
000000018.932070	-00000003.253124	-00000000.134110
000000018.986631	-00000003.347855	000000000.134599
000000020.759241	-00000003.660414	000000000.147165
000000020.420433	-00000003.600673	000000000.434346
000000009.425042	-00000001.704325	-00000000.200628
000000018.056707	-00000003.265185	-00000000.128106
000000018.799377	-00000003.484258	000000000.133482
000000020.250608	-00000003.753229	000000000.431414
000000008.987450	-00000001.706321	-00000000.191623
000000013.361000	-00000002.536665	-00000000.094945
000000016.986155	-00000003.224922	-00000000.120706
000000018.032053	-00000003.505076	000000000.128246
000000020.132683	-00000003.913397	000000000.143186
000000020.079687	-00000003.903096	000000000.428482
000000009.433085	-00000001.876357	-00000000.201466
000000014.319117	-00000002.848249	-00000000.101926
000000016.516022	-00000003.285241	-00000000.117564
000000017.540224	-00000003.568599	000000000.124965
000000020.068369	-00000004.082956	000000000.142976
000000019.966484	-00000004.062227	000000000.426807
000000009.034607	-00000001.879201	-00000000.193299
000000013.353855	-00000002.777606	-00000000.095224
000000016.197729	-00000003.442934	000000000.115610
000000016.311924	-00000003.467206	000000000.349320
000000020.037849	-00000004.259176	000000000.429110
000000009.144876	-00000001.985547	-00000000.196021
000000013.837255	-00000003.004363	-00000000.098855
000000015.464152	-00000003.428320	000000000.110583
000000016.329849	-00000003.620240	000000000.350367
000000019.960875	-00000004.425220	000000000.428273
000000008.961430	-00000002.027765	-00000000.192461
000000013.303346	-00000003.010240	-00000000.095224
000000014.800321	-00000003.416923	000000000.106045
000000016.268412	-00000003.755859	000000000.349738
000000019.931238	-00000004.601489	000000000.428482
000000009.264539	-00000002.181509	-00000000.199372
000000013.383638	-00000003.151428	-00000000.095992
000000013.992063	-00000003.359197	000000000.100460
000000016.520163	-00000003.966140	000000000.118612
000000020.954060	-00000005.030625	000000000.150446
000000016.536385	-00000003.970035	000000000.356231
000000020.026428	-00000004.807920	000000000.431414
000000008.924675	-00000002.183854	-00000000.192461
000000012.899108	-00000003.156392	-00000000.092711
000000013.865188	-00000003.456980	000000000.099762
000000016.077408	-00000004.008548	000000000.115679
000000016.064573	-00000004.005348	000000000.346806
000000020.138922	-00000005.021197	000000000.434765
000000009.205674	-00000002.337943	-00000000.198953
000000012.686924	-00000003.222068	-00000000.091385
000000015.373810	-00000003.975938	000000000.110862
000000016.806635	-00000004.346491	000000000.121195
000000023.951389	-00000006.194250	000000000.172716
000000020.791250	-00000005.376983	000000000.449843
000000025.969704	-00000006.716222	000000000.561885
000000008.885202	-00000002.339279	-00000000.192461
000000012.271514	-00000003.230820	-00000000.088592
000000012.266959	-00000003.286922	000000000.088662
000000014.140810	-00000003.789019	000000000.102206
000000015.985682	-00000004.283350	000000000.115540
000000026.219133	-00000007.025396	000000000.568587
000000042.066502	-00000011.271686	000000000.912252
000000009.221344	-00000002.514027	-00000000.200210
000000011.992015	-00000003.269398	-00000000.086777
000000012.478710	-00000003.460653	000000000.090407
000000040.444332	-00000011.216207	000000000.879163
000000042.168854	-00000011.694459	000000000.916650
000000008.833402	-00000002.491277	-00000000.192251
000000011.356695	-00000003.202919	-00000000.082379
000000011.948192	-00000003.426089	000000000.086777
000000013.137566	-00000003.767136	000000000.286283
000000040.085430	-00000011.494312	000000000.873508
000000009.156867	-00000002.668983	-00000000.199791
000000011.126707	-00000003.243139	-00000000.080913
000000012.282182	-00000003.638148	000000000.089430
000000039.456364	-00000011.687508	000000000.861990
000000008.807724	-00000002.650824	-00000000.192670
000000010.877746	-00000003.273830	-00000000.079307
000000012.106523	-00000003.701335	000000000.088383
000000011.874701	-00000003.630460	000000000.260105
000000033.960495	-00000010.382766	000000000.743875
000000039.094727	-00000011.952456	000000000.856336
000000008.994315	-00000002.792809	-00000000.197278
000000010.695963	-00000003.321185	-00000000.078190
000000011.425250	-00000003.602368	000000000.083635
000000020.847746	-00000006.573269	000000000.152610
000000011.690005	-00000003.685845	000000000.256754
000000035.222576	-00000011.105636	000000000.773613
000000008.779163	-00000002.810232	-00000000.193089
000000010.514194	-00000003.365620	-00000000.077073
000000011.745262	-00000003.816267	000000000.086219
000000034.541531	-00000011.223224	000000000.253559
000000011.619362	-00000003.775360	000000000.255916
000000032.566544	-00000010.581511	000000000.717278
000000034.487255	-00000011.205588	000000000.759582
000000008.963193	-00000002.955618	-00000000.197696
000000010.370461	-00000003.419665	-00000000.076235
000000011.702029	-00000003.915444	000000000.086149
000000011.870409	-00000003.971783	000000000.262199
000000008.700379	-00000002.953381	-00000000.192461
000000010.150844	-00000003.445747	-00000000.074839
000000011.790330	-00000004.059736	000000000.087056
000000011.825844	-00000004.071964	000000000.261990
000000008.957439	-00000003.128078	-00000000.198744
000000009.638914	-00000003.366060	-00000000.071279
000000011.224945	-00000003.919926	-00000000.083007
000000011.669618	-00000004.132428	000000000.086428
000000019.757284	-00000006.996421	000000000.146327
000000031.521162	-00000011.162229	000000000.233453
000000031.891993	-00000011.293547	000000000.708691
000000008.628692	-00000003.098017	-00000000.192042
000000009.185655	-00000003.297987	-00000000.068137
000000011.050516	-00000004.022059	000000000.082100
000000031.106400	-00000011.321803	000000000.693404
000000008.629467	-00000003.183578	-00000000.192670
000000008.921983	-00000003.291493	-00000000.066392
000000011.286166	-00000004.163687	-00000000.083985
000000011.942280	-00000004.465035	000000000.089011
000000019.969364	-00000007.466239	000000000.148840
000000031.574450	-00000011.805202	000000000.235338
000000030.547544	-00000011.421259	000000000.683142
000000008.498515	-00000003.219799	-00000000.190367
000000008.902270	-00000003.372769	-00000000.066462
000000008.859462	-00000003.400829	000000000.066252
000000016.832045	-00000006.461217	000000000.125872
000000029.313711	-00000011.252480	000000000.219212
000000029.709347	-00000011.404350	000000000.666597
000000008.330322	-00000003.239485	-00000000.187225
000000008.937737	-00000003.475696	-00000000.066950
000000011.053344	-00000004.298410	-00000000.082798
000000008.652673	-00000003.408378	000000000.064926
000000025.781242	-00000010.155501	000000000.193451
000000029.772636	-00000011.727754	000000000.223400
000000029.562185	-00000011.644855	000000000.665550
000000008.208876	-00000003.275009	-00000000.185131
000000009.139263	-00000003.646196	-00000000.068696
000000016.976322	-00000006.858880	000000000.127827
000000025.135342	-00000010.155337	000000000.189262
000000028.871801	-00000011.664965	000000000.217396
000000029.292583	-00000011.834972	000000000.661780
000000007.874622	-00000003.221593	-00000000.178220
000000008.662848	-00000003.544065	-00000000.065345
000000010.847071	-00000004.437654	-00000000.081820
000000016.989731	-00000007.037376	000000000.128385
000000024.537642	-00000010.163824	000000000.185422
000000025.419588	-00000010.529139	000000000.576335
000000028.726353	-00000011.898845	000000000.651309
000000030.065683	-00000012.453613	000000000.681676
000000007.643369	-00000003.205131	-00000000.173613
000000007.746299	-00000003.248293	-00000000.058643
000000011.001590	-00000004.613349	-00000000.083286
000000010.760439	-00000004.567535	000000000.081611
000000012.693453	-00000005.388051	000000000.096272
000000024.374374	-00000010.346308	000000000.184864
000000029.532522	-00000012.535812	000000000.672042
000000007.642666	-00000003.283548	-00000000.174241
000000007.772784	-00000003.339452	-00000000.059061
000000011.107915	-00000004.772337	-00000000.084403
000000015.690516	-00000006.822431	000000000.119449
000000015.999189	-00000006.956645	000000000.365445
000000024.571819	-00000010.684131	000000000.561257
000000007.403246	-00000003.257506	-00000000.169424
000000007.670124	-00000003.374935	-00000000.058503
000000011.084151	-00000004.877143	-00000000.084543
000000007.701001	-00000003.428706	000000000.058852
000000014.844752	-00000006.609309	000000000.113445
000000015.846538	-00000007.055333	000000000.363351
000000007.319843	-00000003.297349	-00000000.168168
000000007.585675	-00000003.417098	-00000000.058084
000000007.352308	-00000003.350640	000000000.056409
000000015.933034	-00000007.261102	000000000.122242
000000015.729780	-00000007.168474	000000000.362094
000000007.163678	-00000003.302501	-00000000.165236
000000007.482917	-00000003.449672	-00000000.057526
000000010.870209	-00000005.011235	-00000000.083566
000000011.192629	-00000005.219209	000000000.086219
000000014.672766	-00000006.842023	000000000.113027
000000015.621319	-00000007.284341	000000000.361047
000000007.161714	-00000003.377683	-00000000.165864
000000007.606282	-00000003.587356	-00000000.058712
000000011.025039	-00000005.199746	-00000000.085102
000000007.996710	-00000003.814235	000000000.061854
000000015.478960	-00000007.383085	000000000.119729
000000015.448872	-00000007.368734	000000000.358534
000000006.933855	-00000003.344495	-00000000.161257
000000007.277464	-00000003.510232	-00000000.056409
000000010.979243	-00000005.295758	-00000000.085102
000000014.272502	-00000006.961164	000000000.110862
000000015.177301	-00000007.402464	000000000.353717
000000006.680236	-00000003.294328	-00000000.156021
000000007.112027	-00000003.507264	-00000000.055361
000000010.798084	-00000005.325026	-00000000.084054
000000013.897992	-00000006.929283	000000000.108419
000000015.320904	-00000007.638721	000000000.119519
000000015.300021	-00000007.628309	000000000.358115
000000006.588739	-00000003.320998	-00000000.154555
000000006.893629	-00000003.474675	-00000000.053895
000000010.831571	-00000005.459561	-00000000.084683
000000007.421904	-00000003.781649	000000000.058154
000000014.398314	-00000007.336308	000000000.112817
000000015.188329	-00000007.738840	000000000.357068
000000006.408408	-00000003.300547	-00000000.150995
000000006.720806	-00000003.461442	-00000000.052778
000000010.330128	-00000005.320365	-00000000.081122
000000007.317661	-00000003.809333	000000000.057595
000000010.235855	-00000005.328449	000000000.080564
000000013.686244	-00000007.124608	000000000.107721
000000015.377395	-00000008.004965	000000000.363142
000000006.211251	-00000003.267897	-00000000.147016
000000006.610696	-00000003.478056	-00000000.052150
000000011.115174	-00000005.847976	-00000000.087685
000000007.292970	-00000003.877741	000000000.057665
000000013.703013	-00000007.286021	000000000.108349
000000021.967199	-00000011.680167	000000000.173694
000000015.395229	-00000008.185789	000000000.365236
000000022.112986	-00000011.757683	000000000.524608
000000006.156075	-00000003.307779	-00000000.146388
000000006.395111	-00000003.436217	-00000000.050684
000000010.262127	-00000005.514040	-00000000.081332
000000020.932913	-00000011.365644	000000000.166294
000000021.034267	-00000011.420675	000000000.501362
000000006.162037	-00000003.380610	-00000000.147225
000000006.347347	-00000003.482274	-00000000.050544
000000010.231152	-00000005.613002	-00000000.081471
000000015.060584	-00000008.348218	000000000.120217
000000020.596792	-00000011.416988	000000000.164409
000000021.187387	-00000011.744361	000000000.507435
000000006.114856	-00000003.424484	-00000000.146806
000000006.299267	-00000003.527759	-00000000.050405
000000010.207954	-00000005.716729	-00000000.081681
000000017.598164	-00000009.956561	000000000.141161
000000019.948067	-00000011.286073	000000000.160010
000000019.169731	-00000010.845713	000000000.461362
000000020.962271	-00000011.859882	000000000.504503
000000006.006618	-00000003.433065	-00000000.144922
000000009.654136	-00000005.517793	-00000000.077632
000000012.006897	-00000006.862507	-00000000.096551
000000014.228451	-00000008.214800	000000000.114702
000000017.597208	-00000010.159752	000000000.141859
000000019.666956	-00000011.354723	000000000.158544
000000020.312500	-00000011.727427	000000000.491309
000000005.786428	-00000003.374545	-00000000.140314
000000009.406940	-00000005.485965	-00000000.076026
000000017.482031	-00000010.297703	000000000.141650
000000019.325871	-00000011.383808	000000000.156590
000000017.926569	-00000010.559557	000000000.435812
000000019.726980	-00000011.620079	000000000.479581
000000021.182814	-00000012.477632	000000000.514974
000000005.473218	-00000003.256222	-00000000.133403
000000007.578302	-00000004.508616	-00000000.184712
000000005.345377	-00000003.180165	-00000000.043423
000000009.616523	-00000005.721230	-00000000.078120
000000017.571501	-00000010.558023	000000000.143116
000000018.322216	-00000011.009099	000000000.447749
000000005.418952	-00000003.288301	-00000000.132775
000000007.205327	-00000004.372300	-00000000.176545
000000007.343514	-00000004.456154	-00000000.059969
000000009.232823	-00000005.602615	-00000000.075398
000000017.427540	-00000010.679610	000000000.142697
000000017.628733	-00000010.802900	000000000.433089
000000005.509074	-00000003.409118	-00000000.135707
000000005.110493	-00000003.162469	-00000000.041957
000000009.421673	-00000005.830308	-00000000.077352
000000017.147114	-00000010.714706	000000000.141161
000000017.635530	-00000011.019903	000000000.435602
000000005.318461	-00000003.355699	-00000000.131728
000000007.060279	-00000004.454704	-00000000.174869
000000005.116529	-00000003.228289	-00000000.042237
000000010.080830	-00000006.360530	-00000000.083217
000000004.959021	-00000003.159245	000000000.041050
000000017.019224	-00000010.842442	000000000.140882
000000005.421817	-00000003.454079	000000000.134660
000000017.555559	-00000011.184124	000000000.436021
000000005.129213	-00000003.299221	-00000000.127749
000000007.626551	-00000004.905562	-00000000.189948
000000005.012470	-00000003.224129	-00000000.041608
000000009.839916	-00000006.329247	-00000000.081681
000000005.082220	-00000003.300432	000000000.042306
000000017.116850	-00000011.115811	000000000.142488
000000005.181847	-00000003.365131	000000000.129424
000000017.356674	-00000011.271556	000000000.433508
000000004.916284	-00000003.223257	-00000000.123141
000000005.176485	-00000003.393852	-00000000.043214
000000009.106935	-00000005.970768	-00000000.076026
000000005.119934	-00000003.388810	000000000.042865
000000017.227661	-00000011.402740	000000000.144233
000000005.227317	-00000003.459886	000000000.131309
000000005.037601	-00000003.366017	-00000000.126911
000000005.163301	-00000003.450007	-00000000.043354
000000009.320547	-00000006.227790	-00000000.078260
000000010.792212	-00000007.211126	-00000000.090617
000000005.106747	-00000003.444544	000000000.043005
000000016.804182	-00000011.334564	000000000.141510
000000005.155483	-00000003.477417	000000000.130262
000000016.751173	-00000011.298809	000000000.423246
000000005.115469	-00000003.482998	-00000000.129634
000000005.058606	-00000003.444282	-00000000.042725
000000009.348502	-00000006.365169	-00000000.078958
000000005.183628	-00000003.562608	000000000.043912
000000010.771067	-00000007.402749	000000000.091245
000000016.729353	-00000011.497766	000000000.141720
000000005.091983	-00000003.499623	000000000.129424
000000004.969874	-00000003.447724	-00000000.126702
000000008.066803	-00000005.596140	-00000000.205655
000000004.995492	-00000003.465496	-00000000.042446
000000006.720909	-00000004.662460	-00000000.057107
000000008.857138	-00000006.144415	-00000000.075258
000000004.972132	-00000003.481524	000000000.042376
000000016.325302	-00000011.431100	000000000.139137
000000004.987542	-00000003.492315	000000000.127539
000000004.923269	-00000003.479422	-00000000.126283
000000004.858899	-00000003.433930	-00000000.041538
000000008.876678	-00000006.273415	-00000000.075886
000000010.452757	-00000007.387279	-00000000.089360
000000005.161367	-00000003.681567	000000000.044261
000000004.794089	-00000003.419590	000000000.123351
000000004.730439	-00000003.405428	-00000000.122094
000000007.294450	-00000005.251253	-00000000.188272
000000004.812516	-00000003.464516	-00000000.041399
000000008.748554	-00000006.298058	-00000000.075258
000000005.040053	-00000003.661813	000000000.043493
000000004.958187	-00000003.602334	000000000.128377
000000004.644103	-00000003.405197	-00000000.120628
000000004.991770	-00000003.660118	-00000000.043214
000000010.039990	-00000007.361626	-00000000.086917
000000005.040060	-00000003.729448	000000000.043773
000000004.878341	-00000003.609782	000000000.127120
000000004.502059	-00000003.361847	-00000000.117696
000000004.823431	-00000003.601826	-00000000.042027
000000008.469047	-00000006.324137	-00000000.073792
000000010.119589	-00000007.556655	-00000000.088173
000000004.823641	-00000003.634874	000000000.042167
000000010.038604	-00000007.564631	000000000.087754
000000004.670993	-00000003.519846	000000000.122513
000000004.576008	-00000003.479677	-00000000.120419
000000004.640579	-00000003.528778	-00000000.040701
000000005.961909	-00000004.533541	-00000000.052290
000000008.373737	-00000006.367538	-00000000.073443
000000004.641004	-00000003.561167	000000000.040840
000000009.924608	-00000007.615420	000000000.087336
000000004.600441	-00000003.530042	000000000.121466
000000004.687761	-00000003.629652	-00000000.124189
000000007.399231	-00000005.729097	-00000000.196021
000000004.680768	-00000003.624238	-00000000.041329
000000005.930027	-00000004.591518	-00000000.052359
000000008.594586	-00000006.654640	-00000000.075886
000000004.727949	-00000003.693879	000000000.041888
000000009.818375	-00000007.670955	000000000.086987
000000004.530068	-00000003.539277	000000000.120419
000000004.757977	-00000003.750886	-00000000.126911
000000005.913292	-00000004.661664	-00000000.052569
000000009.588486	-00000007.558953	-00000000.085241
000000014.677217	-00000011.570584	-00000000.130480
000000004.679883	-00000003.722547	000000000.041748
000000014.407465	-00000011.460215	000000000.128525
000000004.796336	-00000003.815178	000000000.128377
000000004.452164	-00000003.573239	-00000000.119581
000000005.809998	-00000004.663016	-00000000.052010
000000007.283944	-00000005.845983	-00000000.065205
000000009.927688	-00000007.967811	-00000000.088871
000000004.787102	-00000003.876519	000000000.043005
000000009.993854	-00000008.092863	000000000.089779
000000004.716241	-00000003.819137	000000000.127120
000000004.637594	-00000003.789073	-00000000.125445
000000004.855323	-00000003.966966	-00000000.043773
000000007.960562	-00000006.504052	-00000000.071767
000000014.349147	-00000011.723744	-00000000.129363
000000004.683647	-00000003.860901	000000000.042376
000000014.236127	-00000011.735357	000000000.128804
000000004.567016	-00000003.764757	000000000.123979
000000004.565919	-00000003.797435	-00000000.124398
000000004.743639	-00000003.945243	-00000000.043074
000000007.511402	-00000006.247167	-00000000.068207
000000014.207850	-00000011.816545	-00000000.129014
000000004.588494	-00000003.850204	000000000.041818
000000004.549306	-00000003.817321	000000000.124398
000000004.418147	-00000003.740237	-00000000.121257
000000004.831144	-00000004.089865	-00000000.044191
000000007.181842	-00000006.079878	-00000000.065694
000000013.066222	-00000011.061374	-00000000.119519
000000004.478682	-00000003.825156	000000000.041120
000000004.538628	-00000003.876354	000000000.125026
000000004.498949	-00000003.876543	-00000000.124398
000000006.998365	-00000006.030177	-00000000.193508
000000004.749817	-00000004.092704	-00000000.043773
000000004.422491	-00000003.844412	000000000.040910
000000012.746734	-00000011.080566	000000000.117913
000000004.278265	-00000003.719039	000000000.118744
000000004.622801	-00000004.054088	-00000000.128796
000000004.683848	-00000004.107625	-00000000.043493
000000004.441199	-00000003.929241	000000000.041399
000000012.424872	-00000010.992599	000000000.115819
000000004.238160	-00000003.749607	000000000.118534
000000004.072580	-00000003.634917	-00000000.114346
000000004.401631	-00000003.928606	-00000000.041189
000000004.265547	-00000003.840716	000000000.040072
000000004.257286	-00000003.833277	000000000.120000
000000004.351528	-00000003.952650	-00000000.123141
000000004.433798	-00000004.027379	-00000000.041818
000000004.172888	-00000003.823747	000000000.039514
000000004.275271	-00000003.917564	000000000.121466
000000003.847006	-00000003.556136	-00000000.109738
000000004.457229	-00000004.120220	-00000000.042376
000000004.314882	-00000004.023692	000000000.041189
000000004.167802	-00000003.886538	000000000.119372
000000004.551320	-00000004.281455	-00000000.130890
000000004.406537	-00000004.145256	-00000000.042237
000000007.545739	-00000007.098322	-00000000.072326
000000004.178055	-00000003.964826	000000000.040212
000000004.068458	-00000003.860822	000000000.117487
000000004.643782	-00000004.445454	-00000000.134660
000000004.420760	-00000004.231956	-00000000.042725
000000006.623916	-00000006.341020	-00000000.064018
000000004.193649	-00000004.049759	000000000.040701
000000004.005844	-00000003.868399	000000000.116649
000000004.934238	-00000004.806722	-00000000.144293
000000004.412313	-00000004.298285	-00000000.043005
000000004.065428	-00000003.995085	000000000.039793
000000004.007588	-00000003.938246	000000000.117696
000000003.557249	-00000003.526340	-00000000.104922
000000005.360724	-00000005.314146	-00000000.158115
000000004.168686	-00000004.132466	-00000000.040980
000000004.228395	-00000004.228395	000000000.041748
000000004.057903	-00000004.057903	000000000.120209
000000004.751057	-00000004.792700	-00000000.141361
000000004.174706	-00000004.211297	-00000000.041399
000000003.967050	-00000004.036899	000000000.039514
000000004.043359	-00000004.114552	000000000.120838
000000003.362612	-00000003.451818	-00000000.100942
000000004.813698	-00000004.941400	-00000000.144503
000000004.298285	-00000004.412313	-00000000.043005
000000004.153956	-00000004.301547	000000000.041748
000000004.042025	-00000004.185639	000000000.121885
000000005.157556	-00000005.387653	-00000000.156230
000000004.508555	-00000004.709698	-00000000.045518
000000006.299530	-00000006.580575	-00000000.063599
000000004.033659	-00000004.250590	000000000.040910
000000003.970935	-00000004.184492	000000000.120838
000000004.185550	-00000004.449371	-00000000.127958
000000004.309696	-00000004.581342	-00000000.043912
000000006.481673	-00000006.890222	-00000000.066043
000000004.139629	-00000004.439209	000000000.042376
000000004.009271	-00000004.299417	000000000.123141
000000004.696271	-00000005.080397	-00000000.144922
000000004.446037	-00000004.809695	-00000000.045727
000000005.810393	-00000006.285648	-00000000.059760
000000004.053442	-00000004.423556	000000000.041888
000000004.005371	-00000004.371096	000000000.124189
000000004.725702	-00000005.202592	-00000000.147225
000000004.195467	-00000004.618848	-00000000.043563
000000006.494905	-00000007.150333	-00000000.067439
000000004.108362	-00000004.562798	000000000.042865
000000004.067422	-00000004.517330	000000000.127330
000000005.026304	-00000005.631498	-00000000.158115
000000004.501251	-00000005.043225	-00000000.047193
000000006.452236	-00000007.229119	-00000000.067648
000000004.134648	-00000004.673369	000000000.043563
000000003.961599	-00000004.477773	000000000.125236
000000004.713289	-00000005.374476	-00000000.149738
000000004.292237	-00000004.894358	-00000000.045448
000000006.191106	-00000007.059604	-00000000.065554
000000004.165873	-00000004.792289	000000000.044331
000000003.883018	-00000004.466901	000000000.123979
000000002.682254	-00000003.112909	-00000000.086073
000000004.881572	-00000005.665343	-00000000.156649
000000004.308109	-00000004.999807	-00000000.046076
000000004.065446	-00000004.760026	000000000.043703
000000003.908820	-00000004.576640	000000000.126073
000000002.713125	-00000003.204873	-00000000.087958
000000005.142019	-00000006.073998	-00000000.166702
000000004.270775	-00000005.044844	-00000000.046146
000000005.892507	-00000006.960510	-00000000.063669
000000004.030180	-00000004.802981	000000000.043773
000000003.920144	-00000004.671846	000000000.127749
000000004.007195	-00000004.861116	000000000.043982
000000003.936461	-00000004.775309	000000000.129634
000000003.989794	-00000004.926985	000000000.044261
000000009.093458	-00000011.229486	000000000.100879
000000003.932390	-00000004.856097	000000000.130890
000000009.119617	-00000011.464930	000000000.102275
000000003.864968	-00000004.858931	000000000.130052
000000009.173853	-00000011.533114	000000000.308691
000000008.908404	-00000011.402238	000000000.101019
000000008.931289	-00000011.431528	000000000.303875
000000008.638114	-00000011.257409	000000000.099064
000000008.709466	-00000011.350397	000000000.299686
000000002.551633	-00000003.386132	000000000.029601
000000008.581674	-00000011.388265	000000000.099553
000000008.646185	-00000011.473875	000000000.300943
000000008.404641	-00000011.358221	000000000.098645
000000008.367321	-00000011.307785	000000000.294660
000000008.070094	-00000011.107533	000000000.095853
000000008.415238	-00000011.582582	000000000.299895
000000007.839299	-00000010.990292	000000000.094247
000000008.191921	-00000011.484651	000000000.295498
000000007.909426	-00000011.295832	000000000.096272
000000008.171672	-00000011.670357	000000000.298429
000000007.685945	-00000011.183120	000000000.094736
000000007.718424	-00000011.230376	000000000.285445
000000007.767000	-00000011.515052	000000000.096970
000000007.603356	-00000011.272439	000000000.284817
000000007.362660	-00000011.123766	000000000.093130
000000007.432961	-00000011.229979	000000000.282094
000000007.434142	-00000011.447574	000000000.095294
000000007.487144	-00000011.529191	000000000.287958
000000007.247995	-00000011.377073	000000000.094177
000000007.294929	-00000011.450744	000000000.284398
000000007.053054	-00000011.287246	000000000.092921
000000007.279494	-00000011.649625	000000000.287749
000000007.090133	-00000011.570045	000000000.094736
000000007.036512	-00000011.482544	000000000.282094
000000006.891042	-00000011.468619	000000000.093409
000000006.797011	-00000011.312127	000000000.276440
000000006.582613	-00000011.175058	000000000.090547
000000006.748780	-00000011.457154	000000000.278534
000000006.624838	-00000011.474557	000000000.092502
000000006.708529	-00000011.619512	000000000.281047
