000000003.954856	000000004.589837	-00000000.126911
000000004.229780	000000004.908902	-00000000.045239
000000003.961799	000000004.517566	-00000000.125864
000000004.199930	000000004.789103	-00000000.044471
000000004.054330	000000004.542493	-00000000.127539
000000004.241563	000000004.752270	-00000000.044471
000000004.060205	000000004.469937	-00000000.126492
000000004.356831	000000004.796496	-00000000.045239
000000004.139776	000000004.478385	-00000000.127749
000000004.398521	000000004.758294	-00000000.045239
000000004.185550	000000004.449371	-00000000.127958
000000004.426174	000000004.705162	-00000000.045099
000000004.279527	000000004.470452	-00000000.129634
000000004.508555	000000004.709698	-00000000.045518
000000004.206754	000000004.318354	-00000000.126283
000000004.556461	000000004.677338	-00000000.045588
000000004.202046	000000004.238877	-00000000.125026
000000004.653424	000000004.694211	-00000000.046146
000000004.395083	000000004.356895	-00000000.129634
000000004.665804	000000004.625264	-00000000.045867
000000004.432937	000000004.318376	-00000000.129634
000000004.555570	000000004.437839	-00000000.044401
000000004.463230	000000004.272614	-00000000.129424
000000004.688028	000000004.487810	-00000000.045308
000000004.624141	000000004.349957	-00000000.132984
000000004.705162	000000004.426174	-00000000.045099
000000004.669267	000000004.316226	-00000000.133194
000000004.824381	000000004.459612	-00000000.045867
000000004.758559	000000004.322370	-00000000.134660
000000004.944537	000000004.491301	-00000000.046635
000000004.833392	000000004.313967	-00000000.135707
000000005.080527	000000004.534544	-00000000.047542
000000004.976088	000000004.363912	-00000000.138639
000000005.225159	000000004.582342	-00000000.048520
000000005.036702	000000004.339900	-00000000.139267
000000005.340703	000000004.601844	-00000000.049218
000000005.181212	000000004.386220	-00000000.142199
000000005.548565	000000004.697207	-00000000.050754
000000005.250038	000000004.366411	-00000000.143037
000000005.773861	000000004.802070	-00000000.052429
000000005.411817	000000004.421640	-00000000.146388
000000005.869753	000000004.795789	-00000000.052918
000000005.434603	000000004.361730	-00000000.145969
000000006.043957	000000004.850789	-00000000.054105
000000005.613785	000000004.425551	-00000000.149738
000000006.133176	000000004.835006	-00000000.054524
000000005.644285	000000004.370273	-00000000.149529
000000006.230482	000000004.824155	-00000000.055012
000000005.881165	000000004.472141	-00000000.154764
000000006.407660	000000004.872498	-00000000.056199
000000005.663622	000000004.229227	-00000000.148063
000000006.530059	000000004.876226	-00000000.056897
000000005.780940	000000004.238760	-00000000.150157
000000006.628813	000000004.860447	-00000000.057386
000000006.142268	000000004.421800	-00000000.158534
000000006.760246	000000004.866681	-00000000.058154
000000006.115304	000000004.321869	-00000000.156859
000000006.271654	000000004.432367	-00000000.053616
000000006.349938	000000004.405108	-00000000.161885
000000006.992045	000000004.850554	-00000000.059411
000000006.586475	000000004.484571	-00000000.166911
000000007.125030	000000004.851260	-00000000.060178
000000007.693281	000000005.189184	000000000.064786
000000006.758366	000000004.515795	-00000000.170262
000000007.192037	000000004.805565	-00000000.060388
000000006.596850	000000004.325085	-00000000.165236
000000007.350776	000000004.819380	-00000000.061365
000000007.866539	000000005.108590	000000000.065484
000000008.275863	000000005.374408	000000000.206702
000000006.970684	000000004.483695	-00000000.173613
000000007.443014	000000004.787508	-00000000.061784
000000007.936120	000000005.055866	000000000.065694
000000019.587687	000000012.478732	000000000.486492
000000007.111011	000000004.486714	-00000000.176126
000000007.535251	000000004.754389	-00000000.062203
000000008.047780	000000005.028811	000000000.066252
000000008.487100	000000005.303329	000000000.209634
000000007.243412	000000004.482359	-00000000.178429
000000007.661487	000000004.741072	-00000000.062901
000000008.159567	000000005.000189	000000000.066811
000000019.197247	000000011.764088	000000000.471623
000000007.359177	000000004.465658	-00000000.180314
000000007.745313	000000004.699971	-00000000.063250
000000008.288606	000000004.980297	000000000.067509
000000008.869736	000000005.329475	000000000.216754
000000019.427721	000000011.673352	000000000.474765
000000007.535342	000000004.483057	-00000000.183665
000000007.880565	000000004.688443	-00000000.064018
000000008.288671	000000004.882400	000000000.067160
000000019.365175	000000011.406960	000000000.470786
000000007.608722	000000004.437275	-00000000.184503
000000007.981646	000000004.654758	-00000000.064507
000000008.434881	000000004.869881	000000000.067997
000000009.117248	000000005.263845	000000000.220524
000000019.290815	000000011.137557	000000000.466597
000000007.751315	000000004.430242	-00000000.187016
000000008.065371	000000004.609739	-00000000.064856
000000008.477057	000000004.796089	000000000.067997
000000008.936593	000000005.056081	000000000.215079
000000007.833295	000000004.386856	-00000000.188063
000000008.227437	000000004.607586	-00000000.065833
000000008.623540	000000004.780106	000000000.068835
000000008.849210	000000004.905197	000000000.211937
000000007.976464	000000004.376038	-00000000.190576
000000008.355002	000000004.583711	-00000000.066531
000000008.700077	000000004.723756	000000000.069114
000000008.838962	000000004.799165	000000000.210681
000000008.084804	000000004.344122	-00000000.192251
000000008.491580	000000004.562691	-00000000.067299
000000008.776285	000000004.666433	000000000.069394
000000008.898160	000000004.731236	000000000.211100
000000008.184340	000000004.305990	-00000000.193717
000000008.610720	000000004.530319	-00000000.067928
000000008.852152	000000004.608139	000000000.069673
000000008.956845	000000004.662638	000000000.211518
000000008.301600	000000004.275605	-00000000.195602
000000008.712156	000000004.487055	-00000000.068416
000000009.061316	000000004.616971	000000000.070999
000000009.157538	000000004.665998	000000000.215288
000000018.992092	000000009.676954	000000000.446492
000000008.499295	000000004.283998	-00000000.199372
000000008.867065	000000004.469369	-00000000.069324
000000009.324989	000000004.649268	000000000.072745
000000018.959501	000000009.452858	000000000.443770
000000008.652924	000000004.267149	-00000000.202094
000000009.103036	000000004.489120	-00000000.070860
000000009.616861	000000004.690457	000000000.074699
000000010.288935	000000005.018249	000000000.239791
000000019.337807	000000009.431679	000000000.450681
000000008.797893	000000004.243599	-00000000.204607
000000009.231932	000000004.452955	-00000000.071558
000000010.126760	000000004.830217	000000000.078330
000000018.944803	000000009.036207	000000000.146537
000000019.771307	000000009.430429	000000000.458848
000000008.979270	000000004.234899	-00000000.207958
000000009.496548	000000004.478863	-00000000.073303
000000010.277280	000000004.792374	000000000.079167
000000019.104502	000000008.908576	000000000.147165
000000011.145141	000000005.197065	000000000.257592
000000019.843786	000000009.253310	000000000.458639
000000009.224710	000000004.252650	-00000000.212775
000000009.762301	000000004.500483	-00000000.075049
000000011.046661	000000005.034254	000000000.084753
000000018.990429	000000008.654437	000000000.145699
000000023.713013	000000010.806643	000000000.181932
000000019.368828	000000008.826883	000000000.445864
000000009.343512	000000004.208945	-00000000.214660
000000010.020020	000000004.513690	-00000000.076724
000000011.355094	000000005.055614	000000000.086777
000000019.147446	000000008.524992	000000000.146327
000000011.581216	000000005.156290	000000000.265550
000000009.508001	000000004.183620	-00000000.217592
000000010.425144	000000004.587173	-00000000.079517
000000011.527164	000000005.012154	000000000.087754
000000019.367838	000000008.421375	000000000.147444
000000011.799974	000000005.130775	000000000.269529
000000009.700308	000000004.167581	-00000000.221152
000000010.281023	000000004.417076	-00000000.078120
000000011.883428	000000005.044216	000000000.090128
000000024.448013	000000010.377565	000000000.185422
000000012.074375	000000005.125268	000000000.274765
000000009.939146	000000004.167830	-00000000.225759
000000011.158360	000000004.679089	-00000000.084473
000000012.121004	000000005.020684	000000000.091594
000000021.669460	000000008.975784	000000000.491309
000000010.104686	000000004.133936	-00000000.228691
000000011.448657	000000004.683769	-00000000.086358
000000012.405417	000000005.012114	000000000.093409
000000028.612198	000000011.560078	000000000.215442
000000012.606936	000000005.093533	000000000.284817
000000010.446815	000000004.167857	-00000000.235602
000000011.609837	000000004.631855	-00000000.087266
000000012.625459	000000004.973300	000000000.094736
000000012.771832	000000005.030958	000000000.287539
000000010.659831	000000004.145381	-00000000.239581
000000011.836211	000000004.602851	-00000000.088662
000000012.873760	000000004.941773	000000000.096272
000000013.207266	000000005.069794	000000000.296335
000000023.119717	000000008.874827	000000000.518744
000000011.069572	000000004.193886	-00000000.247958
000000012.137759	000000004.598586	-00000000.090617
000000013.113091	000000004.902784	000000000.097738
000000019.913166	000000007.445228	000000000.148422
000000011.293346	000000004.166336	-00000000.252147
000000012.374442	000000004.565173	-00000000.092083
000000013.484261	000000004.907870	000000000.100181
000000020.024361	000000007.288271	000000000.148771
000000013.866821	000000005.047110	000000000.309110
000000011.649203	000000004.182491	-00000000.259267
000000012.752625	000000004.578660	-00000000.094596
000000013.733952	000000004.863447	000000000.101717
000000018.333931	000000006.492385	000000000.135786
000000019.776136	000000007.003097	000000000.146467
000000023.457201	000000008.306630	000000000.521257
000000011.930669	000000004.166376	-00000000.264712
000000013.028111	000000004.549620	-00000000.096341
000000013.983879	000000004.815036	000000000.103253
000000014.434902	000000004.970335	000000000.319791
000000023.179031	000000007.981181	000000000.513508
000000012.288457	000000004.171369	-00000000.271833
000000013.209353	000000004.483971	-00000000.097389
000000014.053814	000000004.702340	000000000.103462
000000023.371052	000000007.819844	000000000.516231
000000012.457319	000000004.107808	-00000000.274765
000000013.523386	000000004.459344	-00000000.099413
000000014.512769	000000004.715485	000000000.106534
000000025.877617	000000008.408147	000000000.189960
000000015.166024	000000004.927740	000000000.334032
000000018.703178	000000006.077031	000000000.411937
000000012.835480	000000004.108669	-00000000.282304
000000013.761784	000000004.405182	-00000000.100879
000000015.049287	000000004.745022	000000000.110164
000000018.831779	000000005.937637	000000000.413613
000000012.947230	000000004.020222	-00000000.283979
000000014.114851	000000004.382778	-00000000.103183
000000015.520448	000000004.745077	000000000.113306
000000015.871178	000000004.852306	000000000.347644
000000026.120516	000000007.985843	000000000.572147
000000013.374338	000000004.025219	-00000000.292566
000000014.114258	000000004.247910	-00000000.102904
000000015.839316	000000004.691819	000000000.115330
000000016.507254	000000004.889671	000000000.360628
000000013.399357	000000003.905556	-00000000.292356
000000014.208392	000000004.141368	-00000000.103323
000000016.187252	000000004.641620	000000000.117564
000000016.837612	000000004.828107	000000000.366911
000000028.254896	000000008.101961	000000000.615707
000000014.106499	000000003.978444	-00000000.307016
000000015.466278	000000004.361942	-00000000.112189
000000016.853485	000000004.673885	000000000.122102
000000028.387861	000000007.872651	000000000.205668
000000017.351179	000000004.811908	000000000.377173
000000028.045132	000000007.777603	000000000.609634
000000029.904530	000000008.293261	000000000.650053
000000013.600518	000000003.707927	-00000000.295288
000000015.773889	000000004.300456	-00000000.114144
000000017.376581	000000004.656041	000000000.125593
000000017.691879	000000004.740525	000000000.383665
000000015.043935	000000003.960737	-00000000.325864
000000016.323338	000000004.297576	-00000000.117844
000000017.813482	000000004.606880	000000000.128455
000000030.457182	000000007.876763	000000000.219630
000000018.303656	000000004.733647	000000000.396021
000000030.548038	000000007.900260	000000000.660943
000000014.012005	000000003.558596	-00000000.302827
000000016.050072	000000004.076199	-00000000.115610
000000018.464279	000000004.603662	000000000.132853
000000018.693499	000000004.660813	000000000.403560
000000016.227566	000000003.970860	-00000000.349948
000000017.289467	000000004.230706	-00000000.124266
000000018.435684	000000004.426016	000000000.132365
000000033.526497	000000008.049000	000000000.240714
000000030.895140	000000007.417267	000000000.665550
000000013.565930	000000003.194353	-00000000.291937
000000015.395482	000000003.625155	-00000000.331309
000000017.676136	000000004.162178	-00000000.126780
000000033.653923	000000007.769620	000000000.241133
000000035.963123	000000008.302741	000000000.257678
000000035.595676	000000008.217909	000000000.765236
000000017.493805	000000003.958444	-00000000.375707
000000018.423767	000000004.168873	-00000000.131876
000000033.866882	000000007.508107	000000000.242180
000000035.516785	000000007.873881	000000000.253978
000000035.636749	000000007.900477	000000000.764608
000000014.235134	000000003.090751	-00000000.305131
000000017.820786	000000003.869272	-00000000.381990
000000020.052294	000000004.353780	-00000000.143255
000000039.222763	000000008.337055	000000000.279949
000000035.929264	000000007.637001	000000000.769425
000000017.902815	000000003.723791	-00000000.383037
000000019.322119	000000004.019007	-00000000.413403
000000020.667147	000000004.298773	-00000000.147374
000000024.318897	000000005.058338	-00000000.173415
000000036.170883	000000007.359049	000000000.773194
000000039.492104	000000008.034760	000000000.844189
000000041.422131	000000008.427427	000000000.885445
000000020.101688	000000003.998474	-00000000.429320
000000020.978485	000000004.172880	-00000000.149329
000000023.950193	000000004.763989	-00000000.170482
000000024.491003	000000004.760569	000000000.174182
000000024.496040	000000004.761548	000000000.522723
000000023.057549	000000004.377612	-00000000.163850
000000044.854996	000000008.313382	000000000.318485
000000045.042858	000000008.348201	000000000.959582
000000013.124224	000000002.373246	-00000000.279372
000000023.399918	000000004.231394	-00000000.166014
000000029.139751	000000005.138124	000000000.206575
000000029.104532	000000005.131914	000000000.619058
000000024.401773	000000004.192992	-00000000.172856
000000029.033773	000000004.988914	-00000000.205668
000000047.351048	000000007.923848	000000001.005655
000000025.078966	000000004.084369	-00000000.177394
000000029.095943	000000004.738575	-00000000.205808
000000027.080444	000000004.168079	-00000000.191287
000000033.020351	000000005.082318	-00000000.233244
000000033.071884	000000004.942626	000000000.233453
000000033.104988	000000004.947574	000000000.701152
000000031.597942	000000004.300291	-00000000.222632
000000037.077297	000000005.045999	-00000000.261239
000000037.319714	000000004.913234	000000000.788482
000000041.444954	000000005.272464	-00000000.291677
000000041.566822	000000005.103764	000000000.292375
000000041.588486	000000005.106424	000000000.877697
000000045.186546	000000005.148356	000000000.317508
000000045.118134	000000005.140562	000000000.951205
000000043.874096	000000004.031463	-00000000.307594
000000043.961002	000000003.846089	000000000.308083
000000066.592461	000000005.240940	000000000.466348
000000012.562597	000000000.933562	-00000000.263875
000000085.787590	000000005.246994	000000000.600039
000000089.882286	000000005.497436	000000001.886284
000000012.886410	000000000.731743	-00000000.270367
000000012.767346	000000000.501630	-00000000.267644
000000012.744170	000000000.278079	-00000000.267016
000000012.917044	000000000.056362	-00000000.270576
000000012.926057	-00000000.169211	-00000000.270785
000000117.793770	-00000003.084538	000000002.468274
000000075.502144	-00000002.636593	000000000.527434
000000061.220181	-00000002.672931	000000000.427812
000000012.602702	-00000000.605351	-00000000.264293
000000051.647861	-00000002.706750	000000000.361071
000000061.512074	-00000003.223711	000000001.290262
000000051.063332	-00000003.123167	000000000.357161
000000051.462521	-00000003.147583	000000001.080001
000000057.479954	-00000003.515625	000000001.206283
000000012.630123	-00000000.827822	-00000000.265131
000000043.772045	-00000003.060840	000000000.306338
000000051.373253	-00000003.592368	000000001.078744
000000043.384785	-00000003.414457	000000000.303824
000000043.804909	-00000003.447521	000000000.920419
000000012.773168	-00000001.061368	-00000000.268482
000000040.006203	-00000003.500089	000000000.280367
000000043.263683	-00000003.785082	000000000.303196
000000043.613800	-00000003.815713	000000000.917069
000000031.357132	-00000002.881316	-00000000.219840
000000034.429916	-00000003.315224	000000000.241482
000000043.358402	-00000004.174939	000000000.304104
000000043.568886	-00000004.195207	000000000.916859
000000012.504011	-00000001.259088	-00000000.263246
000000027.848490	-00000002.804195	-00000000.195405
000000032.932655	-00000003.316144	-00000000.231080
000000033.216225	-00000003.491166	000000000.233174
000000043.549053	-00000004.577190	000000000.305709
000000043.868683	-00000004.610784	000000000.923980
000000023.151009	-00000002.535448	-00000000.162594
000000026.331911	-00000002.883813	-00000000.184934
000000032.783180	-00000003.590342	-00000000.230242
000000033.065266	-00000003.767311	000000000.232336
000000033.098553	-00000003.771104	000000000.697801
000000012.867345	-00000001.522951	-00000000.271414
000000024.557983	-00000002.906629	-00000000.172647
000000032.869762	-00000003.890393	-00000000.231080
000000054.072598	-00000006.639280	000000000.380339
000000054.052132	-00000006.636767	000000001.140734
000000022.637001	-00000002.879790	-00000000.159312
000000024.372967	-00000003.100633	-00000000.171530
000000027.061235	-00000003.442624	-00000000.190449
000000027.194670	-00000003.580246	000000000.191496
000000056.501068	-00000007.438507	000000000.397862
000000012.858618	-00000001.749981	-00000000.271833
000000021.778702	-00000002.963951	-00000000.153448
000000026.841904	-00000003.653023	-00000000.189122
000000022.894440	-00000003.217604	000000000.161407
000000023.474106	-00000003.299070	000000000.496545
000000026.949184	-00000003.787461	000000000.570053
000000020.069641	-00000002.909960	-00000000.141580
000000022.612984	-00000003.278727	-00000000.159522
000000022.647911	-00000003.384753	000000000.159871
000000022.811592	-00000003.409215	000000000.483142
000000012.915051	-00000001.987817	-00000000.273717
000000017.065260	-00000002.626595	-00000000.361676
000000019.816164	-00000003.049999	-00000000.139974
000000022.613159	-00000003.480498	-00000000.159731
000000022.449608	-00000003.555669	000000000.158684
000000022.583479	-00000003.576872	000000000.478953
000000018.176485	-00000002.960229	-00000000.385759
000000018.722864	-00000003.049212	-00000000.132435
000000022.878019	-00000003.725922	-00000000.161826
000000022.397999	-00000003.748140	000000000.158544
000000022.521822	-00000003.768861	000000000.478325
000000012.986780	-00000002.231537	-00000000.276021
000000015.124968	-00000002.598945	-00000000.321466
000000017.125206	-00000002.942649	-00000000.363979
000000018.596991	-00000003.195547	-00000000.131736
000000022.834778	-00000003.923732	-00000000.161756
000000022.325048	-00000003.936508	000000000.158265
000000022.438847	-00000003.956574	000000000.477278
000000014.629476	-00000002.645440	-00000000.311414
000000016.616802	-00000003.004807	-00000000.353717
000000018.115747	-00000003.275861	-00000000.128525
000000019.605625	-00000003.633688	000000000.139206
000000019.818071	-00000003.673062	000000000.422199
000000013.152126	-00000002.497009	-00000000.280419
000000015.915309	-00000003.021616	-00000000.113096
000000018.332077	-00000003.480454	-00000000.130270
000000019.727123	-00000003.745311	-00000000.140184
000000022.282394	-00000004.331259	000000000.158475
000000022.435076	-00000004.360937	000000000.478744
000000013.218085	-00000002.629241	-00000000.282304
000000015.100780	-00000003.003732	-00000000.322513
000000019.674072	-00000003.913416	-00000000.140044
000000022.773279	-00000004.529887	-00000000.162105
000000013.287456	-00000002.703363	000000000.094666
000000022.459328	-00000004.569402	000000000.160010
000000013.284865	-00000002.702836	000000000.283979
000000022.503933	-00000004.578477	000000000.481047
000000012.881413	-00000002.679338	-00000000.275602
000000013.402805	-00000002.787787	-00000000.095573
000000013.282921	-00000002.823372	000000000.094806
000000022.858753	-00000004.858778	000000000.163152
000000013.202097	-00000002.806192	000000000.282723
000000012.320181	-00000002.674973	-00000000.264084
000000013.863868	-00000003.010141	-00000000.297173
000000020.335684	-00000004.415309	-00000000.145280
000000023.071865	-00000005.009393	-00000000.164828
000000013.013708	-00000002.885070	000000000.093060
000000013.069736	-00000002.897491	000000000.280419
000000012.335374	-00000002.791210	-00000000.264922
000000012.835192	-00000002.904307	-00000000.091873
000000012.949062	-00000002.989527	000000000.092781
000000013.043954	-00000003.011434	000000000.280419
000000012.855520	-00000003.027073	-00000000.276649
000000014.626681	-00000003.444126	-00000000.314765
000000019.778584	-00000004.657238	-00000000.141859
000000045.885017	-00000011.016018	000000000.329446
000000052.661724	-00000012.642962	000000001.134451
000000012.352761	-00000003.022702	-00000000.266388
000000015.356544	-00000003.757722	-00000000.110374
000000019.562351	-00000004.786877	-00000000.140603
000000023.564184	-00000005.766119	-00000000.169365
000000043.846596	-00000010.932183	000000000.315483
000000051.317387	-00000012.794862	000000001.107854
000000012.132110	-00000003.081163	-00000000.262199
000000015.643005	-00000003.972817	-00000000.112678
000000019.994745	-00000005.078019	-00000000.144023
000000021.487326	-00000005.457086	-00000000.154775
000000041.474434	-00000010.726018	000000000.299077
000000042.742680	-00000011.054008	000000000.308223
000000044.737972	-00000011.570026	000000000.967959
000000051.484478	-00000013.314792	000000001.113927
000000011.524659	-00000003.034190	-00000000.249634
000000012.039429	-00000003.169717	-00000000.086917
000000015.501369	-00000004.081170	-00000000.111910
000000022.937771	-00000006.039011	-00000000.165595
000000041.282665	-00000011.061657	000000000.298379
000000042.375530	-00000011.354489	000000000.918953
000000051.337357	-00000013.755803	000000001.113299
000000011.401285	-00000003.108347	-00000000.247539
000000015.465164	-00000004.216288	-00000000.111910
000000022.266748	-00000006.070612	-00000000.161127
000000038.659912	-00000010.721342	000000000.280088
000000041.088200	-00000011.394767	000000000.297681
000000033.835278	-00000009.383353	000000000.735498
000000041.388485	-00000011.478043	000000000.899686
000000011.027318	-00000003.110025	-00000000.240000
000000011.934154	-00000003.365779	-00000000.086568
000000015.870500	-00000004.475944	-00000000.115121
000000019.739475	-00000005.567108	-00000000.143186
000000033.499153	-00000009.605727	000000000.243297
000000037.834339	-00000010.848822	000000000.274782
000000033.819378	-00000009.697551	000000000.736964
000000010.999759	-00000003.206137	-00000000.240000
000000015.696433	-00000004.575093	-00000000.114144
000000019.536539	-00000005.694382	-00000000.142069
000000022.915833	-00000006.679356	-00000000.166643
000000020.988052	-00000006.216944	000000000.152820
000000020.926445	-00000006.198695	000000000.457173
000000010.521401	-00000003.166582	-00000000.230157
000000016.000628	-00000004.815642	-00000000.116657
000000018.605158	-00000005.599517	-00000000.135646
000000022.109783	-00000006.654290	-00000000.161197
000000020.703493	-00000006.329693	000000000.151144
000000020.795067	-00000006.357690	000000000.455498
000000010.350146	-00000003.213806	-00000000.227016
000000015.432746	-00000004.791995	-00000000.112817
000000020.007181	-00000006.212395	-00000000.146257
000000020.714226	-00000006.531170	000000000.151633
000000020.672049	-00000006.517872	000000000.454032
000000010.007484	-00000003.203421	-00000000.220105
000000013.495120	-00000004.319822	-00000000.098924
000000015.371293	-00000004.920390	-00000000.112678
000000018.799835	-00000006.017875	-00000000.137810
000000020.789589	-00000006.754947	000000000.152610
000000020.576349	-00000006.685661	000000000.453194
000000009.855715	-00000003.249928	-00000000.217382
000000014.596519	-00000004.813210	-00000000.107302
000000017.986864	-00000005.931178	-00000000.132225
000000020.759918	-00000006.845594	-00000000.152610
000000009.663182	-00000003.233256	000000000.071139
000000020.568640	-00000006.882171	000000000.151424
000000009.765592	-00000003.267521	000000000.215707
000000009.552430	-00000003.242613	-00000000.211309
000000011.493211	-00000003.901419	-00000000.254241
000000009.516416	-00000003.230388	-00000000.070162
000000013.162007	-00000004.467900	-00000000.097040
000000015.084229	-00000005.120406	-00000000.111211
000000009.549505	-00000003.288158	000000000.070511
000000009.566549	-00000003.294027	000000000.211937
000000009.448258	-00000003.299480	-00000000.209634
000000011.496483	-00000004.014751	-00000000.255079
000000015.359955	-00000005.363936	-00000000.113585
000000018.286560	-00000006.385952	-00000000.135227
000000032.220974	-00000011.252068	-00000000.238270
000000009.520448	-00000003.371367	000000000.070511
000000009.480894	-00000003.357361	000000000.210681
000000009.212092	-00000003.307479	-00000000.205026
000000012.844234	-00000004.611551	-00000000.285864
000000013.533781	-00000004.859124	-00000000.100391
000000015.679610	-00000005.629555	-00000000.116308
000000018.314838	-00000006.575699	-00000000.135855
000000009.641011	-00000003.509041	000000000.071628
000000009.507604	-00000003.460485	000000000.211937
000000009.126599	-00000003.366980	-00000000.203770
000000013.875512	-00000005.118947	-00000000.103253
000000015.057603	-00000005.555043	-00000000.112049
000000018.125414	-00000006.686819	-00000000.134878
000000009.628756	-00000003.600044	000000000.071767
000000009.261657	-00000003.462791	000000000.207121
000000008.722898	-00000003.304810	-00000000.195393
000000012.481318	-00000004.728748	-00000000.279581
000000013.605886	-00000005.154809	-00000000.101577
000000017.841946	-00000006.759708	-00000000.133202
000000028.866920	-00000010.936698	-00000000.215512
000000009.512952	-00000003.651680	000000000.071139
000000009.091079	-00000003.489738	000000000.203979
000000008.339641	-00000003.243109	-00000000.187435
000000011.787313	-00000004.583836	-00000000.264922
000000009.748565	-00000003.791009	-00000000.073024
000000012.954594	-00000005.037766	-00000000.097040
000000009.341165	-00000003.679583	000000000.070092
000000008.892841	-00000003.502983	000000000.200210
000000008.199590	-00000003.271305	-00000000.184922
000000012.136878	-00000004.842124	-00000000.273717
000000009.612945	-00000003.835176	-00000000.072256
000000014.080410	-00000005.617514	-00000000.105836
000000009.225254	-00000003.727245	000000000.069464
000000008.973171	-00000003.625397	000000000.202723
000000007.819102	-00000003.198879	-00000000.176963
000000009.512469	-00000003.891654	-00000000.215288
000000009.458794	-00000003.869695	-00000000.071348
000000009.007606	-00000003.731072	000000000.068067
000000008.922719	-00000003.695911	000000000.202304
000000007.588049	-00000003.181933	-00000000.172356
000000009.277116	-00000003.890218	-00000000.070231
000000008.919475	-00000003.786092	000000000.067648
000000008.862517	-00000003.761916	000000000.201676
000000007.578365	-00000003.255923	-00000000.172775
000000009.332871	-00000004.009718	-00000000.212775
000000008.599676	-00000003.694712	-00000000.065345
000000008.840244	-00000003.843848	000000000.067299
000000008.783508	-00000003.819178	000000000.200628
000000007.439850	-00000003.273612	-00000000.170262
000000008.887458	-00000003.910575	-00000000.067788
000000009.171773	-00000004.083536	000000000.070092
000000008.841181	-00000003.936347	000000000.202723
000000007.292497	-00000003.285030	-00000000.167539
000000007.530971	-00000003.392455	-00000000.057665
000000009.226807	-00000004.156374	-00000000.070650
000000009.108491	-00000004.150978	000000000.069882
000000008.670029	-00000003.951160	000000000.199581
000000007.236313	-00000003.335986	-00000000.166911
000000007.991466	-00000003.684116	-00000000.061435
000000014.021388	-00000006.463949	-00000000.107791
000000008.881600	-00000004.141558	000000000.068416
000000008.816441	-00000004.111174	000000000.203770
000000006.926607	-00000003.266800	-00000000.160419
000000008.917710	-00000004.205865	-00000000.068835
000000008.908299	-00000004.249041	000000000.068905
000000008.662919	-00000004.132000	000000000.201047
000000006.681715	-00000003.222877	-00000000.155393
000000006.989248	-00000003.371213	-00000000.054175
000000009.015770	-00000004.348691	-00000000.069882
000000008.897844	-00000004.339768	000000000.069114
000000008.689432	-00000004.238119	000000000.202513
000000006.662303	-00000003.285484	-00000000.155602
000000007.138933	-00000003.520532	-00000000.055571
000000009.022321	-00000004.449316	-00000000.070231
000000008.967024	-00000004.470793	000000000.069952
000000008.866855	-00000004.420850	000000000.207539
000000006.410182	-00000003.230998	-00000000.150367
000000006.572165	-00000003.312644	-00000000.051382
000000007.225886	-00000003.681773	000000000.056618
000000008.794020	-00000004.480777	000000000.068905
000000007.153213	-00000003.644744	000000000.168168
000000008.765581	-00000004.466287	000000000.206073
000000006.212867	-00000003.199837	-00000000.146388
000000006.605236	-00000003.401920	-00000000.051871
000000007.016085	-00000003.652343	000000000.055222
000000007.130003	-00000003.711645	000000000.168377
000000005.901573	-00000003.104968	-00000000.139686
000000006.548749	-00000003.445463	-00000000.051661
000000007.081068	-00000003.765070	000000000.055990
000000007.088514	-00000003.769030	000000000.168168
000000006.244146	-00000003.355101	-00000000.148482
000000006.958868	-00000003.739134	-00000000.055152
000000007.065517	-00000003.836263	000000000.056129
000000007.099285	-00000003.854597	000000000.169215
000000005.601055	-00000003.072844	-00000000.133822
000000007.197752	-00000003.948822	-00000000.057316
000000012.212506	-00000006.700010	-00000000.097249
000000012.314345	-00000006.825953	000000000.098296
000000020.063288	-00000011.121262	000000000.160150
000000012.172036	-00000006.747070	000000000.291518
000000020.680220	-00000011.463233	000000000.495288
000000006.236979	-00000003.492876	-00000000.149738
000000007.189192	-00000004.026141	-00000000.057526
000000011.900556	-00000006.664631	-00000000.095224
000000012.132463	-00000006.864217	000000000.097319
000000012.199711	-00000006.902265	000000000.293613
000000020.448874	-00000011.569416	000000000.492147
000000006.023978	-00000003.442987	-00000000.145340
000000006.667604	-00000003.810850	-00000000.053616
000000011.876671	-00000006.788076	-00000000.095504
000000006.668233	-00000003.849906	000000000.053756
000000012.288601	-00000007.094827	000000000.099064
000000019.363857	-00000011.179728	000000000.156101
000000012.225596	-00000007.058452	000000000.295707
000000019.533247	-00000011.277526	000000000.472461
000000005.691428	-00000003.319143	-00000000.138011
000000006.608181	-00000003.853777	-00000000.053407
000000011.955193	-00000006.972062	-00000000.096621
000000006.479293	-00000003.816596	000000000.052499
000000019.274176	-00000011.353357	000000000.156171
000000006.607246	-00000003.891966	000000000.160628
000000011.930947	-00000007.027865	000000000.290053
000000019.227345	-00000011.325771	000000000.467435
000000005.447442	-00000003.240887	-00000000.132775
000000005.568818	-00000003.313098	-00000000.045239
000000011.575922	-00000006.886950	-00000000.094038
000000019.121326	-00000011.375994	-00000000.155333
000000006.600027	-00000003.965696	000000000.053756
000000012.180051	-00000007.318513	000000000.099204
000000018.788649	-00000011.289359	000000000.153029
000000006.667299	-00000004.006117	000000000.162932
000000011.954862	-00000007.183205	000000000.292147
000000019.119207	-00000011.487979	000000000.467225
000000005.487330	-00000003.329794	-00000000.134450
000000006.847677	-00000004.155272	-00000000.055920
000000008.805378	-00000005.343235	-00000000.071907
000000011.156328	-00000006.769826	-00000000.091105
000000018.518892	-00000011.348392	000000000.151633
000000011.610412	-00000007.114870	000000000.285236
000000018.924461	-00000011.596925	000000000.464922
000000005.228519	-00000003.235506	-00000000.128796
000000005.484638	-00000003.393997	-00000000.045029
000000007.933593	-00000004.909456	-00000000.065135
000000009.693779	-00000005.998693	-00000000.079586
000000008.005379	-00000005.002316	000000000.065903
000000018.486998	-00000011.551958	000000000.152191
000000011.929420	-00000007.454329	000000000.294660
000000018.610575	-00000011.629177	000000000.459686
000000005.123987	-00000003.232995	-00000000.126911
000000005.810009	-00000003.665842	-00000000.047961
000000007.797421	-00000004.919806	-00000000.064367
000000011.324019	-00000007.144925	-00000000.093479
000000018.360186	-00000011.696728	000000000.151982
000000005.238524	-00000003.369532	-00000000.130471
000000010.159504	-00000006.534812	-00000000.084334
000000017.989386	-00000011.571161	-00000000.149329
000000018.441916	-00000011.976320	000000000.153518
000000018.329319	-00000011.903198	000000000.457801
000000047.047485	-00000030.552994	000000001.175079
000000005.217281	-00000003.420599	-00000000.130681
000000004.942331	-00000003.240334	-00000000.041259
000000010.194079	-00000006.683531	-00000000.085102
000000018.163692	-00000011.908638	-00000000.151633
000000018.395073	-00000012.175433	000000000.154007
000000051.347763	-00000033.986343	000000001.289844
000000004.971098	-00000003.321581	-00000000.125236
000000008.913137	-00000005.955568	-00000000.074839
000000011.008389	-00000007.355570	-00000000.092432
000000016.928308	-00000011.311134	-00000000.142138
000000018.006256	-00000012.145373	000000000.151633
000000050.734261	-00000034.220692	000000001.281886
000000005.189846	-00000003.533640	-00000000.131518
000000006.983151	-00000004.754659	-00000000.176963
000000004.959418	-00000003.376747	-00000000.041888
000000016.473532	-00000011.216429	-00000000.139137
000000040.702599	-00000027.974121	000000000.344804
000000050.631447	-00000034.798031	000000001.286912
000000004.879512	-00000003.385038	-00000000.124398
000000006.982467	-00000004.843910	-00000000.178011
000000005.324142	-00000003.693489	-00000000.045239
000000009.596602	-00000006.657400	-00000000.081541
000000016.514702	-00000011.456656	-00000000.140323
000000016.390833	-00000011.476985	000000000.139695
000000049.130154	-00000034.401306	000000001.256336
000000004.988585	-00000003.525584	-00000000.127958
000000006.255322	-00000004.420825	-00000000.053476
000000010.428259	-00000007.369965	-00000000.089151
000000016.389597	-00000011.583021	-00000000.140114
000000016.444733	-00000011.729915	000000000.141021
000000048.510643	-00000034.602306	000000001.248168
000000004.722325	-00000003.399587	-00000000.121885
000000004.861209	-00000003.499570	-00000000.041818
000000009.535762	-00000006.864766	-00000000.082030
000000015.930808	-00000011.468541	-00000000.137042
000000015.840167	-00000011.508554	000000000.136693
000000047.527412	-00000034.530685	000000001.230577
000000004.765042	-00000003.493874	-00000000.123770
000000004.580493	-00000003.358557	-00000000.039654
000000007.556202	-00000005.540436	-00000000.065414
000000015.789801	-00000011.577560	-00000000.136693
000000015.658750	-00000011.586865	000000000.135995
000000046.308075	-00000034.266171	000000001.206702
000000004.550123	-00000003.397738	-00000000.118953
000000006.264431	-00000004.677872	-00000000.163770
000000004.559023	-00000003.404384	-00000000.039723
000000015.103267	-00000011.278144	-00000000.131597
000000004.496209	-00000003.388136	000000000.039304
000000015.660861	-00000011.801306	000000000.136903
000000015.737653	-00000011.859172	000000000.412775
000000045.831627	-00000034.536606	000000001.202095
000000004.353176	-00000003.310232	-00000000.114555
000000004.696298	-00000003.571147	-00000000.041189
000000015.036111	-00000011.433724	-00000000.131876
000000015.438279	-00000011.846209	000000000.135855
000000004.434796	-00000003.433786	-00000000.117487
000000004.491007	-00000003.477309	-00000000.039654
000000004.452152	-00000003.478403	000000000.039444
000000014.995480	-00000011.715753	000000000.132853
000000004.459163	-00000003.483880	000000000.118534
000000004.365405	-00000003.441407	-00000000.116440
000000004.358403	-00000003.435888	-00000000.038746
000000004.405977	-00000003.504672	000000000.039304
000000014.657893	-00000011.659414	000000000.130759
000000043.472176	-00000034.579330	000000001.163561
000000004.327410	-00000003.473114	-00000000.116230
000000004.367247	-00000003.505086	-00000000.039095
000000004.336369	-00000003.511522	000000000.038955
000000014.648845	-00000011.862400	000000000.131597
000000042.360706	-00000034.303024	000000001.141781
000000004.304679	-00000003.517070	-00000000.116440
000000004.251312	-00000003.473467	-00000000.038327
000000004.390437	-00000003.619197	000000000.039723
000000004.489870	-00000003.701164	000000000.121885
000000003.851053	-00000003.202887	-00000000.104922
000000004.489927	-00000003.734233	-00000000.040771
000000013.569727	-00000011.285823	-00000000.123219
000000013.650579	-00000011.454196	000000000.124406
000000004.151051	-00000003.483145	000000000.113508
000000013.885339	-00000011.651183	000000000.379686
000000041.234787	-00000034.600094	000000001.127540
000000004.379993	-00000003.707938	-00000000.120209
000000007.455146	-00000006.311247	-00000000.204607
000000004.304526	-00000003.644050	-00000000.039374
000000007.609242	-00000006.441699	-00000000.069603
000000012.890682	-00000010.912767	-00000000.117913
000000004.189735	-00000003.578372	000000000.038467
000000013.519690	-00000011.546906	000000000.124127
000000013.836354	-00000011.817363	000000000.381152
000000004.332321	-00000003.732967	-00000000.119791
000000004.484675	-00000003.864244	-00000000.041329
000000004.467772	-00000003.883775	000000000.041329
000000011.350555	-00000009.866887	000000000.104998
000000013.229737	-00000011.500435	000000000.122382
000000013.627066	-00000011.845827	000000000.378220
000000004.427365	-00000003.882695	-00000000.123351
000000005.413115	-00000004.747174	-00000000.050265
000000007.435515	-00000006.520772	-00000000.069045
000000012.750892	-00000011.182232	-00000000.118402
000000004.448689	-00000003.935867	000000000.041469
000000013.076447	-00000011.569063	000000000.121893
000000013.313513	-00000011.778801	000000000.372356
000000004.348560	-00000003.881239	-00000000.122094
000000004.043532	-00000003.608991	-00000000.037838
000000012.294725	-00000010.973462	-00000000.115051
000000011.250938	-00000010.130391	000000000.105696
000000012.610860	-00000011.354869	000000000.118472
000000012.816437	-00000011.539971	000000000.361257
000000003.848290	-00000003.495540	-00000000.108901
000000012.442763	-00000011.302210	-00000000.117355
000000012.526036	-00000011.477998	000000000.118612
000000012.582563	-00000011.529796	000000000.357487
000000004.250795	-00000003.929394	-00000000.121257
000000006.754285	-00000006.243597	-00000000.192670
000000004.031332	-00000003.726525	-00000000.038327
000000007.423820	-00000006.862508	-00000000.070581
000000011.910420	-00000011.009879	-00000000.113236
000000011.072426	-00000010.325204	000000000.105696
000000012.271816	-00000011.443654	000000000.117146
000000012.620397	-00000011.768710	000000000.361466
000000003.568235	-00000003.356660	-00000000.102618
000000004.995529	-00000004.699325	-00000000.143665
000000003.678184	-00000003.460090	-00000000.035255
000000007.363651	-00000006.927031	-00000000.070581
000000011.449713	-00000010.770814	-00000000.109745
000000011.540425	-00000010.951454	000000000.111072
000000012.082087	-00000011.465472	000000000.348901
000000003.473809	-00000003.325448	-00000000.100733
000000004.809889	-00000004.604467	-00000000.139477
000000005.692090	-00000005.448990	-00000000.055012
000000007.310145	-00000006.997941	-00000000.070650
000000011.232486	-00000010.752766	-00000000.108559
000000011.365292	-00000010.975335	000000000.110304
000000011.729858	-00000011.327393	000000000.341571
000000034.779644	-00000033.586311	000000001.012775
000000003.509110	-00000003.418423	-00000000.102618
000000004.841139	-00000004.716029	-00000000.141571
000000007.177171	-00000006.991690	-00000000.069952
000000011.066595	-00000010.780600	-00000000.107860
000000011.297612	-00000011.102132	000000000.110583
000000011.594909	-00000011.394285	000000000.340524
000000003.244835	-00000003.216642	-00000000.095707
000000005.041210	-00000004.997408	-00000000.148691
000000006.341801	-00000006.286698	-00000000.062343
000000011.028910	-00000010.933082	-00000000.108419
000000010.889179	-00000010.889179	000000000.107511
000000011.183975	-00000011.183975	000000000.331309
000000003.132178	-00000003.159632	-00000000.093194
000000006.025044	-00000006.077854	-00000000.179267
000000003.203189	-00000003.231265	-00000000.031765
000000005.301102	-00000005.347566	-00000000.052569
000000010.897882	-00000010.993402	-00000000.108070
000000009.861553	-00000010.035189	000000000.098226
000000010.856820	-00000011.047980	000000000.108140
000000009.999782	-00000010.175852	000000000.298848
000000011.177051	-00000011.373850	000000000.334032
000000004.150942	-00000004.261062	-00000000.124607
000000004.800682	-00000004.928037	-00000000.048031
000000010.641046	-00000010.923339	-00000000.106464
000000010.280693	-00000010.645969	000000000.103323
000000010.209238	-00000010.571976	000000000.307854
000000003.048904	-00000003.184926	-00000000.092356
000000005.351137	-00000005.589870	-00000000.162094
000000006.057507	-00000006.327754	-00000000.061156
000000009.763927	-00000010.199531	-00000000.098575
000000010.049732	-00000010.590208	000000000.101926
000000005.526275	-00000005.823479	000000000.168168
000000010.164767	-00000010.711431	000000000.309320
000000004.000591	-00000004.252754	-00000000.122304
000000005.399110	-00000005.739423	-00000000.055012
000000010.126758	-00000010.765060	-00000000.103183
000000010.100150	-00000010.831084	000000000.103392
000000005.611615	-00000006.017721	000000000.172356
000000009.484516	-00000010.170898	000000000.291309
000000004.669125	-00000005.051031	-00000000.144084
000000005.810393	-00000006.285648	-00000000.059760
000000010.242854	-00000011.080657	-00000000.105347
000000009.282383	-00000010.129944	000000000.095923
000000010.680821	-00000011.656071	000000000.110374
000000006.065469	-00000006.619298	000000000.188063
000000008.969871	-00000009.788896	000000000.278115
000000003.697206	-00000004.070307	-00000000.115183
000000005.486379	-00000006.040032	-00000000.056967
000000010.313855	-00000011.354670	-00000000.107093
000000008.665030	-00000009.623491	000000000.090407
000000009.922965	-00000011.020569	000000000.103532
000000009.753784	-00000010.832675	000000000.305340
000000004.527002	-00000005.072078	-00000000.142408
000000005.167116	-00000005.789264	-00000000.054175
000000010.007957	-00000011.212969	-00000000.104928
000000009.461984	-00000010.694827	000000000.099692
000000009.387267	-00000010.610375	000000000.296754
000000004.403464	-00000005.021188	-00000000.139895
000000005.274638	-00000006.014572	-00000000.055850
000000009.804234	-00000011.179585	-00000000.103811
000000005.937190	-00000006.829956	000000000.063180
000000009.853766	-00000011.335462	000000000.104859
000000005.922914	-00000006.813533	000000000.189110
000000004.007066	-00000004.650429	-00000000.128586
000000004.138396	-00000004.802845	-00000000.044261
000000005.926914	-00000006.878522	-00000000.063390
000000005.896844	-00000006.904318	000000000.063390
000000008.949176	-00000010.478139	000000000.096202
000000009.696023	-00000011.352585	000000000.104230
000000008.979897	-00000010.514108	000000000.289634
000000009.882432	-00000011.570841	000000000.318744
000000004.173046	-00000004.929400	-00000000.135288
000000005.821435	-00000006.876557	-00000000.062901
000000009.204494	-00000010.969489	000000000.099972
000000005.790246	-00000006.900547	000000000.188691
000000009.498317	-00000011.319654	000000000.309529
000000009.426450	-00000011.435198	000000000.103462
000000009.831613	-00000011.926700	000000000.323770
000000005.663745	-00000006.994143	000000000.062831
000000009.445869	-00000011.664677	000000000.104789
000000008.235997	-00000010.170609	000000000.274136
000000009.280440	-00000011.460389	000000000.308901
000000009.480666	-00000011.918832	000000000.106325
000000009.229867	-00000011.603534	000000000.310576
000000009.197758	-00000011.772593	000000000.104300
000000005.742862	-00000007.350528	000000000.195393
000000009.066705	-00000011.604853	000000000.308482
000000008.845088	-00000011.527143	000000000.101438
000000008.928572	-00000011.635942	000000000.307225
000000008.774249	-00000011.643822	000000000.101787
000000008.808640	-00000011.689460	000000000.306597
000000008.618772	-00000011.647602	000000000.101158
000000009.033377	-00000012.207908	000000000.318115
000000008.293447	-00000011.414951	000000000.098506
000000008.732573	-00000012.019356	000000000.311204
000000009.219541	-00000012.925319	000000000.332566
000000020.087915	-00000028.162218	000000000.724608
000000007.129382	-00000010.181812	000000000.086777
000000008.236357	-00000011.762736	000000000.100251
000000009.244025	-00000013.201836	000000000.337592
000000008.371280	-00000012.180288	000000000.103183
000000009.145454	-00000013.306719	000000000.338220
000000006.922639	-00000010.263235	000000000.086428
000000008.281446	-00000012.277747	000000000.103392
000000008.743859	-00000012.963305	000000000.327539
000000008.168468	-00000012.341209	000000000.103323
000000008.520038	-00000012.872373	000000000.323351
000000007.673777	-00000011.816581	000000000.098366
000000002.640920	-00000004.066660	000000000.101571
000000002.364061	-00000003.710832	000000000.030718
000000002.599960	-00000004.081120	000000000.101361
000000002.320990	-00000003.714360	000000000.030578
000000002.357623	-00000003.772986	000000000.093194
000000002.262364	-00000003.691842	000000000.030229
000000002.335056	-00000003.810466	000000000.093613
000000002.230061	-00000003.711444	000000000.030229
000000002.239924	-00000003.727860	000000000.091100
000000002.182362	-00000003.704915	000000000.030019
000000002.303719	-00000003.910939	000000000.095079
000000002.204946	-00000003.819079	000000000.030787
000000002.169524	-00000003.757726	000000000.090890
