000000003.987488	000000004.627707	-00000000.127958
000000003.974983	000000004.532600	-00000000.126283
000000004.060987	000000004.549952	-00000000.127749
000000004.541203	000000005.087987	-00000000.047612
000000006.658654	000000007.460392	-00000000.069813
000000004.127427	000000004.543942	-00000000.128586
000000004.538365	000000004.996351	-00000000.047124
000000004.173709	000000004.515093	-00000000.128796
000000004.534278	000000004.905155	-00000000.046635
000000007.005053	000000007.578023	-00000000.072047
000000004.240353	000000004.507627	-00000000.129634
000000004.570059	000000004.858116	-00000000.046565
000000004.300268	000000004.492118	-00000000.130262
000000004.646854	000000004.854167	-00000000.046914
000000004.346281	000000004.461582	-00000000.130471
000000004.640193	000000004.763292	-00000000.046425
000000004.378011	000000004.416384	-00000000.130262
000000004.611184	000000004.651601	-00000000.045727
000000004.352482	000000004.314664	-00000000.128377
000000004.637398	000000004.597104	-00000000.045588
000000004.397129	000000004.283494	-00000000.128586
000000004.555570	000000004.437839	-00000000.044401
000000004.405454	000000004.217304	-00000000.127749
000000004.716922	000000004.515471	-00000000.045588
000000004.529474	000000004.260903	-00000000.130262
000000004.770714	000000004.487839	-00000000.045727
000000004.529776	000000004.187282	-00000000.129215
000000004.802352	000000004.439249	-00000000.045657
000000004.662352	000000004.234982	-00000000.131937
000000004.885321	000000004.437513	-00000000.046076
000000004.714049	000000004.207449	-00000000.132356
000000004.961161	000000004.428005	-00000000.046425
000000004.795686	000000004.205704	-00000000.133613
000000005.044722	000000004.424103	-00000000.046844
000000008.480546	000000007.437239	-00000000.078749
000000004.870074	000000004.196324	-00000000.134660
000000005.158892	000000004.445186	-00000000.047542
000000008.416342	000000007.251984	-00000000.077562
000000004.952292	000000004.192425	-00000000.135916
000000005.311969	000000004.496913	-00000000.048590
000000007.868735	000000006.661376	-00000000.071977
000000004.988689	000000004.149049	-00000000.135916
000000005.796926	000000004.821252	-00000000.052639
000000005.125355	000000004.187591	-00000000.138639
000000005.815547	000000004.751502	-00000000.052429
000000009.013711	000000007.364511	-00000000.081262
000000005.224080	000000004.192768	-00000000.140314
000000006.410494	000000005.144966	-00000000.057386
000000005.323281	000000004.196537	-00000000.141990
000000006.376618	000000005.026920	-00000000.056688
000000009.227249	000000007.274177	-00000000.082030
000000005.549423	000000004.296823	-00000000.147016
000000006.491403	000000005.026181	-00000000.057316
000000005.538959	000000004.211922	-00000000.145759
000000006.718093	000000005.108557	-00000000.058922
000000009.456273	000000007.190717	-00000000.082937
000000005.711687	000000004.265119	-00000000.149319
000000007.026825	000000005.247179	-00000000.061226
000000005.756752	000000004.221025	-00000000.149529
000000007.096539	000000005.203398	-00000000.061435
000000009.838385	000000007.213802	-00000000.085171
000000005.955647	000000004.287452	-00000000.153717
000000007.255294	000000005.223064	-00000000.062412
000000006.049987	000000004.275708	-00000000.155183
000000006.957617	000000004.917158	-00000000.059480
000000010.371095	000000007.329565	-00000000.088662
000000006.218503	000000004.313929	-00000000.158534
000000007.378209	000000005.118446	-00000000.062692
000000006.264176	000000004.265126	-00000000.158744
000000007.273813	000000004.952563	-00000000.061435
000000010.695810	000000007.282518	-00000000.090338
000000006.417538	000000004.288062	-00000000.161675
000000007.641019	000000005.105566	-00000000.064158
000000010.675810	000000007.133348	-00000000.089639
000000018.708294	000000012.382750	000000000.469948
000000006.362742	000000004.171597	-00000000.159372
000000007.685282	000000005.038692	-00000000.064158
000000010.821279	000000007.094741	-00000000.090338
000000018.790485	000000012.202683	000000000.469320
000000006.525032	000000004.197042	-00000000.162513
000000007.796242	000000005.014711	-00000000.064716
000000010.765038	000000006.924304	-00000000.089360
000000019.309427	000000012.301462	000000000.479581
000000006.527586	000000004.118600	-00000000.161675
000000007.873535	000000004.967830	-00000000.064996
000000010.943451	000000006.904803	-00000000.090338
000000019.619528	000000012.259642	000000000.484608
000000006.639794	000000004.108829	-00000000.163560
000000008.018626	000000004.962077	-00000000.065833
000000010.756693	000000006.656444	-00000000.088313
000000020.211664	000000012.385723	000000000.496545
000000006.709586	000000004.071477	-00000000.164398
000000008.121465	000000004.928226	-00000000.066322
000000010.771627	000000006.536384	-00000000.087964
000000013.928629	000000008.369164	000000000.113445
000000021.253086	000000012.770143	000000000.519372
000000006.822190	000000004.058777	-00000000.166283
000000008.095411	000000004.816264	-00000000.065763
000000021.682449	000000012.771939	000000000.527121
000000006.848713	000000003.994051	-00000000.166073
000000008.016198	000000004.674909	-00000000.064786
000000010.650832	000000006.211382	-00000000.086079
000000014.202470	000000008.199800	000000000.114493
000000022.546356	000000013.017145	000000000.545341
000000007.030869	000000004.018472	-00000000.169634
000000008.212960	000000004.694094	-00000000.066043
000000022.711302	000000012.849437	000000000.546597
000000007.161621	000000004.010701	-00000000.171937
000000007.817374	000000004.377940	-00000000.062552
000000014.422128	000000007.994316	000000000.115121
000000023.058664	000000012.781627	000000000.552252
000000007.441778	000000004.082699	-00000000.177801
000000008.460207	000000004.641428	-00000000.067369
000000015.185590	000000008.245103	000000000.120636
000000023.397766	000000012.703951	000000000.557697
000000007.441894	000000003.998674	-00000000.176963
000000008.447536	000000004.539025	-00000000.066950
000000014.806671	000000007.872847	000000000.117076
000000022.488127	000000011.957149	000000000.177813
000000023.975597	000000012.748051	000000000.568796
000000007.573833	000000003.984786	-00000000.179267
000000008.575321	000000004.511694	-00000000.067648
000000015.034468	000000007.826448	000000000.118332
000000022.449697	000000011.686572	000000000.176696
000000024.281029	000000012.639904	000000000.573403
000000007.474994	000000003.849875	-00000000.176126
000000008.534357	000000004.395483	-00000000.067020
000000009.043495	000000004.607891	000000000.070860
000000024.550755	000000012.509233	000000000.577173
000000007.633296	000000003.847498	-00000000.179058
000000008.554530	000000004.311838	-00000000.066880
000000009.065464	000000004.519874	000000000.070720
000000024.891613	000000012.410501	000000000.582618
000000007.684514	000000003.789583	-00000000.179477
000000008.735328	000000004.307787	-00000000.067997
000000009.185452	000000004.480044	000000000.071348
000000009.237576	000000004.505467	000000000.215288
000000007.915401	000000003.817936	-00000000.184084
000000008.844641	000000004.266149	-00000000.068556
000000009.188094	000000004.382496	000000000.071069
000000009.267518	000000004.420380	000000000.215079
000000007.966503	000000003.757246	-00000000.184503
000000008.944843	000000004.218662	-00000000.069045
000000009.307554	000000004.340184	000000000.071698
000000023.092159	000000010.768051	000000000.177883
000000009.414473	000000004.390041	000000000.217592
000000026.304346	000000012.265918	000000000.607958
000000008.244131	000000003.800597	-00000000.190157
000000009.063047	000000004.178122	-00000000.069673
000000016.215115	000000007.389653	000000000.124406
000000022.939564	000000010.454162	000000000.175998
000000026.519554	000000012.085657	000000000.610472
000000008.286099	000000003.732616	-00000000.190367
000000009.162986	000000004.127624	-00000000.070162
000000015.575570	000000006.934690	000000000.119030
000000017.110289	000000007.617991	000000000.130759
000000023.166948	000000010.314590	000000000.177045
000000026.815813	000000011.939169	000000000.614869
000000008.565436	000000003.768882	-00000000.196021
000000009.281033	000000004.083752	-00000000.070790
000000017.029390	000000007.404590	000000000.129642
000000021.201914	000000009.218854	000000000.161407
000000027.120687	000000011.792411	000000000.619477
000000008.570442	000000003.682153	-00000000.195393
000000009.481694	000000004.073657	-00000000.072047
000000013.662092	000000005.869698	-00000000.103811
000000015.427285	000000006.548494	000000000.117006
000000017.010515	000000007.220535	000000000.129014
000000021.014614	000000008.920175	000000000.159382
000000027.268576	000000011.574824	000000000.620524
000000008.878848	000000003.723210	-00000000.201676
000000009.645988	000000004.044898	-00000000.073024
000000017.220694	000000007.133045	000000000.130131
000000021.100895	000000008.740276	000000000.159452
000000027.580994	000000011.424421	000000000.625341
000000008.614893	000000003.524446	-00000000.194974
000000009.921553	000000004.059014	-00000000.074839
000000013.836493	000000005.660659	-00000000.104370
000000015.585580	000000006.296983	000000000.117355
000000017.375002	000000007.019957	000000000.130829
000000021.139277	000000008.540822	000000000.159173
000000027.688908	000000011.187045	000000000.625550
000000009.053907	000000003.612143	-00000000.204189
000000010.142353	000000004.046389	-00000000.076235
000000011.749154	000000004.687437	-00000000.088313
000000014.126849	000000005.636041	-00000000.106185
000000016.179567	000000006.373301	000000000.121404
000000017.491423	000000006.890055	000000000.131248
000000021.250219	000000008.370684	000000000.159452
000000027.831989	000000010.963312	000000000.626597
000000008.637818	000000003.359064	-00000000.194136
000000010.587351	000000004.117196	-00000000.079307
000000014.520329	000000005.646647	-00000000.108768
000000015.581079	000000005.981016	000000000.116517
000000015.917158	000000006.110024	000000000.119030
000000016.944071	000000006.504220	000000000.126710
000000028.215946	000000010.831087	000000000.633089
000000009.124918	000000003.457122	-00000000.204398
000000010.884709	000000004.123847	-00000000.081262
000000016.616159	000000006.212527	000000000.123848
000000022.966642	000000008.586876	000000000.171181
000000028.421766	000000010.626463	000000000.635602
000000008.620087	000000003.180118	-00000000.192461
000000010.995335	000000004.056393	-00000000.081820
000000016.989229	000000006.183573	000000000.126221
000000022.927940	000000008.345088	000000000.170343
000000028.748289	000000010.463521	000000000.640838
000000008.863934	000000003.182477	-00000000.197278
000000011.369129	000000004.081934	-00000000.084334
000000013.601986	000000004.816716	000000000.100740
000000017.617540	000000006.238698	000000000.130480
000000023.056448	000000008.164717	000000000.170762
000000029.055264	000000010.289008	000000000.645655
000000008.598764	000000003.002823	-00000000.190785
000000011.328793	000000003.956191	-00000000.083775
000000013.690775	000000004.714112	000000000.101089
000000013.678654	000000004.709938	000000000.303037
000000009.126405	000000003.097997	-00000000.201885
000000011.665895	000000003.960038	-00000000.086009
000000013.665010	000000004.572248	000000000.100600
000000023.432505	000000007.840407	000000000.172507
000000029.676020	000000009.929458	000000000.655498
000000008.611881	000000002.839773	-00000000.189948
000000011.775982	000000003.883137	-00000000.086568
000000017.565584	000000005.707405	000000000.128944
000000023.461992	000000007.623263	000000000.172228
000000029.961218	000000009.734990	000000000.659896
000000008.864861	000000002.837664	-00000000.194974
000000012.237988	000000003.917411	-00000000.089709
000000017.443058	000000005.499775	000000000.127687
000000023.479940	000000007.403197	000000000.171879
000000030.445503	000000009.599430	000000000.668691
000000008.555102	000000002.656430	-00000000.187644
000000012.223958	000000003.795640	-00000000.089360
000000014.057337	000000004.297759	000000000.102625
000000017.643393	000000005.394127	000000000.128804
000000023.285454	000000007.119078	000000000.169994
000000030.881868	000000009.441535	000000000.676440
000000008.798150	000000002.647943	-00000000.192461
000000012.658785	000000003.809862	-00000000.092292
000000017.076162	000000005.058190	000000000.124336
000000023.193285	000000006.870164	000000000.168877
000000031.058949	000000009.200079	000000000.678534
000000008.513775	000000002.481539	-00000000.185759
000000013.056360	000000003.805582	-00000000.094945
000000017.225389	000000004.939301	000000000.125104
000000031.512859	000000009.036167	000000000.686702
000000008.871891	000000002.502132	-00000000.193089
000000013.493294	000000003.805502	-00000000.097877
000000017.171476	000000004.762072	000000000.124406
000000031.937346	000000008.857010	000000000.694241
000000008.555787	000000002.332575	-00000000.185759
000000013.506694	000000003.682347	-00000000.097738
000000017.260675	000000004.624984	000000000.124755
000000017.421482	000000004.668072	000000000.377801
000000008.856198	000000002.331642	-00000000.191833
000000014.311932	000000003.768017	-00000000.103323
000000017.251970	000000004.461663	000000000.124406
000000021.453629	000000005.548285	000000000.154705
000000032.590382	000000008.428446	000000000.705131
000000008.556432	000000002.173057	-00000000.184922
000000013.646439	000000003.465754	-00000000.098296
000000017.571629	000000004.381099	000000000.126431
000000021.006390	000000005.237481	000000000.151144
000000033.351452	000000008.315451	000000000.720000
000000008.779006	000000002.148209	-00000000.189319
000000015.385684	000000003.764853	-00000000.110583
000000017.589743	000000004.222924	000000000.126291
000000020.759592	000000004.983937	000000000.149050
000000021.406891	000000005.139339	000000000.461152
000000033.665787	000000008.082440	000000000.725236
000000008.466542	000000001.993606	-00000000.182199
000000013.704845	000000003.227063	-00000000.098296
000000020.753576	000000004.791340	000000000.148701
000000021.353508	000000004.929846	000000000.459058
000000008.844415	000000002.001287	-00000000.189948
000000016.824245	000000003.806938	-00000000.120427
000000020.306461	000000004.501834	000000000.145210
000000021.327389	000000004.728168	000000000.457592
000000008.509816	000000001.847662	-00000000.182408
000000013.290020	000000002.885546	-00000000.094945
000000017.237936	000000003.742723	-00000000.123149
000000020.452568	000000004.347328	000000000.145978
000000021.485189	000000004.566818	000000000.460105
000000035.508751	000000007.547618	000000000.760419
000000008.887783	000000001.848662	-00000000.190157
000000018.288124	000000003.803935	-00000000.130410
000000021.254049	000000004.324185	000000000.151424
000000036.337437	000000007.392935	000000000.776754
000000008.540767	000000001.698864	-00000000.182408
000000013.181433	000000002.621950	-00000000.093828
000000018.899273	000000003.759299	-00000000.134529
000000021.222263	000000004.125190	000000000.150935
000000024.844378	000000004.829258	000000000.176696
000000038.255436	000000007.436103	000000000.816335
000000008.889226	000000001.687672	-00000000.189529
000000019.481516	000000003.698682	-00000000.138438
000000021.483597	000000003.981749	000000000.152541
000000024.629934	000000004.564888	000000000.174881
000000025.175636	000000004.666028	000000000.536335
000000008.529762	000000001.542432	-00000000.181571
000000013.067741	000000002.363033	-00000000.092711
000000020.378984	000000003.685121	-00000000.144582
000000022.610634	000000003.986865	000000000.160290
000000024.777159	000000004.368882	000000000.175649
000000008.739964	000000001.501801	-00000000.185759
000000022.565664	000000003.776197	000000000.159731
000000024.370522	000000004.078227	000000000.172507
000000029.558258	000000004.946356	000000000.209228
000000029.729988	000000004.975094	000000000.631414
000000008.476439	000000001.380476	-00000000.179895
000000013.264908	000000002.160327	-00000000.093828
000000022.736032	000000003.601034	000000000.160709
000000024.049625	000000003.809087	000000000.169994
000000029.590420	000000004.686662	000000000.209159
000000029.772272	000000004.715465	000000000.631414
000000008.774726	000000001.350559	-00000000.185969
000000024.734684	000000003.696623	000000000.174601
000000026.979696	000000004.032143	000000000.190449
000000029.818102	000000004.456345	000000000.210485
000000008.410192	000000001.219420	-00000000.178011
000000012.983910	000000001.882577	-00000000.091594
000000014.953268	000000002.168121	-00000000.105487
000000026.815805	000000003.768716	000000000.189053
000000028.241758	000000003.969120	000000000.199106
000000032.994926	000000004.637135	000000000.232616
000000033.216206	000000004.668233	000000000.702618
000000008.717708	000000001.186428	-00000000.184293
000000028.652058	000000003.772115	000000000.201758
000000030.406874	000000004.003141	000000000.214115
000000036.672653	000000004.828046	000000000.258237
000000036.863747	000000004.853204	000000000.778849
000000008.400439	000000001.068671	-00000000.177382
000000013.014788	000000001.655690	-00000000.091594
000000030.976610	000000003.803449	000000000.217885
000000032.981503	000000004.049620	000000000.231987
000000036.753086	000000004.512712	000000000.258516
000000056.265026	000000006.908476	000000001.187435
000000008.627872	000000001.021176	-00000000.181990
000000040.983841	000000004.669519	000000000.287977
000000008.407872	000000000.920812	-00000000.177173
000000012.842895	000000001.406526	-00000000.090198
000000041.152313	000000004.325283	000000000.288885
000000045.171223	000000004.747687	000000000.951414
000000008.674223	000000000.873448	-00000000.182618
000000008.402750	000000000.772104	-00000000.176754
000000012.586668	000000001.156552	-00000000.088243
000000008.598475	000000000.714478	-00000000.180733
000000008.375064	000000000.622375	-00000000.175916
000000012.604936	000000000.936709	-00000000.088243
000000008.579705	000000000.562344	-00000000.180105
000000099.073090	000000006.059570	000000002.079163
000000008.364687	000000000.474981	-00000000.175497
000000012.579429	000000000.714312	-00000000.087964
000000080.941139	000000004.241945	000000001.697802
000000008.648129	000000000.415399	-00000000.181361
000000152.760925	000000006.669686	000000003.202934
000000008.411663	000000000.330495	-00000000.176335
000000012.629948	000000000.496232	-00000000.088243
000000152.643463	000000005.330427	000000003.199373
000000008.684042	000000000.265321	-00000000.181990
000000008.476122	000000000.184950	-00000000.177592
000000012.516716	000000000.273116	-00000000.087405
000000008.707344	000000000.113985	-00000000.182408
000000152.390762	000000001.329894	000000003.192253
000000008.378082	000000000.036557	-00000000.175497
000000012.529575	000000000.054671	-00000000.087475
000000008.708007	-00000000.037996	-00000000.182408
000000060.594402	-00000000.528799	000000001.269320
000000008.457420	-00000000.110714	-00000000.177173
000000012.638610	-00000000.165448	-00000000.088243
000000008.716013	-00000000.190184	-00000000.182618
000000078.675766	-00000002.060197	000000001.648587
000000008.454200	-00000000.258299	-00000000.177173
000000012.633797	-00000000.385997	-00000000.088243
000000151.924057	-00000005.305305	000000003.184295
000000008.841238	-00000000.347373	-00000000.185340
000000008.468376	-00000000.406765	-00000000.177592
000000012.585183	-00000000.604510	-00000000.087964
000000051.967266	-00000002.723489	000000001.090053
000000008.823847	-00000000.501054	-00000000.185131
000000051.422604	-00000003.145141	000000001.079163
000000008.559752	-00000000.561036	-00000000.179686
000000012.652543	-00000000.829291	-00000000.088522
000000039.931515	-00000002.792284	000000000.279460
000000039.903782	-00000002.790344	000000000.837906
000000008.813758	-00000000.654975	-00000000.185131
000000041.761677	-00000003.286715	000000000.877487
000000008.558620	-00000000.711167	-00000000.179895
000000012.676004	-00000001.053295	-00000000.088802
000000033.371708	-00000002.919646	000000000.233872
000000041.412693	-00000003.623141	000000000.870786
000000008.890588	-00000000.816930	-00000000.187016
000000029.552593	-00000002.845591	000000000.207274
000000031.543337	-00000003.037278	000000000.221236
000000035.345657	-00000003.403399	000000000.247905
000000035.706985	-00000003.438191	000000000.751414
000000041.459110	-00000003.992058	000000000.872461
000000008.534958	-00000000.859425	-00000000.179686
000000012.814882	-00000001.290391	-00000000.089919
000000027.269125	-00000002.866101	000000000.191426
000000035.424007	-00000003.723213	000000000.248672
000000030.733931	-00000003.230266	000000000.647330
000000035.476761	-00000003.728758	000000000.747226
000000008.835223	-00000000.967614	-00000000.186178
000000025.951466	-00000002.956796	000000000.182351
000000030.366831	-00000003.459863	000000000.640210
000000008.528587	-00000001.009425	-00000000.179895
000000012.552080	-00000001.485637	-00000000.088243
000000023.989256	-00000002.945510	000000000.168737
000000026.182728	-00000003.214835	000000000.184166
000000030.166784	-00000003.704015	000000000.636650
000000008.846744	-00000001.125448	-00000000.186806
000000022.772932	-00000002.998113	000000000.160360
000000024.795431	-00000003.264380	000000000.174601
000000030.763784	-00000004.050129	000000000.216629
000000029.994541	-00000003.948856	000000000.633718
000000008.588923	-00000001.168901	-00000000.181571
000000012.682775	-00000001.726050	-00000000.089360
000000021.933903	-00000003.082609	000000000.154635
000000024.894732	-00000003.498726	000000000.175509
000000029.978741	-00000004.213237	000000000.634136
000000008.786177	-00000001.273935	-00000000.185969
000000019.967745	-00000002.984199	000000000.140952
000000024.734684	-00000003.696623	000000000.174601
000000024.878181	-00000003.718069	000000000.526911
000000008.606741	-00000001.324704	-00000000.182408
000000012.729786	-00000001.959301	-00000000.089919
000000016.841270	-00000002.592119	-00000000.118961
000000019.150810	-00000003.033190	000000000.135367
000000024.681730	-00000003.909202	000000000.174462
000000024.815163	-00000003.930336	000000000.526283
000000008.959962	-00000001.459222	-00000000.190157
000000013.195820	-00000002.149076	-00000000.093339
000000017.706284	-00000002.883651	-00000000.125244
000000018.107763	-00000003.030200	000000000.128176
000000024.873516	-00000004.162399	000000000.176067
000000030.499123	-00000005.103803	000000000.647749
000000036.898712	-00000006.174726	000000000.783665
000000008.611871	-00000001.479790	-00000000.183037
000000012.535968	-00000002.154073	-00000000.088802
000000016.803320	-00000002.887339	-00000000.119030
000000017.046606	-00000003.005777	000000000.120846
000000017.712805	-00000003.123245	000000000.376754
000000036.449589	-00000006.427046	000000000.775288
000000008.874101	-00000001.604699	-00000000.188901
000000012.467492	-00000002.254490	-00000000.088453
000000015.882030	-00000002.871939	-00000000.112678
000000016.813250	-00000003.116152	000000000.119380
000000019.238077	-00000003.565567	000000000.409843
000000036.401943	-00000006.746701	000000000.775498
000000008.545444	-00000001.622403	-00000000.182199
000000012.417871	-00000002.357606	-00000000.088243
000000015.970686	-00000003.104387	000000000.113585
000000016.212925	-00000003.151473	000000000.345969
000000019.314186	-00000003.754297	000000000.412147
000000036.439823	-00000007.083184	000000000.777592
000000008.972217	-00000001.784685	-00000000.191623
000000012.789128	-00000002.543916	-00000000.091036
000000014.943487	-00000003.040287	000000000.106464
000000021.273645	-00000004.328172	000000000.151563
000000033.884972	-00000006.893976	000000000.241412
000000036.690132	-00000007.464692	000000000.784294
000000051.219227	-00000010.420670	000000001.094870
000000008.594133	-00000001.787582	-00000000.183874
000000012.453156	-00000002.590260	-00000000.088802
000000014.828356	-00000003.151864	000000000.105836
000000024.815001	-00000005.274591	000000000.177115
000000050.011497	-00000010.630272	000000001.070995
000000008.929934	-00000001.938879	-00000000.191414
000000012.508253	-00000002.715808	-00000000.089360
000000013.970456	-00000003.097176	000000000.099902
000000020.843412	-00000004.620873	000000000.149050
000000047.300926	-00000010.486363	000000001.014870
000000008.620135	-00000001.950537	-00000000.185131
000000012.328027	-00000002.789548	-00000000.088243
000000013.796743	-00000003.185229	000000000.098855
000000046.360104	-00000010.703073	000000000.996650
000000008.855809	-00000002.085266	-00000000.190576
000000012.468685	-00000002.935986	-00000000.089430
000000015.382517	-00000003.693016	000000000.110444
000000020.127567	-00000004.832201	000000000.144512
000000024.794828	-00000005.952712	000000000.178022
000000026.423218	-00000006.343654	000000000.569215
000000008.536224	-00000002.088801	-00000000.184084
000000012.160907	-00000002.975755	-00000000.087405
000000013.234511	-00000003.299734	000000000.095224
000000024.877775	-00000006.202726	000000000.179000
000000026.172836	-00000006.525621	000000000.565026
000000008.750236	-00000002.222277	-00000000.189110
000000011.911557	-00000003.025150	-00000000.085800
000000013.011587	-00000003.365025	000000000.093828
000000026.090944	-00000006.747577	000000000.188145
000000025.969704	-00000006.716222	000000000.561885
000000008.421123	-00000002.217097	-00000000.182408
000000011.372184	-00000002.994046	-00000000.082100
000000012.943090	-00000003.468091	000000000.093549
000000015.763525	-00000004.223824	000000000.113934
000000026.117998	-00000006.998297	000000000.188773
000000025.939077	-00000006.950355	000000000.562513
000000008.642598	-00000002.356243	-00000000.187644
000000011.171965	-00000003.045827	-00000000.080843
000000012.806336	-00000003.551512	000000000.092781
000000025.834303	-00000007.164486	000000000.187168
000000026.060486	-00000007.227212	000000000.566492
000000008.429259	-00000002.377297	-00000000.183456
000000010.933225	-00000003.083488	-00000000.079307
000000012.678732	-00000003.635568	000000000.092083
000000026.318703	-00000007.546767	000000000.191147
000000025.957985	-00000007.443332	000000000.565655
000000008.715341	-00000002.540290	-00000000.190157
000000010.521890	-00000003.066851	-00000000.076515
000000010.728931	-00000003.178054	000000000.078120
000000012.819107	-00000003.797193	000000000.093339
000000013.037089	-00000003.861762	000000000.284817
000000008.376912	-00000002.521164	-00000000.183246
000000010.264915	-00000003.089389	-00000000.074839
000000010.939859	-00000003.344651	000000000.079866
000000012.871549	-00000003.935227	000000000.093968
000000012.955088	-00000003.960768	000000000.283770
000000008.621939	-00000002.677183	-00000000.189110
000000010.084765	-00000003.131403	-00000000.073722
000000011.377566	-00000003.587333	000000000.083286
000000012.903476	-00000004.068450	000000000.094456
000000012.967707	-00000004.088702	000000000.284817
000000008.407810	-00000002.691361	-00000000.184922
000000009.676105	-00000003.097346	-00000000.070930
000000012.752270	-00000004.082034	-00000000.093479
000000011.517014	-00000003.742105	000000000.084543
000000013.019646	-00000004.230340	000000000.095573
000000018.992136	-00000006.170919	000000000.139416
000000018.921873	-00000006.148089	000000000.416754
000000008.602387	-00000002.836642	-00000000.189738
000000009.506257	-00000003.134693	-00000000.069882
000000012.687671	-00000004.183766	-00000000.093270
000000013.039132	-00000004.362833	000000000.095992
000000018.975494	-00000006.349112	000000000.139695
000000018.668398	-00000006.246358	000000000.412356
000000008.387960	-00000002.847329	-00000000.185550
000000009.317566	-00000003.162887	-00000000.068696
000000012.470766	-00000004.233254	-00000000.091943
000000013.057294	-00000004.495987	000000000.096411
000000018.853182	-00000006.491671	000000000.139206
000000018.603725	-00000006.405776	000000000.412147
000000008.466621	-00000002.956676	-00000000.187854
000000009.346253	-00000003.263858	-00000000.069114
000000018.692125	-00000006.619229	000000000.138438
000000018.443447	-00000006.531168	000000000.409843
000000008.289943	-00000002.976393	-00000000.184503
000000008.959778	-00000003.216889	-00000000.066462
000000018.426924	-00000006.706852	000000000.136903
000000018.451515	-00000006.715802	000000000.411309
000000008.113575	-00000002.993256	-00000000.181152
000000008.893837	-00000003.281110	-00000000.066182
000000010.920281	-00000004.028705	-00000000.081262
000000016.625526	-00000006.216030	000000000.123917
000000018.601856	-00000006.954949	000000000.138648
000000018.401571	-00000006.880065	000000000.411519
000000007.862762	-00000002.978934	-00000000.176126
000000008.303799	-00000003.146028	-00000000.061994
000000014.330111	-00000005.500814	000000000.107162
000000018.643147	-00000007.156433	000000000.139416
000000018.546175	-00000007.119210	000000000.416126
000000007.733969	-00000003.007576	-00000000.173822
000000008.220109	-00000003.196625	-00000000.061575
000000011.239741	-00000004.370896	-00000000.084194
000000018.635811	-00000007.340841	000000000.139835
000000026.525558	-00000010.448695	000000000.199036
000000028.953890	-00000011.405241	000000000.217257
000000018.594969	-00000007.324753	000000000.418639
000000007.549566	-00000003.011971	-00000000.170262
000000007.838961	-00000003.127428	-00000000.058922
000000011.619124	-00000004.635561	-00000000.087336
000000015.307432	-00000006.184604	000000000.115261
000000026.822775	-00000010.837105	000000000.201968
000000029.001604	-00000011.717409	000000000.218374
000000026.530184	-00000010.718889	000000000.599372
000000007.365687	-00000003.013382	-00000000.166702
000000007.505950	-00000003.070765	-00000000.056618
000000010.828560	-00000004.430081	-00000000.081681
000000016.010443	-00000006.631742	000000000.120985
000000026.413073	-00000010.940653	000000000.199594
000000026.269371	-00000010.881130	000000000.595602
000000007.246910	-00000003.038882	-00000000.164607
000000007.598751	-00000003.186421	-00000000.057526
000000010.900149	-00000004.570812	-00000000.082518
000000015.003844	-00000006.291634	-00000000.113585
000000015.243189	-00000006.470350	000000000.115610
000000025.893169	-00000010.990998	000000000.196383
000000008.052651	-00000003.418148	000000000.183246
000000025.455580	-00000010.805253	000000000.579267
000000007.155814	-00000003.074380	-00000000.163141
000000007.487966	-00000003.217084	-00000000.056897
000000010.924162	-00000004.693390	-00000000.083007
000000013.689655	-00000005.881540	-00000000.104021
000000013.938973	-00000006.060838	000000000.106115
000000025.117662	-00000010.921471	000000000.191217
000000007.784132	-00000003.384637	000000000.177801
000000025.617039	-00000011.138606	000000000.585131
000000006.954842	-00000003.060204	-00000000.159162
000000007.294855	-00000003.209813	-00000000.055641
000000010.736341	-00000004.724103	-00000000.081890
000000013.884937	-00000006.109519	-00000000.105906
000000014.689453	-00000006.540166	000000000.112259
000000024.317987	-00000010.827065	000000000.185841
000000007.717766	-00000003.436171	000000000.176963
000000006.854947	-00000003.087928	-00000000.157487
000000007.220980	-00000003.252814	-00000000.055292
000000010.795000	-00000004.862793	-00000000.082658
000000013.758154	-00000006.197597	-00000000.105347
000000015.223281	-00000006.937649	000000000.116796
000000007.732975	-00000003.524119	000000000.178011
000000006.664309	-00000003.072289	-00000000.153717
000000006.783664	-00000003.127312	-00000000.052150
000000013.213161	-00000006.091351	-00000000.101577
000000015.089657	-00000007.036422	000000000.116238
000000022.838400	-00000010.649721	000000000.175928
000000007.738171	-00000003.608368	000000000.178848
000000006.637245	-00000003.130328	-00000000.153717
000000006.982224	-00000003.293030	-00000000.053895
000000010.690399	-00000005.041920	-00000000.082518
000000008.267480	-00000003.943385	000000000.063948
000000015.154038	-00000007.228106	000000000.117215
000000007.634197	-00000003.641325	000000000.177173
000000006.528630	-00000003.149037	-00000000.151833
000000006.845140	-00000003.301703	-00000000.053058
000000012.933711	-00000006.238482	-00000000.100251
000000007.109288	-00000003.467431	000000000.055222
000000007.584157	-00000003.699041	000000000.176754
000000006.384333	-00000003.148405	-00000000.149110
000000006.762256	-00000003.334775	-00000000.052639
000000007.383029	-00000003.681042	000000000.057595
000000007.480010	-00000003.729395	000000000.175079
000000006.222698	-00000003.136498	-00000000.145969
000000006.572165	-00000003.312644	-00000000.051382
000000007.609010	-00000003.876984	000000000.059620
000000007.429365	-00000003.785450	000000000.174660
000000006.097320	-00000003.140326	-00000000.143665
000000006.667466	-00000003.433971	-00000000.052359
000000007.397490	-00000003.850890	000000000.058224
000000007.422652	-00000003.863988	000000000.175288
000000005.883877	-00000003.095658	-00000000.139267
000000006.300958	-00000003.315094	-00000000.049707
000000007.460725	-00000003.966938	000000000.058992
000000007.476926	-00000003.975552	000000000.177382
000000005.874253	-00000003.156350	-00000000.139686
000000005.954677	-00000003.199563	-00000000.047193
000000007.610711	-00000004.089383	-00000000.060318
000000007.531279	-00000004.089151	000000000.059829
000000007.318941	-00000003.973861	000000000.174450
000000005.758832	-00000003.159403	-00000000.137592
000000006.031733	-00000003.309122	-00000000.048031
000000007.678974	-00000004.256525	000000000.061295
000000019.302385	-00000010.699488	000000000.154076
000000007.476358	-00000004.144213	000000000.179058
000000005.626365	-00000003.150916	-00000000.135079
000000005.688535	-00000003.185733	-00000000.045518
000000007.817374	-00000004.377940	-00000000.062552
000000007.484877	-00000004.234740	000000000.060039
000000007.439909	-00000004.209298	000000000.179058
000000005.624694	-00000003.214778	-00000000.135707
000000005.764699	-00000003.294797	-00000000.046356
000000009.332910	-00000005.334198	-00000000.075049
000000007.369697	-00000004.254897	000000000.059411
000000019.511078	-00000011.264726	000000000.157288
000000007.316309	-00000004.224073	000000000.176963
000000005.527335	-00000003.223446	-00000000.134031
000000006.962345	-00000004.060319	-00000000.056269
000000009.363749	-00000005.460777	-00000000.075677
000000007.409831	-00000004.364724	000000000.060039
000000018.610737	-00000010.962562	000000000.150795
000000007.348084	-00000004.328352	000000000.178639
000000005.421665	-00000003.225552	-00000000.132147
000000005.843822	-00000003.476708	-00000000.047473
000000009.032142	-00000005.373559	-00000000.073373
000000007.508603	-00000004.511624	000000000.061156
000000017.245787	-00000010.362314	000000000.140463
000000007.352882	-00000004.418057	000000000.179686
000000005.136894	-00000003.117144	-00000000.125864
000000005.445656	-00000003.304505	-00000000.044471
000000007.480297	-00000004.539155	-00000000.061086
000000007.417789	-00000004.545627	000000000.060737
000000016.856285	-00000010.329545	000000000.138020
000000007.612407	-00000004.664889	000000000.187016
000000005.075489	-00000003.140808	-00000000.125026
000000005.306068	-00000003.283495	-00000000.043563
000000007.176797	-00000004.441137	-00000000.058922
000000009.251607	-00000005.725068	-00000000.075956
000000007.403279	-00000004.626082	000000000.060946
000000010.481619	-00000006.549642	000000000.086288
000000016.604378	-00000010.375566	000000000.136693
000000007.401836	-00000004.625180	000000000.182827
000000004.904146	-00000003.094285	-00000000.121466
000000005.201099	-00000003.281649	-00000000.042935
000000007.230797	-00000004.562293	-00000000.059690
000000008.837640	-00000005.576136	-00000000.072954
000000007.396363	-00000004.712003	000000000.061226
000000010.457799	-00000006.662353	000000000.086568
000000016.555370	-00000010.546934	000000000.137042
000000007.504537	-00000004.780918	000000000.186388
000000004.801280	-00000003.088287	-00000000.119581
000000005.046111	-00000003.245768	-00000000.041888
000000009.259614	-00000005.955984	-00000000.076864
000000007.430440	-00000004.825384	000000000.061854
000000009.669636	-00000006.279535	000000000.080494
000000016.580114	-00000010.767252	000000000.138020
000000007.412222	-00000004.813553	000000000.185131
000000016.845196	-00000010.939399	000000000.420733
000000004.740703	-00000003.108141	-00000000.118744
000000006.421269	-00000004.209969	-00000000.160838
000000004.758352	-00000003.119713	-00000000.039723
000000008.981494	-00000005.888525	-00000000.074979
000000016.368778	-00000010.834258	000000000.137042
000000016.482307	-00000010.909401	000000000.414032
000000004.630270	-00000003.093848	-00000000.116649
000000004.622859	-00000003.088895	-00000000.038816
000000008.389324	-00000005.605567	-00000000.070441
000000009.832146	-00000006.631866	000000000.082798
000000016.165838	-00000010.903996	000000000.136135
000000016.510807	-00000011.136680	000000000.417173
000000004.570039	-00000003.111629	-00000000.115812
000000004.686650	-00000003.191026	-00000000.039584
000000008.769903	-00000005.971215	-00000000.074071
000000014.941043	-00000010.268694	000000000.126570
000000016.281162	-00000011.189733	000000000.413822
000000004.780937	-00000003.316654	-00000000.121885
000000006.768886	-00000004.695743	-00000000.172566
000000004.749004	-00000003.294501	-00000000.040352
000000006.885234	-00000004.776456	-00000000.058503
000000010.493082	-00000007.347335	000000000.089430
000000015.489787	-00000010.846066	000000000.132016
000000015.470388	-00000010.832482	000000000.395602
000000004.613013	-00000003.260155	-00000000.118325
000000004.703741	-00000003.324275	-00000000.040212
000000007.643579	-00000005.401947	-00000000.065345
000000014.629299	-00000010.434978	000000000.125453
000000015.440384	-00000011.013518	000000000.397278
000000004.624957	-00000003.329493	-00000000.119372
000000004.715130	-00000003.394408	-00000000.040561
000000006.216505	-00000004.475243	-00000000.053476
000000007.247180	-00000005.217223	-00000000.062343
000000009.222569	-00000006.700588	000000000.079586
000000014.699481	-00000010.679798	000000000.126850
000000014.939266	-00000010.854012	000000000.386806
000000004.547350	-00000003.334255	-00000000.118115
000000004.564365	-00000003.346731	-00000000.039514
000000007.967479	-00000005.841997	-00000000.068975
000000008.874364	-00000006.566683	000000000.077073
000000014.597685	-00000010.801719	000000000.126780
000000014.554655	-00000010.769878	000000000.379267
000000004.381897	-00000003.272118	-00000000.114555
000000004.422813	-00000003.302671	-00000000.038537
000000008.204638	-00000006.126695	-00000000.071488
000000008.880610	-00000006.692020	000000000.077632
000000014.542797	-00000010.958784	000000000.127129
000000014.563917	-00000010.974698	000000000.381990
000000004.257677	-00000003.237612	-00000000.112042
000000004.338105	-00000003.298772	-00000000.038048
000000007.203643	-00000005.477777	-00000000.063180
000000013.629478	-00000010.458266	000000000.119938
000000013.864775	-00000010.638816	000000000.366073
000000004.332028	-00000003.354215	-00000000.114764
000000004.443567	-00000003.440577	-00000000.039235
000000005.890493	-00000004.560907	-00000000.052010
000000007.890889	-00000006.109779	-00000000.069673
000000008.975224	-00000007.012214	000000000.079517
000000013.395856	-00000010.465990	000000000.118681
000000013.605962	-00000010.630142	000000000.361676
000000004.247633	-00000003.348564	-00000000.113298
000000004.146372	-00000003.268737	-00000000.036861
000000005.866174	-00000004.624519	-00000000.052150
000000007.915802	-00000006.240315	-00000000.070371
000000013.170974	-00000010.476665	000000000.117495
000000013.442260	-00000010.692456	000000000.359791
000000004.171467	-00000003.347956	-00000000.112042
000000004.016307	-00000003.223427	-00000000.035953
000000006.855018	-00000005.501733	-00000000.061365
000000003.862321	-00000003.127646	000000000.034697
000000008.214232	-00000006.651754	000000000.073792
000000013.009107	-00000010.534567	000000000.116866
000000013.161965	-00000010.658350	000000000.354765
000000003.940794	-00000003.219764	-00000000.106597
000000004.073206	-00000003.327949	-00000000.036721
000000007.488194	-00000006.118112	-00000000.067509
000000004.104943	-00000003.383854	000000000.037140
000000008.016984	-00000006.608692	000000000.072535
000000012.847236	-00000010.590444	000000000.116238
000000004.096428	-00000003.376835	000000000.111204
000000013.369321	-00000011.020818	000000000.362932
000000003.851053	-00000003.202887	-00000000.104922
000000005.711242	-00000004.749990	-00000000.155602
000000004.051698	-00000003.369761	-00000000.036791
000000005.704668	-00000004.744522	-00000000.051801
000000007.396078	-00000006.151253	-00000000.067160
000000004.121219	-00000003.458113	000000000.037559
000000008.119873	-00000006.813383	000000000.074001
000000012.693047	-00000010.650731	000000000.115679
000000013.050535	-00000010.950699	000000000.356859
000000003.922154	-00000003.320349	-00000000.107644
000000003.900023	-00000003.301613	-00000000.035674
000000007.998481	-00000006.771214	-00000000.073164
000000008.022088	-00000006.851510	000000000.073652
000000012.987417	-00000011.092302	000000000.119240
000000013.083715	-00000011.174549	000000000.360419
000000003.809716	-00000003.282662	-00000000.105340
000000003.757431	-00000003.237609	-00000000.034627
000000006.143702	-00000005.293752	-00000000.056618
000000007.416380	-00000006.390362	-00000000.068347
000000003.848925	-00000003.345819	000000000.035604
000000012.542968	-00000010.903436	000000000.116029
000000012.683886	-00000011.025933	000000000.352042
000000003.593006	-00000003.150982	-00000000.100105
000000003.916990	-00000003.435108	-00000000.036372
000000006.473183	-00000005.676829	-00000000.060109
000000007.525733	-00000006.599891	-00000000.069882
000000012.821810	-00000011.343780	000000000.119519
000000012.826797	-00000011.348191	000000000.358744
000000003.610126	-00000003.222161	-00000000.101361
000000003.663052	-00000003.269399	-00000000.034278
000000006.975467	-00000006.225842	-00000000.065275
000000012.436474	-00000011.099977	-00000000.116378
000000012.313609	-00000011.087224	000000000.115679
000000012.422656	-00000011.185410	000000000.350157
000000003.914895	-00000003.556040	-00000000.110785
000000004.596642	-00000004.175296	-00000000.043354
000000007.283569	-00000006.615928	-00000000.068696
000000012.205899	-00000011.087058	-00000000.115121
000000012.430194	-00000011.390174	000000000.117704
000000012.140294	-00000011.124530	000000000.344922
000000003.634099	-00000003.359327	-00000000.103665
000000003.561377	-00000003.292103	-00000000.033859
000000005.712890	-00000005.280941	-00000000.054314
000000012.446464	-00000011.505393	-00000000.118332
000000012.184055	-00000011.361815	000000000.116308
000000012.130497	-00000011.311872	000000000.347435
000000003.706595	-00000003.486817	-00000000.106597
000000006.933923	-00000006.522783	-00000000.066462
000000012.135217	-00000011.515891	000000000.116796
000000010.878229	-00000010.323054	000000000.314136
000000012.321407	-00000011.692579	000000000.355812
000000003.567695	-00000003.415325	-00000000.103456
000000003.496156	-00000003.346842	-00000000.033789
000000006.522788	-00000006.244211	-00000000.063041
000000011.665894	-00000011.167664	-00000000.112747
000000010.940892	-00000010.565496	000000000.106185
000000012.559366	-00000012.128439	000000000.121893
000000006.228117	-00000006.014422	000000000.181361
000000011.262390	-00000010.875964	000000000.327958
000000012.470616	-00000012.042734	000000000.363142
000000003.595047	-00000003.502140	-00000000.105131
000000003.452491	-00000003.363268	-00000000.033650
000000006.296141	-00000006.133429	-00000000.061365
000000006.297848	-00000006.188878	000000000.061645
000000010.926730	-00000010.737668	000000000.106953
000000006.282359	-00000006.173656	000000000.184503
000000011.067220	-00000010.875727	000000000.325026
000000003.621151	-00000003.589688	-00000000.106806
000000003.337790	-00000003.308789	-00000000.032812
000000005.091905	-00000005.047663	-00000000.050056
000000006.334699	-00000006.279658	-00000000.062273
000000006.229459	-00000006.229459	000000000.061505
000000010.974030	-00000010.974030	000000000.108349
000000006.207036	-00000006.207036	000000000.183874
000000003.575610	-00000003.606951	-00000000.106387
000000005.053717	-00000005.098012	-00000000.150367
000000005.448941	-00000005.496701	-00000000.054035
000000006.547177	-00000006.604563	-00000000.064926
000000006.209905	-00000006.319245	000000000.061854
000000010.464320	-00000010.648570	000000000.104230
000000006.166649	-00000006.275228	000000000.184293
000000003.369589	-00000003.458980	-00000000.101152
000000005.350879	-00000005.492831	-00000000.160628
000000005.686853	-00000005.837718	-00000000.056897
000000006.112845	-00000006.330036	000000000.061435
000000010.523818	-00000010.897732	000000000.105766
000000006.139433	-00000006.357569	000000000.185131
000000003.194090	-00000003.336590	-00000000.096754
000000005.606941	-00000005.857087	-00000000.169843
000000005.836228	-00000006.096603	-00000000.058922
000000005.871521	-00000006.187293	000000000.059550
000000005.932315	-00000006.251356	000000000.180524
000000003.192252	-00000003.393464	-00000000.097592
000000004.658223	-00000004.951837	-00000000.142408
000000005.637819	-00000005.993178	-00000000.172356
000000005.714287	-00000006.074466	-00000000.058224
000000010.147313	-00000010.786912	-00000000.103392
000000005.885502	-00000006.311429	000000000.060248
000000009.963753	-00000010.684817	000000000.101996
000000005.713893	-00000006.127400	000000000.175497
000000003.162518	-00000003.421192	-00000000.097592
000000005.959725	-00000006.447194	-00000000.061295
000000005.884247	-00000006.421529	000000000.060807
000000005.869591	-00000006.405535	000000000.181990
000000003.172875	-00000003.493063	-00000000.098848
000000005.592865	-00000006.157264	-00000000.174241
000000005.909960	-00000006.506359	-00000000.061365
000000010.179385	-00000011.206630	-00000000.105696
000000005.821294	-00000006.465202	000000000.060737
000000010.096935	-00000011.213782	000000000.105347
000000011.073841	-00000012.298746	000000000.115540
000000005.739882	-00000006.374784	000000000.179686
000000003.122300	-00000003.498242	-00000000.098220
000000003.802092	-00000004.259884	-00000000.039863
000000005.992789	-00000006.714353	-00000000.062831
000000005.559247	-00000006.283586	000000000.058573
000000005.591286	-00000006.319799	000000000.176754
000000003.203718	-00000003.653140	-00000000.101780
000000003.237309	-00000003.691443	-00000000.034278
000000005.802102	-00000006.616029	-00000000.061435
000000005.491080	-00000006.316765	000000000.058433
000000005.411300	-00000006.224988	000000000.172775
000000002.734463	-00000003.173501	-00000000.087749
000000002.663195	-00000003.090790	-00000000.028484
000000005.652761	-00000006.560353	-00000000.060458
000000005.520174	-00000006.463293	000000000.059341
000000005.428195	-00000006.355599	000000000.175079
000000002.842322	-00000003.357486	-00000000.092147
000000002.655505	-00000003.136809	-00000000.028693
000000005.685752	-00000006.716282	-00000000.061435
000000005.424995	-00000006.465257	000000000.058922
000000005.327540	-00000006.349116	000000000.173613
000000005.495582	-00000006.666674	000000000.060318
000000005.297369	-00000006.426223	000000000.174450
000000005.481247	-00000006.768776	000000000.060807
000000005.285131	-00000006.526594	000000000.175916
000000005.291245	-00000006.652007	000000000.059341
000000005.246648	-00000006.595940	000000000.176545
000000005.276090	-00000006.753088	000000000.059829
000000008.348166	-00000010.685165	000000000.094666
000000005.262751	-00000006.736014	000000000.179058
000000005.229133	-00000006.814739	000000000.059969
000000008.485928	-00000011.059075	000000000.097319
000000005.288976	-00000006.892728	000000000.181990
000000008.184485	-00000010.861178	000000000.094945
000000005.276761	-00000007.002498	000000000.183665
000000008.014418	-00000010.635491	000000000.278953
000000008.000172	-00000010.811611	000000000.093898
000000008.010506	-00000010.825578	000000000.282094
000000007.940785	-00000010.929553	000000000.094317
000000007.974496	-00000010.975953	000000000.284189
000000007.897368	-00000011.071702	000000000.094945
000000007.948080	-00000011.142797	000000000.286702
000000007.760300	-00000011.082857	000000000.094456
000000007.884946	-00000011.260870	000000000.287958
000000007.629306	-00000011.100710	000000000.094038
000000007.837343	-00000011.403405	000000000.289843
000000007.683123	-00000011.390698	000000000.095923
000000007.703988	-00000011.421632	000000000.288587
000000007.136372	-00000010.781881	000000000.090268
000000007.543324	-00000011.396719	000000000.286283
000000002.537956	-00000003.908109	000000000.032533
000000006.954871	-00000010.709562	000000000.089151
000000007.073309	-00000010.891941	000000000.272042
000000002.519874	-00000003.955410	000000000.032742
000000007.086809	-00000011.124062	000000000.092083
000000007.203608	-00000011.307399	000000000.280838
000000006.899381	-00000011.041318	000000000.090896
000000007.051679	-00000011.285045	000000000.278744
000000002.466133	-00000004.024364	000000000.032952
000000006.797541	-00000011.092578	000000000.090826
000000006.890244	-00000011.243856	000000000.276231
000000002.245511	-00000003.737159	000000000.030438
000000006.741684	-00000011.220047	000000000.091385
000000002.250223	-00000003.744999	000000000.091518
000000006.647683	-00000011.063602	000000000.270367
000000006.506483	-00000011.045816	000000000.089500
000000006.550883	-00000011.121193	000000000.270367
000000002.454940	-00000004.252081	000000000.034278
000000006.524841	-00000011.301356	000000000.091105
000000006.513571	-00000011.281836	000000000.272880
